% Version 1.00
%
%freq[Hz],re:Trc1_S11,im:Trc1_S11,re:Trc2_S11,im:Trc2_S11,re:Trc3_S21,im:Trc3_S21,re:Trc4_S21,im:Trc4_S21,
6.900000000000000E+008,8.730909824371338E-001,2.724306285381317E-001,8.730909824371338E-001,2.724306285381317E-001,1.158710196614265E-002,-4.446373786777258E-003,1.158710196614265E-002,-4.446373786777258E-003,
7.015500000000000E+008,8.712927103042603E-001,2.291270047426224E-001,8.712927103042603E-001,2.291270047426224E-001,1.168278511613607E-002,-5.082946736365557E-003,1.168278511613607E-002,-5.082946736365557E-003,
7.131000000000000E+008,9.000803232192993E-001,2.008621841669083E-001,9.000803232192993E-001,2.008621841669083E-001,1.181090250611305E-002,-5.639929324388504E-003,1.181090250611305E-002,-5.639929324388504E-003,
7.246500000000000E+008,9.034877419471741E-001,1.489780992269516E-001,9.034877419471741E-001,1.489780992269516E-001,1.151963509619236E-002,-6.488827057182789E-003,1.151963509619236E-002,-6.488827057182789E-003,
7.362000000000000E+008,9.047422409057617E-001,1.130697578191757E-001,9.047422409057617E-001,1.130697578191757E-001,1.152263209223747E-002,-6.840133573859930E-003,1.152263209223747E-002,-6.840133573859930E-003,
7.477500000000000E+008,9.035608172416687E-001,4.580483958125114E-002,9.035608172416687E-001,4.580483958125114E-002,1.094727497547865E-002,-7.265585940331221E-003,1.094727497547865E-002,-7.265585940331221E-003,
7.593000000000000E+008,9.004691243171692E-001,2.014048956334591E-002,9.004691243171692E-001,2.014048956334591E-002,1.119386870414019E-002,-7.590584456920624E-003,1.119386870414019E-002,-7.590584456920624E-003,
7.708500000000000E+008,8.994568586349487E-001,-3.115948662161827E-002,8.994568586349487E-001,-3.115948662161827E-002,1.115500647574663E-002,-7.803519256412983E-003,1.115500647574663E-002,-7.803519256412983E-003,
7.824000000000000E+008,8.869287967681885E-001,-8.327821642160416E-002,8.869287967681885E-001,-8.327821642160416E-002,1.128132920712233E-002,-8.631748147308826E-003,1.128132920712233E-002,-8.631748147308826E-003,
7.939500000000000E+008,9.041213393211365E-001,-1.247859671711922E-001,9.041213393211365E-001,-1.247859671711922E-001,1.148813311010599E-002,-9.087744168937206E-003,1.148813311010599E-002,-9.087744168937206E-003,
8.055000000000000E+008,8.987490534782410E-001,-1.768164932727814E-001,8.987490534782410E-001,-1.768164932727814E-001,1.098976098001003E-002,-9.831847622990608E-003,1.098976098001003E-002,-9.831847622990608E-003,
8.170500000000000E+008,8.873305916786194E-001,-2.209687829017639E-001,8.873305916786194E-001,-2.209687829017639E-001,1.094724610447884E-002,-1.070282980799675E-002,1.094724610447884E-002,-1.070282980799675E-002,
8.286000000000000E+008,8.647348284721375E-001,-2.582879066467285E-001,8.647348284721375E-001,-2.582879066467285E-001,1.052311807870865E-002,-1.105895545333624E-002,1.052311807870865E-002,-1.105895545333624E-002,
8.401500000000000E+008,8.608153462409973E-001,-3.113468289375305E-001,8.608153462409973E-001,-3.113468289375305E-001,9.944756515324116E-003,-1.143183652311564E-002,9.944756515324116E-003,-1.143183652311564E-002,
8.517000000000000E+008,8.380672931671143E-001,-3.401830196380615E-001,8.380672931671143E-001,-3.401830196380615E-001,9.908517822623253E-003,-1.179322786629200E-002,9.908517822623253E-003,-1.179322786629200E-002,
8.632500000000000E+008,8.116664290428162E-001,-3.883775472640991E-001,8.116664290428162E-001,-3.883775472640991E-001,9.581424295902252E-003,-1.219262089580298E-002,9.581424295902252E-003,-1.219262089580298E-002,
8.748000000000000E+008,8.230556249618530E-001,-4.544302225112915E-001,8.230556249618530E-001,-4.544302225112915E-001,9.609713219106197E-003,-1.283788587898016E-002,9.609713219106197E-003,-1.283788587898016E-002,
8.863500000000000E+008,7.697787284851074E-001,-4.961737990379334E-001,7.697787284851074E-001,-4.961737990379334E-001,9.412666782736778E-003,-1.321531645953655E-002,9.412666782736778E-003,-1.321531645953655E-002,
8.979000000000000E+008,7.579081058502197E-001,-5.288754701614380E-001,7.579081058502197E-001,-5.288754701614380E-001,9.187955409288406E-003,-1.387827843427658E-002,9.187955409288406E-003,-1.387827843427658E-002,
9.094500000000000E+008,7.507279515266419E-001,-5.824877023696899E-001,7.507279515266419E-001,-5.824877023696899E-001,8.884730748832226E-003,-1.442143507301807E-002,8.884730748832226E-003,-1.442143507301807E-002,
9.210000000000000E+008,7.028514742851257E-001,-5.947203636169434E-001,7.028514742851257E-001,-5.947203636169434E-001,8.188244886696339E-003,-1.519548334181309E-002,8.188244886696339E-003,-1.519548334181309E-002,
9.325500000000000E+008,6.573807597160339E-001,-6.339188814163208E-001,6.573807597160339E-001,-6.339188814163208E-001,7.655949797481298E-003,-1.581953465938568E-002,7.655949797481298E-003,-1.581953465938568E-002,
9.441000000000000E+008,6.508917808532715E-001,-6.869990229606628E-001,6.508917808532715E-001,-6.869990229606628E-001,6.929537747055292E-003,-1.609298773109913E-002,6.929537747055292E-003,-1.609298773109913E-002,
9.556500000000000E+008,5.997282862663269E-001,-7.073736190795898E-001,5.997282862663269E-001,-7.073736190795898E-001,6.670434493571520E-003,-1.677179336547852E-002,6.670434493571520E-003,-1.677179336547852E-002,
9.672000000000000E+008,5.422230362892151E-001,-7.309932708740234E-001,5.422230362892151E-001,-7.309932708740234E-001,6.111039780080319E-003,-1.663712225854397E-002,6.111039780080319E-003,-1.663712225854397E-002,
9.787500000000000E+008,5.263013839721680E-001,-7.710977196693420E-001,5.263013839721680E-001,-7.710977196693420E-001,5.748827941715717E-003,-1.659810356795788E-002,5.748827941715717E-003,-1.659810356795788E-002,
9.903000000000000E+008,4.816855490207672E-001,-7.933200001716614E-001,4.816855490207672E-001,-7.933200001716614E-001,5.477723199874163E-003,-1.773016713559628E-002,5.477723199874163E-003,-1.773016713559628E-002,
1.001850000000000E+009,4.213831424713135E-001,-8.055111765861511E-001,4.213831424713135E-001,-8.055111765861511E-001,5.127670709043741E-003,-1.818985305726528E-002,5.127670709043741E-003,-1.818985305726528E-002,
1.013400000000000E+009,3.936479687690735E-001,-8.394018411636353E-001,3.936479687690735E-001,-8.394018411636353E-001,4.388255067169666E-003,-1.871350035071373E-002,4.388255067169666E-003,-1.871350035071373E-002,
1.024950000000000E+009,3.584084212779999E-001,-8.506160974502564E-001,3.584084212779999E-001,-8.506160974502564E-001,3.610948333516717E-003,-1.914713159203529E-002,3.610948333516717E-003,-1.914713159203529E-002,
1.036500000000000E+009,2.714968025684357E-001,-8.515800237655640E-001,2.714968025684357E-001,-8.515800237655640E-001,2.661251230165362E-003,-1.963788829743862E-002,2.661251230165362E-003,-1.963788829743862E-002,
1.048050000000000E+009,2.567370831966400E-001,-8.910226225852966E-001,2.567370831966400E-001,-8.910226225852966E-001,1.835461123846471E-003,-1.967629604041576E-002,1.835461123846471E-003,-1.967629604041576E-002,
1.059600000000000E+009,1.856150329113007E-001,-8.947255611419678E-001,1.856150329113007E-001,-8.947255611419678E-001,1.155991107225418E-003,-1.917389780282974E-002,1.155991107225418E-003,-1.917389780282974E-002,
1.071150000000000E+009,1.358167976140976E-001,-9.012211561203003E-001,1.358167976140976E-001,-9.012211561203003E-001,7.571834721602500E-004,-1.945735700428486E-002,7.571834721602500E-004,-1.945735700428486E-002,
1.082700000000000E+009,1.009939908981323E-001,-9.223641157150269E-001,1.009939908981323E-001,-9.223641157150269E-001,3.658130008261651E-004,-1.988963969051838E-002,3.658130008261651E-004,-1.988963969051838E-002,
1.094250000000000E+009,6.527660042047501E-002,-9.148986339569092E-001,6.527660042047501E-002,-9.148986339569092E-001,5.303272337187082E-005,-2.040069736540318E-002,5.303272337187082E-005,-2.040069736540318E-002,
1.105800000000000E+009,3.649033838883042E-003,-9.155928492546082E-001,3.649033838883042E-003,-9.155928492546082E-001,-9.716100757941604E-004,-2.071507647633553E-002,-9.716100757941604E-004,-2.071507647633553E-002,
1.117350000000000E+009,-3.185158967971802E-002,-9.149169325828552E-001,-3.185158967971802E-002,-9.149169325828552E-001,-1.720980857498944E-003,-2.161178737878799E-002,-1.720980857498944E-003,-2.161178737878799E-002,
1.128900000000000E+009,-8.267591893672943E-002,-9.130814671516419E-001,-8.267591893672943E-002,-9.130814671516419E-001,-3.129785880446434E-003,-2.170399017632008E-002,-3.129785880446434E-003,-2.170399017632008E-002,
1.140450000000000E+009,-1.363329887390137E-001,-8.888357877731323E-001,-1.363329887390137E-001,-8.888357877731323E-001,-4.439969081431627E-003,-2.119928784668446E-002,-4.439969081431627E-003,-2.119928784668446E-002,
1.152000000000000E+009,-1.923054903745651E-001,-9.017038941383362E-001,-1.923054903745651E-001,-9.017038941383362E-001,-5.066367331892252E-003,-2.105759270489216E-002,-5.066367331892252E-003,-2.105759270489216E-002,
1.163550000000000E+009,-2.377203851938248E-001,-8.809159398078919E-001,-2.377203851938248E-001,-8.809159398078919E-001,-5.731151904910803E-003,-2.039770595729351E-002,-5.731151904910803E-003,-2.039770595729351E-002,
1.175100000000000E+009,-2.700841128826141E-001,-8.851534128189087E-001,-2.700841128826141E-001,-8.851534128189087E-001,-5.689279176294804E-003,-2.036851644515991E-002,-5.689279176294804E-003,-2.036851644515991E-002,
1.186650000000000E+009,-3.340836465358734E-001,-8.554344773292542E-001,-3.340836465358734E-001,-8.554344773292542E-001,-5.916375666856766E-003,-2.083406783640385E-002,-5.916375666856766E-003,-2.083406783640385E-002,
1.198200000000000E+009,-3.635841608047485E-001,-8.402503728866577E-001,-3.635841608047485E-001,-8.402503728866577E-001,-6.676308810710907E-003,-2.174275554716587E-002,-6.676308810710907E-003,-2.174275554716587E-002,
1.209750000000000E+009,-4.009715914726257E-001,-8.355123996734619E-001,-4.009715914726257E-001,-8.355123996734619E-001,-7.709676865488291E-003,-2.227231487631798E-002,-7.709676865488291E-003,-2.227231487631798E-002,
1.221300000000000E+009,-4.410373270511627E-001,-7.810801267623901E-001,-4.410373270511627E-001,-7.810801267623901E-001,-9.661889635026455E-003,-2.216742374002934E-002,-9.661889635026455E-003,-2.216742374002934E-002,
1.232850000000000E+009,-4.773773252964020E-001,-7.450600266456604E-001,-4.773773252964020E-001,-7.450600266456604E-001,-1.081151142716408E-002,-2.106788009405136E-002,-1.081151142716408E-002,-2.106788009405136E-002,
1.244400000000000E+009,-5.141943097114563E-001,-7.543843388557434E-001,-5.141943097114563E-001,-7.543843388557434E-001,-1.167145278304815E-002,-2.059465274214745E-002,-1.167145278304815E-002,-2.059465274214745E-002,
1.255950000000000E+009,-5.683302879333496E-001,-7.105721235275269E-001,-5.683302879333496E-001,-7.105721235275269E-001,-1.216800697147846E-002,-1.967215910553932E-002,-1.216800697147846E-002,-1.967215910553932E-002,
1.267500000000000E+009,-5.978065133094788E-001,-6.827932596206665E-001,-5.978065133094788E-001,-6.827932596206665E-001,-1.234542950987816E-002,-1.954457908868790E-002,-1.234542950987816E-002,-1.954457908868790E-002,
1.279050000000000E+009,-6.486873030662537E-001,-6.777085661888123E-001,-6.486873030662537E-001,-6.777085661888123E-001,-1.296006981283426E-002,-1.962463930249214E-002,-1.296006981283426E-002,-1.962463930249214E-002,
1.290600000000000E+009,-6.686170697212219E-001,-6.179346442222595E-001,-6.686170697212219E-001,-6.179346442222595E-001,-1.303693652153015E-002,-2.018247172236443E-002,-1.303693652153015E-002,-2.018247172236443E-002,
1.302150000000000E+009,-6.806933879852295E-001,-5.874374508857727E-001,-6.806933879852295E-001,-5.874374508857727E-001,-1.435701083391905E-002,-2.054602839052677E-002,-1.435701083391905E-002,-2.054602839052677E-002,
1.313700000000000E+009,-7.340308427810669E-001,-5.532708168029785E-001,-7.340308427810669E-001,-5.532708168029785E-001,-1.591965369880199E-002,-2.016954496502876E-002,-1.591965369880199E-002,-2.016954496502876E-002,
1.325250000000000E+009,-7.378510832786560E-001,-4.891865849494934E-001,-7.378510832786560E-001,-4.891865849494934E-001,-1.761834695935249E-002,-1.893305219709873E-002,-1.761834695935249E-002,-1.893305219709873E-002,
1.336800000000000E+009,-7.633963227272034E-001,-4.542170464992523E-001,-7.633963227272034E-001,-4.542170464992523E-001,-1.838286779820919E-002,-1.775665208697319E-002,-1.838286779820919E-002,-1.775665208697319E-002,
1.348350000000000E+009,-8.077209591865540E-001,-4.182479381561279E-001,-8.077209591865540E-001,-4.182479381561279E-001,-1.847278513014317E-002,-1.667770184576511E-002,-1.847278513014317E-002,-1.667770184576511E-002,
1.359900000000000E+009,-8.253437876701355E-001,-3.806297183036804E-001,-8.253437876701355E-001,-3.806297183036804E-001,-1.806387491524220E-002,-1.608181931078434E-002,-1.806387491524220E-002,-1.608181931078434E-002,
1.371450000000000E+009,-8.389925360679627E-001,-3.326287567615509E-001,-8.389925360679627E-001,-3.326287567615509E-001,-1.830506324768066E-002,-1.574051007628441E-002,-1.830506324768066E-002,-1.574051007628441E-002,
1.383000000000000E+009,-8.565488457679749E-001,-2.960505485534668E-001,-8.565488457679749E-001,-2.960505485534668E-001,-1.903706043958664E-002,-1.647630520164967E-002,-1.903706043958664E-002,-1.647630520164967E-002,
1.394550000000000E+009,-8.665850162506104E-001,-2.721554040908814E-001,-8.665850162506104E-001,-2.721554040908814E-001,-1.953838951885700E-002,-1.712287217378616E-002,-1.953838951885700E-002,-1.712287217378616E-002,
1.406100000000000E+009,-8.684852123260498E-001,-2.056034952402115E-001,-8.684852123260498E-001,-2.056034952402115E-001,-2.180637046694756E-002,-1.629358343780041E-002,-2.180637046694756E-002,-1.629358343780041E-002,
1.417650000000000E+009,-8.733990788459778E-001,-1.535677313804627E-001,-8.733990788459778E-001,-1.535677313804627E-001,-2.340736053884029E-002,-1.505009923130274E-002,-2.340736053884029E-002,-1.505009923130274E-002,
1.429200000000000E+009,-8.886829614639282E-001,-1.097154915332794E-001,-8.886829614639282E-001,-1.097154915332794E-001,-2.428128384053707E-002,-1.370914094150066E-002,-2.428128384053707E-002,-1.370914094150066E-002,
1.440750000000000E+009,-8.946574330329895E-001,-5.611365661025047E-002,-8.946574330329895E-001,-5.611365661025047E-002,-2.428466081619263E-002,-1.216357294470072E-002,-2.428466081619263E-002,-1.216357294470072E-002,
1.452300000000000E+009,-9.004089832305908E-001,-1.073365937918425E-002,-9.004089832305908E-001,-1.073365937918425E-002,-2.386404387652874E-002,-1.104703638702631E-002,-2.386404387652874E-002,-1.104703638702631E-002,
1.463850000000000E+009,-9.169635772705078E-001,2.532921358942986E-002,-9.169635772705078E-001,2.532921358942986E-002,-2.362209558486939E-002,-1.091564074158669E-002,-2.362209558486939E-002,-1.091564074158669E-002,
1.475400000000000E+009,-9.057394266128540E-001,6.887701153755188E-002,-9.057394266128540E-001,6.887701153755188E-002,-2.408541180193424E-002,-1.097784936428070E-002,-2.408541180193424E-002,-1.097784936428070E-002,
1.486950000000000E+009,-8.958825469017029E-001,1.148220449686050E-001,-8.958825469017029E-001,1.148220449686050E-001,-2.486495859920979E-002,-1.128133386373520E-002,-2.486495859920979E-002,-1.128133386373520E-002,
1.498500000000000E+009,-9.040636420249939E-001,1.582137197256088E-001,-9.040636420249939E-001,1.582137197256088E-001,-2.640787512063980E-002,-1.073141396045685E-002,-2.640787512063980E-002,-1.073141396045685E-002,
1.510050000000000E+009,-8.670876026153565E-001,2.128962427377701E-001,-8.670876026153565E-001,2.128962427377701E-001,-2.773835882544518E-002,-9.293563663959503E-003,-2.773835882544518E-002,-9.293563663959503E-003,
1.521600000000000E+009,-8.332704305648804E-001,2.669776082038879E-001,-8.332704305648804E-001,2.669776082038879E-001,-2.821803279221058E-002,-7.392798550426960E-003,-2.821803279221058E-002,-7.392798550426960E-003,
1.533150000000000E+009,-8.502030372619629E-001,3.205960690975189E-001,-8.502030372619629E-001,3.205960690975189E-001,-2.815882489085197E-002,-5.549662280827761E-003,-2.815882489085197E-002,-5.549662280827761E-003,
1.544700000000000E+009,-8.478550910949707E-001,3.437893688678742E-001,-8.478550910949707E-001,3.437893688678742E-001,-2.780328132212162E-002,-5.005652084946632E-003,-2.780328132212162E-002,-5.005652084946632E-003,
1.556250000000000E+009,-8.171224594116211E-001,3.812444508075714E-001,-8.171224594116211E-001,3.812444508075714E-001,-2.731737494468689E-002,-4.735416267067194E-003,-2.731737494468689E-002,-4.735416267067194E-003,
1.567800000000000E+009,-8.100526928901672E-001,4.271845817565918E-001,-8.100526928901672E-001,4.271845817565918E-001,-2.791483700275421E-002,-4.651845898479223E-003,-2.791483700275421E-002,-4.651845898479223E-003,
1.579350000000000E+009,-7.881917953491211E-001,4.589740335941315E-001,-7.881917953491211E-001,4.589740335941315E-001,-2.835848927497864E-002,-4.172073677182198E-003,-2.835848927497864E-002,-4.172073677182198E-003,
1.590900000000000E+009,-7.358056306838989E-001,4.936236143112183E-001,-7.358056306838989E-001,4.936236143112183E-001,-3.016124293208122E-002,-3.639162750914693E-003,-3.016124293208122E-002,-3.639162750914693E-003,
1.602450000000000E+009,-7.110655307769775E-001,5.298892259597778E-001,-7.110655307769775E-001,5.298892259597778E-001,-3.096975944936276E-002,-2.122825477272272E-003,-3.096975944936276E-002,-2.122825477272272E-003,
1.614000000000000E+009,-6.719098687171936E-001,5.727536678314209E-001,-6.719098687171936E-001,5.727536678314209E-001,-3.127537667751312E-002,-1.483454107074067E-004,-3.127537667751312E-002,-1.483454107074067E-004,
1.625550000000000E+009,-6.347311139106751E-001,6.099096536636353E-001,-6.347311139106751E-001,6.099096536636353E-001,-3.106515854597092E-002,1.570395659655333E-003,-3.106515854597092E-002,1.570395659655333E-003,
1.637100000000000E+009,-6.244501471519470E-001,6.383844614028931E-001,-6.244501471519470E-001,6.383844614028931E-001,-3.003639727830887E-002,2.403194084763527E-003,-3.003639727830887E-002,2.403194084763527E-003,
1.648650000000000E+009,-6.083895564079285E-001,6.785674095153809E-001,-6.083895564079285E-001,6.785674095153809E-001,-2.965805865824223E-002,3.430501092225313E-003,-2.965805865824223E-002,3.430501092225313E-003,
1.660200000000000E+009,-5.757341384887695E-001,7.004311084747315E-001,-5.757341384887695E-001,7.004311084747315E-001,-2.960083819925785E-002,3.632376901805401E-003,-2.960083819925785E-002,3.632376901805401E-003,
1.671750000000000E+009,-5.536170005798340E-001,7.298060655593872E-001,-5.536170005798340E-001,7.298060655593872E-001,-2.991638705134392E-002,4.118181765079498E-003,-2.991638705134392E-002,4.118181765079498E-003,
1.683300000000000E+009,-4.923210442066193E-001,7.406913042068481E-001,-4.923210442066193E-001,7.406913042068481E-001,-3.076690249145031E-002,4.680587444454432E-003,-3.076690249145031E-002,4.680587444454432E-003,
1.694850000000000E+009,-4.509260356426239E-001,7.659811377525330E-001,-4.509260356426239E-001,7.659811377525330E-001,-3.157592192292213E-002,6.271841470152140E-003,-3.157592192292213E-002,6.271841470152140E-003,
1.706400000000000E+009,-4.089212417602539E-001,7.930964827537537E-001,-4.089212417602539E-001,7.930964827537537E-001,-3.161674737930298E-002,7.853334769606590E-003,-3.161674737930298E-002,7.853334769606590E-003,
1.717950000000000E+009,-3.409003615379334E-001,8.061365485191345E-001,-3.409003615379334E-001,8.061365485191345E-001,-3.115050308406353E-002,9.898955002427101E-003,-3.115050308406353E-002,9.898955002427101E-003,
1.729500000000000E+009,-3.267754316329956E-001,8.319399952888489E-001,-3.267754316329956E-001,8.319399952888489E-001,-3.039881773293018E-002,1.097209192812443E-002,-3.039881773293018E-002,1.097209192812443E-002,
1.741050000000000E+009,-3.073254227638245E-001,8.607157468795776E-001,-3.073254227638245E-001,8.607157468795776E-001,-2.946070022881031E-002,1.184275466948748E-002,-2.946070022881031E-002,1.184275466948748E-002,
1.752600000000000E+009,-2.638344764709473E-001,8.641102910041809E-001,-2.638344764709473E-001,8.641102910041809E-001,-2.917943708598614E-002,1.249814219772816E-002,-2.917943708598614E-002,1.249814219772816E-002,
1.764150000000000E+009,-2.335624992847443E-001,8.845234513282776E-001,-2.335624992847443E-001,8.845234513282776E-001,-2.897447906434536E-002,1.298882998526096E-002,-2.897447906434536E-002,1.298882998526096E-002,
1.775700000000000E+009,-1.901561617851257E-001,8.969479203224182E-001,-1.901561617851257E-001,8.969479203224182E-001,-2.939106896519661E-002,1.362185925245285E-002,-2.939106896519661E-002,1.362185925245285E-002,
1.787250000000000E+009,-1.240259185433388E-001,8.574331402778626E-001,-1.240259185433388E-001,8.574331402778626E-001,-2.956432290375233E-002,1.461222674697638E-002,-2.956432290375233E-002,1.461222674697638E-002,
1.798800000000000E+009,-8.062557131052017E-002,8.891484141349793E-001,-8.062557131052017E-002,8.891484141349793E-001,-2.960312739014626E-002,1.629513688385487E-002,-2.960312739014626E-002,1.629513688385487E-002,
1.810350000000000E+009,-4.152733832597733E-002,8.953269720077515E-001,-4.152733832597733E-002,8.953269720077515E-001,-2.933906204998493E-002,1.733375526964665E-002,-2.933906204998493E-002,1.733375526964665E-002,
1.821900000000000E+009,4.678763449192047E-003,8.798394203186035E-001,4.678763449192047E-003,8.798394203186035E-001,-2.866301499307156E-002,1.886210218071938E-002,-2.866301499307156E-002,1.886210218071938E-002,
1.833450000000000E+009,3.803994506597519E-002,9.163920283317566E-001,3.803994506597519E-002,9.163920283317566E-001,-2.783669531345367E-002,2.038639225065708E-002,-2.783669531345367E-002,2.038639225065708E-002,
1.845000000000000E+009,6.831819564104080E-002,9.226552844047546E-001,6.831819564104080E-002,9.226552844047546E-001,-2.712014317512512E-002,2.101473696529865E-002,-2.712014317512512E-002,2.101473696529865E-002,
1.856550000000000E+009,1.134772747755051E-001,9.060396552085877E-001,1.134772747755051E-001,9.060396552085877E-001,-2.627634070813656E-002,2.138082496821880E-002,-2.627634070813656E-002,2.138082496821880E-002,
1.868100000000000E+009,1.568817496299744E-001,8.951972126960754E-001,1.568817496299744E-001,8.951972126960754E-001,-2.602061070501804E-002,2.247454412281513E-002,-2.602061070501804E-002,2.247454412281513E-002,
1.879650000000000E+009,2.094604372978210E-001,8.805071115493774E-001,2.094604372978210E-001,8.805071115493774E-001,-2.559013478457928E-002,2.296018041670322E-002,-2.559013478457928E-002,2.296018041670322E-002,
1.891200000000000E+009,2.553574144840241E-001,8.263581395149231E-001,2.553574144840241E-001,8.263581395149231E-001,-2.562629431486130E-002,2.387033402919769E-002,-2.562629431486130E-002,2.387033402919769E-002,
1.902750000000000E+009,2.917033433914185E-001,8.368367552757263E-001,2.917033433914185E-001,8.368367552757263E-001,-2.522641606628895E-002,2.557167038321495E-002,-2.522641606628895E-002,2.557167038321495E-002,
1.914300000000000E+009,3.317089676856995E-001,8.327349424362183E-001,3.317089676856995E-001,8.327349424362183E-001,-2.449122816324234E-002,2.696023695170879E-002,-2.449122816324234E-002,2.696023695170879E-002,
1.925850000000000E+009,3.677282929420471E-001,8.225797414779663E-001,3.677282929420471E-001,8.225797414779663E-001,-2.357090637087822E-002,2.823806181550026E-002,-2.357090637087822E-002,2.823806181550026E-002,
1.937400000000000E+009,4.060204029083252E-001,8.166665434837341E-001,4.060204029083252E-001,8.166665434837341E-001,-2.189338020980358E-002,2.928174100816250E-002,-2.189338020980358E-002,2.928174100816250E-002,
1.948950000000000E+009,4.429605901241303E-001,8.169971108436585E-001,4.429605901241303E-001,8.169971108436585E-001,-2.055636420845985E-002,2.964278683066368E-002,-2.055636420845985E-002,2.964278683066368E-002,
1.960500000000000E+009,4.767097830772400E-001,7.836177349090576E-001,4.767097830772400E-001,7.836177349090576E-001,-1.985753141343594E-002,2.980298176407814E-002,-1.985753141343594E-002,2.980298176407814E-002,
1.972050000000000E+009,5.122714638710022E-001,7.353004813194275E-001,5.122714638710022E-001,7.353004813194275E-001,-1.935445144772530E-002,3.024059161543846E-002,-1.935445144772530E-002,3.024059161543846E-002,
1.983600000000000E+009,5.376282334327698E-001,6.963922381401062E-001,5.376282334327698E-001,6.963922381401062E-001,-1.941167563199997E-002,3.076694160699844E-002,-1.941167563199997E-002,3.076694160699844E-002,
1.995150000000000E+009,5.806408524513245E-001,6.797694563865662E-001,5.806408524513245E-001,6.797694563865662E-001,-1.911117881536484E-002,3.191555291414261E-002,-1.911117881536484E-002,3.191555291414261E-002,
2.006700000000000E+009,6.060813665390015E-001,6.447215676307678E-001,6.060813665390015E-001,6.447215676307678E-001,-1.876118034124374E-002,3.309173136949539E-002,-1.876118034124374E-002,3.309173136949539E-002,
2.018250000000000E+009,6.382119059562683E-001,6.231428384780884E-001,6.382119059562683E-001,6.231428384780884E-001,-1.779959723353386E-002,3.546095639467239E-002,-1.779959723353386E-002,3.546095639467239E-002,
2.029800000000000E+009,6.778961420059204E-001,6.241288185119629E-001,6.778961420059204E-001,6.241288185119629E-001,-1.550530269742012E-002,3.640348464250565E-002,-1.550530269742012E-002,3.640348464250565E-002,
2.041350000000000E+009,7.126747369766235E-001,6.012138128280640E-001,7.126747369766235E-001,6.012138128280640E-001,-1.366789825260639E-002,3.635451197624207E-002,-1.366789825260639E-002,3.635451197624207E-002,
2.052900000000000E+009,7.319753766059876E-001,5.598332881927490E-001,7.319753766059876E-001,5.598332881927490E-001,-1.213073171675205E-002,3.695276752114296E-002,-1.213073171675205E-002,3.695276752114296E-002,
2.064450000000000E+009,7.531883716583252E-001,5.200167298316956E-001,7.531883716583252E-001,5.200167298316956E-001,-1.109536457806826E-002,3.641511872410774E-002,-1.109536457806826E-002,3.641511872410774E-002,
2.076000000000000E+009,7.642238736152649E-001,4.734504520893097E-001,7.642238736152649E-001,4.734504520893097E-001,-1.072023715823889E-002,3.645582124590874E-002,-1.072023715823889E-002,3.645582124590874E-002,
2.087550000000000E+009,7.884085774421692E-001,4.270846545696259E-001,7.884085774421692E-001,4.270846545696259E-001,-1.070347055792809E-002,3.722098097205162E-002,-1.070347055792809E-002,3.722098097205162E-002,
2.099100000000000E+009,8.182626366615295E-001,3.987228870391846E-001,8.182626366615295E-001,3.987228870391846E-001,-1.009716000407934E-002,3.836651891469955E-002,-1.009716000407934E-002,3.836651891469955E-002,
2.110650000000000E+009,8.339593410491943E-001,3.574177026748657E-001,8.339593410491943E-001,3.574177026748657E-001,-8.703615516424179E-003,4.049393534660339E-002,-8.703615516424179E-003,4.049393534660339E-002,
2.122200000000000E+009,8.543138504028320E-001,3.337371647357941E-001,8.543138504028320E-001,3.337371647357941E-001,-6.318828556686640E-003,4.151964932680130E-002,-6.318828556686640E-003,4.151964932680130E-002,
2.133750000000000E+009,8.904644846916199E-001,3.021085262298584E-001,8.904644846916199E-001,3.021085262298584E-001,-4.154752939939499E-003,4.173258319497109E-002,-4.154752939939499E-003,4.173258319497109E-002,
2.145300000000000E+009,8.926021456718445E-001,2.612640857696533E-001,8.926021456718445E-001,2.612640857696533E-001,-2.168578095734119E-003,4.092718660831451E-002,-2.168578095734119E-003,4.092718660831451E-002,
2.156850000000000E+009,8.823112249374390E-001,2.039644122123718E-001,8.823112249374390E-001,2.039644122123718E-001,-1.429635332897306E-003,3.985353931784630E-002,-1.429635332897306E-003,3.985353931784630E-002,
2.168400000000000E+009,8.964665532112122E-001,1.583400368690491E-001,8.964665532112122E-001,1.583400368690491E-001,-7.294649840332568E-004,3.965585306286812E-002,-7.294649840332568E-004,3.965585306286812E-002,
2.179950000000000E+009,8.925159573554993E-001,1.122757643461227E-001,8.925159573554993E-001,1.122757643461227E-001,-8.624200127087534E-004,4.016594961285591E-002,-8.624200127087534E-004,4.016594961285591E-002,
2.191500000000000E+009,8.978661894798279E-001,7.453972846269608E-002,8.978661894798279E-001,7.453972846269608E-002,-1.089047989808023E-003,4.167344793677330E-002,-1.089047989808023E-003,4.167344793677330E-002,
2.203050000000000E+009,9.184954166412354E-001,3.838250041007996E-002,9.184954166412354E-001,3.838250041007996E-002,5.919401883147657E-004,4.367242380976677E-002,5.919401883147657E-004,4.367242380976677E-002,
2.214600000000000E+009,9.241790175437927E-001,-5.896303802728653E-003,9.241790175437927E-001,-5.896303802728653E-003,3.078232984989882E-003,4.522726312279701E-002,3.078232984989882E-003,4.522726312279701E-002,
2.226150000000000E+009,9.405097961425781E-001,-3.464103490114212E-002,9.405097961425781E-001,-3.464103490114212E-002,6.465823389589787E-003,4.514484852552414E-002,6.465823389589787E-003,4.514484852552414E-002,
2.237700000000000E+009,9.447996616363525E-001,-8.470369875431061E-002,9.447996616363525E-001,-8.470369875431061E-002,9.216802194714546E-003,4.396876692771912E-002,9.216802194714546E-003,4.396876692771912E-002,
2.249250000000000E+009,9.071444869041443E-001,-1.259622871875763E-001,9.071444869041443E-001,-1.259622871875763E-001,1.024214737117291E-002,4.193921014666557E-002,1.024214737117291E-002,4.193921014666557E-002,
2.260800000000000E+009,8.903622031211853E-001,-1.663363426923752E-001,8.903622031211853E-001,-1.663363426923752E-001,1.031826250255108E-002,4.147735983133316E-002,1.031826250255108E-002,4.147735983133316E-002,
2.272350000000000E+009,8.735529184341431E-001,-2.133755832910538E-001,8.735529184341431E-001,-2.133755832910538E-001,9.997597895562649E-003,4.138893261551857E-002,9.997597895562649E-003,4.138893261551857E-002,
2.283900000000000E+009,8.438386321067810E-001,-2.591615617275238E-001,8.438386321067810E-001,-2.591615617275238E-001,1.028366014361382E-002,4.253617301583290E-002,1.028366014361382E-002,4.253617301583290E-002,
2.295450000000000E+009,8.629041910171509E-001,-2.947607934474945E-001,8.629041910171509E-001,-2.947607934474945E-001,1.168075855821371E-002,4.449113085865974E-002,1.168075855821371E-002,4.449113085865974E-002,
2.307000000000000E+009,8.555359244346619E-001,-3.433262705802918E-001,8.555359244346619E-001,-3.433262705802918E-001,1.464535109698772E-002,4.614018648862839E-002,1.464535109698772E-002,4.614018648862839E-002,
2.318550000000000E+009,8.489671945571899E-001,-3.809609711170197E-001,8.489671945571899E-001,-3.809609711170197E-001,1.869562827050686E-002,4.574048891663551E-002,1.869562827050686E-002,4.574048891663551E-002,
2.330100000000000E+009,8.455896377563477E-001,-4.237190783023834E-001,8.455896377563477E-001,-4.237190783023834E-001,2.179021760821343E-002,4.387246072292328E-002,2.179021760821343E-002,4.387246072292328E-002,
2.341650000000000E+009,8.091573119163513E-001,-4.567682445049286E-001,8.091573119163513E-001,-4.567682445049286E-001,2.248991280794144E-002,4.145775362849236E-002,2.248991280794144E-002,4.145775362849236E-002,
2.353200000000000E+009,7.609213590621948E-001,-4.838814437389374E-001,7.609213590621948E-001,-4.838814437389374E-001,2.299516275525093E-002,3.971473127603531E-002,2.299516275525093E-002,3.971473127603531E-002,
2.364750000000000E+009,7.508804798126221E-001,-5.318908691406250E-001,7.508804798126221E-001,-5.318908691406250E-001,2.244671806693077E-002,3.958496078848839E-002,2.244671806693077E-002,3.958496078848839E-002,
2.376300000000000E+009,7.092118859291077E-001,-5.595860481262207E-001,7.092118859291077E-001,-5.595860481262207E-001,2.209534868597984E-002,4.090206697583199E-002,2.209534868597984E-002,4.090206697583199E-002,
2.387850000000000E+009,6.794773936271668E-001,-5.912908315658569E-001,6.794773936271668E-001,-5.912908315658569E-001,2.396813780069351E-002,4.245686531066895E-002,2.396813780069351E-002,4.245686531066895E-002,
2.399400000000000E+009,6.753090620040894E-001,-6.389241218566895E-001,6.753090620040894E-001,-6.389241218566895E-001,2.714732848107815E-002,4.342583194375038E-002,2.714732848107815E-002,4.342583194375038E-002,
2.410950000000000E+009,6.422801613807678E-001,-6.672099828720093E-001,6.422801613807678E-001,-6.672099828720093E-001,3.088132105767727E-002,4.288987070322037E-002,3.088132105767727E-002,4.288987070322037E-002,
2.422500000000000E+009,6.123871207237244E-001,-6.992086768150330E-001,6.123871207237244E-001,-6.992086768150330E-001,3.418128564953804E-002,4.008616879582405E-002,3.418128564953804E-002,4.008616879582405E-002,
2.434050000000000E+009,5.822829008102417E-001,-7.245412468910217E-001,5.822829008102417E-001,-7.245412468910217E-001,3.562032803893089E-002,3.713918477296829E-002,3.562032803893089E-002,3.713918477296829E-002,
2.445600000000000E+009,5.142912864685059E-001,-7.277563810348511E-001,5.142912864685059E-001,-7.277563810348511E-001,3.498611599206924E-002,3.521828725934029E-002,3.498611599206924E-002,3.521828725934029E-002,
2.457150000000000E+009,4.664914906024933E-001,-7.443587779998779E-001,4.664914906024933E-001,-7.443587779998779E-001,3.481333702802658E-002,3.492309525609016E-002,3.481333702802658E-002,3.492309525609016E-002,
2.468700000000000E+009,4.362669587135315E-001,-7.903608083724976E-001,4.362669587135315E-001,-7.903608083724976E-001,3.486577793955803E-002,3.574441745877266E-002,3.486577793955803E-002,3.574441745877266E-002,
2.480250000000000E+009,3.903232216835022E-001,-8.104950785636902E-001,3.903232216835022E-001,-8.104950785636902E-001,3.659012168645859E-002,3.732163086533546E-002,3.659012168645859E-002,3.732163086533546E-002,
2.491800000000000E+009,3.587357997894287E-001,-8.289837837219238E-001,3.587357997894287E-001,-8.289837837219238E-001,4.004996642470360E-002,3.790248557925224E-002,4.004996642470360E-002,3.790248557925224E-002,
2.503350000000000E+009,3.249988257884979E-001,-8.599212169647217E-001,3.249988257884979E-001,-8.599212169647217E-001,4.392414912581444E-002,3.693886101245880E-002,4.392414912581444E-002,3.693886101245880E-002,
2.514900000000000E+009,2.789771556854248E-001,-8.685287237167358E-001,2.789771556854248E-001,-8.685287237167358E-001,4.755111411213875E-002,3.321954980492592E-002,4.755111411213875E-002,3.321954980492592E-002,
2.526450000000000E+009,2.410218268632889E-001,-8.795145153999329E-001,2.410218268632889E-001,-8.795145153999329E-001,4.894618690013886E-002,2.928351797163487E-002,4.894618690013886E-002,2.928351797163487E-002,
2.538000000000000E+009,1.870375573635101E-001,-8.633062839508057E-001,1.870375573635101E-001,-8.633062839508057E-001,4.825732484459877E-002,2.637378312647343E-002,4.825732484459877E-002,2.637378312647343E-002,
2.549550000000000E+009,1.229154095053673E-001,-8.411228060722351E-001,1.229154095053673E-001,-8.411228060722351E-001,4.682412743568420E-002,2.528102137148380E-002,4.682412743568420E-002,2.528102137148380E-002,
2.561100000000000E+009,8.459270745515823E-002,-8.727974295616150E-001,8.459270745515823E-002,-8.727974295616150E-001,4.727311804890633E-002,2.585649304091930E-002,4.727311804890633E-002,2.585649304091930E-002,
2.572650000000000E+009,3.241478279232979E-002,-8.642985224723816E-001,3.241478279232979E-002,-8.642985224723816E-001,4.849717393517494E-002,2.654865756630898E-002,4.849717393517494E-002,2.654865756630898E-002,
2.584200000000000E+009,-1.287296786904335E-002,-8.614550828933716E-001,-1.287296786904335E-002,-8.614550828933716E-001,5.127531290054321E-002,2.747529745101929E-002,5.127531290054321E-002,2.747529745101929E-002,
2.595750000000000E+009,-4.729616641998291E-002,-9.076917171478272E-001,-4.729616641998291E-002,-9.076917171478272E-001,5.550076439976692E-002,2.581004239618778E-002,5.550076439976692E-002,2.581004239618778E-002,
2.607300000000000E+009,-9.280412644147873E-002,-9.030516147613525E-001,-9.280412644147873E-002,-9.030516147613525E-001,5.867521092295647E-002,2.211918681859970E-002,5.867521092295647E-002,2.211918681859970E-002,
2.618850000000000E+009,-1.373015642166138E-001,-8.796669244766235E-001,-1.373015642166138E-001,-8.796669244766235E-001,5.996315553784370E-002,1.715613529086113E-002,5.996315553784370E-002,1.715613529086113E-002,
2.630400000000000E+009,-1.887113153934479E-001,-8.608666658401489E-001,-1.887113153934479E-001,-8.608666658401489E-001,5.909497663378716E-002,1.383957080543041E-002,5.909497663378716E-002,1.383957080543041E-002,
2.641950000000000E+009,-2.297296524047852E-001,-8.065338134765625E-001,-2.297296524047852E-001,-8.065338134765625E-001,5.726079270243645E-002,1.254575420171022E-002,5.726079270243645E-002,1.254575420171022E-002,
2.653500000000000E+009,-2.763734757900238E-001,-7.772263884544373E-001,-2.763734757900238E-001,-7.772263884544373E-001,5.730618909001350E-002,1.249268651008606E-002,5.730618909001350E-002,1.249268651008606E-002,
2.665050000000000E+009,-3.271208703517914E-001,-7.877526879310608E-001,-3.271208703517914E-001,-7.877526879310608E-001,5.861239880323410E-002,1.305846776813269E-002,5.861239880323410E-002,1.305846776813269E-002,
2.676600000000000E+009,-3.768748044967651E-001,-7.965221405029297E-001,-3.768748044967651E-001,-7.965221405029297E-001,6.192591786384583E-002,1.241771224886179E-002,6.192591786384583E-002,1.241771224886179E-002,
2.688150000000000E+009,-4.168158471584320E-001,-7.904123067855835E-001,-4.168158471584320E-001,-7.904123067855835E-001,6.532726436853409E-002,1.043726596981287E-002,6.532726436853409E-002,1.043726596981287E-002,
2.699700000000000E+009,-4.631706178188324E-001,-7.844896316528320E-001,-4.631706178188324E-001,-7.844896316528320E-001,6.823735684156418E-002,5.800042301416397E-003,6.823735684156418E-002,5.800042301416397E-003,
2.711250000000000E+009,-4.999994933605194E-001,-7.430377602577210E-001,-4.999994933605194E-001,-7.430377602577210E-001,6.847093999385834E-002,8.044803689699620E-005,6.847093999385834E-002,8.044803689699620E-005,
2.722800000000000E+009,-5.294199585914612E-001,-7.019906640052795E-001,-5.294199585914612E-001,-7.019906640052795E-001,6.664115190505981E-002,-3.645227290689945E-003,6.664115190505981E-002,-3.645227290689945E-003,
2.734350000000000E+009,-5.624312162399292E-001,-6.495312452316284E-001,-5.624312162399292E-001,-6.495312452316284E-001,6.395136564970017E-002,-6.002471782267094E-003,6.395136564970017E-002,-6.002471782267094E-003,
2.745900000000000E+009,-5.924642086029053E-001,-6.026973724365234E-001,-5.924642086029053E-001,-6.026973724365234E-001,6.328652799129486E-002,-5.519450176507235E-003,6.328652799129486E-002,-5.519450176507235E-003,
2.757450000000000E+009,-6.326940655708313E-001,-5.549471378326416E-001,-6.326940655708313E-001,-5.549471378326416E-001,6.386283040046692E-002,-5.554737057536840E-003,6.386283040046692E-002,-5.554737057536840E-003,
2.769000000000000E+009,-6.851159930229187E-001,-5.587339997291565E-001,-6.851159930229187E-001,-5.587339997291565E-001,6.606550514698029E-002,-6.215570960193873E-003,6.606550514698029E-002,-6.215570960193873E-003,
2.780550000000000E+009,-7.320887446403503E-001,-5.247383117675781E-001,-7.320887446403503E-001,-5.247383117675781E-001,7.013931870460510E-002,-9.117175824940205E-003,7.013931870460510E-002,-9.117175824940205E-003,
2.792100000000000E+009,-7.526175379753113E-001,-4.843360483646393E-001,-7.526175379753113E-001,-4.843360483646393E-001,7.261271029710770E-002,-1.348363608121872E-002,7.261271029710770E-002,-1.348363608121872E-002,
2.803650000000000E+009,-7.737279534339905E-001,-4.413631260395050E-001,-7.737279534339905E-001,-4.413631260395050E-001,7.293930649757385E-002,-2.024846337735653E-002,7.293930649757385E-002,-2.024846337735653E-002,
2.815200000000000E+009,-7.935365438461304E-001,-3.863694965839386E-001,-7.935365438461304E-001,-3.863694965839386E-001,7.008280605077744E-002,-2.561234124004841E-002,7.008280605077744E-002,-2.561234124004841E-002,
2.826750000000000E+009,-7.923803925514221E-001,-3.327542543411255E-001,-7.923803925514221E-001,-3.327542543411255E-001,6.552523374557495E-002,-2.791318297386169E-002,6.552523374557495E-002,-2.791318297386169E-002,
2.838300000000000E+009,-7.857467532157898E-001,-2.487163692712784E-001,-7.857467532157898E-001,-2.487163692712784E-001,6.338250637054443E-002,-2.835776470601559E-002,6.338250637054443E-002,-2.835776470601559E-002,
2.849850000000000E+009,-8.192831873893738E-001,-2.096859961748123E-001,-8.192831873893738E-001,-2.096859961748123E-001,6.307516247034073E-002,-2.796098589897156E-002,6.307516247034073E-002,-2.796098589897156E-002,
2.861400000000000E+009,-8.697395324707031E-001,-1.832869052886963E-001,-8.697395324707031E-001,-1.832869052886963E-001,6.432028859853745E-002,-2.834812924265862E-002,6.432028859853745E-002,-2.834812924265862E-002,
2.872950000000000E+009,-8.786883950233460E-001,-1.207523941993713E-001,-8.786883950233460E-001,-1.207523941993713E-001,6.774838268756867E-002,-3.114304319024086E-002,6.774838268756867E-002,-3.114304319024086E-002,
2.884500000000000E+009,-8.913429975509644E-001,-7.699611783027649E-002,-8.913429975509644E-001,-7.699611783027649E-002,6.941436231136322E-002,-3.558649495244026E-002,6.941436231136322E-002,-3.558649495244026E-002,
2.896050000000000E+009,-8.996850252151489E-001,-2.923049405217171E-002,-8.996850252151489E-001,-2.923049405217171E-002,6.963565945625305E-002,-4.229706898331642E-002,6.963565945625305E-002,-4.229706898331642E-002,
2.907600000000000E+009,-8.767005205154419E-001,2.925298176705837E-002,-8.767005205154419E-001,2.925298176705837E-002,6.568676978349686E-002,-4.853872582316399E-002,6.568676978349686E-002,-4.853872582316399E-002,
2.919150000000000E+009,-8.562507033348084E-001,8.558592945337296E-002,-8.562507033348084E-001,8.558592945337296E-002,6.047898903489113E-002,-5.121505632996559E-002,6.047898903489113E-002,-5.121505632996559E-002,
2.930700000000000E+009,-8.226452469825745E-001,1.486142873764038E-001,-8.226452469825745E-001,1.486142873764038E-001,5.653585493564606E-002,-5.114959925413132E-002,5.653585493564606E-002,-5.114959925413132E-002,
2.942250000000000E+009,-8.119868040084839E-001,2.064088582992554E-001,-8.119868040084839E-001,2.064088582992554E-001,5.533154308795929E-002,-5.128177255392075E-002,5.533154308795929E-002,-5.128177255392075E-002,
2.953800000000000E+009,-8.335810303688049E-001,2.661305665969849E-001,-8.335810303688049E-001,2.661305665969849E-001,5.548081919550896E-002,-5.147799476981163E-002,5.548081919550896E-002,-5.147799476981163E-002,
2.965350000000000E+009,-8.298521041870117E-001,3.212596774101257E-001,-8.298521041870117E-001,3.212596774101257E-001,5.708692967891693E-002,-5.330935865640640E-002,5.708692967891693E-002,-5.330935865640640E-002,
2.976900000000000E+009,-7.981415390968323E-001,3.800869584083557E-001,-7.981415390968323E-001,3.800869584083557E-001,5.830229073762894E-002,-5.893966183066368E-002,5.830229073762894E-002,-5.893966183066368E-002,
2.988450000000000E+009,-7.894130349159241E-001,4.199225902557373E-001,-7.894130349159241E-001,4.199225902557373E-001,5.732461065053940E-002,-6.516884267330170E-002,5.732461065053940E-002,-6.516884267330170E-002,
3.000000000000000E+009,-7.465822696685791E-001,4.715737402439117E-001,-7.465822696685791E-001,4.715737402439117E-001,5.137202888727188E-002,-7.154633104801178E-002,5.137202888727188E-002,-7.154633104801178E-002,
