% Version 1.00
%
%freq[Hz],re:Trc1_S11,im:Trc1_S11,re:Trc2_S11,im:Trc2_S11,re:Trc3_S21,im:Trc3_S21,re:Trc4_S21,im:Trc4_S21,
6.900000000000000E+008,9.439148306846619E-001,3.064482808113098E-001,9.439148306846619E-001,3.064482808113098E-001,1.167354267090559E-002,-4.374828189611435E-003,1.167354267090559E-002,-4.374828189611435E-003,
7.015500000000000E+008,9.490157961845398E-001,2.596247792243958E-001,9.490157961845398E-001,2.596247792243958E-001,1.162152085453272E-002,-5.052195396274328E-003,1.162152085453272E-002,-5.052195396274328E-003,
7.131000000000000E+008,9.674817919731140E-001,2.222147881984711E-001,9.674817919731140E-001,2.222147881984711E-001,1.175750419497490E-002,-5.723448470234871E-003,1.175750419497490E-002,-5.723448470234871E-003,
7.246500000000000E+008,9.729450941085815E-001,1.672229617834091E-001,9.729450941085815E-001,1.672229617834091E-001,1.165687106549740E-002,-6.382743362337351E-003,1.165687106549740E-002,-6.382743362337351E-003,
7.362000000000000E+008,9.931583404541016E-001,1.221766620874405E-001,9.931583404541016E-001,1.221766620874405E-001,1.149322371929884E-002,-6.795261055231094E-003,1.149322371929884E-002,-6.795261055231094E-003,
7.477500000000000E+008,9.889476299285889E-001,5.269687250256538E-002,9.889476299285889E-001,5.269687250256538E-002,1.073613204061985E-002,-7.239215541630983E-003,1.073613204061985E-002,-7.239215541630983E-003,
7.593000000000000E+008,9.883056879043579E-001,2.131109870970249E-002,9.883056879043579E-001,2.131109870970249E-002,1.114529557526112E-002,-7.581030484288931E-003,1.114529557526112E-002,-7.581030484288931E-003,
7.708500000000000E+008,9.912025332450867E-001,-3.149729222059250E-002,9.912025332450867E-001,-3.149729222059250E-002,1.095710415393114E-002,-7.555157877504826E-003,1.095710415393114E-002,-7.555157877504826E-003,
7.824000000000000E+008,9.792158007621765E-001,-7.730448991060257E-002,9.792158007621765E-001,-7.730448991060257E-002,1.117542572319508E-002,-8.590939454734325E-003,1.117542572319508E-002,-8.590939454734325E-003,
7.939500000000000E+008,9.848890900611877E-001,-1.261581778526306E-001,9.848890900611877E-001,-1.261581778526306E-001,1.114217191934586E-002,-9.152573533356190E-003,1.114217191934586E-002,-9.152573533356190E-003,
8.055000000000000E+008,9.629256725311279E-001,-1.853572577238083E-001,9.629256725311279E-001,-1.853572577238083E-001,1.094452198594809E-002,-9.795941412448883E-003,1.094452198594809E-002,-9.795941412448883E-003,
8.170500000000000E+008,9.628815650939941E-001,-2.332867681980133E-001,9.628815650939941E-001,-2.332867681980133E-001,1.097421348094940E-002,-1.060904469341040E-002,1.097421348094940E-002,-1.060904469341040E-002,
8.286000000000000E+008,9.470726251602173E-001,-2.841344475746155E-001,9.470726251602173E-001,-2.841344475746155E-001,1.034916471689940E-002,-1.121382229030132E-002,1.034916471689940E-002,-1.121382229030132E-002,
8.401500000000000E+008,9.241684675216675E-001,-3.330013453960419E-001,9.241684675216675E-001,-3.330013453960419E-001,9.915416128933430E-003,-1.170503906905651E-002,9.915416128933430E-003,-1.170503906905651E-002,
8.517000000000000E+008,9.100900292396545E-001,-3.671866059303284E-001,9.100900292396545E-001,-3.671866059303284E-001,1.006248407065868E-002,-1.174626965075731E-002,1.006248407065868E-002,-1.174626965075731E-002,
8.632500000000000E+008,8.937586545944214E-001,-4.218918681144714E-001,8.937586545944214E-001,-4.218918681144714E-001,9.691758081316948E-003,-1.228867657482624E-002,9.691758081316948E-003,-1.228867657482624E-002,
8.748000000000000E+008,8.774362802505493E-001,-4.753309190273285E-001,8.774362802505493E-001,-4.753309190273285E-001,9.697571396827698E-003,-1.323513593524694E-002,9.697571396827698E-003,-1.323513593524694E-002,
8.863500000000000E+008,8.328468799591065E-001,-5.260647535324097E-001,8.328468799591065E-001,-5.260647535324097E-001,9.566757827997208E-003,-1.339549850672483E-002,9.566757827997208E-003,-1.339549850672483E-002,
8.979000000000000E+008,8.133607506752014E-001,-5.596327185630798E-001,8.133607506752014E-001,-5.596327185630798E-001,9.230304509401321E-003,-1.425318419933319E-002,9.230304509401321E-003,-1.425318419933319E-002,
9.094500000000000E+008,7.858099341392517E-001,-6.054030656814575E-001,7.858099341392517E-001,-6.054030656814575E-001,9.091746993362904E-003,-1.445081178098917E-002,9.091746993362904E-003,-1.445081178098917E-002,
9.210000000000000E+008,7.534516453742981E-001,-6.376600861549377E-001,7.534516453742981E-001,-6.376600861549377E-001,8.211199194192886E-003,-1.522679347544909E-002,8.211199194192886E-003,-1.522679347544909E-002,
9.325500000000000E+008,7.163212895393372E-001,-6.919964551925659E-001,7.163212895393372E-001,-6.919964551925659E-001,7.445068564265966E-003,-1.597712934017181E-002,7.445068564265966E-003,-1.597712934017181E-002,
9.441000000000000E+008,6.860688328742981E-001,-7.196426987648010E-001,6.860688328742981E-001,-7.196426987648010E-001,6.776665803045034E-003,-1.611223258078098E-002,6.776665803045034E-003,-1.611223258078098E-002,
9.556500000000000E+008,6.474913358688355E-001,-7.588877677917481E-001,6.474913358688355E-001,-7.588877677917481E-001,6.375173572450876E-003,-1.653400063514710E-002,6.375173572450876E-003,-1.653400063514710E-002,
9.672000000000000E+008,6.002587080001831E-001,-7.853973507881165E-001,6.002587080001831E-001,-7.853973507881165E-001,6.018889136612415E-003,-1.665505953133106E-002,6.018889136612415E-003,-1.665505953133106E-002,
9.787500000000000E+008,5.604985356330872E-001,-8.050384521484375E-001,5.604985356330872E-001,-8.050384521484375E-001,5.756929051131010E-003,-1.669425889849663E-002,5.756929051131010E-003,-1.669425889849663E-002,
9.903000000000000E+008,5.137721896171570E-001,-8.372538685798645E-001,5.137721896171570E-001,-8.372538685798645E-001,5.429832730442286E-003,-1.783337630331516E-002,5.429832730442286E-003,-1.783337630331516E-002,
1.001850000000000E+009,4.615565240383148E-001,-8.614693880081177E-001,4.615565240383148E-001,-8.614693880081177E-001,5.342738237231970E-003,-1.821159198880196E-002,5.342738237231970E-003,-1.821159198880196E-002,
1.013400000000000E+009,4.187365770339966E-001,-8.912081718444824E-001,4.187365770339966E-001,-8.912081718444824E-001,4.630311857908964E-003,-1.878920756280422E-002,4.630311857908964E-003,-1.878920756280422E-002,
1.024950000000000E+009,3.839000165462494E-001,-9.138442873954773E-001,3.839000165462494E-001,-9.138442873954773E-001,3.621518844738603E-003,-1.941295154392719E-002,3.621518844738603E-003,-1.941295154392719E-002,
1.036500000000000E+009,3.103920817375183E-001,-9.304090142250061E-001,3.103920817375183E-001,-9.304090142250061E-001,2.605957444757223E-003,-1.944504491984844E-002,2.605957444757223E-003,-1.944504491984844E-002,
1.048050000000000E+009,2.848244905471802E-001,-9.542409777641296E-001,2.848244905471802E-001,-9.542409777641296E-001,1.741143525578082E-003,-1.956775411963463E-002,1.741143525578082E-003,-1.956775411963463E-002,
1.059600000000000E+009,2.215781360864639E-001,-9.574758410453796E-001,2.215781360864639E-001,-9.574758410453796E-001,1.169075723737478E-003,-1.930014416575432E-002,1.169075723737478E-003,-1.930014416575432E-002,
1.071150000000000E+009,1.714417636394501E-001,-9.666947126388550E-001,1.714417636394501E-001,-9.666947126388550E-001,8.710220572538674E-004,-1.947843655943871E-002,8.710220572538674E-004,-1.947843655943871E-002,
1.082700000000000E+009,1.160488799214363E-001,-9.757879376411438E-001,1.160488799214363E-001,-9.757879376411438E-001,4.075801989529282E-004,-1.989824138581753E-002,4.075801989529282E-004,-1.989824138581753E-002,
1.094250000000000E+009,8.000577986240387E-002,-9.674718976020813E-001,8.000577986240387E-002,-9.674718976020813E-001,-3.809543704846874E-005,-2.060238830745220E-002,-3.809543704846874E-005,-2.060238830745220E-002,
1.105800000000000E+009,9.019855409860611E-003,-9.803815484046936E-001,9.019855409860611E-003,-9.803815484046936E-001,-7.894701557233930E-004,-2.103379368782044E-002,-7.894701557233930E-004,-2.103379368782044E-002,
1.117350000000000E+009,-3.323888406157494E-002,-9.820891022682190E-001,-3.323888406157494E-002,-9.820891022682190E-001,-1.880109077319503E-003,-2.160407230257988E-002,-1.880109077319503E-003,-2.160407230257988E-002,
1.128900000000000E+009,-8.031395077705383E-002,-9.844664335250855E-001,-8.031395077705383E-002,-9.844664335250855E-001,-3.106079064309597E-003,-2.174968831241131E-002,-3.106079064309597E-003,-2.174968831241131E-002,
1.140450000000000E+009,-1.405053883790970E-001,-9.537941813468933E-001,-1.405053883790970E-001,-9.537941813468933E-001,-4.375738557428122E-003,-2.132144942879677E-002,-4.375738557428122E-003,-2.132144942879677E-002,
1.152000000000000E+009,-1.912040114402771E-001,-9.785606861114502E-001,-1.912040114402771E-001,-9.785606861114502E-001,-5.125733092427254E-003,-2.106676995754242E-002,-5.125733092427254E-003,-2.106676995754242E-002,
1.163550000000000E+009,-2.384471148252487E-001,-9.531005024909973E-001,-2.384471148252487E-001,-9.531005024909973E-001,-5.706628318876028E-003,-2.056363783776760E-002,-5.706628318876028E-003,-2.056363783776760E-002,
1.175100000000000E+009,-2.830335497856140E-001,-9.346570968627930E-001,-2.830335497856140E-001,-9.346570968627930E-001,-5.898450035601854E-003,-2.047636359930039E-002,-5.898450035601854E-003,-2.047636359930039E-002,
1.186650000000000E+009,-3.504383265972138E-001,-9.168603420257568E-001,-3.504383265972138E-001,-9.168603420257568E-001,-6.109939422458410E-003,-2.095816284418106E-002,-6.109939422458410E-003,-2.095816284418106E-002,
1.198200000000000E+009,-3.876011967658997E-001,-9.054947495460510E-001,-3.876011967658997E-001,-9.054947495460510E-001,-6.752800196409226E-003,-2.186260372400284E-002,-6.752800196409226E-003,-2.186260372400284E-002,
1.209750000000000E+009,-4.260815978050232E-001,-8.825870156288147E-001,-4.260815978050232E-001,-8.825870156288147E-001,-7.833418436348438E-003,-2.227032370865345E-002,-7.833418436348438E-003,-2.227032370865345E-002,
1.221300000000000E+009,-4.758650958538055E-001,-8.540268540382385E-001,-4.758650958538055E-001,-8.540268540382385E-001,-9.843694977462292E-003,-2.221228182315826E-002,-9.843694977462292E-003,-2.221228182315826E-002,
1.232850000000000E+009,-5.159202218055725E-001,-8.229230642318726E-001,-5.159202218055725E-001,-8.229230642318726E-001,-1.079046912491322E-002,-2.113651297986507E-002,-1.079046912491322E-002,-2.113651297986507E-002,
1.244400000000000E+009,-5.384672284126282E-001,-7.988688349723816E-001,-5.384672284126282E-001,-7.988688349723816E-001,-1.176644582301378E-002,-2.057387121021748E-002,-1.176644582301378E-002,-2.057387121021748E-002,
1.255950000000000E+009,-6.030601263046265E-001,-7.779017090797424E-001,-6.030601263046265E-001,-7.779017090797424E-001,-1.227277796715498E-002,-1.973374374210835E-002,-1.227277796715498E-002,-1.973374374210835E-002,
1.267500000000000E+009,-6.390050649642944E-001,-7.383760213851929E-001,-6.390050649642944E-001,-7.383760213851929E-001,-1.258334983140230E-002,-1.983315125107765E-002,-1.258334983140230E-002,-1.983315125107765E-002,
1.279050000000000E+009,-6.774009466171265E-001,-7.066389918327332E-001,-6.774009466171265E-001,-7.066389918327332E-001,-1.307546626776457E-002,-2.005281858146191E-002,-1.307546626776457E-002,-2.005281858146191E-002,
1.290600000000000E+009,-7.166925072669983E-001,-6.640484929084778E-001,-7.166925072669983E-001,-6.640484929084778E-001,-1.333941612392664E-002,-2.033400721848011E-002,-1.333941612392664E-002,-2.033400721848011E-002,
1.302150000000000E+009,-7.421824932098389E-001,-6.329885721206665E-001,-7.421824932098389E-001,-6.329885721206665E-001,-1.456755399703980E-002,-2.068485692143440E-002,-1.456755399703980E-002,-2.068485692143440E-002,
1.313700000000000E+009,-7.822542190551758E-001,-5.870967507362366E-001,-7.822542190551758E-001,-5.870967507362366E-001,-1.623245328664780E-002,-2.024175412952900E-002,-1.623245328664780E-002,-2.024175412952900E-002,
1.325250000000000E+009,-8.067771196365356E-001,-5.436750054359436E-001,-8.067771196365356E-001,-5.436750054359436E-001,-1.763466186821461E-002,-1.889899559319019E-002,-1.763466186821461E-002,-1.889899559319019E-002,
1.336800000000000E+009,-8.301460146903992E-001,-5.126081109046936E-001,-8.301460146903992E-001,-5.126081109046936E-001,-1.839403063058853E-002,-1.801216043531895E-002,-1.839403063058853E-002,-1.801216043531895E-002,
1.348350000000000E+009,-8.575673699378967E-001,-4.594535827636719E-001,-8.575673699378967E-001,-4.594535827636719E-001,-1.847852207720280E-002,-1.681477762758732E-002,-1.847852207720280E-002,-1.681477762758732E-002,
1.359900000000000E+009,-8.816084265708923E-001,-4.140839874744415E-001,-8.816084265708923E-001,-4.140839874744415E-001,-1.834085769951344E-002,-1.604018919169903E-002,-1.834085769951344E-002,-1.604018919169903E-002,
1.371450000000000E+009,-8.981282114982605E-001,-3.621734976768494E-001,-8.981282114982605E-001,-3.621734976768494E-001,-1.861425489187241E-002,-1.577481441199780E-002,-1.861425489187241E-002,-1.577481441199780E-002,
1.383000000000000E+009,-9.160534143447876E-001,-3.165578842163086E-001,-9.160534143447876E-001,-3.165578842163086E-001,-1.925943419337273E-002,-1.667373068630695E-002,-1.925943419337273E-002,-1.667373068630695E-002,
1.394550000000000E+009,-9.303123354911804E-001,-2.841894924640656E-001,-9.303123354911804E-001,-2.841894924640656E-001,-1.984713412821293E-002,-1.697648130357266E-002,-1.984713412821293E-002,-1.697648130357266E-002,
1.406100000000000E+009,-9.438464641571045E-001,-2.255288362503052E-001,-9.438464641571045E-001,-2.255288362503052E-001,-2.207371033728123E-002,-1.619097404181957E-002,-2.207371033728123E-002,-1.619097404181957E-002,
1.417650000000000E+009,-9.559410214424133E-001,-1.769226938486099E-001,-9.559410214424133E-001,-1.769226938486099E-001,-2.353543788194656E-002,-1.513960864394903E-002,-2.353543788194656E-002,-1.513960864394903E-002,
1.429200000000000E+009,-9.607078433036804E-001,-1.355687081813812E-001,-9.607078433036804E-001,-1.355687081813812E-001,-2.442830987274647E-002,-1.365059614181519E-002,-2.442830987274647E-002,-1.365059614181519E-002,
1.440750000000000E+009,-9.678019285202026E-001,-8.510476350784302E-002,-9.678019285202026E-001,-8.510476350784302E-002,-2.439787238836289E-002,-1.229435019195080E-002,-2.439787238836289E-002,-1.229435019195080E-002,
1.452300000000000E+009,-9.708382487297058E-001,-2.817837893962860E-002,-9.708382487297058E-001,-2.817837893962860E-002,-2.398903481662273E-002,-1.121050864458084E-002,-2.398903481662273E-002,-1.121050864458084E-002,
1.463850000000000E+009,-9.685517549514771E-001,2.136427164077759E-002,-9.685517549514771E-001,2.136427164077759E-002,-2.397040091454983E-002,-1.105193607509136E-002,-2.397040091454983E-002,-1.105193607509136E-002,
1.475400000000000E+009,-9.618636965751648E-001,6.770195811986923E-002,-9.618636965751648E-001,6.770195811986923E-002,-2.429683879017830E-002,-1.079116202890873E-002,-2.429683879017830E-002,-1.079116202890873E-002,
1.486950000000000E+009,-9.701753258705139E-001,1.196944639086723E-001,-9.701753258705139E-001,1.196944639086723E-001,-2.520505152642727E-002,-1.123106386512518E-002,-2.520505152642727E-002,-1.123106386512518E-002,
1.498500000000000E+009,-9.655560851097107E-001,1.647901237010956E-001,-9.655560851097107E-001,1.647901237010956E-001,-2.681315504014492E-002,-1.055037137120962E-002,-2.681315504014492E-002,-1.055037137120962E-002,
1.510050000000000E+009,-9.495937824249268E-001,2.166005969047546E-001,-9.495937824249268E-001,2.166005969047546E-001,-2.781947888433933E-002,-9.541432373225689E-003,-2.781947888433933E-002,-9.541432373225689E-003,
1.521600000000000E+009,-9.330038428306580E-001,2.683435380458832E-001,-9.330038428306580E-001,2.683435380458832E-001,-2.839188277721405E-002,-7.531396578997374E-003,-2.839188277721405E-002,-7.531396578997374E-003,
1.533150000000000E+009,-9.168139100074768E-001,3.252932727336884E-001,-9.168139100074768E-001,3.252932727336884E-001,-2.815206907689571E-002,-5.542367231100798E-003,-2.815206907689571E-002,-5.542367231100798E-003,
1.544700000000000E+009,-9.056406617164612E-001,3.551163971424103E-001,-9.056406617164612E-001,3.551163971424103E-001,-2.820649370551109E-002,-4.997741896659136E-003,-2.820649370551109E-002,-4.997741896659136E-003,
1.556250000000000E+009,-8.831976056098938E-001,3.948037624359131E-001,-8.831976056098938E-001,3.948037624359131E-001,-2.756192348897457E-002,-4.566500429064035E-003,-2.756192348897457E-002,-4.566500429064035E-003,
1.567800000000000E+009,-8.654531240463257E-001,4.467376172542572E-001,-8.654531240463257E-001,4.467376172542572E-001,-2.800033614039421E-002,-4.421051125973463E-003,-2.800033614039421E-002,-4.421051125973463E-003,
1.579350000000000E+009,-8.339836597442627E-001,4.872766435146332E-001,-8.339836597442627E-001,4.872766435146332E-001,-2.853441610932350E-002,-3.828212851658464E-003,-2.853441610932350E-002,-3.828212851658464E-003,
1.590900000000000E+009,-8.175510168075562E-001,5.276462435722351E-001,-8.175510168075562E-001,5.276462435722351E-001,-3.013758547604084E-002,-3.271401626989245E-003,-3.013758547604084E-002,-3.271401626989245E-003,
1.602450000000000E+009,-7.912946939468384E-001,5.638836026191711E-001,-7.912946939468384E-001,5.638836026191711E-001,-3.103812225162983E-002,-1.896445057354868E-003,-3.103812225162983E-002,-1.896445057354868E-003,
1.614000000000000E+009,-7.548465132713318E-001,6.045469641685486E-001,-7.548465132713318E-001,6.045469641685486E-001,-3.129558265209198E-002,-4.586769136949442E-005,-3.129558265209198E-002,-4.586769136949442E-005,
1.625550000000000E+009,-7.308877110481262E-001,6.437507271766663E-001,-7.308877110481262E-001,6.437507271766663E-001,-3.121065348386765E-002,1.501018065027893E-003,-3.121065348386765E-002,1.501018065027893E-003,
1.637100000000000E+009,-6.892606019973755E-001,6.706014871597290E-001,-6.892606019973755E-001,6.706014871597290E-001,-3.026061505079269E-002,2.504054224118590E-003,-3.026061505079269E-002,2.504054224118590E-003,
1.648650000000000E+009,-6.641966700553894E-001,7.114978432655335E-001,-6.641966700553894E-001,7.114978432655335E-001,-2.998936921358109E-002,3.640166018158197E-003,-2.998936921358109E-002,3.640166018158197E-003,
1.660200000000000E+009,-6.249145269393921E-001,7.420744895935059E-001,-6.249145269393921E-001,7.420744895935059E-001,-2.960744872689247E-002,3.992595244199038E-003,-2.960744872689247E-002,3.992595244199038E-003,
1.671750000000000E+009,-5.908066630363464E-001,7.744945287704468E-001,-5.908066630363464E-001,7.744945287704468E-001,-3.020380996167660E-002,4.336523823440075E-003,-3.020380996167660E-002,4.336523823440075E-003,
1.683300000000000E+009,-5.439946651458740E-001,7.931104302406311E-001,-5.439946651458740E-001,7.931104302406311E-001,-3.064276091754437E-002,4.810916725546122E-003,-3.064276091754437E-002,4.810916725546122E-003,
1.694850000000000E+009,-5.095189213752747E-001,8.289803862571716E-001,-5.095189213752747E-001,8.289803862571716E-001,-3.153973817825317E-002,6.502933334559202E-003,-3.153973817825317E-002,6.502933334559202E-003,
1.706400000000000E+009,-4.697898328304291E-001,8.514919877052307E-001,-4.697898328304291E-001,8.514919877052307E-001,-3.179791942238808E-002,8.045675233006477E-003,-3.179791942238808E-002,8.045675233006477E-003,
1.717950000000000E+009,-4.179674983024597E-001,8.785699605941773E-001,-4.179674983024597E-001,8.785699605941773E-001,-3.132707253098488E-002,1.012673974037170E-002,-3.132707253098488E-002,1.012673974037170E-002,
1.729500000000000E+009,-3.788610100746155E-001,8.917969465255737E-001,-3.788610100746155E-001,8.917969465255737E-001,-3.052264638245106E-002,1.138244103640318E-002,-3.052264638245106E-002,1.138244103640318E-002,
1.741050000000000E+009,-3.492384850978851E-001,9.118589162826538E-001,-3.492384850978851E-001,9.118589162826538E-001,-2.972090989351273E-002,1.209706068038940E-002,-2.972090989351273E-002,1.209706068038940E-002,
1.752600000000000E+009,-2.996212244033814E-001,9.260020852088928E-001,-2.996212244033814E-001,9.260020852088928E-001,-2.932431735098362E-002,1.286329608410597E-002,-2.932431735098362E-002,1.286329608410597E-002,
1.764150000000000E+009,-2.534747123718262E-001,9.406544566154480E-001,-2.534747123718262E-001,9.406544566154480E-001,-2.894679829478264E-002,1.335393078625202E-002,-2.894679829478264E-002,1.335393078625202E-002,
1.775700000000000E+009,-2.121808677911758E-001,9.608095884323120E-001,-2.121808677911758E-001,9.608095884323120E-001,-2.928983978927136E-002,1.392219029366970E-002,-2.928983978927136E-002,1.392219029366970E-002,
1.787250000000000E+009,-1.568736881017685E-001,9.462875723838806E-001,-1.568736881017685E-001,9.462875723838806E-001,-2.950031869113445E-002,1.475942321121693E-002,-2.950031869113445E-002,1.475942321121693E-002,
1.798800000000000E+009,-1.127723604440689E-001,9.710440635681152E-001,-1.127723604440689E-001,9.710440635681152E-001,-2.969362400472164E-002,1.637781597673893E-002,-2.969362400472164E-002,1.637781597673893E-002,
1.810350000000000E+009,-6.962446868419647E-002,9.701133370399475E-001,-6.962446868419647E-002,9.701133370399475E-001,-2.954800240695477E-002,1.759153977036476E-002,-2.954800240695477E-002,1.759153977036476E-002,
1.821900000000000E+009,-2.468846365809441E-002,9.650261402130127E-001,-2.468846365809441E-002,9.650261402130127E-001,-2.880822122097015E-002,1.918931305408478E-002,-2.880822122097015E-002,1.918931305408478E-002,
1.833450000000000E+009,2.438985556364059E-002,9.814170002937317E-001,2.438985556364059E-002,9.814170002937317E-001,-2.795458585023880E-002,2.075510658323765E-002,-2.795458585023880E-002,2.075510658323765E-002,
1.845000000000000E+009,6.789134442806244E-002,9.731404781341553E-001,6.789134442806244E-002,9.731404781341553E-001,-2.706952393054962E-002,2.134021744132042E-002,-2.706952393054962E-002,2.134021744132042E-002,
1.856550000000000E+009,1.173153445124626E-001,9.662246108055115E-001,1.173153445124626E-001,9.662246108055115E-001,-2.607248537242413E-002,2.168165333569050E-002,-2.607248537242413E-002,2.168165333569050E-002,
1.868100000000000E+009,1.637838333845139E-001,9.590734243392944E-001,1.637838333845139E-001,9.590734243392944E-001,-2.592003904283047E-002,2.262656390666962E-002,-2.592003904283047E-002,2.262656390666962E-002,
1.879650000000000E+009,2.161774635314941E-001,9.550121426582336E-001,2.161774635314941E-001,9.550121426582336E-001,-2.576889656484127E-002,2.288383245468140E-002,-2.576889656484127E-002,2.288383245468140E-002,
1.891200000000000E+009,2.621076405048370E-001,9.345394968986511E-001,2.621076405048370E-001,9.345394968986511E-001,-2.576981484889984E-002,2.386398799717426E-002,-2.576981484889984E-002,2.386398799717426E-002,
1.902750000000000E+009,2.965519726276398E-001,9.280057549476624E-001,2.965519726276398E-001,9.280057549476624E-001,-2.538364566862583E-002,2.562553808093071E-002,-2.538364566862583E-002,2.562553808093071E-002,
1.914300000000000E+009,3.398801386356354E-001,9.118403196334839E-001,3.398801386356354E-001,9.118403196334839E-001,-2.469900995492935E-002,2.731568552553654E-002,-2.469900995492935E-002,2.731568552553654E-002,
1.925850000000000E+009,3.815070390701294E-001,8.987121582031250E-001,3.815070390701294E-001,8.987121582031250E-001,-2.364219725131989E-002,2.870283462107182E-002,-2.364219725131989E-002,2.870283462107182E-002,
1.937400000000000E+009,4.267809987068176E-001,8.716480731964111E-001,4.267809987068176E-001,8.716480731964111E-001,-2.170095592737198E-002,2.953038178384304E-002,-2.170095592737198E-002,2.953038178384304E-002,
1.948950000000000E+009,4.666118025779724E-001,8.609545826911926E-001,4.666118025779724E-001,8.609545826911926E-001,-2.031951211392880E-002,2.990973740816116E-002,-2.031951211392880E-002,2.990973740816116E-002,
1.960500000000000E+009,5.081644058227539E-001,8.339478373527527E-001,5.081644058227539E-001,8.339478373527527E-001,-1.957949064671993E-002,3.004336170852184E-002,-1.957949064671993E-002,3.004336170852184E-002,
1.972050000000000E+009,5.531880855560303E-001,8.092802166938782E-001,5.531880855560303E-001,8.092802166938782E-001,-1.937658898532391E-002,3.023673035204411E-002,-1.937658898532391E-002,3.023673035204411E-002,
1.983600000000000E+009,5.826641917228699E-001,7.837856411933899E-001,5.826641917228699E-001,7.837856411933899E-001,-1.930223964154720E-002,3.077148459851742E-002,-1.930223964154720E-002,3.077148459851742E-002,
1.995150000000000E+009,6.215150952339172E-001,7.573204636573792E-001,6.215150952339172E-001,7.573204636573792E-001,-1.926134340465069E-002,3.196692839264870E-002,-1.926134340465069E-002,3.196692839264870E-002,
2.006700000000000E+009,6.511152386665344E-001,7.288775444030762E-001,6.511152386665344E-001,7.288775444030762E-001,-1.889416575431824E-002,3.339475393295288E-002,-1.889416575431824E-002,3.339475393295288E-002,
2.018250000000000E+009,6.875751018524170E-001,6.971470117568970E-001,6.875751018524170E-001,6.971470117568970E-001,-1.755847036838532E-002,3.600165992975235E-002,-1.755847036838532E-002,3.600165992975235E-002,
2.029800000000000E+009,7.157771587371826E-001,6.628599762916565E-001,7.157771587371826E-001,6.628599762916565E-001,-1.519515272229910E-002,3.668640181422234E-002,-1.519515272229910E-002,3.668640181422234E-002,
2.041350000000000E+009,7.512672543525696E-001,6.282399892807007E-001,7.512672543525696E-001,6.282399892807007E-001,-1.334460172802210E-002,3.659459203481674E-002,-1.334460172802210E-002,3.659459203481674E-002,
2.052900000000000E+009,7.816610932350159E-001,5.921170711517334E-001,7.816610932350159E-001,5.921170711517334E-001,-1.164592336863279E-002,3.720049187541008E-002,-1.164592336863279E-002,3.720049187541008E-002,
2.064450000000000E+009,8.082422018051148E-001,5.563678145408630E-001,8.082422018051148E-001,5.563678145408630E-001,-1.096298545598984E-002,3.650344535708427E-002,-1.096298545598984E-002,3.650344535708427E-002,
2.076000000000000E+009,8.318135142326355E-001,5.214443802833557E-001,8.318135142326355E-001,5.214443802833557E-001,-1.084761600941420E-002,3.653219714760780E-002,-1.084761600941420E-002,3.653219714760780E-002,
2.087550000000000E+009,8.599860072135925E-001,4.773258268833160E-001,8.599860072135925E-001,4.773258268833160E-001,-1.053738594055176E-002,3.752294182777405E-002,-1.053738594055176E-002,3.752294182777405E-002,
2.099100000000000E+009,8.778854012489319E-001,4.371477961540222E-001,8.778854012489319E-001,4.371477961540222E-001,-9.886155836284161E-003,3.878961503505707E-002,-9.886155836284161E-003,3.878961503505707E-002,
2.110650000000000E+009,9.003264307975769E-001,3.946981132030487E-001,9.003264307975769E-001,3.946981132030487E-001,-8.235063403844833E-003,4.085076227784157E-002,-8.235063403844833E-003,4.085076227784157E-002,
2.122200000000000E+009,9.088432788848877E-001,3.574650883674622E-001,9.088432788848877E-001,3.574650883674622E-001,-5.857710260897875E-003,4.185010492801666E-002,-5.857710260897875E-003,4.185010492801666E-002,
2.133750000000000E+009,9.294789433479309E-001,3.088273406028748E-001,9.294789433479309E-001,3.088273406028748E-001,-3.969898913055658E-003,4.173183441162109E-002,-3.969898913055658E-003,4.173183441162109E-002,
2.145300000000000E+009,9.425937533378601E-001,2.688576281070709E-001,9.425937533378601E-001,2.688576281070709E-001,-1.855664770118892E-003,4.098260030150414E-002,-1.855664770118892E-003,4.098260030150414E-002,
2.156850000000000E+009,9.554750323295593E-001,2.193631827831268E-001,9.554750323295593E-001,2.193631827831268E-001,-1.278315205127001E-003,3.981366381049156E-002,-1.278315205127001E-003,3.981366381049156E-002,
2.168400000000000E+009,9.670686721801758E-001,1.716600805521011E-001,9.670686721801758E-001,1.716600805521011E-001,-5.937090609222651E-004,3.975326195359230E-002,-5.937090609222651E-004,3.975326195359230E-002,
2.179950000000000E+009,9.709226489067078E-001,1.276272833347321E-001,9.709226489067078E-001,1.276272833347321E-001,-8.484273566864431E-004,4.037521034479141E-002,-8.484273566864431E-004,4.037521034479141E-002,
2.191500000000000E+009,9.805616736412048E-001,9.202530980110169E-002,9.805616736412048E-001,9.202530980110169E-002,-9.750100434757769E-004,4.201211407780647E-002,-9.750100434757769E-004,4.201211407780647E-002,
2.203050000000000E+009,9.809890389442444E-001,4.329695180058479E-002,9.809890389442444E-001,4.329695180058479E-002,8.006372372619808E-004,4.407177120447159E-002,8.006372372619808E-004,4.407177120447159E-002,
2.214600000000000E+009,9.797825813293457E-001,-7.981361821293831E-003,9.797825813293457E-001,-7.981361821293831E-003,3.549323650076985E-003,4.540088772773743E-002,3.549323650076985E-003,4.540088772773743E-002,
2.226150000000000E+009,9.824090003967285E-001,-4.319847375154495E-002,9.824090003967285E-001,-4.319847375154495E-002,6.884680129587650E-003,4.527327045798302E-002,6.884680129587650E-003,4.527327045798302E-002,
2.237700000000000E+009,9.805926084518433E-001,-9.986086934804916E-002,9.805926084518433E-001,-9.986086934804916E-002,9.550190530717373E-003,4.402401298284531E-002,9.550190530717373E-003,4.402401298284531E-002,
2.249250000000000E+009,9.663222432136536E-001,-1.411257982254028E-001,9.663222432136536E-001,-1.411257982254028E-001,1.027768570929766E-002,4.196617752313614E-002,1.027768570929766E-002,4.196617752313614E-002,
2.260800000000000E+009,9.631216526031494E-001,-1.824800968170166E-001,9.631216526031494E-001,-1.824800968170166E-001,1.045914459973574E-002,4.163878038525581E-002,1.045914459973574E-002,4.163878038525581E-002,
2.272350000000000E+009,9.560204148292542E-001,-2.319702953100205E-001,9.560204148292542E-001,-2.319702953100205E-001,1.012043282389641E-002,4.168254509568214E-002,1.012043282389641E-002,4.168254509568214E-002,
2.283900000000000E+009,9.353687763214111E-001,-2.779549062252045E-001,9.353687763214111E-001,-2.779549062252045E-001,1.058604288846254E-002,4.296072572469711E-002,1.058604288846254E-002,4.296072572469711E-002,
2.295450000000000E+009,9.278690218925476E-001,-3.154963254928589E-001,9.278690218925476E-001,-3.154963254928589E-001,1.208642870187759E-002,4.465425759553909E-002,1.208642870187759E-002,4.465425759553909E-002,
2.307000000000000E+009,9.122470617294312E-001,-3.623005747795105E-001,9.122470617294312E-001,-3.623005747795105E-001,1.524412725120783E-002,4.623369500041008E-002,1.524412725120783E-002,4.623369500041008E-002,
2.318550000000000E+009,8.965222239494324E-001,-4.075179696083069E-001,8.965222239494324E-001,-4.075179696083069E-001,1.913917623460293E-002,4.573662579059601E-002,1.913917623460293E-002,4.573662579059601E-002,
2.330100000000000E+009,8.720216751098633E-001,-4.504693448543549E-001,8.720216751098633E-001,-4.504693448543549E-001,2.218298055231571E-002,4.357987642288208E-002,2.218298055231571E-002,4.357987642288208E-002,
2.341650000000000E+009,8.468537926673889E-001,-4.851939976215363E-001,8.468537926673889E-001,-4.851939976215363E-001,2.269258163869381E-002,4.126516729593277E-002,2.269258163869381E-002,4.126516729593277E-002,
2.353200000000000E+009,8.235811591148377E-001,-5.295135378837585E-001,8.235811591148377E-001,-5.295135378837585E-001,2.312447875738144E-002,3.985115885734558E-002,2.312447875738144E-002,3.985115885734558E-002,
2.364750000000000E+009,7.979230880737305E-001,-5.650572776794434E-001,7.979230880737305E-001,-5.650572776794434E-001,2.250748500227928E-002,3.964549303054810E-002,2.250748500227928E-002,3.964549303054810E-002,
2.376300000000000E+009,7.684271335601807E-001,-6.048635244369507E-001,7.684271335601807E-001,-6.048635244369507E-001,2.247435040771961E-002,4.107776656746864E-002,2.247435040771961E-002,4.107776656746864E-002,
2.387850000000000E+009,7.449105978012085E-001,-6.409649252891541E-001,7.449105978012085E-001,-6.409649252891541E-001,2.454207651317120E-002,4.255698248744011E-002,2.454207651317120E-002,4.255698248744011E-002,
2.399400000000000E+009,7.095256447792053E-001,-6.756664514541626E-001,7.095256447792053E-001,-6.756664514541626E-001,2.780671231448650E-002,4.319026693701744E-002,2.780671231448650E-002,4.319026693701744E-002,
2.410950000000000E+009,6.747607588768005E-001,-7.083318829536438E-001,6.747607588768005E-001,-7.083318829536438E-001,3.129525482654572E-002,4.263239726424217E-002,3.129525482654572E-002,4.263239726424217E-002,
2.422500000000000E+009,6.343334317207336E-001,-7.398573756217957E-001,6.343334317207336E-001,-7.398573756217957E-001,3.462762013077736E-002,3.979381173849106E-002,3.462762013077736E-002,3.979381173849106E-002,
2.434050000000000E+009,6.033852100372315E-001,-7.662729620933533E-001,6.033852100372315E-001,-7.662729620933533E-001,3.582187741994858E-002,3.695398941636086E-002,3.582187741994858E-002,3.695398941636086E-002,
2.445600000000000E+009,5.601611137390137E-001,-7.987694144248962E-001,5.601611137390137E-001,-7.987694144248962E-001,3.501391410827637E-002,3.523619100451469E-002,3.501391410827637E-002,3.523619100451469E-002,
2.457150000000000E+009,5.193393826484680E-001,-8.250482678413391E-001,5.193393826484680E-001,-8.250482678413391E-001,3.511026501655579E-002,3.504767268896103E-002,3.511026501655579E-002,3.504767268896103E-002,
2.468700000000000E+009,4.731844961643219E-001,-8.548688888549805E-001,4.731844961643219E-001,-8.548688888549805E-001,3.521187230944634E-002,3.587485849857330E-002,3.521187230944634E-002,3.587485849857330E-002,
2.480250000000000E+009,4.280732274055481E-001,-8.838436603546143E-001,4.280732274055481E-001,-8.838436603546143E-001,3.716967999935150E-002,3.729119151830673E-002,3.716967999935150E-002,3.729119151830673E-002,
2.491800000000000E+009,3.924182057380676E-001,-8.970147371292114E-001,3.924182057380676E-001,-8.970147371292114E-001,4.053450748324394E-002,3.758419677615166E-002,4.053450748324394E-002,3.758419677615166E-002,
2.503350000000000E+009,3.480335474014282E-001,-9.122955203056335E-001,3.480335474014282E-001,-9.122955203056335E-001,4.466412216424942E-002,3.604988381266594E-002,4.466412216424942E-002,3.604988381266594E-002,
2.514900000000000E+009,2.964676320552826E-001,-9.252740144729614E-001,2.964676320552826E-001,-9.252740144729614E-001,4.787258431315422E-002,3.246917948126793E-002,4.787258431315422E-002,3.246917948126793E-002,
2.526450000000000E+009,2.521104216575623E-001,-9.393280744552612E-001,2.521104216575623E-001,-9.393280744552612E-001,4.915272444486618E-002,2.864457108080387E-002,4.915272444486618E-002,2.864457108080387E-002,
2.538000000000000E+009,2.069242298603058E-001,-9.505634903907776E-001,2.069242298603058E-001,-9.505634903907776E-001,4.849450662732124E-002,2.588700689375401E-002,4.849450662732124E-002,2.588700689375401E-002,
2.549550000000000E+009,1.519528031349182E-001,-9.615135192871094E-001,1.519528031349182E-001,-9.615135192871094E-001,4.730693623423576E-002,2.505170367658138E-002,4.730693623423576E-002,2.505170367658138E-002,
2.561100000000000E+009,9.996674209833145E-002,-9.702873826026917E-001,9.996674209833145E-002,-9.702873826026917E-001,4.792765155434609E-002,2.545855008065701E-002,4.792765155434609E-002,2.545855008065701E-002,
2.572650000000000E+009,5.596207454800606E-002,-9.685679078102112E-001,5.596207454800606E-002,-9.685679078102112E-001,4.909651726484299E-002,2.604266069829464E-002,4.909651726484299E-002,2.604266069829464E-002,
2.584200000000000E+009,2.988434163853526E-003,-9.694218635559082E-001,2.988434163853526E-003,-9.694218635559082E-001,5.188764259219170E-002,2.667053788900375E-002,5.188764259219170E-002,2.667053788900375E-002,
2.595750000000000E+009,-4.809603095054627E-002,-9.719235897064209E-001,-4.809603095054627E-002,-9.719235897064209E-001,5.604085326194763E-002,2.486315369606018E-002,5.604085326194763E-002,2.486315369606018E-002,
2.607300000000000E+009,-9.931542724370956E-002,-9.637965559959412E-001,-9.931542724370956E-002,-9.637965559959412E-001,5.896610394120216E-002,2.119629830121994E-002,5.896610394120216E-002,2.119629830121994E-002,
2.618850000000000E+009,-1.505884379148483E-001,-9.530075192451477E-001,-1.505884379148483E-001,-9.530075192451477E-001,6.000073254108429E-002,1.647773198783398E-002,6.000073254108429E-002,1.647773198783398E-002,
2.630400000000000E+009,-2.070804983377457E-001,-9.422623515129089E-001,-2.070804983377457E-001,-9.422623515129089E-001,5.908011272549629E-002,1.342571806162596E-002,5.908011272549629E-002,1.342571806162596E-002,
2.641950000000000E+009,-2.539777159690857E-001,-9.301766157150269E-001,-2.539777159690857E-001,-9.301766157150269E-001,5.761974677443504E-002,1.224576216191053E-002,5.761974677443504E-002,1.224576216191053E-002,
2.653500000000000E+009,-3.033467829227448E-001,-9.201165437698364E-001,-3.033467829227448E-001,-9.201165437698364E-001,5.790769681334496E-002,1.196581684052944E-002,5.790769681334496E-002,1.196581684052944E-002,
2.665050000000000E+009,-3.521944284439087E-001,-8.986483216285706E-001,-3.521944284439087E-001,-8.986483216285706E-001,5.929493904113770E-002,1.224339846521616E-002,5.929493904113770E-002,1.224339846521616E-002,
2.676600000000000E+009,-4.026328623294830E-001,-8.870502710342407E-001,-4.026328623294830E-001,-8.870502710342407E-001,6.245131045579910E-002,1.137817185372114E-002,6.245131045579910E-002,1.137817185372114E-002,
2.688150000000000E+009,-4.440932273864746E-001,-8.595836758613586E-001,-4.440932273864746E-001,-8.595836758613586E-001,6.549376994371414E-002,9.146133437752724E-003,6.549376994371414E-002,9.146133437752724E-003,
2.699700000000000E+009,-4.917968213558197E-001,-8.344807624816895E-001,-4.917968213558197E-001,-8.344807624816895E-001,6.805052608251572E-002,4.790227860212326E-003,6.805052608251572E-002,4.790227860212326E-003,
2.711250000000000E+009,-5.393961071968079E-001,-7.997550964355469E-001,-5.393961071968079E-001,-7.997550964355469E-001,6.849061697721481E-002,-6.518394802697003E-004,6.849061697721481E-002,-6.518394802697003E-004,
2.722800000000000E+009,-5.789994597434998E-001,-7.706842422485352E-001,-5.789994597434998E-001,-7.706842422485352E-001,6.663734465837479E-002,-4.384752828627825E-003,6.663734465837479E-002,-4.384752828627825E-003,
2.734350000000000E+009,-6.229068040847778E-001,-7.271221876144409E-001,-6.229068040847778E-001,-7.271221876144409E-001,6.413470953702927E-002,-6.794757675379515E-003,6.413470953702927E-002,-6.794757675379515E-003,
2.745900000000000E+009,-6.698760390281677E-001,-6.954033970832825E-001,-6.698760390281677E-001,-6.954033970832825E-001,6.374125927686691E-002,-6.489463616162539E-003,6.374125927686691E-002,-6.489463616162539E-003,
2.757450000000000E+009,-7.090061902999878E-001,-6.563227176666260E-001,-7.090061902999878E-001,-6.563227176666260E-001,6.407866626977921E-002,-6.832749582827091E-003,6.407866626977921E-002,-6.832749582827091E-003,
2.769000000000000E+009,-7.435466051101685E-001,-6.144171953201294E-001,-7.435466051101685E-001,-6.144171953201294E-001,6.614299863576889E-002,-7.366741541773081E-003,6.614299863576889E-002,-7.366741541773081E-003,
2.780550000000000E+009,-7.827168703079224E-001,-5.712737441062927E-001,-7.827168703079224E-001,-5.712737441062927E-001,7.002677768468857E-002,-1.038980204612017E-002,7.002677768468857E-002,-1.038980204612017E-002,
2.792100000000000E+009,-8.071404099464417E-001,-5.244483947753906E-001,-8.071404099464417E-001,-5.244483947753906E-001,7.231047004461289E-002,-1.445001177489758E-002,7.231047004461289E-002,-1.445001177489758E-002,
2.803650000000000E+009,-8.362340927124023E-001,-4.747589826583862E-001,-8.362340927124023E-001,-4.747589826583862E-001,7.272045314311981E-002,-2.096581831574440E-002,7.272045314311981E-002,-2.096581831574440E-002,
2.815200000000000E+009,-8.636879920959473E-001,-4.228145182132721E-001,-8.636879920959473E-001,-4.228145182132721E-001,6.994944810867310E-002,-2.653813362121582E-002,6.994944810867310E-002,-2.653813362121582E-002,
2.826750000000000E+009,-8.797556757926941E-001,-3.704419136047363E-001,-8.797556757926941E-001,-3.704419136047363E-001,6.562291830778122E-002,-2.882230840623379E-002,6.562291830778122E-002,-2.882230840623379E-002,
2.838300000000000E+009,-9.115962982177734E-001,-3.102756142616272E-001,-9.115962982177734E-001,-3.102756142616272E-001,6.339441239833832E-002,-2.976700291037560E-002,6.339441239833832E-002,-2.976700291037560E-002,
2.849850000000000E+009,-9.233888983726502E-001,-2.605051696300507E-001,-9.233888983726502E-001,-2.605051696300507E-001,6.292560696601868E-002,-2.921488322317600E-002,6.292560696601868E-002,-2.921488322317600E-002,
2.861400000000000E+009,-9.393689632415772E-001,-2.045190483331680E-001,-9.393689632415772E-001,-2.045190483331680E-001,6.421143561601639E-002,-2.971654757857323E-002,6.421143561601639E-002,-2.971654757857323E-002,
2.872950000000000E+009,-9.498041868209839E-001,-1.427815705537796E-001,-9.498041868209839E-001,-1.427815705537796E-001,6.718879193067551E-002,-3.253663703799248E-002,6.718879193067551E-002,-3.253663703799248E-002,
2.884500000000000E+009,-9.571087360382080E-001,-8.672152459621429E-002,-9.571087360382080E-001,-8.672152459621429E-002,6.898776441812515E-002,-3.653294220566750E-002,6.898776441812515E-002,-3.653294220566750E-002,
2.896050000000000E+009,-9.589616656303406E-001,-2.809616737067699E-002,-9.589616656303406E-001,-2.809616737067699E-002,6.940162926912308E-002,-4.325455054640770E-002,6.940162926912308E-002,-4.325455054640770E-002,
2.907600000000000E+009,-9.561225771903992E-001,3.227658197283745E-002,-9.561225771903992E-001,3.227658197283745E-002,6.532241404056549E-002,-4.940927028656006E-002,6.532241404056549E-002,-4.940927028656006E-002,
2.919150000000000E+009,-9.513545632362366E-001,9.785314649343491E-002,-9.513545632362366E-001,9.785314649343491E-002,6.017208844423294E-002,-5.231929197907448E-002,6.017208844423294E-002,-5.231929197907448E-002,
2.930700000000000E+009,-9.421679377555847E-001,1.549029797315598E-001,-9.421679377555847E-001,1.549029797315598E-001,5.605229362845421E-002,-5.264798551797867E-002,5.605229362845421E-002,-5.264798551797867E-002,
2.942250000000000E+009,-9.307298064231873E-001,2.152013182640076E-001,-9.307298064231873E-001,2.152013182640076E-001,5.456191673874855E-002,-5.262703448534012E-002,5.456191673874855E-002,-5.262703448534012E-002,
2.953800000000000E+009,-9.156278967857361E-001,2.775697410106659E-001,-9.156278967857361E-001,2.775697410106659E-001,5.466556549072266E-002,-5.271402746438980E-002,5.466556549072266E-002,-5.271402746438980E-002,
2.965350000000000E+009,-8.965100049972534E-001,3.321380615234375E-001,-8.965100049972534E-001,3.321380615234375E-001,5.610485002398491E-002,-5.396862328052521E-002,5.610485002398491E-002,-5.396862328052521E-002,
2.976900000000000E+009,-8.688309788703919E-001,3.987375497817993E-001,-8.688309788703919E-001,3.987375497817993E-001,5.737803876399994E-002,-5.987369641661644E-002,5.737803876399994E-002,-5.987369641661644E-002,
2.988450000000000E+009,-8.404784798622131E-001,4.455941617488861E-001,-8.404784798622131E-001,4.455941617488861E-001,5.634616315364838E-002,-6.611345708370209E-002,5.634616315364838E-002,-6.611345708370209E-002,
3.000000000000000E+009,-8.071113228797913E-001,5.051624178886414E-001,-8.071113228797913E-001,5.051624178886414E-001,5.063218995928764E-002,-7.268667966127396E-002,5.063218995928764E-002,-7.268667966127396E-002,
