% Version 1.00
%
%freq[Hz],re:Trc1_S11,im:Trc1_S11,re:Trc2_S11,im:Trc2_S11,re:Trc3_S21,im:Trc3_S21,re:Trc4_S21,im:Trc4_S21,
6.900000000000000E+008,9.266748428344727E-001,3.588677346706390E-001,9.266748428344727E-001,3.588677346706390E-001,1.180340070277453E-002,-4.436783958226442E-003,1.180340070277453E-002,-4.436783958226442E-003,
7.015500000000000E+008,9.344812035560608E-001,3.104279637336731E-001,9.344812035560608E-001,3.104279637336731E-001,1.188801974058151E-002,-4.943954292684794E-003,1.188801974058151E-002,-4.943954292684794E-003,
7.131000000000000E+008,9.541111588478088E-001,2.794625759124756E-001,9.541111588478088E-001,2.794625759124756E-001,1.224683411419392E-002,-5.434306338429451E-003,1.224683411419392E-002,-5.434306338429451E-003,
7.246500000000000E+008,9.623047709465027E-001,2.245547324419022E-001,9.623047709465027E-001,2.245547324419022E-001,1.188053097575903E-002,-6.332711782306433E-003,1.188053097575903E-002,-6.332711782306433E-003,
7.362000000000000E+008,9.846192598342896E-001,1.823137849569321E-001,9.846192598342896E-001,1.823137849569321E-001,1.182418037205935E-002,-6.859630811959505E-003,1.182418037205935E-002,-6.859630811959505E-003,
7.477500000000000E+008,9.860978126525879E-001,1.111368685960770E-001,9.860978126525879E-001,1.111368685960770E-001,1.104588434100151E-002,-7.262921892106533E-003,1.104588434100151E-002,-7.262921892106533E-003,
7.593000000000000E+008,9.851742386817932E-001,8.429346978664398E-002,9.851742386817932E-001,8.429346978664398E-002,1.137242466211319E-002,-7.627817336469889E-003,1.137242466211319E-002,-7.627817336469889E-003,
7.708500000000000E+008,9.903040528297424E-001,3.273073211312294E-002,9.903040528297424E-001,3.273073211312294E-002,1.141526270657778E-002,-7.596808951348066E-003,1.141526270657778E-002,-7.596808951348066E-003,
7.824000000000000E+008,9.812429547309876E-001,-1.398661732673645E-002,9.812429547309876E-001,-1.398661732673645E-002,1.163325272500515E-002,-8.500022813677788E-003,1.163325272500515E-002,-8.500022813677788E-003,
7.939500000000000E+008,9.882928729057312E-001,-6.111343577504158E-002,9.882928729057312E-001,-6.111343577504158E-002,1.160445343703032E-002,-8.720485493540764E-003,1.160445343703032E-002,-8.720485493540764E-003,
8.055000000000000E+008,9.738990068435669E-001,-1.193565279245377E-001,9.738990068435669E-001,-1.193565279245377E-001,1.131211407482624E-002,-9.608241729438305E-003,1.131211407482624E-002,-9.608241729438305E-003,
8.170500000000000E+008,9.769781827926636E-001,-1.649760007858276E-001,9.769781827926636E-001,-1.649760007858276E-001,1.137859001755714E-002,-1.050576008856297E-002,1.137859001755714E-002,-1.050576008856297E-002,
8.286000000000000E+008,9.644656181335449E-001,-2.160196155309677E-001,9.644656181335449E-001,-2.160196155309677E-001,1.097819209098816E-002,-1.102491468191147E-002,1.097819209098816E-002,-1.102491468191147E-002,
8.401500000000000E+008,9.444490075111389E-001,-2.685028612613678E-001,9.444490075111389E-001,-2.685028612613678E-001,1.038261596113443E-002,-1.142387744039297E-002,1.038261596113443E-002,-1.142387744039297E-002,
8.517000000000000E+008,9.336482882499695E-001,-2.990293502807617E-001,9.336482882499695E-001,-2.990293502807617E-001,1.011613756418228E-002,-1.158142182976008E-002,1.011613756418228E-002,-1.158142182976008E-002,
8.632500000000000E+008,9.233368635177612E-001,-3.526716530323029E-001,9.233368635177612E-001,-3.526716530323029E-001,9.945312514901161E-003,-1.207322627305985E-002,9.945312514901161E-003,-1.207322627305985E-002,
8.748000000000000E+008,9.116117358207703E-001,-4.049913883209229E-001,9.116117358207703E-001,-4.049913883209229E-001,1.006880309432745E-002,-1.271794270724058E-002,1.006880309432745E-002,-1.271794270724058E-002,
8.863500000000000E+008,8.705666661262512E-001,-4.544736146926880E-001,8.705666661262512E-001,-4.544736146926880E-001,1.000598445534706E-002,-1.305096969008446E-002,1.000598445534706E-002,-1.305096969008446E-002,
8.979000000000000E+008,8.572923541069031E-001,-4.933190643787384E-001,8.572923541069031E-001,-4.933190643787384E-001,9.667121805250645E-003,-1.380244456231594E-002,9.667121805250645E-003,-1.380244456231594E-002,
9.094500000000000E+008,8.337659239768982E-001,-5.382896661758423E-001,8.337659239768982E-001,-5.382896661758423E-001,9.419691748917103E-003,-1.445910800248385E-002,9.419691748917103E-003,-1.445910800248385E-002,
9.210000000000000E+008,8.043926358222961E-001,-5.713291764259338E-001,8.043926358222961E-001,-5.713291764259338E-001,8.882415480911732E-003,-1.528339833021164E-002,8.882415480911732E-003,-1.528339833021164E-002,
9.325500000000000E+008,7.729128003120422E-001,-6.255583167076111E-001,7.729128003120422E-001,-6.255583167076111E-001,8.300490677356720E-003,-1.587910577654839E-002,8.300490677356720E-003,-1.587910577654839E-002,
9.441000000000000E+008,7.479686141014099E-001,-6.580794453620911E-001,7.479686141014099E-001,-6.580794453620911E-001,7.728324737399817E-003,-1.578967832028866E-002,7.728324737399817E-003,-1.578967832028866E-002,
9.556500000000000E+008,7.128559350967407E-001,-6.977536678314209E-001,7.128559350967407E-001,-6.977536678314209E-001,7.231906987726688E-003,-1.658761128783226E-002,7.231906987726688E-003,-1.658761128783226E-002,
9.672000000000000E+008,6.703374981880188E-001,-7.273800373077393E-001,6.703374981880188E-001,-7.273800373077393E-001,6.774004083126783E-003,-1.653147116303444E-002,6.774004083126783E-003,-1.653147116303444E-002,
9.787500000000000E+008,6.329807043075562E-001,-7.492673993110657E-001,6.329807043075562E-001,-7.492673993110657E-001,6.472136825323105E-003,-1.673321053385735E-002,6.472136825323105E-003,-1.673321053385735E-002,
9.903000000000000E+008,5.924417972564697E-001,-7.892786860466003E-001,5.924417972564697E-001,-7.892786860466003E-001,6.366797257214785E-003,-1.799241639673710E-002,6.366797257214785E-003,-1.799241639673710E-002,
1.001850000000000E+009,5.421697497367859E-001,-8.144530653953552E-001,5.421697497367859E-001,-8.144530653953552E-001,5.969917867332697E-003,-1.845367439091206E-002,5.969917867332697E-003,-1.845367439091206E-002,
1.013400000000000E+009,5.040434002876282E-001,-8.477181792259216E-001,5.040434002876282E-001,-8.477181792259216E-001,5.392727907747030E-003,-1.917800307273865E-002,5.392727907747030E-003,-1.917800307273865E-002,
1.024950000000000E+009,4.744846522808075E-001,-8.715400099754334E-001,4.744846522808075E-001,-8.715400099754334E-001,4.387024324387312E-003,-1.930283010005951E-002,4.387024324387312E-003,-1.930283010005951E-002,
1.036500000000000E+009,4.027969837188721E-001,-8.957228064537048E-001,4.027969837188721E-001,-8.957228064537048E-001,3.571053734049201E-003,-1.977000944316387E-002,3.571053734049201E-003,-1.977000944316387E-002,
1.048050000000000E+009,3.814719617366791E-001,-9.193577766418457E-001,3.814719617366791E-001,-9.193577766418457E-001,2.894521690905094E-003,-1.991516724228859E-002,2.894521690905094E-003,-1.991516724228859E-002,
1.059600000000000E+009,3.196500539779663E-001,-9.307228922843933E-001,3.196500539779663E-001,-9.307228922843933E-001,2.022617263719440E-003,-1.954515092074871E-002,2.022617263719440E-003,-1.954515092074871E-002,
1.071150000000000E+009,2.750422954559326E-001,-9.465667009353638E-001,2.750422954559326E-001,-9.465667009353638E-001,1.849326654337347E-003,-1.987254433333874E-002,1.849326654337347E-003,-1.987254433333874E-002,
1.082700000000000E+009,2.195090055465698E-001,-9.604160785675049E-001,2.195090055465698E-001,-9.604160785675049E-001,1.218417426571250E-003,-2.031352557241917E-002,1.218417426571250E-003,-2.031352557241917E-002,
1.094250000000000E+009,1.839727312326431E-001,-9.546197652816773E-001,1.839727312326431E-001,-9.546197652816773E-001,9.876347612589598E-004,-2.088925428688526E-002,9.876347612589598E-004,-2.088925428688526E-002,
1.105800000000000E+009,1.160716861486435E-001,-9.743446707725525E-001,1.160716861486435E-001,-9.743446707725525E-001,9.854143718257546E-005,-2.120989933609963E-002,9.854143718257546E-005,-2.120989933609963E-002,
1.117350000000000E+009,7.608902454376221E-002,-9.806604385375977E-001,7.608902454376221E-002,-9.806604385375977E-001,-7.615608628839254E-004,-2.224158495664597E-002,-7.615608628839254E-004,-2.224158495664597E-002,
1.128900000000000E+009,2.862540073692799E-002,-9.899556040763855E-001,2.862540073692799E-002,-9.899556040763855E-001,-2.194605767726898E-003,-2.232871763408184E-002,-2.194605767726898E-003,-2.232871763408184E-002,
1.140450000000000E+009,-3.290506824851036E-002,-9.650080800056458E-001,-3.290506824851036E-002,-9.650080800056458E-001,-3.322193864732981E-003,-2.183375507593155E-002,-3.322193864732981E-003,-2.183375507593155E-002,
1.152000000000000E+009,-7.632390409708023E-002,-9.943708777427673E-001,-7.632390409708023E-002,-9.943708777427673E-001,-4.051659721881151E-003,-2.171277813613415E-002,-4.051659721881151E-003,-2.171277813613415E-002,
1.163550000000000E+009,-1.265341639518738E-001,-9.745865464210510E-001,-1.265341639518738E-001,-9.745865464210510E-001,-4.743002820760012E-003,-2.126578800380230E-002,-4.743002820760012E-003,-2.126578800380230E-002,
1.175100000000000E+009,-1.692299842834473E-001,-9.633644223213196E-001,-1.692299842834473E-001,-9.633644223213196E-001,-4.842071328312159E-003,-2.134718187153339E-002,-4.842071328312159E-003,-2.134718187153339E-002,
1.186650000000000E+009,-2.390609383583069E-001,-9.540823101997376E-001,-2.390609383583069E-001,-9.540823101997376E-001,-5.068119149655104E-003,-2.170212194323540E-002,-5.068119149655104E-003,-2.170212194323540E-002,
1.198200000000000E+009,-2.760722637176514E-001,-9.474919438362122E-001,-2.760722637176514E-001,-9.474919438362122E-001,-5.629353225231171E-003,-2.284863032400608E-002,-5.629353225231171E-003,-2.284863032400608E-002,
1.209750000000000E+009,-3.167811632156372E-001,-9.284860491752625E-001,-3.167811632156372E-001,-9.284860491752625E-001,-6.763760466128588E-003,-2.350207976996899E-002,-6.763760466128588E-003,-2.350207976996899E-002,
1.221300000000000E+009,-3.661558032035828E-001,-9.057391881942749E-001,-3.661558032035828E-001,-9.057391881942749E-001,-8.570457808673382E-003,-2.316733449697495E-002,-8.570457808673382E-003,-2.316733449697495E-002,
1.232850000000000E+009,-4.105030894279480E-001,-8.813878893852234E-001,-4.105030894279480E-001,-8.813878893852234E-001,-9.822029620409012E-003,-2.214526198804379E-002,-9.822029620409012E-003,-2.214526198804379E-002,
1.244400000000000E+009,-4.345993697643280E-001,-8.619192838668823E-001,-4.345993697643280E-001,-8.619192838668823E-001,-1.073515973985195E-002,-2.169049158692360E-002,-1.073515973985195E-002,-2.169049158692360E-002,
1.255950000000000E+009,-4.971432387828827E-001,-8.489944338798523E-001,-4.971432387828827E-001,-8.489944338798523E-001,-1.133437920361757E-002,-2.106105908751488E-002,-1.133437920361757E-002,-2.106105908751488E-002,
1.267500000000000E+009,-5.379221439361572E-001,-8.161392807960510E-001,-5.379221439361572E-001,-8.161392807960510E-001,-1.150533463805914E-002,-2.089728601276875E-002,-1.150533463805914E-002,-2.089728601276875E-002,
1.279050000000000E+009,-5.804540514945984E-001,-7.894018292427063E-001,-5.804540514945984E-001,-7.894018292427063E-001,-1.231087371706963E-002,-2.119006402790546E-002,-1.231087371706963E-002,-2.119006402790546E-002,
1.290600000000000E+009,-6.240794658660889E-001,-7.536830902099609E-001,-6.240794658660889E-001,-7.536830902099609E-001,-1.238908525556326E-002,-2.180136553943157E-002,-1.238908525556326E-002,-2.180136553943157E-002,
1.302150000000000E+009,-6.510794758796692E-001,-7.259082198143005E-001,-6.510794758796692E-001,-7.259082198143005E-001,-1.373962033540011E-002,-2.212170884013176E-002,-1.373962033540011E-002,-2.212170884013176E-002,
1.313700000000000E+009,-6.989995241165161E-001,-6.872530579566956E-001,-6.989995241165161E-001,-6.872530579566956E-001,-1.528968289494515E-002,-2.169929072260857E-002,-1.528968289494515E-002,-2.169929072260857E-002,
1.325250000000000E+009,-7.272710800170898E-001,-6.481581926345825E-001,-7.272710800170898E-001,-6.481581926345825E-001,-1.692339591681957E-002,-2.059039846062660E-002,-1.692339591681957E-002,-2.059039846062660E-002,
1.336800000000000E+009,-7.523865103721619E-001,-6.217832565307617E-001,-7.523865103721619E-001,-6.217832565307617E-001,-1.778524555265904E-002,-1.953154988586903E-002,-1.778524555265904E-002,-1.953154988586903E-002,
1.348350000000000E+009,-7.867143750190735E-001,-5.721255540847778E-001,-7.867143750190735E-001,-5.721255540847778E-001,-1.806631684303284E-002,-1.829373836517334E-002,-1.806631684303284E-002,-1.829373836517334E-002,
1.359900000000000E+009,-8.179419040679932E-001,-5.302534699440002E-001,-8.179419040679932E-001,-5.302534699440002E-001,-1.778627000749111E-002,-1.780584827065468E-002,-1.778627000749111E-002,-1.780584827065468E-002,
1.371450000000000E+009,-8.407074213027954E-001,-4.834037125110626E-001,-8.407074213027954E-001,-4.834037125110626E-001,-1.809238642454147E-002,-1.754163391888142E-002,-1.809238642454147E-002,-1.754163391888142E-002,
1.383000000000000E+009,-8.634846210479736E-001,-4.415683150291443E-001,-8.634846210479736E-001,-4.415683150291443E-001,-1.881232485175133E-002,-1.841831207275391E-002,-1.881232485175133E-002,-1.841831207275391E-002,
1.394550000000000E+009,-8.780123591423035E-001,-4.138523936271668E-001,-8.780123591423035E-001,-4.138523936271668E-001,-1.918639615178108E-002,-1.900686323642731E-002,-1.918639615178108E-002,-1.900686323642731E-002,
1.406100000000000E+009,-9.029963016510010E-001,-3.591528832912445E-001,-9.029963016510010E-001,-3.591528832912445E-001,-2.164749428629875E-002,-1.839825697243214E-002,-2.164749428629875E-002,-1.839825697243214E-002,
1.417650000000000E+009,-9.212972521781921E-001,-3.113349378108978E-001,-9.212972521781921E-001,-3.113349378108978E-001,-2.345372177660465E-002,-1.696793176233769E-002,-2.345372177660465E-002,-1.696793176233769E-002,
1.429200000000000E+009,-9.325355291366577E-001,-2.704259753227234E-001,-9.325355291366577E-001,-2.704259753227234E-001,-2.437486313283444E-002,-1.588190719485283E-002,-2.437486313283444E-002,-1.588190719485283E-002,
1.440750000000000E+009,-9.490427970886231E-001,-2.204978018999100E-001,-9.490427970886231E-001,-2.204978018999100E-001,-2.446777001023293E-002,-1.433703862130642E-002,-2.446777001023293E-002,-1.433703862130642E-002,
1.452300000000000E+009,-9.587128162384033E-001,-1.688620299100876E-001,-9.587128162384033E-001,-1.688620299100876E-001,-2.419563010334969E-002,-1.323023717850447E-002,-2.419563010334969E-002,-1.323023717850447E-002,
1.463850000000000E+009,-9.624915719032288E-001,-1.179358288645744E-001,-9.624915719032288E-001,-1.179358288645744E-001,-2.403671480715275E-002,-1.298504788428545E-002,-2.403671480715275E-002,-1.298504788428545E-002,
1.475400000000000E+009,-9.632720351219177E-001,-7.162806391716003E-002,-9.632720351219177E-001,-7.162806391716003E-002,-2.454790100455284E-002,-1.315676607191563E-002,-2.454790100455284E-002,-1.315676607191563E-002,
1.486950000000000E+009,-9.775626063346863E-001,-1.987785845994949E-002,-9.775626063346863E-001,-1.987785845994949E-002,-2.525997720658779E-002,-1.332535967230797E-002,-2.525997720658779E-002,-1.332535967230797E-002,
1.498500000000000E+009,-9.795353412628174E-001,2.243691869080067E-002,-9.795353412628174E-001,2.243691869080067E-002,-2.709574438631535E-002,-1.295010372996330E-002,-2.709574438631535E-002,-1.295010372996330E-002,
1.510050000000000E+009,-9.726225137710571E-001,7.620336860418320E-002,-9.726225137710571E-001,7.620336860418320E-002,-2.842490933835506E-002,-1.158327888697386E-002,-2.842490933835506E-002,-1.158327888697386E-002,
1.521600000000000E+009,-9.633116722106934E-001,1.292700171470642E-001,-9.633116722106934E-001,1.292700171470642E-001,-2.916163392364979E-002,-9.721395559608936E-003,-2.916163392364979E-002,-9.721395559608936E-003,
1.533150000000000E+009,-9.562184810638428E-001,1.888958215713501E-001,-9.562184810638428E-001,1.888958215713501E-001,-2.939948812127113E-002,-7.647640071809292E-003,-2.939948812127113E-002,-7.647640071809292E-003,
1.544700000000000E+009,-9.473412036895752E-001,2.185345590114594E-001,-9.473412036895752E-001,2.185345590114594E-001,-2.893468551337719E-002,-7.182312197983265E-003,-2.893468551337719E-002,-7.182312197983265E-003,
1.556250000000000E+009,-9.314540028572083E-001,2.610163986682892E-001,-9.314540028572083E-001,2.610163986682892E-001,-2.851545251905918E-002,-6.807807367295027E-003,-2.851545251905918E-002,-6.807807367295027E-003,
1.567800000000000E+009,-9.217638969421387E-001,3.159877955913544E-001,-9.217638969421387E-001,3.159877955913544E-001,-2.919765003025532E-002,-6.598039530217648E-003,-2.919765003025532E-002,-6.598039530217648E-003,
1.579350000000000E+009,-8.981023430824280E-001,3.609723746776581E-001,-8.981023430824280E-001,3.609723746776581E-001,-2.967287041246891E-002,-6.137393880635500E-003,-2.967287041246891E-002,-6.137393880635500E-003,
1.590900000000000E+009,-8.868138790130615E-001,4.027915894985199E-001,-8.868138790130615E-001,4.027915894985199E-001,-3.158031031489372E-002,-5.734292324632406E-003,-3.158031031489372E-002,-5.734292324632406E-003,
1.602450000000000E+009,-8.650839328765869E-001,4.418058693408966E-001,-8.650839328765869E-001,4.418058693408966E-001,-3.254802152514458E-002,-4.318724852055311E-003,-3.254802152514458E-002,-4.318724852055311E-003,
1.614000000000000E+009,-8.348785638809204E-001,4.883450865745544E-001,-8.348785638809204E-001,4.883450865745544E-001,-3.299449011683464E-002,-2.227424643933773E-003,-3.299449011683464E-002,-2.227424643933773E-003,
1.625550000000000E+009,-8.198710680007935E-001,5.298396944999695E-001,-8.198710680007935E-001,5.298396944999695E-001,-3.299414366483688E-002,-5.130465142428875E-004,-3.299414366483688E-002,-5.130465142428875E-004,
1.637100000000000E+009,-7.785122394561768E-001,5.643135905265808E-001,-7.785122394561768E-001,5.643135905265808E-001,-3.214368224143982E-002,4.860819026362151E-004,-3.214368224143982E-002,4.860819026362151E-004,
1.648650000000000E+009,-7.619200348854065E-001,6.073893308639526E-001,-7.619200348854065E-001,6.073893308639526E-001,-3.188503906130791E-002,1.549216918647289E-003,-3.188503906130791E-002,1.549216918647289E-003,
1.660200000000000E+009,-7.266397476196289E-001,6.443410515785217E-001,-7.266397476196289E-001,6.443410515785217E-001,-3.180275484919548E-002,1.932719023898244E-003,-3.180275484919548E-002,1.932719023898244E-003,
1.671750000000000E+009,-6.944017410278320E-001,6.801762580871582E-001,-6.944017410278320E-001,6.801762580871582E-001,-3.209931775927544E-002,2.553783822804689E-003,-3.209931775927544E-002,2.553783822804689E-003,
1.683300000000000E+009,-6.503292918205261E-001,7.075980901718140E-001,-6.503292918205261E-001,7.075980901718140E-001,-3.296371176838875E-002,3.099213819950819E-003,-3.296371176838875E-002,3.099213819950819E-003,
1.694850000000000E+009,-6.233672499656677E-001,7.473359107971191E-001,-6.233672499656677E-001,7.473359107971191E-001,-3.400804102420807E-002,4.609560593962669E-003,-3.400804102420807E-002,4.609560593962669E-003,
1.706400000000000E+009,-5.867908596992493E-001,7.756482362747192E-001,-5.867908596992493E-001,7.756482362747192E-001,-3.430863097310066E-002,6.308543961495161E-003,-3.430863097310066E-002,6.308543961495161E-003,
1.717950000000000E+009,-5.389048457145691E-001,8.120235204696655E-001,-5.389048457145691E-001,8.120235204696655E-001,-3.415999189019203E-002,8.439498022198677E-003,-3.415999189019203E-002,8.439498022198677E-003,
1.729500000000000E+009,-5.012671947479248E-001,8.269028663635254E-001,-5.012671947479248E-001,8.269028663635254E-001,-3.333038464188576E-002,9.662094525992870E-003,-3.333038464188576E-002,9.662094525992870E-003,
1.741050000000000E+009,-4.742094576358795E-001,8.547750711441040E-001,-4.742094576358795E-001,8.547750711441040E-001,-3.245188668370247E-002,1.100051403045654E-002,-3.245188668370247E-002,1.100051403045654E-002,
1.752600000000000E+009,-4.250978529453278E-001,8.745649456977844E-001,-4.250978529453278E-001,8.745649456977844E-001,-3.211126476526260E-002,1.170765794813633E-002,-3.211126476526260E-002,1.170765794813633E-002,
1.764150000000000E+009,-3.804630935192108E-001,8.936780691146851E-001,-3.804630935192108E-001,8.936780691146851E-001,-3.173928335309029E-002,1.212930865585804E-002,-3.173928335309029E-002,1.212930865585804E-002,
1.775700000000000E+009,-3.442568480968475E-001,9.203542470932007E-001,-3.442568480968475E-001,9.203542470932007E-001,-3.220876678824425E-002,1.268814224749804E-002,-3.220876678824425E-002,1.268814224749804E-002,
1.787250000000000E+009,-2.841513752937317E-001,9.147487878799439E-001,-2.841513752937317E-001,9.147487878799439E-001,-3.250262141227722E-002,1.379034761339426E-002,-3.250262141227722E-002,1.379034761339426E-002,
1.798800000000000E+009,-2.437576651573181E-001,9.457461833953857E-001,-2.437576651573181E-001,9.457461833953857E-001,-3.289372473955154E-002,1.553463190793991E-002,-3.289372473955154E-002,1.553463190793991E-002,
1.810350000000000E+009,-1.995934993028641E-001,9.507629275321960E-001,-1.995934993028641E-001,9.507629275321960E-001,-3.270630538463593E-002,1.671938039362431E-002,-3.270630538463593E-002,1.671938039362431E-002,
1.821900000000000E+009,-1.531424969434738E-001,9.563104510307312E-001,-1.531424969434738E-001,9.563104510307312E-001,-3.213796392083168E-002,1.862976141273975E-002,-3.213796392083168E-002,1.862976141273975E-002,
1.833450000000000E+009,-1.074543744325638E-001,9.756518006324768E-001,-1.074543744325638E-001,9.756518006324768E-001,-3.131031617522240E-002,2.037234231829643E-002,-3.131031617522240E-002,2.037234231829643E-002,
1.845000000000000E+009,-6.097337231040001E-002,9.729014039039612E-001,-6.097337231040001E-002,9.729014039039612E-001,-3.047441132366657E-002,2.119376510381699E-002,-3.047441132366657E-002,2.119376510381699E-002,
1.856550000000000E+009,-9.187544696033001E-003,9.730356931686401E-001,-9.187544696033001E-003,9.730356931686401E-001,-2.947602048516274E-002,2.162583544850349E-002,-2.947602048516274E-002,2.162583544850349E-002,
1.868100000000000E+009,3.914158418774605E-002,9.721009135246277E-001,3.914158418774605E-002,9.721009135246277E-001,-2.931022271513939E-002,2.272404171526432E-002,-2.931022271513939E-002,2.272404171526432E-002,
1.879650000000000E+009,9.260621666908264E-002,9.747928380966187E-001,9.260621666908264E-002,9.747928380966187E-001,-2.888358570635319E-002,2.323164045810700E-002,-2.888358570635319E-002,2.323164045810700E-002,
1.891200000000000E+009,1.416617929935455E-001,9.589976072311401E-001,1.416617929935455E-001,9.589976072311401E-001,-2.923208475112915E-002,2.420664951205254E-002,-2.923208475112915E-002,2.420664951205254E-002,
1.902750000000000E+009,1.790789961814880E-001,9.580563306808472E-001,1.790789961814880E-001,9.580563306808472E-001,-2.892727591097355E-002,2.630808576941490E-002,-2.892727591097355E-002,2.630808576941490E-002,
1.914300000000000E+009,2.253857105970383E-001,9.475039243698120E-001,2.253857105970383E-001,9.475039243698120E-001,-2.819752134382725E-002,2.799812518060207E-002,-2.819752134382725E-002,2.799812518060207E-002,
1.925850000000000E+009,2.697543203830719E-001,9.371758103370667E-001,2.697543203830719E-001,9.371758103370667E-001,-2.705280296504498E-002,2.955296076834202E-002,-2.705280296504498E-002,2.955296076834202E-002,
1.937400000000000E+009,3.193739354610443E-001,9.160062074661255E-001,3.193739354610443E-001,9.160062074661255E-001,-2.521836757659912E-002,3.070520237088203E-002,-2.521836757659912E-002,3.070520237088203E-002,
1.948950000000000E+009,3.621924817562103E-001,9.088721275329590E-001,3.621924817562103E-001,9.088721275329590E-001,-2.371032349765301E-002,3.104328922927380E-002,-2.371032349765301E-002,3.104328922927380E-002,
1.960500000000000E+009,4.057461023330689E-001,8.872443437576294E-001,4.057461023330689E-001,8.872443437576294E-001,-2.294455282390118E-002,3.131437674164772E-002,-2.294455282390118E-002,3.131437674164772E-002,
1.972050000000000E+009,4.573401808738709E-001,8.686293959617615E-001,4.573401808738709E-001,8.686293959617615E-001,-2.263317257165909E-002,3.172268718481064E-002,-2.263317257165909E-002,3.172268718481064E-002,
1.983600000000000E+009,4.909001290798187E-001,8.431851863861084E-001,4.909001290798187E-001,8.431851863861084E-001,-2.273044176399708E-002,3.239107131958008E-002,-2.273044176399708E-002,3.239107131958008E-002,
1.995150000000000E+009,5.333551168441773E-001,8.200711011886597E-001,5.333551168441773E-001,8.200711011886597E-001,-2.251148410141468E-002,3.388838097453117E-002,-2.251148410141468E-002,3.388838097453117E-002,
2.006700000000000E+009,5.692647099494934E-001,7.946857213973999E-001,5.692647099494934E-001,7.946857213973999E-001,-2.230914682149887E-002,3.535769879817963E-002,-2.230914682149887E-002,3.535769879817963E-002,
2.018250000000000E+009,6.086376905441284E-001,7.650634050369263E-001,6.086376905441284E-001,7.650634050369263E-001,-2.100841701030731E-002,3.803120553493500E-002,-2.100841701030731E-002,3.803120553493500E-002,
2.029800000000000E+009,6.425377130508423E-001,7.331625819206238E-001,6.425377130508423E-001,7.331625819206238E-001,-1.829861290752888E-002,3.924990072846413E-002,-1.829861290752888E-002,3.924990072846413E-002,
2.041350000000000E+009,6.829946637153626E-001,7.019467353820801E-001,6.829946637153626E-001,7.019467353820801E-001,-1.625694707036018E-002,3.909362107515335E-002,-1.625694707036018E-002,3.909362107515335E-002,
2.052900000000000E+009,7.169520258903503E-001,6.672385334968567E-001,7.169520258903503E-001,6.672385334968567E-001,-1.472868956625462E-002,3.978192061185837E-002,-1.472868956625462E-002,3.978192061185837E-002,
2.064450000000000E+009,7.485660314559937E-001,6.318653225898743E-001,7.485660314559937E-001,6.318653225898743E-001,-1.358019281178713E-002,3.920631483197212E-002,-1.358019281178713E-002,3.920631483197212E-002,
2.076000000000000E+009,7.770729064941406E-001,5.979367494583130E-001,7.770729064941406E-001,5.979367494583130E-001,-1.339144352823496E-002,3.934809938073158E-002,-1.339144352823496E-002,3.934809938073158E-002,
2.087550000000000E+009,8.099058866500855E-001,5.544117689132690E-001,8.099058866500855E-001,5.544117689132690E-001,-1.322849001735449E-002,4.041087627410889E-002,-1.322849001735449E-002,4.041087627410889E-002,
2.099100000000000E+009,8.334914445877075E-001,5.132339596748352E-001,8.334914445877075E-001,5.132339596748352E-001,-1.252652611583471E-002,4.160431399941444E-002,-1.252652611583471E-002,4.160431399941444E-002,
2.110650000000000E+009,8.594857454299927E-001,4.713258147239685E-001,8.594857454299927E-001,4.713258147239685E-001,-1.089251879602671E-002,4.424336180090904E-002,-1.089251879602671E-002,4.424336180090904E-002,
2.122200000000000E+009,8.742348551750183E-001,4.336820244789124E-001,8.742348551750183E-001,4.336820244789124E-001,-8.096505887806416E-003,4.530404508113861E-002,-8.096505887806416E-003,4.530404508113861E-002,
2.133750000000000E+009,9.000235795974731E-001,3.850421905517578E-001,9.000235795974731E-001,3.850421905517578E-001,-5.881609860807657E-003,4.557338356971741E-002,-5.881609860807657E-003,4.557338356971741E-002,
2.145300000000000E+009,9.160131812095642E-001,3.443545401096344E-001,9.160131812095642E-001,3.443545401096344E-001,-3.711977740749717E-003,4.457894340157509E-002,-3.711977740749717E-003,4.457894340157509E-002,
2.156850000000000E+009,9.334886074066162E-001,2.931177020072937E-001,9.334886074066162E-001,2.931177020072937E-001,-2.858079969882965E-003,4.346189647912979E-002,-2.858079969882965E-003,4.346189647912979E-002,
2.168400000000000E+009,9.507861137390137E-001,2.450384497642517E-001,9.507861137390137E-001,2.450384497642517E-001,-2.178710186854005E-003,4.340133816003799E-002,-2.178710186854005E-003,4.340133816003799E-002,
2.179950000000000E+009,9.585579037666321E-001,1.991011798381805E-001,9.585579037666321E-001,1.991011798381805E-001,-2.272089943289757E-003,4.404558613896370E-002,-2.272089943289757E-003,4.404558613896370E-002,
2.191500000000000E+009,9.706785678863525E-001,1.602786928415299E-001,9.706785678863525E-001,1.602786928415299E-001,-2.349424175918102E-003,4.594745486974716E-002,-2.349424175918102E-003,4.594745486974716E-002,
2.203050000000000E+009,9.743555784225464E-001,1.090169250965118E-001,9.743555784225464E-001,1.090169250965118E-001,-3.589028783608228E-004,4.819697886705399E-002,-3.589028783608228E-004,4.819697886705399E-002,
2.214600000000000E+009,9.779794216156006E-001,5.551234260201454E-002,9.779794216156006E-001,5.551234260201454E-002,2.588019240647554E-003,4.966790229082108E-002,2.588019240647554E-003,4.966790229082108E-002,
2.226150000000000E+009,9.825672507286072E-001,1.858979649841785E-002,9.825672507286072E-001,1.858979649841785E-002,6.201168987900019E-003,4.949503019452095E-002,6.201168987900019E-003,4.949503019452095E-002,
2.237700000000000E+009,9.853898286819458E-001,-4.103148356080055E-002,9.853898286819458E-001,-4.103148356080055E-002,9.250530041754246E-003,4.823882132768631E-002,9.250530041754246E-003,4.823882132768631E-002,
2.249250000000000E+009,9.725131392478943E-001,-8.607449382543564E-002,9.725131392478943E-001,-8.607449382543564E-002,1.034563034772873E-002,4.600701853632927E-002,1.034563034772873E-002,4.600701853632927E-002,
2.260800000000000E+009,9.705091118812561E-001,-1.301554888486862E-001,9.705091118812561E-001,-1.301554888486862E-001,1.038808841258287E-002,4.563601687550545E-002,1.038808841258287E-002,4.563601687550545E-002,
2.272350000000000E+009,9.657675027847290E-001,-1.822586208581924E-001,9.657675027847290E-001,-1.822586208581924E-001,1.014745887368918E-002,4.574330151081085E-002,1.014745887368918E-002,4.574330151081085E-002,
2.283900000000000E+009,9.478997588157654E-001,-2.329968065023422E-001,9.478997588157654E-001,-2.329968065023422E-001,1.078766211867333E-002,4.712595045566559E-002,1.078766211867333E-002,4.712595045566559E-002,
2.295450000000000E+009,9.386439919471741E-001,-2.722128629684448E-001,9.386439919471741E-001,-2.722128629684448E-001,1.242844760417938E-002,4.908408969640732E-002,1.242844760417938E-002,4.908408969640732E-002,
2.307000000000000E+009,9.257709383964539E-001,-3.238223791122437E-001,9.257709383964539E-001,-3.238223791122437E-001,1.590796001255512E-002,5.069330334663391E-002,1.590796001255512E-002,5.069330334663391E-002,
2.318550000000000E+009,9.113577604293823E-001,-3.713759183883667E-001,9.113577604293823E-001,-3.713759183883667E-001,2.027929760515690E-002,5.013758689165115E-002,2.027929760515690E-002,5.013758689165115E-002,
2.330100000000000E+009,8.861635923385620E-001,-4.176731705665588E-001,8.861635923385620E-001,-4.176731705665588E-001,2.352716960012913E-002,4.804259166121483E-002,2.352716960012913E-002,4.804259166121483E-002,
2.341650000000000E+009,8.615426421165466E-001,-4.560299515724182E-001,8.615426421165466E-001,-4.560299515724182E-001,2.420828863978386E-002,4.530286043882370E-002,2.420828863978386E-002,4.530286043882370E-002,
2.353200000000000E+009,8.382098674774170E-001,-5.037634372711182E-001,8.382098674774170E-001,-5.037634372711182E-001,2.462810836732388E-002,4.354234039783478E-002,2.462810836732388E-002,4.354234039783478E-002,
2.364750000000000E+009,8.110327124595642E-001,-5.441271066665649E-001,8.110327124595642E-001,-5.441271066665649E-001,2.436863444745541E-002,4.345192015171051E-002,2.436863444745541E-002,4.345192015171051E-002,
2.376300000000000E+009,7.824106812477112E-001,-5.856474637985230E-001,7.824106812477112E-001,-5.856474637985230E-001,2.414600178599358E-002,4.478109255433083E-002,2.414600178599358E-002,4.478109255433083E-002,
2.387850000000000E+009,7.580622434616089E-001,-6.244918107986450E-001,7.580622434616089E-001,-6.244918107986450E-001,2.642725035548210E-002,4.646399244666100E-002,2.642725035548210E-002,4.646399244666100E-002,
2.399400000000000E+009,7.204841375350952E-001,-6.614030003547669E-001,7.204841375350952E-001,-6.614030003547669E-001,2.983924373984337E-002,4.718952253460884E-002,2.983924373984337E-002,4.718952253460884E-002,
2.410950000000000E+009,6.848813295364380E-001,-6.971515417098999E-001,6.848813295364380E-001,-6.971515417098999E-001,3.407642990350723E-002,4.630299285054207E-002,3.407642990350723E-002,4.630299285054207E-002,
2.422500000000000E+009,6.427230834960938E-001,-7.296082973480225E-001,6.427230834960938E-001,-7.296082973480225E-001,3.731208294630051E-002,4.320177063345909E-002,3.731208294630051E-002,4.320177063345909E-002,
2.434050000000000E+009,6.099067330360413E-001,-7.590314745903015E-001,6.099067330360413E-001,-7.590314745903015E-001,3.888168931007385E-002,4.006254673004150E-002,3.888168931007385E-002,4.006254673004150E-002,
2.445600000000000E+009,5.647304654121399E-001,-7.940406203269959E-001,5.647304654121399E-001,-7.940406203269959E-001,3.807586058974266E-002,3.800625354051590E-002,3.807586058974266E-002,3.800625354051590E-002,
2.457150000000000E+009,5.217371582984924E-001,-8.222058415412903E-001,5.217371582984924E-001,-8.222058415412903E-001,3.809984028339386E-002,3.777187317609787E-002,3.809984028339386E-002,3.777187317609787E-002,
2.468700000000000E+009,4.727537035942078E-001,-8.539851903915405E-001,4.727537035942078E-001,-8.539851903915405E-001,3.840167447924614E-002,3.852975741028786E-002,3.840167447924614E-002,3.852975741028786E-002,
2.480250000000000E+009,4.251320660114288E-001,-8.830589652061462E-001,4.251320660114288E-001,-8.830589652061462E-001,4.036607220768929E-002,3.992213308811188E-002,4.036607220768929E-002,3.992213308811188E-002,
2.491800000000000E+009,3.868462145328522E-001,-8.975126147270203E-001,3.868462145328522E-001,-8.975126147270203E-001,4.422403499484062E-002,4.020788148045540E-002,4.422403499484062E-002,4.020788148045540E-002,
2.503350000000000E+009,3.390961885452271E-001,-9.139242768287659E-001,3.390961885452271E-001,-9.139242768287659E-001,4.857977479696274E-002,3.837561607360840E-002,4.857977479696274E-002,3.837561607360840E-002,
2.514900000000000E+009,2.854262292385101E-001,-9.259113669395447E-001,2.854262292385101E-001,-9.259113669395447E-001,5.190437287092209E-002,3.422626852989197E-002,5.190437287092209E-002,3.422626852989197E-002,
2.526450000000000E+009,2.386206090450287E-001,-9.424280524253845E-001,2.386206090450287E-001,-9.424280524253845E-001,5.307616293430328E-002,3.009126707911491E-002,5.307616293430328E-002,3.009126707911491E-002,
2.538000000000000E+009,1.921687275171280E-001,-9.526320099830627E-001,1.921687275171280E-001,-9.526320099830627E-001,5.224721878767014E-002,2.720062434673309E-002,5.224721878767014E-002,2.720062434673309E-002,
2.549550000000000E+009,1.331714838743210E-001,-9.627284407615662E-001,1.331714838743210E-001,-9.627284407615662E-001,5.094227567315102E-002,2.616044320166111E-002,5.094227567315102E-002,2.616044320166111E-002,
2.561100000000000E+009,8.017977327108383E-002,-9.696928858757019E-001,8.017977327108383E-002,-9.696928858757019E-001,5.164402350783348E-002,2.635865658521652E-002,5.164402350783348E-002,2.635865658521652E-002,
2.572650000000000E+009,3.169248253107071E-002,-9.672520756721497E-001,3.169248253107071E-002,-9.672520756721497E-001,5.289248377084732E-002,2.675603702664375E-002,5.289248377084732E-002,2.675603702664375E-002,
2.584200000000000E+009,-2.398188412189484E-002,-9.665772914886475E-001,-2.398188412189484E-002,-9.665772914886475E-001,5.580240115523338E-002,2.717702835798264E-002,5.580240115523338E-002,2.717702835798264E-002,
2.595750000000000E+009,-7.621723413467407E-002,-9.686651825904846E-001,-7.621723413467407E-002,-9.686651825904846E-001,6.002234295010567E-002,2.512219734489918E-002,6.002234295010567E-002,2.512219734489918E-002,
2.607300000000000E+009,-1.289246529340744E-001,-9.590628147125244E-001,-1.289246529340744E-001,-9.590628147125244E-001,6.298631429672241E-002,2.097966894507408E-002,6.298631429672241E-002,2.097966894507408E-002,
2.618850000000000E+009,-1.819769442081451E-001,-9.449054002761841E-001,-1.819769442081451E-001,-9.449054002761841E-001,6.383943557739258E-002,1.593845337629318E-002,6.383943557739258E-002,1.593845337629318E-002,
2.630400000000000E+009,-2.394965291023254E-001,-9.335649013519287E-001,-2.394965291023254E-001,-9.335649013519287E-001,6.298662722110748E-002,1.262155454605818E-002,6.298662722110748E-002,1.262155454605818E-002,
2.641950000000000E+009,-2.888994216918945E-001,-9.171321988105774E-001,-2.888994216918945E-001,-9.171321988105774E-001,6.112488359212875E-002,1.135675329715014E-002,6.112488359212875E-002,1.135675329715014E-002,
2.653500000000000E+009,-3.387805521488190E-001,-9.058296680450440E-001,-3.387805521488190E-001,-9.058296680450440E-001,6.118904426693916E-002,1.103081647306681E-002,6.118904426693916E-002,1.103081647306681E-002,
2.665050000000000E+009,-3.898426294326782E-001,-8.803208470344544E-001,-3.898426294326782E-001,-8.803208470344544E-001,6.243916600942612E-002,1.106145512312651E-002,6.243916600942612E-002,1.106145512312651E-002,
2.676600000000000E+009,-4.405746161937714E-001,-8.672558665275574E-001,-4.405746161937714E-001,-8.672558665275574E-001,6.568031013011932E-002,1.005932874977589E-002,6.568031013011932E-002,1.005932874977589E-002,
2.688150000000000E+009,-4.812298715114594E-001,-8.369498848915100E-001,-4.812298715114594E-001,-8.369498848915100E-001,6.851710379123688E-002,7.684149313718081E-003,6.851710379123688E-002,7.684149313718081E-003,
2.699700000000000E+009,-5.290049910545349E-001,-8.100714087486267E-001,-5.290049910545349E-001,-8.100714087486267E-001,7.104634493589401E-002,2.976205665618181E-003,7.104634493589401E-002,2.976205665618181E-003,
2.711250000000000E+009,-5.768994092941284E-001,-7.728326916694641E-001,-5.768994092941284E-001,-7.728326916694641E-001,7.112336158752441E-002,-2.860194537788630E-003,7.112336158752441E-002,-2.860194537788630E-003,
2.722800000000000E+009,-6.143569350242615E-001,-7.407686710357666E-001,-6.143569350242615E-001,-7.407686710357666E-001,6.886354833841324E-002,-6.516382098197937E-003,6.886354833841324E-002,-6.516382098197937E-003,
2.734350000000000E+009,-6.573288440704346E-001,-6.955761909484863E-001,-6.573288440704346E-001,-6.955761909484863E-001,6.617632508277893E-002,-8.795945905148983E-003,6.617632508277893E-002,-8.795945905148983E-003,
2.745900000000000E+009,-7.022249698638916E-001,-6.590846776962280E-001,-7.022249698638916E-001,-6.590846776962280E-001,6.545179337263107E-002,-8.709235116839409E-003,6.545179337263107E-002,-8.709235116839409E-003,
2.757450000000000E+009,-7.399364113807678E-001,-6.185601949691773E-001,-7.399364113807678E-001,-6.185601949691773E-001,6.568299233913422E-002,-8.914429694414139E-003,6.568299233913422E-002,-8.914429694414139E-003,
2.769000000000000E+009,-7.728139162063599E-001,-5.757895708084106E-001,-7.728139162063599E-001,-5.757895708084106E-001,6.742017716169357E-002,-9.569510817527771E-003,6.742017716169357E-002,-9.569510817527771E-003,
2.780550000000000E+009,-8.098518848419190E-001,-5.299890637397766E-001,-8.098518848419190E-001,-5.299890637397766E-001,7.109313458204269E-002,-1.275751646608114E-002,7.109313458204269E-002,-1.275751646608114E-002,
2.792100000000000E+009,-8.321555256843567E-001,-4.833631515502930E-001,-8.321555256843567E-001,-4.833631515502930E-001,7.323740422725678E-002,-1.698222756385803E-002,7.323740422725678E-002,-1.698222756385803E-002,
2.803650000000000E+009,-8.591761589050293E-001,-4.305065274238586E-001,-8.591761589050293E-001,-4.305065274238586E-001,7.322681695222855E-002,-2.369422465562820E-002,7.322681695222855E-002,-2.369422465562820E-002,
2.815200000000000E+009,-8.831955194473267E-001,-3.804813921451569E-001,-8.831955194473267E-001,-3.804813921451569E-001,6.998869776725769E-002,-2.872667834162712E-002,6.998869776725769E-002,-2.872667834162712E-002,
2.826750000000000E+009,-8.966621756553650E-001,-3.260263502597809E-001,-8.966621756553650E-001,-3.260263502597809E-001,6.544005870819092E-002,-3.100150078535080E-002,6.544005870819092E-002,-3.100150078535080E-002,
2.838300000000000E+009,-9.245503544807434E-001,-2.655393481254578E-001,-9.245503544807434E-001,-2.655393481254578E-001,6.344334781169891E-002,-3.174405172467232E-002,6.344334781169891E-002,-3.174405172467232E-002,
2.849850000000000E+009,-9.347165226936340E-001,-2.166327983140945E-001,-9.347165226936340E-001,-2.166327983140945E-001,6.282585114240646E-002,-3.097373992204666E-002,6.282585114240646E-002,-3.097373992204666E-002,
2.861400000000000E+009,-9.474510550498962E-001,-1.621185243129730E-001,-9.474510550498962E-001,-1.621185243129730E-001,6.350500881671906E-002,-3.130782768130302E-002,6.350500881671906E-002,-3.130782768130302E-002,
2.872950000000000E+009,-9.543566703796387E-001,-1.017441898584366E-001,-9.543566703796387E-001,-1.017441898584366E-001,6.636507064104080E-002,-3.412215784192085E-002,6.636507064104080E-002,-3.412215784192085E-002,
2.884500000000000E+009,-9.587031006813049E-001,-4.824436455965042E-002,-9.587031006813049E-001,-4.824436455965042E-002,6.792296469211578E-002,-3.821297362446785E-002,6.792296469211578E-002,-3.821297362446785E-002,
2.896050000000000E+009,-9.599551558494568E-001,1.095268409699202E-002,-9.599551558494568E-001,1.095268409699202E-002,6.761217862367630E-002,-4.482714459300041E-002,6.761217862367630E-002,-4.482714459300041E-002,
2.907600000000000E+009,-9.552521705627441E-001,6.750042736530304E-002,-9.552521705627441E-001,6.750042736530304E-002,6.343791633844376E-002,-5.021612346172333E-002,6.343791633844376E-002,-5.021612346172333E-002,
2.919150000000000E+009,-9.488288164138794E-001,1.284446269273758E-001,-9.488288164138794E-001,1.284446269273758E-001,5.822727829217911E-002,-5.295433849096298E-002,5.822727829217911E-002,-5.295433849096298E-002,
2.930700000000000E+009,-9.380636215209961E-001,1.834397763013840E-001,-9.380636215209961E-001,1.834397763013840E-001,5.437582358717918E-002,-5.238716304302216E-002,5.437582358717918E-002,-5.238716304302216E-002,
2.942250000000000E+009,-9.237477183341980E-001,2.399476766586304E-001,-9.237477183341980E-001,2.399476766586304E-001,5.286905169487000E-002,-5.251872539520264E-002,5.286905169487000E-002,-5.251872539520264E-002,
2.953800000000000E+009,-9.094321131706238E-001,2.977484464645386E-001,-9.094321131706238E-001,2.977484464645386E-001,5.261977016925812E-002,-5.244419351220131E-002,5.261977016925812E-002,-5.244419351220131E-002,
2.965350000000000E+009,-8.914006948471069E-001,3.493974804878235E-001,-8.914006948471069E-001,3.493974804878235E-001,5.427075549960136E-002,-5.329607799649239E-002,5.427075549960136E-002,-5.329607799649239E-002,
2.976900000000000E+009,-8.655860424041748E-001,4.104292392730713E-001,-8.655860424041748E-001,4.104292392730713E-001,5.519441515207291E-002,-5.858552828431130E-002,5.519441515207291E-002,-5.858552828431130E-002,
2.988450000000000E+009,-8.386358022689819E-001,4.541940987110138E-001,-8.386358022689819E-001,4.541940987110138E-001,5.455353483557701E-002,-6.451743841171265E-002,5.455353483557701E-002,-6.451743841171265E-002,
3.000000000000000E+009,-8.071374297142029E-001,5.105245113372803E-001,-8.071374297142029E-001,5.105245113372803E-001,4.845626279711723E-002,-7.041309028863907E-002,4.845626279711723E-002,-7.041309028863907E-002,
