% Version 1.00
%
%freq[Hz],re:Trc1_S11,im:Trc1_S11,re:Trc2_S11,im:Trc2_S11,re:Trc3_S21,im:Trc3_S21,re:Trc4_S21,im:Trc4_S21,
6.900000000000000E+008,9.456393122673035E-001,3.060725331306458E-001,9.456393122673035E-001,3.060725331306458E-001,1.155825518071652E-002,-4.364231601357460E-003,1.155825518071652E-002,-4.364231601357460E-003,
7.015500000000000E+008,9.513903260231018E-001,2.618238329887390E-001,9.513903260231018E-001,2.618238329887390E-001,1.174422912299633E-002,-4.926142748445272E-003,1.174422912299633E-002,-4.926142748445272E-003,
7.131000000000000E+008,9.638358950614929E-001,2.252938896417618E-001,9.638358950614929E-001,2.252938896417618E-001,1.195092685520649E-002,-5.554170347750187E-003,1.195092685520649E-002,-5.554170347750187E-003,
7.246500000000000E+008,9.734165072441101E-001,1.668901294469833E-001,9.734165072441101E-001,1.668901294469833E-001,1.184953190386295E-002,-6.565165705978870E-003,1.184953190386295E-002,-6.565165705978870E-003,
7.362000000000000E+008,9.935625195503235E-001,1.234599724411964E-001,9.935625195503235E-001,1.234599724411964E-001,1.190438866615295E-002,-7.190305273979902E-003,1.190438866615295E-002,-7.190305273979902E-003,
7.477500000000000E+008,9.906522631645203E-001,5.032683163881302E-002,9.906522631645203E-001,5.032683163881302E-002,1.086094975471497E-002,-7.564618717879057E-003,1.086094975471497E-002,-7.564618717879057E-003,
7.593000000000000E+008,9.910793900489807E-001,2.483990415930748E-002,9.910793900489807E-001,2.483990415930748E-002,1.108622271567583E-002,-7.724799215793610E-003,1.108622271567583E-002,-7.724799215793610E-003,
7.708500000000000E+008,9.913219809532166E-001,-3.124756552278996E-002,9.913219809532166E-001,-3.124756552278996E-002,1.126242615282536E-002,-7.897092029452324E-003,1.126242615282536E-002,-7.897092029452324E-003,
7.824000000000000E+008,9.771420955657959E-001,-7.801358401775360E-002,9.771420955657959E-001,-7.801358401775360E-002,1.116262935101986E-002,-8.855937048792839E-003,1.116262935101986E-002,-8.855937048792839E-003,
7.939500000000000E+008,9.855513572692871E-001,-1.247312575578690E-001,9.855513572692871E-001,-1.247312575578690E-001,1.127172354608774E-002,-8.887399919331074E-003,1.127172354608774E-002,-8.887399919331074E-003,
8.055000000000000E+008,9.642311334609985E-001,-1.839208602905273E-001,9.642311334609985E-001,-1.839208602905273E-001,1.088796835392714E-002,-9.648670442402363E-003,1.088796835392714E-002,-9.648670442402363E-003,
8.170500000000000E+008,9.633217453956604E-001,-2.331185042858124E-001,9.633217453956604E-001,-2.331185042858124E-001,1.131758745759726E-002,-1.064130011945963E-002,1.131758745759726E-002,-1.064130011945963E-002,
8.286000000000000E+008,9.484234452247620E-001,-2.826446592807770E-001,9.484234452247620E-001,-2.826446592807770E-001,1.064988598227501E-002,-1.141578704118729E-002,1.064988598227501E-002,-1.141578704118729E-002,
8.401500000000000E+008,9.212604761123657E-001,-3.371984958648682E-001,9.212604761123657E-001,-3.371984958648682E-001,9.989175014197826E-003,-1.158343162387610E-002,9.989175014197826E-003,-1.158343162387610E-002,
8.517000000000000E+008,9.117796421051025E-001,-3.691107928752899E-001,9.117796421051025E-001,-3.691107928752899E-001,9.933155030012131E-003,-1.179767865687609E-002,9.933155030012131E-003,-1.179767865687609E-002,
8.632500000000000E+008,8.944877982139587E-001,-4.225379824638367E-001,8.944877982139587E-001,-4.225379824638367E-001,9.902253746986389E-003,-1.221911795437336E-002,9.902253746986389E-003,-1.221911795437336E-002,
8.748000000000000E+008,8.764933943748474E-001,-4.734194278717041E-001,8.764933943748474E-001,-4.734194278717041E-001,9.107504040002823E-003,-1.251150481402874E-002,9.107504040002823E-003,-1.251150481402874E-002,
8.863500000000000E+008,8.291010260581970E-001,-5.226806402206421E-001,8.291010260581970E-001,-5.226806402206421E-001,8.764558471739292E-003,-1.279740314930677E-002,8.764558471739292E-003,-1.279740314930677E-002,
8.979000000000000E+008,8.137398958206177E-001,-5.611315965652466E-001,8.137398958206177E-001,-5.611315965652466E-001,9.207992814481258E-003,-1.409982889890671E-002,9.207992814481258E-003,-1.409982889890671E-002,
9.094500000000000E+008,7.856196165084839E-001,-6.051985621452332E-001,7.856196165084839E-001,-6.051985621452332E-001,8.634448982775211E-003,-1.471007522195578E-002,8.634448982775211E-003,-1.471007522195578E-002,
9.210000000000000E+008,7.529229521751404E-001,-6.366204619407654E-001,7.529229521751404E-001,-6.366204619407654E-001,8.271703496575356E-003,-1.531293615698814E-002,8.271703496575356E-003,-1.531293615698814E-002,
9.325500000000000E+008,7.169608473777771E-001,-6.903638839721680E-001,7.169608473777771E-001,-6.903638839721680E-001,7.398310583084822E-003,-1.609904877841473E-002,7.398310583084822E-003,-1.609904877841473E-002,
9.441000000000000E+008,6.894121766090393E-001,-7.196909189224243E-001,6.894121766090393E-001,-7.196909189224243E-001,6.582532078027725E-003,-1.624714769423008E-002,6.582532078027725E-003,-1.624714769423008E-002,
9.556500000000000E+008,6.473364233970642E-001,-7.591446638107300E-001,6.473364233970642E-001,-7.591446638107300E-001,6.518845912069082E-003,-1.702467910945416E-002,6.518845912069082E-003,-1.702467910945416E-002,
9.672000000000000E+008,6.014276146888733E-001,-7.865006327629089E-001,6.014276146888733E-001,-7.865006327629089E-001,5.975360050797463E-003,-1.687996834516525E-002,5.975360050797463E-003,-1.687996834516525E-002,
9.787500000000000E+008,5.623843073844910E-001,-8.063367009162903E-001,5.623843073844910E-001,-8.063367009162903E-001,5.767661146819592E-003,-1.674999669194222E-002,5.767661146819592E-003,-1.674999669194222E-002,
9.903000000000000E+008,5.125966072082520E-001,-8.391671776771545E-001,5.125966072082520E-001,-8.391671776771545E-001,5.412149708718061E-003,-1.762318983674049E-002,5.412149708718061E-003,-1.762318983674049E-002,
1.001850000000000E+009,4.609845280647278E-001,-8.611221909523010E-001,4.609845280647278E-001,-8.611221909523010E-001,5.234078038483858E-003,-1.843666844069958E-002,5.234078038483858E-003,-1.843666844069958E-002,
1.013400000000000E+009,4.186656475067139E-001,-8.898689746856690E-001,4.186656475067139E-001,-8.898689746856690E-001,4.625348374247551E-003,-1.896897703409195E-002,4.625348374247551E-003,-1.896897703409195E-002,
1.024950000000000E+009,3.894614577293396E-001,-9.144670963287354E-001,3.894614577293396E-001,-9.144670963287354E-001,3.284824080765247E-003,-1.938340626657009E-002,3.284824080765247E-003,-1.938340626657009E-002,
1.036500000000000E+009,3.102380335330963E-001,-9.286907911300659E-001,3.102380335330963E-001,-9.286907911300659E-001,2.570381620898843E-003,-1.982299610972405E-002,2.570381620898843E-003,-1.982299610972405E-002,
1.048050000000000E+009,2.854808270931244E-001,-9.533902406692505E-001,2.854808270931244E-001,-9.533902406692505E-001,1.858492847532034E-003,-1.979413628578186E-002,1.858492847532034E-003,-1.979413628578186E-002,
1.059600000000000E+009,2.226423174142838E-001,-9.586566090583801E-001,2.226423174142838E-001,-9.586566090583801E-001,1.259385491721332E-003,-1.909049414098263E-002,1.259385491721332E-003,-1.909049414098263E-002,
1.071150000000000E+009,1.727272719144821E-001,-9.700540900230408E-001,1.727272719144821E-001,-9.700540900230408E-001,8.948771283030510E-004,-1.948415115475655E-002,8.948771283030510E-004,-1.948415115475655E-002,
1.082700000000000E+009,1.171009019017220E-001,-9.773594141006470E-001,1.171009019017220E-001,-9.773594141006470E-001,5.094907828606665E-004,-1.976810395717621E-002,5.094907828606665E-004,-1.976810395717621E-002,
1.094250000000000E+009,8.009859174489975E-002,-9.680166840553284E-001,8.009859174489975E-002,-9.680166840553284E-001,-4.245762465870939E-005,-2.048471570014954E-002,-4.245762465870939E-005,-2.048471570014954E-002,
1.105800000000000E+009,8.878359571099281E-003,-9.804869890213013E-001,8.878359571099281E-003,-9.804869890213013E-001,-1.153404940851033E-003,-2.108321338891983E-002,-1.153404940851033E-003,-2.108321338891983E-002,
1.117350000000000E+009,-3.386660292744637E-002,-9.812992811203003E-001,-3.386660292744637E-002,-9.812992811203003E-001,-1.756732468493283E-003,-2.186986990272999E-002,-1.756732468493283E-003,-2.186986990272999E-002,
1.128900000000000E+009,-8.021558821201325E-002,-9.869226217269898E-001,-8.021558821201325E-002,-9.869226217269898E-001,-3.094947664067149E-003,-2.202554233372212E-002,-3.094947664067149E-003,-2.202554233372212E-002,
1.140450000000000E+009,-1.410510241985321E-001,-9.542112350463867E-001,-1.410510241985321E-001,-9.542112350463867E-001,-4.281809553503990E-003,-2.115718089044094E-002,-4.281809553503990E-003,-2.115718089044094E-002,
1.152000000000000E+009,-1.894874870777130E-001,-9.769433140754700E-001,-1.894874870777130E-001,-9.769433140754700E-001,-4.957611206918955E-003,-2.124734222888947E-002,-4.957611206918955E-003,-2.124734222888947E-002,
1.163550000000000E+009,-2.391332834959030E-001,-9.491938352584839E-001,-2.391332834959030E-001,-9.491938352584839E-001,-5.950873252004385E-003,-2.036260068416596E-002,-5.950873252004385E-003,-2.036260068416596E-002,
1.175100000000000E+009,-2.815243899822235E-001,-9.373258948326111E-001,-2.815243899822235E-001,-9.373258948326111E-001,-5.616554990410805E-003,-2.041916362941265E-002,-5.616554990410805E-003,-2.041916362941265E-002,
1.186650000000000E+009,-3.503086268901825E-001,-9.171531796455383E-001,-3.503086268901825E-001,-9.171531796455383E-001,-6.072358228266239E-003,-2.091224119067192E-002,-6.072358228266239E-003,-2.091224119067192E-002,
1.198200000000000E+009,-3.883100152015686E-001,-9.041862487792969E-001,-3.883100152015686E-001,-9.041862487792969E-001,-6.784207653254271E-003,-2.188897877931595E-002,-6.784207653254271E-003,-2.188897877931595E-002,
1.209750000000000E+009,-4.283721446990967E-001,-8.797773122787476E-001,-4.283721446990967E-001,-8.797773122787476E-001,-7.827716879546642E-003,-2.248385176062584E-002,-7.827716879546642E-003,-2.248385176062584E-002,
1.221300000000000E+009,-4.752772450447083E-001,-8.508158922195435E-001,-4.752772450447083E-001,-8.508158922195435E-001,-9.823979809880257E-003,-2.188674360513687E-002,-9.823979809880257E-003,-2.188674360513687E-002,
1.232850000000000E+009,-5.167175531387329E-001,-8.223348259925842E-001,-5.167175531387329E-001,-8.223348259925842E-001,-1.076793950051069E-002,-2.110435999929905E-002,-1.076793950051069E-002,-2.110435999929905E-002,
1.244400000000000E+009,-5.413669943809509E-001,-8.004132509231567E-001,-5.413669943809509E-001,-8.004132509231567E-001,-1.159421727061272E-002,-2.072307094931603E-002,-1.159421727061272E-002,-2.072307094931603E-002,
1.255950000000000E+009,-6.006821393966675E-001,-7.763612866401672E-001,-6.006821393966675E-001,-7.763612866401672E-001,-1.215005666017532E-002,-1.975057832896709E-002,-1.215005666017532E-002,-1.975057832896709E-002,
1.267500000000000E+009,-6.368151903152466E-001,-7.366396188735962E-001,-6.368151903152466E-001,-7.366396188735962E-001,-1.231455523520708E-002,-1.933008804917336E-002,-1.231455523520708E-002,-1.933008804917336E-002,
1.279050000000000E+009,-6.777374148368835E-001,-7.063692808151245E-001,-6.777374148368835E-001,-7.063692808151245E-001,-1.306658517569304E-002,-1.967084780335426E-002,-1.306658517569304E-002,-1.967084780335426E-002,
1.290600000000000E+009,-7.169318795204163E-001,-6.626259684562683E-001,-7.169318795204163E-001,-6.626259684562683E-001,-1.337112765759230E-002,-2.043082192540169E-002,-1.337112765759230E-002,-2.043082192540169E-002,
1.302150000000000E+009,-7.419934272766113E-001,-6.334113478660584E-001,-7.419934272766113E-001,-6.334113478660584E-001,-1.459640637040138E-002,-2.072801440954208E-002,-1.459640637040138E-002,-2.072801440954208E-002,
1.313700000000000E+009,-7.817822694778442E-001,-5.906056165695190E-001,-7.817822694778442E-001,-5.906056165695190E-001,-1.629627123475075E-002,-2.036147937178612E-002,-1.629627123475075E-002,-2.036147937178612E-002,
1.325250000000000E+009,-8.062792420387268E-001,-5.454034209251404E-001,-8.062792420387268E-001,-5.454034209251404E-001,-1.767461933195591E-002,-1.911897212266922E-002,-1.767461933195591E-002,-1.911897212266922E-002,
1.336800000000000E+009,-8.295764327049255E-001,-5.133466720581055E-001,-8.295764327049255E-001,-5.133466720581055E-001,-1.836423203349114E-002,-1.781455986201763E-002,-1.836423203349114E-002,-1.781455986201763E-002,
1.348350000000000E+009,-8.562957048416138E-001,-4.620656371116638E-001,-8.562957048416138E-001,-4.620656371116638E-001,-1.858284324407578E-002,-1.681452430784702E-002,-1.858284324407578E-002,-1.681452430784702E-002,
1.359900000000000E+009,-8.806961774826050E-001,-4.122325181961060E-001,-8.806961774826050E-001,-4.122325181961060E-001,-1.812424883246422E-002,-1.629173010587692E-002,-1.812424883246422E-002,-1.629173010587692E-002,
1.371450000000000E+009,-8.977022171020508E-001,-3.621924817562103E-001,-8.977022171020508E-001,-3.621924817562103E-001,-1.857351697981358E-002,-1.572017371654511E-002,-1.857351697981358E-002,-1.572017371654511E-002,
1.383000000000000E+009,-9.173107743263245E-001,-3.173479735851288E-001,-9.173107743263245E-001,-3.173479735851288E-001,-1.929256506264210E-002,-1.648806780576706E-002,-1.929256506264210E-002,-1.648806780576706E-002,
1.394550000000000E+009,-9.276415705680847E-001,-2.881503999233246E-001,-9.276415705680847E-001,-2.881503999233246E-001,-1.980512961745262E-002,-1.731652580201626E-002,-1.980512961745262E-002,-1.731652580201626E-002,
1.406100000000000E+009,-9.425660967826843E-001,-2.283854931592941E-001,-9.425660967826843E-001,-2.283854931592941E-001,-2.196513861417770E-002,-1.624053157866001E-002,-2.196513861417770E-002,-1.624053157866001E-002,
1.417650000000000E+009,-9.542452692985535E-001,-1.774244904518127E-001,-9.542452692985535E-001,-1.774244904518127E-001,-2.355786599218845E-002,-1.498292200267315E-002,-2.355786599218845E-002,-1.498292200267315E-002,
1.429200000000000E+009,-9.604286551475525E-001,-1.352062225341797E-001,-9.604286551475525E-001,-1.352062225341797E-001,-2.451247908174992E-002,-1.359723601490259E-002,-2.451247908174992E-002,-1.359723601490259E-002,
1.440750000000000E+009,-9.696704745292664E-001,-8.038601279258728E-002,-9.696704745292664E-001,-8.038601279258728E-002,-2.437546290457249E-002,-1.200473122298718E-002,-2.437546290457249E-002,-1.200473122298718E-002,
1.452300000000000E+009,-9.734552502632141E-001,-2.766509167850018E-002,-9.734552502632141E-001,-2.766509167850018E-002,-2.429237030446529E-002,-1.123137772083283E-002,-2.429237030446529E-002,-1.123137772083283E-002,
1.463850000000000E+009,-9.681935310363770E-001,2.173087187111378E-002,-9.681935310363770E-001,2.173087187111378E-002,-2.402376383543015E-002,-1.097807381302118E-002,-2.402376383543015E-002,-1.097807381302118E-002,
1.475400000000000E+009,-9.619669318199158E-001,6.764138489961624E-002,-9.619669318199158E-001,6.764138489961624E-002,-2.461562305688858E-002,-1.088636927306652E-002,-2.461562305688858E-002,-1.088636927306652E-002,
1.486950000000000E+009,-9.702078104019165E-001,1.202724203467369E-001,-9.702078104019165E-001,1.202724203467369E-001,-2.518161199986935E-002,-1.108729559928179E-002,-2.518161199986935E-002,-1.108729559928179E-002,
1.498500000000000E+009,-9.647309780120850E-001,1.655735671520233E-001,-9.647309780120850E-001,1.655735671520233E-001,-2.665027976036072E-002,-1.047244388610125E-002,-2.665027976036072E-002,-1.047244388610125E-002,
1.510050000000000E+009,-9.492290019989014E-001,2.172923386096954E-001,-9.492290019989014E-001,2.172923386096954E-001,-2.796598523855209E-002,-9.389663115143776E-003,-2.796598523855209E-002,-9.389663115143776E-003,
1.521600000000000E+009,-9.333677291870117E-001,2.675859332084656E-001,-9.333677291870117E-001,2.675859332084656E-001,-2.845372632145882E-002,-7.452428340911865E-003,-2.845372632145882E-002,-7.452428340911865E-003,
1.533150000000000E+009,-9.143774509429932E-001,3.233763277530670E-001,-9.143774509429932E-001,3.233763277530670E-001,-2.836262807250023E-002,-5.421327427029610E-003,-2.836262807250023E-002,-5.421327427029610E-003,
1.544700000000000E+009,-9.027409553527832E-001,3.535591959953308E-001,-9.027409553527832E-001,3.535591959953308E-001,-2.802679501473904E-002,-4.845066461712122E-003,-2.802679501473904E-002,-4.845066461712122E-003,
1.556250000000000E+009,-8.833038806915283E-001,3.945899903774262E-001,-8.833038806915283E-001,3.945899903774262E-001,-2.768301777541637E-002,-4.440821241587400E-003,-2.768301777541637E-002,-4.440821241587400E-003,
1.567800000000000E+009,-8.646488189697266E-001,4.473138153553009E-001,-8.646488189697266E-001,4.473138153553009E-001,-2.783105149865151E-002,-4.486421588808298E-003,-2.783105149865151E-002,-4.486421588808298E-003,
1.579350000000000E+009,-8.322382569313049E-001,4.875217676162720E-001,-8.322382569313049E-001,4.875217676162720E-001,-2.864385396242142E-002,-3.939354326575995E-003,-2.864385396242142E-002,-3.939354326575995E-003,
1.590900000000000E+009,-8.197013139724731E-001,5.288896560668945E-001,-8.197013139724731E-001,5.288896560668945E-001,-3.035771474242210E-002,-3.473053220659494E-003,-3.035771474242210E-002,-3.473053220659494E-003,
1.602450000000000E+009,-7.904297113418579E-001,5.627532005310059E-001,-7.904297113418579E-001,5.627532005310059E-001,-3.099262155592442E-002,-1.942406524904072E-003,-3.099262155592442E-002,-1.942406524904072E-003,
1.614000000000000E+009,-7.546766400337219E-001,6.047484278678894E-001,-7.546766400337219E-001,6.047484278678894E-001,-3.136425092816353E-002,6.842859875177965E-005,-3.136425092816353E-002,6.842859875177965E-005,
1.625550000000000E+009,-7.362552285194397E-001,6.464846730232239E-001,-7.362552285194397E-001,6.464846730232239E-001,-3.126937523484230E-002,1.631118706427515E-003,-3.126937523484230E-002,1.631118706427515E-003,
1.637100000000000E+009,-6.886488795280457E-001,6.696879267692566E-001,-6.886488795280457E-001,6.696879267692566E-001,-3.009217604994774E-002,2.478096401318908E-003,-3.009217604994774E-002,2.478096401318908E-003,
1.648650000000000E+009,-6.648197770118713E-001,7.127289772033691E-001,-6.648197770118713E-001,7.127289772033691E-001,-3.008305840194225E-002,3.360755508765578E-003,-3.008305840194225E-002,3.360755508765578E-003,
1.660200000000000E+009,-6.255365014076233E-001,7.421799302101135E-001,-6.255365014076233E-001,7.421799302101135E-001,-2.983151003718376E-002,3.927539568394423E-003,-2.983151003718376E-002,3.927539568394423E-003,
1.671750000000000E+009,-5.871972441673279E-001,7.741285562515259E-001,-5.871972441673279E-001,7.741285562515259E-001,-3.005663864314556E-002,4.449518397450447E-003,-3.005663864314556E-002,4.449518397450447E-003,
1.683300000000000E+009,-5.435526967048645E-001,7.946158647537231E-001,-5.435526967048645E-001,7.946158647537231E-001,-3.077749162912369E-002,4.914751742035151E-003,-3.077749162912369E-002,4.914751742035151E-003,
1.694850000000000E+009,-5.092126131057739E-001,8.282514810562134E-001,-5.092126131057739E-001,8.282514810562134E-001,-3.171592205762863E-002,6.336110178381205E-003,-3.171592205762863E-002,6.336110178381205E-003,
1.706400000000000E+009,-4.692167341709137E-001,8.514692783355713E-001,-4.692167341709137E-001,8.514692783355713E-001,-3.165015205740929E-002,8.058276027441025E-003,-3.165015205740929E-002,8.058276027441025E-003,
1.717950000000000E+009,-4.187386035919190E-001,8.785637617111206E-001,-4.187386035919190E-001,8.785637617111206E-001,-3.132009878754616E-002,1.015872415155172E-002,-3.132009878754616E-002,1.015872415155172E-002,
1.729500000000000E+009,-3.782678842544556E-001,8.896674513816834E-001,-3.782678842544556E-001,8.896674513816834E-001,-3.062804415822029E-002,1.098823174834251E-002,-3.062804415822029E-002,1.098823174834251E-002,
1.741050000000000E+009,-3.502227663993835E-001,9.119182229042053E-001,-3.502227663993835E-001,9.119182229042053E-001,-2.965955622494221E-002,1.212360337376595E-002,-2.965955622494221E-002,1.212360337376595E-002,
1.752600000000000E+009,-2.986382842063904E-001,9.259977340698242E-001,-2.986382842063904E-001,9.259977340698242E-001,-2.932306006550789E-002,1.278815045952797E-002,-2.932306006550789E-002,1.278815045952797E-002,
1.764150000000000E+009,-2.542811036109924E-001,9.391857385635376E-001,-2.542811036109924E-001,9.391857385635376E-001,-2.900122106075287E-002,1.331712305545807E-002,-2.900122106075287E-002,1.331712305545807E-002,
1.775700000000000E+009,-2.138649970293045E-001,9.604672193527222E-001,-2.138649970293045E-001,9.604672193527222E-001,-2.915021404623985E-002,1.379060838371515E-002,-2.915021404623985E-002,1.379060838371515E-002,
1.787250000000000E+009,-1.560607552528381E-001,9.465993046760559E-001,-1.560607552528381E-001,9.465993046760559E-001,-2.962036803364754E-002,1.473232917487621E-002,-2.962036803364754E-002,1.473232917487621E-002,
1.798800000000000E+009,-1.125139147043228E-001,9.702390432357788E-001,-1.125139147043228E-001,9.702390432357788E-001,-2.980288490653038E-002,1.630544662475586E-002,-2.980288490653038E-002,1.630544662475586E-002,
1.810350000000000E+009,-7.145269960165024E-002,9.695491790771484E-001,-7.145269960165024E-002,9.695491790771484E-001,-2.968453243374825E-002,1.761431992053986E-002,-2.968453243374825E-002,1.761431992053986E-002,
1.821900000000000E+009,-2.529006265103817E-002,9.678638577461243E-001,-2.529006265103817E-002,9.678638577461243E-001,-2.888004854321480E-002,1.922030374407768E-002,-2.888004854321480E-002,1.922030374407768E-002,
1.833450000000000E+009,2.328109927475452E-002,9.792516827583313E-001,2.328109927475452E-002,9.792516827583313E-001,-2.804707922041416E-002,2.074081636965275E-002,-2.804707922041416E-002,2.074081636965275E-002,
1.845000000000000E+009,6.770254671573639E-002,9.729375839233398E-001,6.770254671573639E-002,9.729375839233398E-001,-2.698843553662300E-002,2.153290435671806E-002,-2.698843553662300E-002,2.153290435671806E-002,
1.856550000000000E+009,1.152799502015114E-001,9.679259061813355E-001,1.152799502015114E-001,9.679259061813355E-001,-2.618120238184929E-002,2.169404178857803E-002,-2.618120238184929E-002,2.169404178857803E-002,
1.868100000000000E+009,1.620961278676987E-001,9.595878124237061E-001,1.620961278676987E-001,9.595878124237061E-001,-2.576160617172718E-002,2.265376970171928E-002,-2.576160617172718E-002,2.265376970171928E-002,
1.879650000000000E+009,2.182151228189468E-001,9.551603794097900E-001,2.182151228189468E-001,9.551603794097900E-001,-2.541561424732208E-002,2.289853431284428E-002,-2.541561424732208E-002,2.289853431284428E-002,
1.891200000000000E+009,2.610203325748444E-001,9.345298409461975E-001,2.610203325748444E-001,9.345298409461975E-001,-2.573290653526783E-002,2.389748394489288E-002,-2.573290653526783E-002,2.389748394489288E-002,
1.902750000000000E+009,2.959393560886383E-001,9.283223748207092E-001,2.959393560886383E-001,9.283223748207092E-001,-2.534195408225060E-002,2.579352818429470E-002,-2.534195408225060E-002,2.579352818429470E-002,
1.914300000000000E+009,3.410787880420685E-001,9.117894768714905E-001,3.410787880420685E-001,9.117894768714905E-001,-2.464397437870503E-002,2.727460674941540E-002,-2.464397437870503E-002,2.727460674941540E-002,
1.925850000000000E+009,3.816231489181519E-001,8.993308544158936E-001,3.816231489181519E-001,8.993308544158936E-001,-2.350083366036415E-002,2.867433615028858E-002,-2.350083366036415E-002,2.867433615028858E-002,
1.937400000000000E+009,4.267386496067047E-001,8.719201683998108E-001,4.267386496067047E-001,8.719201683998108E-001,-2.176443114876747E-002,2.958057820796967E-002,-2.176443114876747E-002,2.958057820796967E-002,
1.948950000000000E+009,4.679313898086548E-001,8.606080412864685E-001,4.679313898086548E-001,8.606080412864685E-001,-2.055864036083221E-002,2.985184267163277E-002,-2.055864036083221E-002,2.985184267163277E-002,
1.960500000000000E+009,5.062441825866699E-001,8.333931565284729E-001,5.062441825866699E-001,8.333931565284729E-001,-1.956907100975514E-002,3.013686835765839E-002,-1.956907100975514E-002,3.013686835765839E-002,
1.972050000000000E+009,5.533980727195740E-001,8.112594485282898E-001,5.533980727195740E-001,8.112594485282898E-001,-1.943199709057808E-002,3.033306449651718E-002,-1.943199709057808E-002,3.033306449651718E-002,
1.983600000000000E+009,5.830509066581726E-001,7.841950058937073E-001,5.830509066581726E-001,7.841950058937073E-001,-1.929419673979282E-002,3.094148077070713E-002,-1.929419673979282E-002,3.094148077070713E-002,
1.995150000000000E+009,6.221848130226135E-001,7.578688859939575E-001,6.221848130226135E-001,7.578688859939575E-001,-1.920287683606148E-002,3.207614272832871E-002,-1.920287683606148E-002,3.207614272832871E-002,
2.006700000000000E+009,6.513903141021729E-001,7.300990819931030E-001,6.513903141021729E-001,7.300990819931030E-001,-1.900447532534599E-002,3.354178741574287E-002,-1.900447532534599E-002,3.354178741574287E-002,
2.018250000000000E+009,6.865405440330505E-001,6.969481706619263E-001,6.865405440330505E-001,6.969481706619263E-001,-1.757937856018543E-002,3.586718067526817E-002,-1.757937856018543E-002,3.586718067526817E-002,
2.029800000000000E+009,7.156996726989746E-001,6.627883911132813E-001,7.156996726989746E-001,6.627883911132813E-001,-1.510668359696865E-002,3.673607483506203E-002,-1.510668359696865E-002,3.673607483506203E-002,
2.041350000000000E+009,7.518474459648132E-001,6.298736929893494E-001,7.518474459648132E-001,6.298736929893494E-001,-1.323049049824476E-002,3.647118434309959E-002,-1.323049049824476E-002,3.647118434309959E-002,
2.052900000000000E+009,7.823553085327148E-001,5.943281054496765E-001,7.823553085327148E-001,5.943281054496765E-001,-1.200610306113958E-002,3.707426413893700E-002,-1.200610306113958E-002,3.707426413893700E-002,
2.064450000000000E+009,8.065603971481323E-001,5.572519302368164E-001,8.065603971481323E-001,5.572519302368164E-001,-1.102458033710718E-002,3.634097054600716E-002,-1.102458033710718E-002,3.634097054600716E-002,
2.076000000000000E+009,8.313576579093933E-001,5.224317908287048E-001,8.313576579093933E-001,5.224317908287048E-001,-1.086489018052816E-002,3.656744211912155E-002,-1.086489018052816E-002,3.656744211912155E-002,
2.087550000000000E+009,8.596642613410950E-001,4.783140420913696E-001,8.596642613410950E-001,4.783140420913696E-001,-1.061175670474768E-002,3.750996664166451E-002,-1.061175670474768E-002,3.750996664166451E-002,
2.099100000000000E+009,8.779261112213135E-001,4.367890655994415E-001,8.779261112213135E-001,4.367890655994415E-001,-9.963471442461014E-003,3.877200558781624E-002,-9.963471442461014E-003,3.877200558781624E-002,
2.110650000000000E+009,8.993383049964905E-001,3.942405581474304E-001,8.993383049964905E-001,3.942405581474304E-001,-8.456839248538017E-003,4.083447903394699E-002,-8.456839248538017E-003,4.083447903394699E-002,
2.122200000000000E+009,9.089360833168030E-001,3.575613498687744E-001,9.089360833168030E-001,3.575613498687744E-001,-6.055114790797234E-003,4.183645173907280E-002,-6.055114790797234E-003,4.183645173907280E-002,
2.133750000000000E+009,9.304233789443970E-001,3.104058802127838E-001,9.304233789443970E-001,3.104058802127838E-001,-4.035339225083590E-003,4.175866395235062E-002,-4.035339225083590E-003,4.175866395235062E-002,
2.145300000000000E+009,9.410686492919922E-001,2.689989805221558E-001,9.410686492919922E-001,2.689989805221558E-001,-2.032887889072299E-003,4.077326878905296E-002,-2.032887889072299E-003,4.077326878905296E-002,
2.156850000000000E+009,9.552400708198547E-001,2.190055400133133E-001,9.552400708198547E-001,2.190055400133133E-001,-1.308861887082458E-003,3.980659693479538E-002,-1.308861887082458E-003,3.980659693479538E-002,
2.168400000000000E+009,9.678993225097656E-001,1.714387089014053E-001,9.678993225097656E-001,1.714387089014053E-001,-6.031894590705633E-004,3.988115489482880E-002,-6.031894590705633E-004,3.988115489482880E-002,
2.179950000000000E+009,9.721552133560181E-001,1.287405043840408E-001,9.721552133560181E-001,1.287405043840408E-001,-7.108150166459382E-004,4.038549214601517E-002,-7.108150166459382E-004,4.038549214601517E-002,
2.191500000000000E+009,9.798713326454163E-001,9.122061729431152E-002,9.798713326454163E-001,9.122061729431152E-002,-9.236690239049494E-004,4.177098721265793E-002,-9.236690239049494E-004,4.177098721265793E-002,
2.203050000000000E+009,9.802477955818176E-001,4.265858232975006E-002,9.802477955818176E-001,4.265858232975006E-002,1.083055743947625E-003,4.392742738127708E-002,1.083055743947625E-003,4.392742738127708E-002,
2.214600000000000E+009,9.803400635719299E-001,-7.816508412361145E-003,9.803400635719299E-001,-7.816508412361145E-003,3.662549424916506E-003,4.534921795129776E-002,3.662549424916506E-003,4.534921795129776E-002,
2.226150000000000E+009,9.833042621612549E-001,-4.339792951941490E-002,9.833042621612549E-001,-4.339792951941490E-002,6.758626550436020E-003,4.531776905059815E-002,6.758626550436020E-003,4.531776905059815E-002,
2.237700000000000E+009,9.807046651840210E-001,-1.014758571982384E-001,9.807046651840210E-001,-1.014758571982384E-001,9.609360247850418E-003,4.395557194948196E-002,9.609360247850418E-003,4.395557194948196E-002,
2.249250000000000E+009,9.670576453208923E-001,-1.425550729036331E-001,9.670576453208923E-001,-1.425550729036331E-001,1.051412802189589E-002,4.179761558771133E-002,1.051412802189589E-002,4.179761558771133E-002,
2.260800000000000E+009,9.630241394042969E-001,-1.828914284706116E-001,9.630241394042969E-001,-1.828914284706116E-001,1.028076186776161E-002,4.173433408141136E-002,1.028076186776161E-002,4.173433408141136E-002,
2.272350000000000E+009,9.561172127723694E-001,-2.322315573692322E-001,9.561172127723694E-001,-2.322315573692322E-001,9.996387176215649E-003,4.189555346965790E-002,9.996387176215649E-003,4.189555346965790E-002,
2.283900000000000E+009,9.344218373298645E-001,-2.779580950737000E-001,9.344218373298645E-001,-2.779580950737000E-001,1.046786736696959E-002,4.277304932475090E-002,1.046786736696959E-002,4.277304932475090E-002,
2.295450000000000E+009,9.281146526336670E-001,-3.160934448242188E-001,9.281146526336670E-001,-3.160934448242188E-001,1.223453599959612E-002,4.491560161113739E-002,1.223453599959612E-002,4.491560161113739E-002,
2.307000000000000E+009,9.125563502311707E-001,-3.630629181861877E-001,9.125563502311707E-001,-3.630629181861877E-001,1.543880347162485E-002,4.629924893379211E-002,1.543880347162485E-002,4.629924893379211E-002,
2.318550000000000E+009,8.976141810417175E-001,-4.072338640689850E-001,8.976141810417175E-001,-4.072338640689850E-001,1.912452839314938E-002,4.563838243484497E-002,1.912452839314938E-002,4.563838243484497E-002,
2.330100000000000E+009,8.719013333320618E-001,-4.488545656204224E-001,8.719013333320618E-001,-4.488545656204224E-001,2.188020199537277E-002,4.387621954083443E-002,2.188020199537277E-002,4.387621954083443E-002,
2.341650000000000E+009,8.449493646621704E-001,-4.860615134239197E-001,8.449493646621704E-001,-4.860615134239197E-001,2.258183248341084E-002,4.127964377403259E-002,2.258183248341084E-002,4.127964377403259E-002,
2.353200000000000E+009,8.232058286666870E-001,-5.295824408531189E-001,8.232058286666870E-001,-5.295824408531189E-001,2.285320870578289E-002,3.982984647154808E-002,2.285320870578289E-002,3.982984647154808E-002,
2.364750000000000E+009,7.976852655410767E-001,-5.669155120849609E-001,7.976852655410767E-001,-5.669155120849609E-001,2.250569872558117E-002,3.976241871714592E-002,2.250569872558117E-002,3.976241871714592E-002,
2.376300000000000E+009,7.699192166328430E-001,-6.030381917953491E-001,7.699192166328430E-001,-6.030381917953491E-001,2.213185839354992E-002,4.123391956090927E-002,2.213185839354992E-002,4.123391956090927E-002,
2.387850000000000E+009,7.467136979103088E-001,-6.407852172851563E-001,7.467136979103088E-001,-6.407852172851563E-001,2.443410828709602E-002,4.255704581737518E-002,2.443410828709602E-002,4.255704581737518E-002,
2.399400000000000E+009,7.102718353271484E-001,-6.750093102455139E-001,7.102718353271484E-001,-6.750093102455139E-001,2.767330035567284E-002,4.344287142157555E-002,2.767330035567284E-002,4.344287142157555E-002,
2.410950000000000E+009,6.759229898452759E-001,-7.086403965950012E-001,6.759229898452759E-001,-7.086403965950012E-001,3.135346621274948E-002,4.260738193988800E-002,3.135346621274948E-002,4.260738193988800E-002,
2.422500000000000E+009,6.331118345260620E-001,-7.393451333045960E-001,6.331118345260620E-001,-7.393451333045960E-001,3.463590145111084E-002,3.982009738683701E-002,3.463590145111084E-002,3.982009738683701E-002,
2.434050000000000E+009,6.028613448143005E-001,-7.660526633262634E-001,6.028613448143005E-001,-7.660526633262634E-001,3.572018444538117E-002,3.685974329710007E-002,3.572018444538117E-002,3.685974329710007E-002,
2.445600000000000E+009,5.608611106872559E-001,-7.994087934494019E-001,5.608611106872559E-001,-7.994087934494019E-001,3.494254499673843E-002,3.530405834317207E-002,3.494254499673843E-002,3.530405834317207E-002,
2.457150000000000E+009,5.196201801300049E-001,-8.254646658897400E-001,5.196201801300049E-001,-8.254646658897400E-001,3.500045090913773E-002,3.517171740531921E-002,3.500045090913773E-002,3.517171740531921E-002,
2.468700000000000E+009,4.726949036121368E-001,-8.547955155372620E-001,4.726949036121368E-001,-8.547955155372620E-001,3.509997576475143E-002,3.581204637885094E-002,3.509997576475143E-002,3.581204637885094E-002,
2.480250000000000E+009,4.271051585674286E-001,-8.846068382263184E-001,4.271051585674286E-001,-8.846068382263184E-001,3.718261793255806E-002,3.728770464658737E-002,3.718261793255806E-002,3.728770464658737E-002,
2.491800000000000E+009,3.926611542701721E-001,-8.964914679527283E-001,3.926611542701721E-001,-8.964914679527283E-001,4.075431451201439E-002,3.768885508179665E-002,4.075431451201439E-002,3.768885508179665E-002,
2.503350000000000E+009,3.482156991958618E-001,-9.125467538833618E-001,3.482156991958618E-001,-9.125467538833618E-001,4.467215389013290E-002,3.596107289195061E-002,4.467215389013290E-002,3.596107289195061E-002,
2.514900000000000E+009,2.971863448619843E-001,-9.259138703346252E-001,2.971863448619843E-001,-9.259138703346252E-001,4.777520895004273E-002,3.243989497423172E-002,4.777520895004273E-002,3.243989497423172E-002,
2.526450000000000E+009,2.535869181156158E-001,-9.407169818878174E-001,2.535869181156158E-001,-9.407169818878174E-001,4.926807060837746E-002,2.867216058075428E-002,4.926807060837746E-002,2.867216058075428E-002,
2.538000000000000E+009,2.074973732233048E-001,-9.503849148750305E-001,2.074973732233048E-001,-9.503849148750305E-001,4.836639016866684E-002,2.590178139507771E-002,4.836639016866684E-002,2.590178139507771E-002,
2.549550000000000E+009,1.524005532264710E-001,-9.624060392379761E-001,1.524005532264710E-001,-9.624060392379761E-001,4.733048006892204E-002,2.507238462567329E-002,4.733048006892204E-002,2.507238462567329E-002,
2.561100000000000E+009,1.019762530922890E-001,-9.706581830978394E-001,1.019762530922890E-001,-9.706581830978394E-001,4.783055186271668E-002,2.537386119365692E-002,4.783055186271668E-002,2.537386119365692E-002,
2.572650000000000E+009,5.723273381590843E-002,-9.697837829589844E-001,5.723273381590843E-002,-9.697837829589844E-001,4.933869093656540E-002,2.605692297220230E-002,4.933869093656540E-002,2.605692297220230E-002,
2.584200000000000E+009,2.772769890725613E-003,-9.697210192680359E-001,2.772769890725613E-003,-9.697210192680359E-001,5.186887830495834E-002,2.658339403569698E-002,5.186887830495834E-002,2.658339403569698E-002,
2.595750000000000E+009,-4.788833484053612E-002,-9.724375605583191E-001,-4.788833484053612E-002,-9.724375605583191E-001,5.601591616868973E-002,2.483360469341278E-002,5.601591616868973E-002,2.483360469341278E-002,
2.607300000000000E+009,-9.821388125419617E-002,-9.652251005172730E-001,-9.821388125419617E-002,-9.652251005172730E-001,5.894251912832260E-002,2.134563960134983E-002,5.894251912832260E-002,2.134563960134983E-002,
2.618850000000000E+009,-1.491789966821671E-001,-9.538089632987976E-001,-1.491789966821671E-001,-9.538089632987976E-001,5.986417457461357E-002,1.642496697604656E-002,5.986417457461357E-002,1.642496697604656E-002,
2.630400000000000E+009,-2.060585469007492E-001,-9.433428049087524E-001,-2.060585469007492E-001,-9.433428049087524E-001,5.919101834297180E-002,1.343869324773550E-002,5.919101834297180E-002,1.343869324773550E-002,
2.641950000000000E+009,-2.545815706253052E-001,-9.302949309349060E-001,-2.545815706253052E-001,-9.302949309349060E-001,5.771518871188164E-002,1.216264721006155E-002,5.771518871188164E-002,1.216264721006155E-002,
2.653500000000000E+009,-3.020339012145996E-001,-9.220165014266968E-001,-3.020339012145996E-001,-9.220165014266968E-001,5.793942511081696E-002,1.180472411215305E-002,5.793942511081696E-002,1.180472411215305E-002,
2.665050000000000E+009,-3.540452122688294E-001,-8.996279835700989E-001,-3.540452122688294E-001,-8.996279835700989E-001,5.944164469838142E-002,1.219331007450819E-002,5.944164469838142E-002,1.219331007450819E-002,
2.676600000000000E+009,-4.022746086120606E-001,-8.875672221183777E-001,-4.022746086120606E-001,-8.875672221183777E-001,6.240354478359222E-002,1.147538423538208E-002,6.240354478359222E-002,1.147538423538208E-002,
2.688150000000000E+009,-4.432903528213501E-001,-8.602150082588196E-001,-4.432903528213501E-001,-8.602150082588196E-001,6.541029363870621E-002,9.176414459943771E-003,6.541029363870621E-002,9.176414459943771E-003,
2.699700000000000E+009,-4.910056293010712E-001,-8.360072374343872E-001,-4.910056293010712E-001,-8.360072374343872E-001,6.830907613039017E-002,4.932697396725416E-003,6.830907613039017E-002,4.932697396725416E-003,
2.711250000000000E+009,-5.402790904045105E-001,-7.997251749038696E-001,-5.402790904045105E-001,-7.997251749038696E-001,6.868464499711990E-002,-7.170371827669442E-004,6.868464499711990E-002,-7.170371827669442E-004,
2.722800000000000E+009,-5.789487957954407E-001,-7.712823152542114E-001,-5.789487957954407E-001,-7.712823152542114E-001,6.651692837476730E-002,-4.198594018816948E-003,6.651692837476730E-002,-4.198594018816948E-003,
2.734350000000000E+009,-6.242084503173828E-001,-7.275359630584717E-001,-6.242084503173828E-001,-7.275359630584717E-001,6.420351564884186E-002,-6.844360381364822E-003,6.420351564884186E-002,-6.844360381364822E-003,
2.745900000000000E+009,-6.691125035285950E-001,-6.962002515792847E-001,-6.691125035285950E-001,-6.962002515792847E-001,6.383102387189865E-002,-6.413244176656008E-003,6.383102387189865E-002,-6.413244176656008E-003,
2.757450000000000E+009,-7.075959444046021E-001,-6.567901968955994E-001,-7.075959444046021E-001,-6.567901968955994E-001,6.414467841386795E-002,-6.545852404087782E-003,6.414467841386795E-002,-6.545852404087782E-003,
2.769000000000000E+009,-7.440389394760132E-001,-6.148605346679688E-001,-7.440389394760132E-001,-6.148605346679688E-001,6.592980027198792E-002,-7.586264517158270E-003,6.592980027198792E-002,-7.586264517158270E-003,
2.780550000000000E+009,-7.825990319252014E-001,-5.720342397689819E-001,-7.825990319252014E-001,-5.720342397689819E-001,6.994290649890900E-002,-1.028055511415005E-002,6.994290649890900E-002,-1.028055511415005E-002,
2.792100000000000E+009,-8.063489198684692E-001,-5.250963568687439E-001,-8.063489198684692E-001,-5.250963568687439E-001,7.233343273401260E-002,-1.440731156617403E-002,7.233343273401260E-002,-1.440731156617403E-002,
2.803650000000000E+009,-8.362786769866943E-001,-4.738741517066956E-001,-8.362786769866943E-001,-4.738741517066956E-001,7.264325022697449E-002,-2.123174816370010E-002,7.264325022697449E-002,-2.123174816370010E-002,
2.815200000000000E+009,-8.633209466934204E-001,-4.235739111900330E-001,-8.633209466934204E-001,-4.235739111900330E-001,6.986023485660553E-002,-2.652858011424542E-002,6.986023485660553E-002,-2.652858011424542E-002,
2.826750000000000E+009,-8.799529671669006E-001,-3.707298338413239E-001,-8.799529671669006E-001,-3.707298338413239E-001,6.564564257860184E-002,-2.875140309333801E-002,6.564564257860184E-002,-2.875140309333801E-002,
2.838300000000000E+009,-9.122443795204163E-001,-3.117873966693878E-001,-9.122443795204163E-001,-3.117873966693878E-001,6.353353708982468E-002,-2.964328788220882E-002,6.353353708982468E-002,-2.964328788220882E-002,
2.849850000000000E+009,-9.254544377326965E-001,-2.597803771495819E-001,-9.254544377326965E-001,-2.597803771495819E-001,6.297318637371063E-002,-2.926816418766975E-002,6.297318637371063E-002,-2.926816418766975E-002,
2.861400000000000E+009,-9.392808079719544E-001,-2.053423523902893E-001,-9.392808079719544E-001,-2.053423523902893E-001,6.413666903972626E-002,-2.978495508432388E-002,6.413666903972626E-002,-2.978495508432388E-002,
2.872950000000000E+009,-9.496465921401978E-001,-1.435139626264572E-001,-9.496465921401978E-001,-1.435139626264572E-001,6.731767207384110E-002,-3.239604085683823E-002,6.731767207384110E-002,-3.239604085683823E-002,
2.884500000000000E+009,-9.539539813995361E-001,-8.798255026340485E-002,-9.539539813995361E-001,-8.798255026340485E-002,6.878247857093811E-002,-3.668602928519249E-002,6.878247857093811E-002,-3.668602928519249E-002,
2.896050000000000E+009,-9.573467969894409E-001,-2.718353457748890E-002,-9.573467969894409E-001,-2.718353457748890E-002,6.923869252204895E-002,-4.315050318837166E-002,6.923869252204895E-002,-4.315050318837166E-002,
2.907600000000000E+009,-9.560454487800598E-001,3.213827311992645E-002,-9.560454487800598E-001,3.213827311992645E-002,6.544316560029984E-002,-4.944224655628204E-002,6.544316560029984E-002,-4.944224655628204E-002,
2.919150000000000E+009,-9.510602355003357E-001,9.701057523488998E-002,-9.510602355003357E-001,9.701057523488998E-002,6.039688736200333E-002,-5.265069007873535E-002,6.039688736200333E-002,-5.265069007873535E-002,
2.930700000000000E+009,-9.429502487182617E-001,1.549507230520248E-001,-9.429502487182617E-001,1.549507230520248E-001,5.604800209403038E-002,-5.252729728817940E-002,5.604800209403038E-002,-5.252729728817940E-002,
2.942250000000000E+009,-9.306606650352478E-001,2.131176888942719E-001,-9.306606650352478E-001,2.131176888942719E-001,5.472150444984436E-002,-5.264179036021233E-002,5.472150444984436E-002,-5.264179036021233E-002,
2.953800000000000E+009,-9.151694178581238E-001,2.773055434226990E-001,-9.151694178581238E-001,2.773055434226990E-001,5.473418533802033E-002,-5.276250094175339E-002,5.473418533802033E-002,-5.276250094175339E-002,
2.965350000000000E+009,-8.964219689369202E-001,3.327493369579315E-001,-8.964219689369202E-001,3.327493369579315E-001,5.619475990533829E-002,-5.403121560811997E-002,5.619475990533829E-002,-5.403121560811997E-002,
2.976900000000000E+009,-8.687068223953247E-001,3.978939354419708E-001,-8.687068223953247E-001,3.978939354419708E-001,5.725621059536934E-002,-5.964336544275284E-002,5.725621059536934E-002,-5.964336544275284E-002,
2.988450000000000E+009,-8.413980007171631E-001,4.441733360290527E-001,-8.413980007171631E-001,4.441733360290527E-001,5.657802894711494E-002,-6.611128151416779E-002,5.657802894711494E-002,-6.611128151416779E-002,
3.000000000000000E+009,-8.061404824256897E-001,5.057385563850403E-001,-8.061404824256897E-001,5.057385563850403E-001,5.060548707842827E-002,-7.215123623609543E-002,5.060548707842827E-002,-7.215123623609543E-002,
