% Version 1.00
%
%freq[Hz],re:Trc1_S11,im:Trc1_S11,re:Trc2_S21,im:Trc2_S21,re:Trc3_S11,im:Trc3_S11,re:Trc4_S21,im:Trc4_S21,
6.900000000000000E+008,-5.508489906787872E-002,5.314793065190315E-002,-5.147014260292053E-001,-8.423973321914673E-001,-5.508489906787872E-002,5.314793065190315E-002,-5.147014260292053E-001,-8.423973321914673E-001,
6.983666666666666E+008,-4.697457328438759E-002,5.262331292033196E-002,-5.345812439918518E-001,-8.174437880516052E-001,-4.697457328438759E-002,5.262331292033196E-002,-5.345812439918518E-001,-8.174437880516052E-001,
7.067333333333334E+008,-4.094558209180832E-002,4.921010136604309E-002,-5.267043709754944E-001,-8.013084530830383E-001,-4.094558209180832E-002,4.921010136604309E-002,-5.267043709754944E-001,-8.013084530830383E-001,
7.151000000000000E+008,-3.744521737098694E-002,4.330943524837494E-002,-5.681741237640381E-001,-7.886669039726257E-001,-3.744521737098694E-002,4.330943524837494E-002,-5.681741237640381E-001,-7.886669039726257E-001,
7.234666666666666E+008,-4.126190766692162E-002,3.829389065504074E-002,-5.845892429351807E-001,-7.673850655555725E-001,-4.126190766692162E-002,3.829389065504074E-002,-5.845892429351807E-001,-7.673850655555725E-001,
7.318333333333334E+008,-4.742418229579926E-002,3.532783314585686E-002,-6.123015880584717E-001,-7.720598578453064E-001,-4.742418229579926E-002,3.532783314585686E-002,-6.123015880584717E-001,-7.720598578453064E-001,
7.402000000000000E+008,-5.510338023304939E-002,3.886137530207634E-002,-6.406069993972778E-001,-7.470677495002747E-001,-5.510338023304939E-002,3.886137530207634E-002,-6.406069993972778E-001,-7.470677495002747E-001,
7.485666666666666E+008,-5.993494018912315E-002,4.494942352175713E-002,-6.485169529914856E-001,-7.305104136466980E-001,-5.993494018912315E-002,4.494942352175713E-002,-6.485169529914856E-001,-7.305104136466980E-001,
7.569333333333334E+008,-6.202328577637672E-002,5.472707748413086E-002,-6.675907373428345E-001,-7.205314040184021E-001,-6.202328577637672E-002,5.472707748413086E-002,-6.675907373428345E-001,-7.205314040184021E-001,
7.653000000000000E+008,-5.655831098556519E-002,6.293611973524094E-002,-6.925754547119141E-001,-6.979265213012695E-001,-5.655831098556519E-002,6.293611973524094E-002,-6.925754547119141E-001,-6.979265213012695E-001,
7.736666666666666E+008,-5.156779661774635E-002,7.259483635425568E-002,-7.090651392936707E-001,-6.715413331985474E-001,-5.156779661774635E-002,7.259483635425568E-002,-7.090651392936707E-001,-6.715413331985474E-001,
7.820333333333334E+008,-4.156023263931274E-002,7.435930520296097E-002,-7.245306968688965E-001,-6.721789240837097E-001,-4.156023263931274E-002,7.435930520296097E-002,-7.245306968688965E-001,-6.721789240837097E-001,
7.904000000000000E+008,-3.377021104097366E-002,7.151259481906891E-002,-7.447351217269898E-001,-6.515550613403320E-001,-3.377021104097366E-002,7.151259481906891E-002,-7.447351217269898E-001,-6.515550613403320E-001,
7.987666666666666E+008,-2.715817652642727E-002,6.801789999008179E-002,-7.550651431083679E-001,-6.225923895835877E-001,-2.715817652642727E-002,6.801789999008179E-002,-7.550651431083679E-001,-6.225923895835877E-001,
8.071333333333334E+008,-2.456333674490452E-002,6.251402944326401E-002,-7.788551449775696E-001,-6.124538183212280E-001,-2.456333674490452E-002,6.251402944326401E-002,-7.788551449775696E-001,-6.124538183212280E-001,
8.155000000000000E+008,-2.819759584963322E-002,5.800202488899231E-002,-7.853009700775147E-001,-5.886208415031433E-001,-2.819759584963322E-002,5.800202488899231E-002,-7.853009700775147E-001,-5.886208415031433E-001,
8.238666666666666E+008,-3.289357572793961E-002,5.543595552444458E-002,-8.009992837905884E-001,-5.720186233520508E-001,-3.289357572793961E-002,5.543595552444458E-002,-8.009992837905884E-001,-5.720186233520508E-001,
8.322333333333334E+008,-3.826099634170532E-002,5.734512582421303E-002,-8.085923194885254E-001,-5.420599579811096E-001,-3.826099634170532E-002,5.734512582421303E-002,-8.085923194885254E-001,-5.420599579811096E-001,
8.406000000000000E+008,-4.169108718633652E-002,6.123721599578857E-002,-8.367742896080017E-001,-5.156145691871643E-001,-4.169108718633652E-002,6.123721599578857E-002,-8.367742896080017E-001,-5.156145691871643E-001,
8.489666666666668E+008,-4.270122945308685E-002,7.125821709632874E-002,-8.399491310119629E-001,-5.052698850631714E-001,-4.270122945308685E-002,7.125821709632874E-002,-8.399491310119629E-001,-5.052698850631714E-001,
8.573333333333334E+008,-4.100473225116730E-002,8.081138879060745E-002,-8.507276773452759E-001,-4.594244658946991E-001,-4.100473225116730E-002,8.081138879060745E-002,-8.507276773452759E-001,-4.594244658946991E-001,
8.657000000000000E+008,-3.525770828127861E-002,8.706840872764587E-002,-8.645039796829224E-001,-4.478152692317963E-001,-3.525770828127861E-002,8.706840872764587E-002,-8.645039796829224E-001,-4.478152692317963E-001,
8.740666666666668E+008,-2.609476260840893E-002,9.050261229276657E-002,-8.729923963546753E-001,-4.363224804401398E-001,-2.609476260840893E-002,9.050261229276657E-002,-8.729923963546753E-001,-4.363224804401398E-001,
8.824333333333334E+008,-1.621162332594395E-002,9.157785028219223E-002,-8.787392377853394E-001,-4.122999906539917E-001,-1.621162332594395E-002,9.157785028219223E-002,-8.787392377853394E-001,-4.122999906539917E-001,
8.908000000000000E+008,-7.912759669125080E-003,8.807234466075897E-002,-8.958401679992676E-001,-3.973087370395660E-001,-7.912759669125080E-003,8.807234466075897E-002,-8.958401679992676E-001,-3.973087370395660E-001,
8.991666666666668E+008,-1.452882308512926E-003,8.149235695600510E-002,-8.946216106414795E-001,-3.643361330032349E-001,-1.452882308512926E-003,8.149235695600510E-002,-8.946216106414795E-001,-3.643361330032349E-001,
9.075333333333334E+008,-3.027551108971238E-003,7.662263512611389E-002,-9.180167317390442E-001,-3.484596908092499E-001,-3.027551108971238E-003,7.662263512611389E-002,-9.180167317390442E-001,-3.484596908092499E-001,
9.159000000000000E+008,-6.451999302953482E-003,7.146213203668594E-002,-9.212715029716492E-001,-3.211012184619904E-001,-6.451999302953482E-003,7.146213203668594E-002,-9.212715029716492E-001,-3.211012184619904E-001,
9.242666666666668E+008,-1.116383168846369E-002,7.160311192274094E-002,-9.279801845550537E-001,-3.059318661689758E-001,-1.116383168846369E-002,7.160311192274094E-002,-9.279801845550537E-001,-3.059318661689758E-001,
9.326333333333334E+008,-1.690243743360043E-002,7.360784709453583E-002,-9.415083527565002E-001,-2.756388783454895E-001,-1.690243743360043E-002,7.360784709453583E-002,-9.415083527565002E-001,-2.756388783454895E-001,
9.410000000000000E+008,-1.878032460808754E-002,7.981546223163605E-002,-9.454789757728577E-001,-2.503244280815125E-001,-1.878032460808754E-002,7.981546223163605E-002,-9.454789757728577E-001,-2.503244280815125E-001,
9.493666666666668E+008,-1.818150281906128E-002,8.822812139987946E-002,-9.476471543312073E-001,-2.212703824043274E-001,-1.818150281906128E-002,8.822812139987946E-002,-9.476471543312073E-001,-2.212703824043274E-001,
9.577333333333334E+008,-1.291920058429241E-002,9.416097402572632E-002,-9.543929696083069E-001,-1.865615099668503E-001,-1.291920058429241E-002,9.416097402572632E-002,-9.543929696083069E-001,-1.865615099668503E-001,
9.661000000000000E+008,-3.441232023760676E-003,1.020988151431084E-001,-9.567815661430359E-001,-1.651516109704971E-001,-3.441232023760676E-003,1.020988151431084E-001,-9.567815661430359E-001,-1.651516109704971E-001,
9.744666666666668E+008,4.766248632222414E-003,1.051093861460686E-001,-9.654158949851990E-001,-1.529412716627121E-001,4.766248632222414E-003,1.051093861460686E-001,-9.654158949851990E-001,-1.529412716627121E-001,
9.828333333333334E+008,1.759203150868416E-002,1.024838238954544E-001,-9.680017828941345E-001,-1.195562332868576E-001,1.759203150868416E-002,1.024838238954544E-001,-9.680017828941345E-001,-1.195562332868576E-001,
9.912000000000000E+008,2.712410315871239E-002,9.749978035688400E-002,-9.637606739997864E-001,-1.119832172989845E-001,2.712410315871239E-002,9.749978035688400E-002,-9.637606739997864E-001,-1.119832172989845E-001,
9.995666666666668E+008,3.032874502241612E-002,8.857424557209015E-002,-9.913280606269836E-001,-7.493308186531067E-002,3.032874502241612E-002,8.857424557209015E-002,-9.913280606269836E-001,-7.493308186531067E-002,
1.007933333333333E+009,3.069766610860825E-002,8.014790713787079E-002,-9.731455445289612E-001,-6.020872667431831E-002,3.069766610860825E-002,8.014790713787079E-002,-9.731455445289612E-001,-6.020872667431831E-002,
1.016300000000000E+009,2.916661649942398E-002,7.320873439311981E-002,-9.748943448066711E-001,-3.175191208720207E-002,2.916661649942398E-002,7.320873439311981E-002,-9.748943448066711E-001,-3.175191208720207E-002,
1.024666666666667E+009,2.236050739884377E-002,7.294271886348724E-002,-9.759213328361511E-001,3.330934094265103E-003,2.236050739884377E-002,7.294271886348724E-002,-9.759213328361511E-001,3.330934094265103E-003,
1.033033333333333E+009,1.658175513148308E-002,7.609219104051590E-002,-9.838294982910156E-001,2.610030351206660E-003,1.658175513148308E-002,7.609219104051590E-002,-9.838294982910156E-001,2.610030351206660E-003,
1.041400000000000E+009,1.125522609800100E-002,8.140395581722260E-002,-9.639387726783752E-001,5.764890462160111E-002,1.125522609800100E-002,8.140395581722260E-002,-9.639387726783752E-001,5.764890462160111E-002,
1.049766666666667E+009,1.437170710414648E-002,9.003274142742157E-002,-9.712662100791931E-001,7.757045328617096E-002,1.437170710414648E-002,9.003274142742157E-002,-9.712662100791931E-001,7.757045328617096E-002,
1.058133333333333E+009,2.214725129306316E-002,9.607928246259689E-002,-9.554278254508972E-001,1.056209132075310E-001,2.214725129306316E-002,9.607928246259689E-002,-9.554278254508972E-001,1.056209132075310E-001,
1.066500000000000E+009,3.186699002981186E-002,9.941832721233368E-002,-9.544556736946106E-001,1.145545020699501E-001,3.186699002981186E-002,9.941832721233368E-002,-9.544556736946106E-001,1.145545020699501E-001,
1.074866666666667E+009,4.690531268715859E-002,9.995675086975098E-002,-9.463068246841431E-001,1.686733365058899E-001,4.690531268715859E-002,9.995675086975098E-002,-9.463068246841431E-001,1.686733365058899E-001,
1.083233333333334E+009,5.701375380158424E-002,9.073410183191299E-002,-9.545025825500488E-001,1.748634725809097E-001,5.701375380158424E-002,9.073410183191299E-002,-9.545025825500488E-001,1.748634725809097E-001,
1.091600000000000E+009,6.295282393693924E-002,7.998152822256088E-002,-9.469678997993469E-001,1.956681162118912E-001,6.295282393693924E-002,7.998152822256088E-002,-9.469678997993469E-001,1.956681162118912E-001,
1.099966666666667E+009,6.197537854313850E-002,6.934212148189545E-002,-9.554795622825623E-001,2.110279351472855E-001,6.197537854313850E-002,6.934212148189545E-002,-9.554795622825623E-001,2.110279351472855E-001,
1.108333333333334E+009,5.770245939493179E-002,5.621116608381271E-002,-9.462586641311646E-001,2.289941757917404E-001,5.770245939493179E-002,5.621116608381271E-002,-9.462586641311646E-001,2.289941757917404E-001,
1.116700000000000E+009,4.466449469327927E-002,5.536674335598946E-002,-9.445846080780029E-001,2.781548798084259E-001,4.466449469327927E-002,5.536674335598946E-002,-9.445846080780029E-001,2.781548798084259E-001,
1.125066666666667E+009,3.527127578854561E-002,5.877996981143951E-002,-9.291125535964966E-001,2.993510663509369E-001,3.527127578854561E-002,5.877996981143951E-002,-9.291125535964966E-001,2.993510663509369E-001,
1.133433333333334E+009,2.938256599009037E-002,6.922444701194763E-002,-9.309727549552918E-001,3.182357251644135E-001,2.938256599009037E-002,6.922444701194763E-002,-9.309727549552918E-001,3.182357251644135E-001,
1.141800000000000E+009,2.991848625242710E-002,8.404260128736496E-002,-8.913627862930298E-001,3.400593698024750E-001,2.991848625242710E-002,8.404260128736496E-002,-8.913627862930298E-001,3.400593698024750E-001,
1.150166666666667E+009,3.962565213441849E-002,9.487918019294739E-002,-8.980723619461060E-001,3.616246879100800E-001,3.962565213441849E-002,9.487918019294739E-002,-8.980723619461060E-001,3.616246879100800E-001,
1.158533333333334E+009,5.855077877640724E-002,1.028476506471634E-001,-8.903009891510010E-001,3.841745555400848E-001,5.855077877640724E-002,1.028476506471634E-001,-8.903009891510010E-001,3.841745555400848E-001,
1.166900000000000E+009,7.420338690280914E-002,9.892179071903229E-002,-8.713625669479370E-001,4.123322367668152E-001,7.420338690280914E-002,9.892179071903229E-002,-8.713625669479370E-001,4.123322367668152E-001,
1.175266666666667E+009,9.072495996952057E-002,8.957406133413315E-002,-8.580643534660339E-001,4.323948323726654E-001,9.072495996952057E-002,8.957406133413315E-002,-8.580643534660339E-001,4.323948323726654E-001,
1.183633333333334E+009,1.004376336932182E-001,7.398976385593414E-002,-8.585584759712219E-001,4.644472599029541E-001,1.004376336932182E-001,7.398976385593414E-002,-8.585584759712219E-001,4.644472599029541E-001,
1.192000000000000E+009,1.019370555877686E-001,5.496307834982872E-002,-8.509644269943237E-001,4.737327396869659E-001,1.019370555877686E-001,5.496307834982872E-002,-8.509644269943237E-001,4.737327396869659E-001,
1.200366666666667E+009,9.371388703584671E-002,3.881622105836868E-002,-8.318685293197632E-001,4.956365525722504E-001,9.371388703584671E-002,3.881622105836868E-002,-8.318685293197632E-001,4.956365525722504E-001,
1.208733333333334E+009,7.859128713607788E-002,3.061919473111630E-002,-8.176529407501221E-001,5.171642303466797E-001,7.859128713607788E-002,3.061919473111630E-002,-8.176529407501221E-001,5.171642303466797E-001,
1.217100000000000E+009,6.585656106472015E-002,2.970928885042667E-002,-8.098017573356628E-001,5.357003211975098E-001,6.585656106472015E-002,2.970928885042667E-002,-8.098017573356628E-001,5.357003211975098E-001,
1.225466666666667E+009,5.292037129402161E-002,4.345101863145828E-002,-7.862437367439270E-001,5.565189719200134E-001,5.292037129402161E-002,4.345101863145828E-002,-7.862437367439270E-001,5.565189719200134E-001,
1.233833333333334E+009,5.050535500049591E-002,5.641439929604530E-002,-7.759017944335938E-001,5.789206624031067E-001,5.050535500049591E-002,5.641439929604530E-002,-7.759017944335938E-001,5.789206624031067E-001,
1.242200000000000E+009,5.844543874263763E-002,7.214625924825668E-002,-7.627778053283691E-001,6.156329512596130E-001,5.844543874263763E-002,7.214625924825668E-002,-7.627778053283691E-001,6.156329512596130E-001,
1.250566666666667E+009,7.633561640977860E-002,7.952918112277985E-002,-7.437821626663208E-001,6.175530552864075E-001,7.633561640977860E-002,7.952918112277985E-002,-7.437821626663208E-001,6.175530552864075E-001,
1.258933333333334E+009,9.496492147445679E-002,7.690498977899551E-002,-7.315721511840820E-001,6.344311237335205E-001,9.496492147445679E-002,7.690498977899551E-002,-7.315721511840820E-001,6.344311237335205E-001,
1.267300000000000E+009,1.116478368639946E-001,6.732888519763947E-002,-7.079619765281677E-001,6.519236564636231E-001,1.116478368639946E-001,6.732888519763947E-002,-7.079619765281677E-001,6.519236564636231E-001,
1.275666666666667E+009,1.214858219027519E-001,4.560888931155205E-002,-7.153949737548828E-001,6.571366786956787E-001,1.214858219027519E-001,4.560888931155205E-002,-7.153949737548828E-001,6.571366786956787E-001,
1.284033333333334E+009,1.224204003810883E-001,2.477116324007511E-002,-6.779499053955078E-001,6.949317455291748E-001,1.224204003810883E-001,2.477116324007511E-002,-6.779499053955078E-001,6.949317455291748E-001,
1.292400000000000E+009,1.101244166493416E-001,6.405356340110302E-003,-6.686201095581055E-001,7.129746675491333E-001,1.101244166493416E-001,6.405356340110302E-003,-6.686201095581055E-001,7.129746675491333E-001,
1.300766666666667E+009,9.373001754283905E-002,-1.925929565913975E-003,-6.527817845344544E-001,7.260168194770813E-001,9.373001754283905E-002,-1.925929565913975E-003,-6.527817845344544E-001,7.260168194770813E-001,
1.309133333333334E+009,7.415804266929627E-002,-1.697992120170966E-004,-6.298545598983765E-001,7.488089203834534E-001,7.415804266929627E-002,-1.697992120170966E-004,-6.298545598983765E-001,7.488089203834534E-001,
1.317500000000000E+009,6.357500702142716E-002,1.157990097999573E-002,-6.121102571487427E-001,7.672626972198486E-001,6.357500702142716E-002,1.157990097999573E-002,-6.121102571487427E-001,7.672626972198486E-001,
1.325866666666667E+009,6.022147089242935E-002,2.722017467021942E-002,-5.833874940872192E-001,7.797775268554688E-001,6.022147089242935E-002,2.722017467021942E-002,-5.833874940872192E-001,7.797775268554688E-001,
1.334233333333334E+009,6.795565038919449E-002,4.263005405664444E-002,-5.642973184585571E-001,7.908375263214111E-001,6.795565038919449E-002,4.263005405664444E-002,-5.642973184585571E-001,7.908375263214111E-001,
1.342600000000000E+009,8.494132757186890E-002,4.812373593449593E-002,-5.469710230827332E-001,7.992588877677918E-001,8.494132757186890E-002,4.812373593449593E-002,-5.469710230827332E-001,7.992588877677918E-001,
1.350966666666667E+009,1.031138300895691E-001,4.404956102371216E-002,-5.104615092277527E-001,8.181042671203613E-001,1.031138300895691E-001,4.404956102371216E-002,-5.104615092277527E-001,8.181042671203613E-001,
1.359333333333334E+009,1.181631088256836E-001,3.164472430944443E-002,-4.999653995037079E-001,8.235030174255371E-001,1.181631088256836E-001,3.164472430944443E-002,-4.999653995037079E-001,8.235030174255371E-001,
1.367700000000000E+009,1.226942017674446E-001,1.050432771444321E-002,-4.830635488033295E-001,8.344381451606751E-001,1.226942017674446E-001,1.050432771444321E-002,-4.830635488033295E-001,8.344381451606751E-001,
1.376066666666667E+009,1.174500286579132E-001,-1.062893215566874E-002,-4.590232670307159E-001,8.481235504150391E-001,1.174500286579132E-001,-1.062893215566874E-002,-4.590232670307159E-001,8.481235504150391E-001,
1.384433333333334E+009,1.015653684735298E-001,-2.593811787664890E-002,-4.424199163913727E-001,8.731548190116882E-001,1.015653684735298E-001,-2.593811787664890E-002,-4.424199163913727E-001,8.731548190116882E-001,
1.392800000000000E+009,8.187086135149002E-002,-3.044432774186134E-002,-4.270983934402466E-001,8.888255953788757E-001,8.187086135149002E-002,-3.044432774186134E-002,-4.270983934402466E-001,8.888255953788757E-001,
1.401166666666667E+009,6.242451444268227E-002,-2.303591370582581E-002,-3.971461355686188E-001,8.882763981819153E-001,6.242451444268227E-002,-2.303591370582581E-002,-3.971461355686188E-001,8.882763981819153E-001,
1.409533333333334E+009,5.124814063310623E-002,-6.377750542014837E-003,-3.719565272331238E-001,8.979755043983460E-001,5.124814063310623E-002,-6.377750542014837E-003,-3.719565272331238E-001,8.979755043983460E-001,
1.417900000000000E+009,5.118189007043839E-002,1.436552312225103E-002,-3.353502452373505E-001,9.086077213287354E-001,5.118189007043839E-002,1.436552312225103E-002,-3.353502452373505E-001,9.086077213287354E-001,
1.426266666666667E+009,6.300271302461624E-002,3.135494887828827E-002,-3.173434436321259E-001,9.186409711837769E-001,6.300271302461624E-002,3.135494887828827E-002,-3.173434436321259E-001,9.186409711837769E-001,
1.434633333333334E+009,8.262051641941071E-002,3.746119514107704E-002,-2.988624274730682E-001,9.206551909446716E-001,8.262051641941071E-002,3.746119514107704E-002,-2.988624274730682E-001,9.206551909446716E-001,
1.443000000000000E+009,1.050454303622246E-001,3.074535727500916E-002,-2.733535468578339E-001,9.279868602752686E-001,1.050454303622246E-001,3.074535727500916E-002,-2.733535468578339E-001,9.279868602752686E-001,
1.451366666666667E+009,1.186231002211571E-001,1.554910745471716E-002,-2.417781352996826E-001,9.321153759956360E-001,1.186231002211571E-001,1.554910745471716E-002,-2.417781352996826E-001,9.321153759956360E-001,
1.459733333333334E+009,1.267518997192383E-001,-7.680105511099100E-003,-2.302237302064896E-001,9.283662438392639E-001,1.267518997192383E-001,-7.680105511099100E-003,-2.302237302064896E-001,9.283662438392639E-001,
1.468100000000000E+009,1.177783831954002E-001,-2.792374044656754E-002,-2.095192223787308E-001,9.417957663536072E-001,1.177783831954002E-001,-2.792374044656754E-002,-2.095192223787308E-001,9.417957663536072E-001,
1.476466666666667E+009,1.003958955407143E-001,-4.146367311477661E-002,-1.852803975343704E-001,9.488484263420105E-001,1.003958955407143E-001,-4.146367311477661E-002,-1.852803975343704E-001,9.488484263420105E-001,
1.484833333333334E+009,7.959797978401184E-002,-4.626185819506645E-002,-1.697808057069778E-001,9.478193521499634E-001,7.959797978401184E-002,-4.626185819506645E-002,-1.697808057069778E-001,9.478193521499634E-001,
1.493200000000000E+009,6.344670802354813E-002,-3.646105527877808E-002,-1.372207701206207E-001,9.639250040054321E-001,6.344670802354813E-002,-3.646105527877808E-002,-1.372207701206207E-001,9.639250040054321E-001,
1.501566666666667E+009,5.172983929514885E-002,-1.915857754647732E-002,-1.246699690818787E-001,9.677690267562866E-001,5.172983929514885E-002,-1.915857754647732E-002,-1.246699690818787E-001,9.677690267562866E-001,
1.509933333333334E+009,5.418797209858894E-002,-4.205785226076841E-004,-8.286888897418976E-002,9.660272598266602E-001,5.418797209858894E-002,-4.205785226076841E-004,-8.286888897418976E-002,9.660272598266602E-001,
1.518300000000000E+009,6.975605338811874E-002,1.346583757549524E-002,-5.371087417006493E-002,9.571183919906616E-001,6.975605338811874E-002,1.346583757549524E-002,-5.371087417006493E-002,9.571183919906616E-001,
1.526666666666667E+009,8.891587704420090E-002,1.905346103012562E-002,-3.376412019133568E-002,9.614814519882202E-001,8.891587704420090E-002,1.905346103012562E-002,-3.376412019133568E-002,9.614814519882202E-001,
1.535033333333334E+009,1.106977909803391E-001,1.073180697858334E-002,-8.328155614435673E-003,9.697769284248352E-001,1.106977909803391E-001,1.073180697858334E-002,-8.328155614435673E-003,9.697769284248352E-001,
1.543400000000000E+009,1.243551224470139E-001,-5.877264309674501E-003,1.749122887849808E-002,9.655813574790955E-001,1.243551224470139E-001,-5.877264309674501E-003,1.749122887849808E-002,9.655813574790955E-001,
1.551766666666667E+009,1.279814988374710E-001,-2.918428182601929E-002,3.947226703166962E-002,9.584982991218567E-001,1.279814988374710E-001,-2.918428182601929E-002,3.947226703166962E-002,9.584982991218567E-001,
1.560133333333334E+009,1.187947615981102E-001,-4.682227596640587E-002,6.908579170703888E-002,9.527485966682434E-001,1.187947615981102E-001,-4.682227596640587E-002,6.908579170703888E-002,9.527485966682434E-001,
1.568500000000000E+009,1.021385416388512E-001,-6.164610385894775E-002,9.016231447458267E-002,9.710909724235535E-001,1.021385416388512E-001,-6.164610385894775E-002,9.016231447458267E-002,9.710909724235535E-001,
1.576866666666667E+009,7.978617399930954E-002,-6.475811451673508E-002,1.085240393877029E-001,9.566639065742493E-001,7.978617399930954E-002,-6.475811451673508E-002,1.085240393877029E-001,9.566639065742493E-001,
1.585233333333334E+009,6.419095396995544E-002,-5.712176114320755E-002,1.409347802400589E-001,9.592064023017883E-001,6.419095396995544E-002,-5.712176114320755E-002,1.409347802400589E-001,9.592064023017883E-001,
1.593600000000000E+009,5.793667584657669E-002,-4.102154076099396E-002,1.743186116218567E-001,9.548091292381287E-001,5.793667584657669E-002,-4.102154076099396E-002,1.743186116218567E-001,9.548091292381287E-001,
1.601966666666667E+009,5.890576541423798E-002,-2.502143569290638E-002,1.878623515367508E-001,9.436442852020264E-001,5.890576541423798E-002,-2.502143569290638E-002,1.878623515367508E-001,9.436442852020264E-001,
1.610333333333334E+009,7.230606675148010E-002,-1.240505836904049E-002,2.204299122095108E-001,9.403569698333740E-001,7.230606675148010E-002,-1.240505836904049E-002,2.204299122095108E-001,9.403569698333740E-001,
1.618700000000000E+009,9.040594100952148E-002,-1.195649988949299E-002,2.355662584304810E-001,9.333639740943909E-001,9.040594100952148E-002,-1.195649988949299E-002,2.355662584304810E-001,9.333639740943909E-001,
1.627066666666667E+009,1.046597585082054E-001,-2.047249488532543E-002,2.603534460067749E-001,9.245289564132690E-001,1.046597585082054E-001,-2.047249488532543E-002,2.603534460067749E-001,9.245289564132690E-001,
1.635433333333334E+009,1.137912198901177E-001,-3.548444062471390E-002,2.876170873641968E-001,9.184450507164002E-001,1.137912198901177E-001,-3.548444062471390E-002,2.876170873641968E-001,9.184450507164002E-001,
1.643800000000000E+009,1.118174046278000E-001,-5.360155180096626E-002,3.035899698734283E-001,9.003988504409790E-001,1.118174046278000E-001,-5.360155180096626E-002,3.035899698734283E-001,9.003988504409790E-001,
1.652166666666667E+009,1.044122576713562E-001,-7.126841694116592E-002,3.303899168968201E-001,9.074766039848328E-001,1.044122576713562E-001,-7.126841694116592E-002,3.303899168968201E-001,9.074766039848328E-001,
1.660533333333334E+009,8.949711173772812E-002,-8.023908734321594E-002,3.507896959781647E-001,8.994686007499695E-001,8.949711173772812E-002,-8.023908734321594E-002,3.507896959781647E-001,8.994686007499695E-001,
1.668900000000000E+009,7.095507532358170E-002,-7.952680438756943E-002,3.943191468715668E-001,8.902708292007446E-001,7.095507532358170E-002,-7.952680438756943E-002,3.943191468715668E-001,8.902708292007446E-001,
1.677266666666667E+009,5.730928480625153E-002,-7.034729421138763E-002,3.979939520359039E-001,8.758961558341980E-001,5.730928480625153E-002,-7.034729421138763E-002,3.979939520359039E-001,8.758961558341980E-001,
1.685633333333334E+009,5.348443984985352E-002,-5.669175833463669E-002,4.227121472358704E-001,8.705962896347046E-001,5.348443984985352E-002,-5.669175833463669E-002,4.227121472358704E-001,8.705962896347046E-001,
1.694000000000000E+009,5.699319019913673E-002,-4.247180372476578E-002,4.424554109573364E-001,8.560209274291992E-001,5.699319019913673E-002,-4.247180372476578E-002,4.424554109573364E-001,8.560209274291992E-001,
1.702366666666667E+009,6.963197141885757E-002,-3.398857638239861E-002,4.659682214260101E-001,8.464385867118835E-001,6.963197141885757E-002,-3.398857638239861E-002,4.659682214260101E-001,8.464385867118835E-001,
1.710733333333334E+009,8.390757441520691E-002,-3.447538986802101E-002,4.849469959735870E-001,8.237283229827881E-001,8.390757441520691E-002,-3.447538986802101E-002,4.849469959735870E-001,8.237283229827881E-001,
1.719100000000000E+009,9.917901456356049E-002,-4.371969774365425E-002,5.041810870170593E-001,8.111160397529602E-001,9.917901456356049E-002,-4.371969774365425E-002,5.041810870170593E-001,8.111160397529602E-001,
1.727466666666667E+009,1.077974662184715E-001,-5.943593382835388E-002,5.258470773696899E-001,8.060520291328430E-001,1.077974662184715E-001,-5.943593382835388E-002,5.258470773696899E-001,8.060520291328430E-001,
1.735833333333334E+009,1.094011962413788E-001,-7.667102664709091E-002,5.457065701484680E-001,7.881308794021606E-001,1.094011962413788E-001,-7.667102664709091E-002,5.457065701484680E-001,7.881308794021606E-001,
1.744200000000000E+009,1.014406383037567E-001,-9.490063786506653E-002,5.614144206047058E-001,7.777956128120422E-001,1.014406383037567E-001,-9.490063786506653E-002,5.614144206047058E-001,7.777956128120422E-001,
1.752566666666667E+009,8.670145273208618E-002,-1.046649217605591E-001,5.845742821693420E-001,7.512402534484863E-001,8.670145273208618E-002,-1.046649217605591E-001,5.845742821693420E-001,7.512402534484863E-001,
1.760933333333334E+009,7.014580070972443E-002,-1.086469292640686E-001,6.057227849960327E-001,7.465561628341675E-001,7.014580070972443E-002,-1.086469292640686E-001,6.057227849960327E-001,7.465561628341675E-001,
1.769300000000000E+009,5.461101979017258E-002,-1.035171821713448E-001,6.101708412170410E-001,7.381176948547363E-001,5.461101979017258E-002,-1.035171821713448E-001,6.101708412170410E-001,7.381176948547363E-001,
1.777666666666667E+009,4.183177649974823E-002,-9.519901871681213E-002,6.433122158050537E-001,7.098314166069031E-001,4.183177649974823E-002,-9.519901871681213E-002,6.433122158050537E-001,7.098314166069031E-001,
1.786033333333334E+009,4.063840955495834E-002,-8.307237178087235E-002,6.640399694442749E-001,7.006732821464539E-001,4.063840955495834E-002,-8.307237178087235E-002,6.640399694442749E-001,7.006732821464539E-001,
1.794400000000000E+009,4.332403466105461E-002,-7.214269787073135E-002,6.808410882949829E-001,6.843590736389160E-001,4.332403466105461E-002,-7.214269787073135E-002,6.808410882949829E-001,6.843590736389160E-001,
1.802766666666667E+009,5.175607651472092E-002,-6.859464198350906E-002,7.028018832206726E-001,6.606162786483765E-001,5.175607651472092E-002,-6.859464198350906E-002,7.028018832206726E-001,6.606162786483765E-001,
1.811133333333334E+009,6.211352348327637E-002,-6.883399188518524E-002,7.192804813385010E-001,6.485492587089539E-001,6.211352348327637E-002,-6.883399188518524E-002,7.192804813385010E-001,6.485492587089539E-001,
1.819500000000000E+009,6.859569251537323E-002,-7.518203556537628E-002,7.264616489410400E-001,6.306251883506775E-001,6.859569251537323E-002,-7.518203556537628E-002,7.264616489410400E-001,6.306251883506775E-001,
1.827866666666667E+009,7.402791082859039E-002,-8.488179743289948E-002,7.427573800086975E-001,6.080163717269898E-001,7.402791082859039E-002,-8.488179743289948E-002,7.427573800086975E-001,6.080163717269898E-001,
1.836233333333334E+009,6.974115222692490E-002,-9.619566798210144E-002,7.597216963768005E-001,5.868298411369324E-001,6.974115222692490E-002,-9.619566798210144E-002,7.597216963768005E-001,5.868298411369324E-001,
1.844600000000000E+009,6.289585679769516E-002,-1.051771342754364E-001,7.778393030166626E-001,5.617995262145996E-001,6.289585679769516E-002,-1.051771342754364E-001,7.778393030166626E-001,5.617995262145996E-001,
1.852966666666667E+009,5.438857153058052E-002,-1.091927513480187E-001,7.864881157875061E-001,5.390821099281311E-001,5.438857153058052E-002,-1.091927513480187E-001,7.864881157875061E-001,5.390821099281311E-001,
1.861333333333334E+009,4.335561022162437E-002,-1.109381467103958E-001,8.051380515098572E-001,5.257043838500977E-001,4.335561022162437E-002,-1.109381467103958E-001,8.051380515098572E-001,5.257043838500977E-001,
1.869700000000000E+009,3.479146584868431E-002,-1.058359369635582E-001,8.129628896713257E-001,5.089557766914368E-001,3.479146584868431E-002,-1.058359369635582E-001,8.129628896713257E-001,5.089557766914368E-001,
1.878066666666667E+009,3.064553253352642E-002,-9.823261946439743E-002,8.288242220878601E-001,4.808125495910645E-001,3.064553253352642E-002,-9.823261946439743E-002,8.288242220878601E-001,4.808125495910645E-001,
1.886433333333334E+009,3.112031519412994E-002,-9.089477360248566E-002,8.358696103096008E-001,4.644303619861603E-001,3.112031519412994E-002,-9.089477360248566E-002,8.358696103096008E-001,4.644303619861603E-001,
1.894800000000000E+009,3.659905865788460E-002,-8.691300451755524E-002,8.554044365882874E-001,4.396204054355621E-001,3.659905865788460E-002,-8.691300451755524E-002,8.554044365882874E-001,4.396204054355621E-001,
1.903166666666667E+009,4.463485255837441E-002,-8.720362931489945E-002,8.645657896995544E-001,4.163279831409454E-001,4.463485255837441E-002,-8.720362931489945E-002,8.645657896995544E-001,4.163279831409454E-001,
1.911533333333334E+009,5.223302543163300E-002,-9.234159439802170E-002,8.764038085937500E-001,3.993032276630402E-001,5.223302543163300E-002,-9.234159439802170E-002,8.764038085937500E-001,3.993032276630402E-001,
1.919900000000000E+009,5.721506848931313E-002,-1.001042276620865E-001,8.932571411132813E-001,3.713311851024628E-001,5.721506848931313E-002,-1.001042276620865E-001,8.932571411132813E-001,3.713311851024628E-001,
1.928266666666667E+009,5.894049629569054E-002,-1.117820888757706E-001,8.900923728942871E-001,3.461979925632477E-001,5.894049629569054E-002,-1.117820888757706E-001,8.900923728942871E-001,3.461979925632477E-001,
1.936633333333334E+009,5.171877890825272E-002,-1.241976693272591E-001,8.979042768478394E-001,3.321245312690735E-001,5.171877890825272E-002,-1.241976693272591E-001,8.979042768478394E-001,3.321245312690735E-001,
1.945000000000000E+009,4.165282472968102E-002,-1.320109516382217E-001,9.015401601791382E-001,3.127909302711487E-001,4.165282472968102E-002,-1.320109516382217E-001,9.015401601791382E-001,3.127909302711487E-001,
1.953366666666667E+009,2.758016437292099E-002,-1.371670067310333E-001,9.095658063888550E-001,2.786082625389099E-001,2.758016437292099E-002,-1.371670067310333E-001,9.095658063888550E-001,2.786082625389099E-001,
1.961733333333334E+009,1.430684234946966E-002,-1.343939155340195E-001,9.232068657875061E-001,2.658887803554535E-001,1.430684234946966E-002,-1.343939155340195E-001,9.232068657875061E-001,2.658887803554535E-001,
1.970100000000000E+009,2.993507776409388E-003,-1.249995008111000E-001,9.285240769386292E-001,2.390574812889099E-001,2.993507776409388E-003,-1.249995008111000E-001,9.285240769386292E-001,2.390574812889099E-001,
1.978466666666667E+009,8.970864582806826E-004,-1.130577698349953E-001,9.363847374916077E-001,2.194736152887344E-001,8.970864582806826E-004,-1.130577698349953E-001,9.363847374916077E-001,2.194736152887344E-001,
1.986833333333334E+009,1.597335096448660E-003,-1.032068207859993E-001,9.372829198837280E-001,1.851965487003326E-001,1.597335096448660E-003,-1.032068207859993E-001,9.372829198837280E-001,1.851965487003326E-001,
1.995200000000000E+009,9.877606295049191E-003,-9.517097473144531E-002,9.426391720771790E-001,1.676102429628372E-001,9.877606295049191E-003,-9.517097473144531E-002,9.426391720771790E-001,1.676102429628372E-001,
2.003566666666667E+009,2.120713144540787E-002,-9.615486115217209E-002,9.459300637245178E-001,1.403142809867859E-001,2.120713144540787E-002,-9.615486115217209E-002,9.459300637245178E-001,1.403142809867859E-001,
2.011933333333334E+009,3.242585062980652E-002,-1.047100052237511E-001,9.505084156990051E-001,1.148747876286507E-001,3.242585062980652E-002,-1.047100052237511E-001,9.505084156990051E-001,1.148747876286507E-001,
2.020300000000000E+009,3.953396901488304E-002,-1.176010072231293E-001,9.501098394393921E-001,8.465735614299774E-002,3.953396901488304E-002,-1.176010072231293E-001,9.501098394393921E-001,8.465735614299774E-002,
2.028666666666667E+009,3.649223595857620E-002,-1.333821415901184E-001,9.565749764442444E-001,6.211138144135475E-002,3.649223595857620E-002,-1.333821415901184E-001,9.565749764442444E-001,6.211138144135475E-002,
2.037033333333334E+009,2.541915886104107E-002,-1.474375277757645E-001,9.524677395820618E-001,3.519757091999054E-002,2.541915886104107E-002,-1.474375277757645E-001,9.524677395820618E-001,3.519757091999054E-002,
2.045400000000000E+009,9.799678809940815E-003,-1.562339961528778E-001,9.526865482330322E-001,1.682900451123714E-002,9.799678809940815E-003,-1.562339961528778E-001,9.526865482330322E-001,1.682900451123714E-002,
2.053766666666667E+009,-1.011072285473347E-002,-1.555080413818359E-001,9.528573155403137E-001,-5.978956352919340E-003,-1.011072285473347E-002,-1.555080413818359E-001,9.528573155403137E-001,-5.978956352919340E-003,
2.062133333333334E+009,-2.461955696344376E-002,-1.468559801578522E-001,9.508062005043030E-001,-3.185873851180077E-002,-2.461955696344376E-002,-1.468559801578522E-001,9.508062005043030E-001,-3.185873851180077E-002,
2.070500000000000E+009,-3.622740134596825E-002,-1.309649050235748E-001,9.452138543128967E-001,-4.779521003365517E-002,-3.622740134596825E-002,-1.309649050235748E-001,9.452138543128967E-001,-4.779521003365517E-002,
2.078866666666667E+009,-3.185465931892395E-002,-1.169799864292145E-001,9.540520310401917E-001,-7.513066381216049E-002,-3.185465931892395E-002,-1.169799864292145E-001,9.540520310401917E-001,-7.513066381216049E-002,
2.087233333333334E+009,-2.142580784857273E-002,-1.069246083498001E-001,9.557006955146790E-001,-1.007734164595604E-001,-2.142580784857273E-002,-1.069246083498001E-001,9.557006955146790E-001,-1.007734164595604E-001,
2.095600000000000E+009,-8.117193356156349E-003,-1.060881838202477E-001,9.540774822235107E-001,-1.277060061693192E-001,-8.117193356156349E-003,-1.060881838202477E-001,9.540774822235107E-001,-1.277060061693192E-001,
2.103966666666667E+009,4.758520983159542E-003,-1.166636869311333E-001,9.449542760848999E-001,-1.573801636695862E-001,4.758520983159542E-003,-1.166636869311333E-001,9.449542760848999E-001,-1.573801636695862E-001,
2.112333333333334E+009,1.038720924407244E-002,-1.340881586074829E-001,9.408599138259888E-001,-1.819777041673660E-001,1.038720924407244E-002,-1.340881586074829E-001,9.408599138259888E-001,-1.819777041673660E-001,
2.120700000000000E+009,7.051690481603146E-003,-1.555263996124268E-001,9.340214133262634E-001,-2.072699218988419E-001,7.051690481603146E-003,-1.555263996124268E-001,9.340214133262634E-001,-2.072699218988419E-001,
2.129066666666667E+009,-7.272425573319197E-003,-1.722191870212555E-001,9.295397400856018E-001,-2.266417294740677E-001,-7.272425573319197E-003,-1.722191870212555E-001,9.295397400856018E-001,-2.266417294740677E-001,
2.137433333333334E+009,-3.194627910852432E-002,-1.796577423810959E-001,9.054563641548157E-001,-2.456478476524353E-001,-3.194627910852432E-002,-1.796577423810959E-001,9.054563641548157E-001,-2.456478476524353E-001,
2.145800000000000E+009,-5.826109647750855E-002,-1.766280382871628E-001,9.100790619850159E-001,-2.684215903282166E-001,-5.826109647750855E-002,-1.766280382871628E-001,9.100790619850159E-001,-2.684215903282166E-001,
2.154166666666667E+009,-7.731956988573074E-002,-1.613173633813858E-001,9.058013558387756E-001,-2.878372669219971E-001,-7.731956988573074E-002,-1.613173633813858E-001,9.058013558387756E-001,-2.878372669219971E-001,
2.162533333333334E+009,-9.045822173357010E-002,-1.400517374277115E-001,9.031215310096741E-001,-3.143747746944428E-001,-9.045822173357010E-002,-1.400517374277115E-001,9.031215310096741E-001,-3.143747746944428E-001,
2.170900000000000E+009,-8.668826520442963E-002,-1.176417917013168E-001,8.991714119911194E-001,-3.375005424022675E-001,-8.668826520442963E-002,-1.176417917013168E-001,8.991714119911194E-001,-3.375005424022675E-001,
2.179266666666667E+009,-7.518244534730911E-002,-1.014767214655876E-001,8.905816078186035E-001,-3.674787580966950E-001,-7.518244534730911E-002,-1.014767214655876E-001,8.905816078186035E-001,-3.674787580966950E-001,
2.187633333333334E+009,-5.431251600384712E-002,-9.898874908685684E-002,8.768545389175415E-001,-3.891302347183228E-001,-5.431251600384712E-002,-9.898874908685684E-002,8.768545389175415E-001,-3.891302347183228E-001,
2.196000000000000E+009,-3.708116710186005E-002,-1.071273535490036E-001,8.692085146903992E-001,-4.120218157768250E-001,-3.708116710186005E-002,-1.071273535490036E-001,8.692085146903992E-001,-4.120218157768250E-001,
2.204366666666667E+009,-2.657895348966122E-002,-1.281175762414932E-001,8.609612584114075E-001,-4.364603459835053E-001,-2.657895348966122E-002,-1.281175762414932E-001,8.609612584114075E-001,-4.364603459835053E-001,
2.212733333333334E+009,-3.285142034292221E-002,-1.529049873352051E-001,8.402550816535950E-001,-4.550121128559113E-001,-3.285142034292221E-002,-1.529049873352051E-001,8.402550816535950E-001,-4.550121128559113E-001,
2.221100000000000E+009,-5.171925947070122E-002,-1.713255345821381E-001,8.251830339431763E-001,-4.712980687618256E-001,-5.171925947070122E-002,-1.713255345821381E-001,8.251830339431763E-001,-4.712980687618256E-001,
2.229466666666667E+009,-7.690703123807907E-002,-1.811268329620361E-001,8.076516985893250E-001,-4.850058555603027E-001,-7.690703123807907E-002,-1.811268329620361E-001,8.076516985893250E-001,-4.850058555603027E-001,
2.237833333333334E+009,-1.058255657553673E-001,-1.740696877241135E-001,7.979807257652283E-001,-5.095885396003723E-001,-1.058255657553673E-001,-1.740696877241135E-001,7.979807257652283E-001,-5.095885396003723E-001,
2.246200000000000E+009,-1.295520514249802E-001,-1.560710668563843E-001,7.865770459175110E-001,-5.267251729965210E-001,-1.295520514249802E-001,-1.560710668563843E-001,7.865770459175110E-001,-5.267251729965210E-001,
2.254566666666667E+009,-1.395916044712067E-001,-1.283513754606247E-001,7.756888270378113E-001,-5.450825095176697E-001,-1.395916044712067E-001,-1.283513754606247E-001,7.756888270378113E-001,-5.450825095176697E-001,
2.262933333333334E+009,-1.337406039237976E-001,-1.025398522615433E-001,7.611261606216431E-001,-5.695075392723084E-001,-1.337406039237976E-001,-1.025398522615433E-001,7.611261606216431E-001,-5.695075392723084E-001,
2.271300000000000E+009,-1.200786381959915E-001,-8.644110709428787E-002,7.499017119407654E-001,-5.907389521598816E-001,-1.200786381959915E-001,-8.644110709428787E-002,7.499017119407654E-001,-5.907389521598816E-001,
2.279666666666667E+009,-9.972672909498215E-002,-8.218621462583542E-002,7.408209443092346E-001,-6.121070384979248E-001,-9.972672909498215E-002,-8.218621462583542E-002,7.408209443092346E-001,-6.121070384979248E-001,
2.288033333333334E+009,-8.193603157997131E-002,-9.239964187145233E-002,7.156590223312378E-001,-6.374747157096863E-001,-8.193603157997131E-002,-9.239964187145233E-002,7.156590223312378E-001,-6.374747157096863E-001,
2.296400000000000E+009,-7.621832191944122E-002,-1.118476316332817E-001,6.936247348785400E-001,-6.540687680244446E-001,-7.621832191944122E-002,-1.118476316332817E-001,6.936247348785400E-001,-6.540687680244446E-001,
2.304766666666667E+009,-8.422284573316574E-002,-1.332591474056244E-001,6.740987300872803E-001,-6.678415536880493E-001,-8.422284573316574E-002,-1.332591474056244E-001,6.740987300872803E-001,-6.678415536880493E-001,
2.313133333333334E+009,-1.034570708870888E-001,-1.487092077732086E-001,6.498707532882690E-001,-6.845988035202026E-001,-1.034570708870888E-001,-1.487092077732086E-001,6.498707532882690E-001,-6.845988035202026E-001,
2.321500000000000E+009,-1.319841146469116E-001,-1.511451900005341E-001,6.404346227645874E-001,-6.990886926651001E-001,-1.319841146469116E-001,-1.511451900005341E-001,6.404346227645874E-001,-6.990886926651001E-001,
2.329866666666667E+009,-1.577597260475159E-001,-1.391841620206833E-001,6.234497427940369E-001,-7.047271132469177E-001,-1.577597260475159E-001,-1.391841620206833E-001,6.234497427940369E-001,-7.047271132469177E-001,
2.338233333333334E+009,-1.737576276063919E-001,-1.141981109976769E-001,6.000348329544067E-001,-7.187590003013611E-001,-1.737576276063919E-001,-1.141981109976769E-001,6.000348329544067E-001,-7.187590003013611E-001,
2.346600000000000E+009,-1.783125698566437E-001,-8.486404269933701E-002,5.875676870346069E-001,-7.322743535041809E-001,-1.783125698566437E-001,-8.486404269933701E-002,5.875676870346069E-001,-7.322743535041809E-001,
2.354966666666667E+009,-1.627962291240692E-001,-6.077348068356514E-002,5.698149800300598E-001,-7.530086636543274E-001,-1.627962291240692E-001,-6.077348068356514E-002,5.698149800300598E-001,-7.530086636543274E-001,
2.363333333333334E+009,-1.384938955307007E-001,-4.886344075202942E-002,5.538737177848816E-001,-7.743877172470093E-001,-1.384938955307007E-001,-4.886344075202942E-002,5.538737177848816E-001,-7.743877172470093E-001,
2.371700000000000E+009,-1.139280423521996E-001,-5.514950305223465E-002,5.394117236137390E-001,-7.907420396804810E-001,-1.139280423521996E-001,-5.514950305223465E-002,5.394117236137390E-001,-7.907420396804810E-001,
2.380066666666667E+009,-9.979507327079773E-002,-7.699277251958847E-002,5.140473842620850E-001,-8.120226860046387E-001,-9.979507327079773E-002,-7.699277251958847E-002,5.140473842620850E-001,-8.120226860046387E-001,
2.388433333333334E+009,-9.969723969697952E-002,-1.053983643651009E-001,4.861861169338226E-001,-8.170456886291504E-001,-9.969723969697952E-002,-1.053983643651009E-001,4.861861169338226E-001,-8.170456886291504E-001,
2.396800000000000E+009,-1.210414916276932E-001,-1.297408491373062E-001,4.593478143215179E-001,-8.334641456604004E-001,-1.210414916276932E-001,-1.297408491373062E-001,4.593478143215179E-001,-8.334641456604004E-001,
2.405166666666667E+009,-1.519838124513626E-001,-1.454096734523773E-001,4.316420853137970E-001,-8.354246020317078E-001,-1.519838124513626E-001,-1.454096734523773E-001,4.316420853137970E-001,-8.354246020317078E-001,
2.413533333333334E+009,-1.919338405132294E-001,-1.407253742218018E-001,4.178133904933929E-001,-8.399931788444519E-001,-1.919338405132294E-001,-1.407253742218018E-001,4.178133904933929E-001,-8.399931788444519E-001,
2.421900000000000E+009,-2.232900261878967E-001,-1.179396286606789E-001,3.980893790721893E-001,-8.444283008575440E-001,-2.232900261878967E-001,-1.179396286606789E-001,3.980893790721893E-001,-8.444283008575440E-001,
2.430266666666667E+009,-2.453313916921616E-001,-8.115649223327637E-002,3.792077600955963E-001,-8.539863824844360E-001,-2.453313916921616E-001,-8.115649223327637E-002,3.792077600955963E-001,-8.539863824844360E-001,
2.438633333333334E+009,-2.466478943824768E-001,-3.872104361653328E-002,3.666332364082336E-001,-8.669412136077881E-001,-2.466478943824768E-001,-3.872104361653328E-002,3.666332364082336E-001,-8.669412136077881E-001,
2.447000000000000E+009,-2.295082658529282E-001,-3.307986306026578E-003,3.481957018375397E-001,-8.792093992233276E-001,-2.295082658529282E-001,-3.307986306026578E-003,3.481957018375397E-001,-8.792093992233276E-001,
2.455366666666667E+009,-1.972120553255081E-001,2.012270316481590E-002,3.291243314743042E-001,-8.956215977668762E-001,-1.972120553255081E-001,2.012270316481590E-002,3.291243314743042E-001,-8.956215977668762E-001,
2.463733333333334E+009,-1.628875285387039E-001,2.188725396990776E-002,3.008549213409424E-001,-9.053084850311279E-001,-1.628875285387039E-001,2.188725396990776E-002,3.008549213409424E-001,-9.053084850311279E-001,
2.472100000000000E+009,-1.384610384702683E-001,4.199235700070858E-003,2.776567041873932E-001,-9.183349013328552E-001,-1.384610384702683E-001,4.199235700070858E-003,2.776567041873932E-001,-9.183349013328552E-001,
2.480466666666667E+009,-1.294641494750977E-001,-2.508875913918018E-002,2.479199469089508E-001,-9.209338426589966E-001,-1.294641494750977E-001,-2.508875913918018E-002,2.479199469089508E-001,-9.209338426589966E-001,
2.488833333333334E+009,-1.411851644515991E-001,-5.106112733483315E-002,2.150834649801254E-001,-9.257535338401794E-001,-1.411851644515991E-001,-5.106112733483315E-002,2.150834649801254E-001,-9.257535338401794E-001,
2.497200000000000E+009,-1.669243127107620E-001,-6.766345351934433E-002,1.897784024477005E-001,-9.313365221023560E-001,-1.669243127107620E-001,-6.766345351934433E-002,1.897784024477005E-001,-9.313365221023560E-001,
2.505566666666667E+009,-2.008726447820664E-001,-6.674485653638840E-002,1.652804464101791E-001,-9.235749244689941E-001,-2.008726447820664E-001,-6.674485653638840E-002,1.652804464101791E-001,-9.235749244689941E-001,
2.513933333333334E+009,-2.272520363330841E-001,-4.872169345617294E-002,1.444879174232483E-001,-9.252171516418457E-001,-2.272520363330841E-001,-4.872169345617294E-002,1.444879174232483E-001,-9.252171516418457E-001,
2.522300000000000E+009,-2.439601570367813E-001,-1.650412939488888E-002,1.291389465332031E-001,-9.229140281677246E-001,-2.439601570367813E-001,-1.650412939488888E-002,1.291389465332031E-001,-9.229140281677246E-001,
2.530666666666667E+009,-2.405456900596619E-001,2.033364214003086E-002,1.066693887114525E-001,-9.345114827156067E-001,-2.405456900596619E-001,2.033364214003086E-002,1.066693887114525E-001,-9.345114827156067E-001,
2.539033333333334E+009,-2.221456021070480E-001,5.050438642501831E-002,8.551558852195740E-002,-9.443708658218384E-001,-2.221456021070480E-001,5.050438642501831E-002,8.551558852195740E-002,-9.443708658218384E-001,
2.547400000000000E+009,-1.910089254379273E-001,6.599804013967514E-002,5.866431072354317E-002,-9.483279585838318E-001,-1.910089254379273E-001,6.599804013967514E-002,5.866431072354317E-002,-9.483279585838318E-001,
2.555766666666667E+009,-1.603173166513443E-001,6.455776095390320E-002,3.165004402399063E-002,-9.547924995422363E-001,-1.603173166513443E-001,6.455776095390320E-002,3.165004402399063E-002,-9.547924995422363E-001,
2.564133333333334E+009,-1.393961012363434E-001,4.420744627714157E-002,1.210668124258518E-002,-9.559730887413025E-001,-1.393961012363434E-001,4.420744627714157E-002,1.210668124258518E-002,-9.559730887413025E-001,
2.572500000000000E+009,-1.363767236471176E-001,1.863199658691883E-002,-2.283176220953465E-002,-9.563807845115662E-001,-1.363767236471176E-001,1.863199658691883E-002,-2.283176220953465E-002,-9.563807845115662E-001,
2.580866666666667E+009,-1.509163677692413E-001,-6.454697344452143E-003,-4.979753121733666E-002,-9.506482481956482E-001,-1.509163677692413E-001,-6.454697344452143E-003,-4.979753121733666E-002,-9.506482481956482E-001,
2.589233333333334E+009,-1.791476905345917E-001,-1.846466585993767E-002,-7.970981299877167E-002,-9.428155422210693E-001,-1.791476905345917E-001,-1.846466585993767E-002,-7.970981299877167E-002,-9.428155422210693E-001,
2.597600000000000E+009,-2.130216807126999E-001,-1.262174732983112E-002,-1.014300733804703E-001,-9.384852051734924E-001,-2.130216807126999E-001,-1.262174732983112E-002,-1.014300733804703E-001,-9.384852051734924E-001,
2.605966666666667E+009,-2.402838319540024E-001,9.322298690676689E-003,-1.219947859644890E-001,-9.264870285987854E-001,-2.402838319540024E-001,9.322298690676689E-003,-1.219947859644890E-001,-9.264870285987854E-001,
2.614333333333334E+009,-2.531504333019257E-001,4.350343719124794E-002,-1.357978582382202E-001,-9.219631552696228E-001,-2.531504333019257E-001,4.350343719124794E-002,-1.357978582382202E-001,-9.219631552696228E-001,
2.622700000000000E+009,-2.489321827888489E-001,8.116865903139114E-002,-1.567931324243546E-001,-9.208033680915833E-001,-2.489321827888489E-001,8.116865903139114E-002,-1.567931324243546E-001,-9.208033680915833E-001,
2.631066666666667E+009,-2.251901477575302E-001,1.129837408661842E-001,-1.770973354578018E-001,-9.190818667411804E-001,-2.251901477575302E-001,1.129837408661842E-001,-1.770973354578018E-001,-9.190818667411804E-001,
2.639433333333334E+009,-1.928505152463913E-001,1.292967498302460E-001,-1.983174234628677E-001,-9.213668107986450E-001,-1.928505152463913E-001,1.292967498302460E-001,-1.983174234628677E-001,-9.213668107986450E-001,
2.647800000000000E+009,-1.583329290151596E-001,1.270459145307541E-001,-2.233695089817047E-001,-9.163386225700378E-001,-1.583329290151596E-001,1.270459145307541E-001,-2.233695089817047E-001,-9.163386225700378E-001,
2.656166666666667E+009,-1.343196928501129E-001,1.100167557597160E-001,-2.518917322158814E-001,-9.169948101043701E-001,-1.343196928501129E-001,1.100167557597160E-001,-2.518917322158814E-001,-9.169948101043701E-001,
2.664533333333334E+009,-1.276395022869110E-001,8.503440767526627E-002,-2.770635485649109E-001,-9.114782810211182E-001,-1.276395022869110E-001,8.503440767526627E-002,-2.770635485649109E-001,-9.114782810211182E-001,
2.672900000000000E+009,-1.395312398672104E-001,6.175344437360764E-002,-3.095739781856537E-001,-8.962761759757996E-001,-1.395312398672104E-001,6.175344437360764E-002,-3.095739781856537E-001,-8.962761759757996E-001,
2.681266666666667E+009,-1.662781685590744E-001,4.998025298118591E-002,-3.335064649581909E-001,-8.860188722610474E-001,-1.662781685590744E-001,4.998025298118591E-002,-3.335064649581909E-001,-8.860188722610474E-001,
2.689633333333334E+009,-1.946930438280106E-001,5.618476867675781E-002,-3.584311306476593E-001,-8.755511641502380E-001,-1.946930438280106E-001,5.618476867675781E-002,-3.584311306476593E-001,-8.755511641502380E-001,
2.698000000000000E+009,-2.182728201150894E-001,8.035679906606674E-002,-3.703958988189697E-001,-8.539637923240662E-001,-2.182728201150894E-001,8.035679906606674E-002,-3.703958988189697E-001,-8.539637923240662E-001,
2.706366666666667E+009,-2.276954501867294E-001,1.131676286458969E-001,-3.921940922737122E-001,-8.478668928146362E-001,-2.276954501867294E-001,1.131676286458969E-001,-3.921940922737122E-001,-8.478668928146362E-001,
2.714733333333334E+009,-2.194269448518753E-001,1.484971791505814E-001,-4.040633440017700E-001,-8.408589959144592E-001,-2.194269448518753E-001,1.484971791505814E-001,-4.040633440017700E-001,-8.408589959144592E-001,
2.723100000000000E+009,-1.939167380332947E-001,1.760984212160111E-001,-4.240992963314056E-001,-8.280827403068543E-001,-1.939167380332947E-001,1.760984212160111E-001,-4.240992963314056E-001,-8.280827403068543E-001,
2.731466666666667E+009,-1.580649018287659E-001,1.912068277597427E-001,-4.451353251934052E-001,-8.229510784149170E-001,-1.580649018287659E-001,1.912068277597427E-001,-4.451353251934052E-001,-8.229510784149170E-001,
2.739833333333334E+009,-1.224365606904030E-001,1.856429278850555E-001,-4.695052206516266E-001,-8.157549500465393E-001,-1.224365606904030E-001,1.856429278850555E-001,-4.695052206516266E-001,-8.157549500465393E-001,
2.748200000000000E+009,-9.601683169603348E-002,1.663999706506729E-001,-4.888219237327576E-001,-8.109843134880066E-001,-9.601683169603348E-002,1.663999706506729E-001,-4.888219237327576E-001,-8.109843134880066E-001,
2.756566666666667E+009,-8.656249195337296E-002,1.386850923299789E-001,-5.160452127456665E-001,-8.010086417198181E-001,-8.656249195337296E-002,1.386850923299789E-001,-5.160452127456665E-001,-8.010086417198181E-001,
2.764933333333334E+009,-9.542435407638550E-002,1.148872300982475E-001,-5.382477045059204E-001,-7.836648225784302E-001,-9.542435407638550E-002,1.148872300982475E-001,-5.382477045059204E-001,-7.836648225784302E-001,
2.773300000000000E+009,-1.191848590970039E-001,1.013755276799202E-001,-5.611069202423096E-001,-7.574992775917053E-001,-1.191848590970039E-001,1.013755276799202E-001,-5.611069202423096E-001,-7.574992775917053E-001,
2.781666666666667E+009,-1.475139409303665E-001,1.048064529895783E-001,-5.831147432327271E-001,-7.458626627922058E-001,-1.475139409303665E-001,1.048064529895783E-001,-5.831147432327271E-001,-7.458626627922058E-001,
2.790033333333334E+009,-1.713383048772812E-001,1.254778653383255E-001,-5.967226028442383E-001,-7.214086651802063E-001,-1.713383048772812E-001,1.254778653383255E-001,-5.967226028442383E-001,-7.214086651802063E-001,
2.798400000000000E+009,-1.821856051683426E-001,1.569304019212723E-001,-6.085115075111389E-001,-7.030889987945557E-001,-1.821856051683426E-001,1.569304019212723E-001,-6.085115075111389E-001,-7.030889987945557E-001,
2.806766666666667E+009,-1.738687455654144E-001,1.897965371608734E-001,-6.213800907135010E-001,-6.865902543067932E-001,-1.738687455654144E-001,1.897965371608734E-001,-6.213800907135010E-001,-6.865902543067932E-001,
2.815133333333334E+009,-1.498377472162247E-001,2.164028733968735E-001,-6.378225088119507E-001,-6.762515306472778E-001,-1.498377472162247E-001,2.164028733968735E-001,-6.378225088119507E-001,-6.762515306472778E-001,
2.823500000000000E+009,-1.146608069539070E-001,2.278490364551544E-001,-6.514735817909241E-001,-6.704275608062744E-001,-1.146608069539070E-001,2.278490364551544E-001,-6.514735817909241E-001,-6.704275608062744E-001,
2.831866666666667E+009,-7.907201349735260E-002,2.221117019653320E-001,-6.704015731811523E-001,-6.592561006546021E-001,-7.907201349735260E-002,2.221117019653320E-001,-6.704015731811523E-001,-6.592561006546021E-001,
2.840233333333334E+009,-5.088749527931213E-002,2.021542787551880E-001,-6.902456283569336E-001,-6.479407548904419E-001,-5.088749527931213E-002,2.021542787551880E-001,-6.902456283569336E-001,-6.479407548904419E-001,
2.848600000000000E+009,-3.908243775367737E-002,1.733993738889694E-001,-7.145306468009949E-001,-6.245892643928528E-001,-3.908243775367737E-002,1.733993738889694E-001,-7.145306468009949E-001,-6.245892643928528E-001,
2.856966666666667E+009,-4.633544385433197E-002,1.457996666431427E-001,-7.319673299789429E-001,-6.082656979560852E-001,-4.633544385433197E-002,1.457996666431427E-001,-7.319673299789429E-001,-6.082656979560852E-001,
2.865333333333334E+009,-6.950889527797699E-002,1.320069730281830E-001,-7.549145817756653E-001,-5.839577913284302E-001,-6.950889527797699E-002,1.320069730281830E-001,-7.549145817756653E-001,-5.839577913284302E-001,
2.873700000000000E+009,-9.813465178012848E-002,1.352510303258896E-001,-7.641791105270386E-001,-5.556614995002747E-001,-9.813465178012848E-002,1.352510303258896E-001,-7.641791105270386E-001,-5.556614995002747E-001,
2.882066666666667E+009,-1.208021566271782E-001,1.564880460500717E-001,-7.788209915161133E-001,-5.265414118766785E-001,-1.208021566271782E-001,1.564880460500717E-001,-7.788209915161133E-001,-5.265414118766785E-001,
2.890433333333334E+009,-1.313888430595398E-001,1.888641715049744E-001,-7.837577462196350E-001,-5.063716769218445E-001,-1.313888430595398E-001,1.888641715049744E-001,-7.837577462196350E-001,-5.063716769218445E-001,
2.898800000000000E+009,-1.241581067442894E-001,2.235305011272430E-001,-7.860471010208130E-001,-4.908080995082855E-001,-1.241581067442894E-001,2.235305011272430E-001,-7.860471010208130E-001,-4.908080995082855E-001,
2.907166666666667E+009,-9.893018007278442E-002,2.510052025318146E-001,-7.958177924156189E-001,-4.692515432834625E-001,-9.893018007278442E-002,2.510052025318146E-001,-7.958177924156189E-001,-4.692515432834625E-001,
2.915533333333334E+009,-6.264189630746841E-002,2.621257305145264E-001,-8.099865317344666E-001,-4.626473486423492E-001,-6.264189630746841E-002,2.621257305145264E-001,-8.099865317344666E-001,-4.626473486423492E-001,
2.923900000000000E+009,-2.355889603495598E-002,2.550427913665772E-001,-8.210095763206482E-001,-4.471174776554108E-001,-2.355889603495598E-002,2.550427913665772E-001,-8.210095763206482E-001,-4.471174776554108E-001,
2.932266666666667E+009,6.081251893192530E-003,2.318680882453919E-001,-8.335838317871094E-001,-4.295579493045807E-001,6.081251893192530E-003,2.318680882453919E-001,-8.335838317871094E-001,-4.295579493045807E-001,
2.940633333333334E+009,1.937519200146198E-002,1.984291076660156E-001,-8.518909215927124E-001,-4.091015458106995E-001,1.937519200146198E-002,1.984291076660156E-001,-8.518909215927124E-001,-4.091015458106995E-001,
2.949000000000000E+009,1.417824625968933E-002,1.672683060169220E-001,-8.691948056221008E-001,-3.788455724716187E-001,1.417824625968933E-002,1.672683060169220E-001,-8.691948056221008E-001,-3.788455724716187E-001,
2.957366666666667E+009,-7.649315521121025E-003,1.478607803583145E-001,-8.833047747612000E-001,-3.588900864124298E-001,-7.649315521121025E-003,1.478607803583145E-001,-8.833047747612000E-001,-3.588900864124298E-001,
2.965733333333334E+009,-3.833776339888573E-002,1.476558446884155E-001,-8.919553160667419E-001,-3.244275748729706E-001,-3.833776339888573E-002,1.476558446884155E-001,-8.919553160667419E-001,-3.244275748729706E-001,
2.974100000000000E+009,-6.162936985492706E-002,1.673736274242401E-001,-8.997000455856323E-001,-2.932818531990051E-001,-6.162936985492706E-002,1.673736274242401E-001,-8.997000455856323E-001,-2.932818531990051E-001,
2.982466666666667E+009,-7.398965209722519E-002,1.999159008264542E-001,-9.015612006187439E-001,-2.675693035125732E-001,-7.398965209722519E-002,1.999159008264542E-001,-9.015612006187439E-001,-2.675693035125732E-001,
2.990833333333334E+009,-6.398490071296692E-002,2.369741797447205E-001,-8.931434154510498E-001,-2.449645102024078E-001,-6.398490071296692E-002,2.369741797447205E-001,-8.931434154510498E-001,-2.449645102024078E-001,
2.999200000000000E+009,-3.738831356167793E-002,2.659589052200317E-001,-8.970891237258911E-001,-2.348422855138779E-001,-3.738831356167793E-002,2.659589052200317E-001,-8.970891237258911E-001,-2.348422855138779E-001,
3.007566666666667E+009,-3.742526459973306E-004,2.763047814369202E-001,-8.986581563949585E-001,-2.187685221433640E-001,-3.742526459973306E-004,2.763047814369202E-001,-8.986581563949585E-001,-2.187685221433640E-001,
3.015933333333334E+009,3.935359790921211E-002,2.679091095924377E-001,-9.096604585647583E-001,-2.014926075935364E-001,3.935359790921211E-002,2.679091095924377E-001,-9.096604585647583E-001,-2.014926075935364E-001,
3.024300000000000E+009,7.092925161123276E-002,2.414763122797012E-001,-9.183291792869568E-001,-1.815182566642761E-001,7.092925161123276E-002,2.414763122797012E-001,-9.183291792869568E-001,-1.815182566642761E-001,
3.032666666666667E+009,8.747902512550354E-002,2.024975568056107E-001,-9.278215169906616E-001,-1.592664271593094E-001,8.747902512550354E-002,2.024975568056107E-001,-9.278215169906616E-001,-1.592664271593094E-001,
3.041033333333334E+009,7.848766446113586E-002,1.650074869394302E-001,-9.396924972534180E-001,-1.368149369955063E-001,7.848766446113586E-002,1.650074869394302E-001,-9.396924972534180E-001,-1.368149369955063E-001,
3.049400000000000E+009,5.185991898179054E-002,1.413530260324478E-001,-9.492669105529785E-001,-1.029594764113426E-001,5.185991898179054E-002,1.413530260324478E-001,-9.492669105529785E-001,-1.029594764113426E-001,
3.057766666666667E+009,1.841902360320091E-002,1.386576890945435E-001,-9.505144953727722E-001,-7.041593641042709E-002,1.841902360320091E-002,1.386576890945435E-001,-9.505144953727722E-001,-7.041593641042709E-002,
3.066133333333334E+009,-1.054579671472311E-002,1.596502959728241E-001,-9.463098645210266E-001,-3.495174273848534E-002,-1.054579671472311E-002,1.596502959728241E-001,-9.463098645210266E-001,-3.495174273848534E-002,
3.074500000000000E+009,-2.047689817845821E-002,1.955697983503342E-001,-9.399399161338806E-001,-1.122657489031553E-002,-2.047689817845821E-002,1.955697983503342E-001,-9.399399161338806E-001,-1.122657489031553E-002,
3.082866666666667E+009,-9.675550274550915E-003,2.347294837236404E-001,-9.325999021530151E-001,1.492667384445667E-002,-9.675550274550915E-003,2.347294837236404E-001,-9.325999021530151E-001,1.492667384445667E-002,
3.091233333333334E+009,2.327512204647064E-002,2.664027214050293E-001,-9.228163361549377E-001,2.186108566820622E-002,2.327512204647064E-002,2.664027214050293E-001,-9.228163361549377E-001,2.186108566820622E-002,
3.099600000000000E+009,6.569171696901321E-002,2.782345116138458E-001,-9.151063561439514E-001,4.111526906490326E-002,6.569171696901321E-002,2.782345116138458E-001,-9.151063561439514E-001,4.111526906490326E-002,
3.107966666666667E+009,1.115980148315430E-001,2.660026252269745E-001,-9.175586104393005E-001,5.796309188008308E-002,1.115980148315430E-001,2.660026252269745E-001,-9.175586104393005E-001,5.796309188008308E-002,
3.116333333333334E+009,1.458229124546051E-001,2.334015816450119E-001,-9.250401258468628E-001,7.453267276287079E-002,1.458229124546051E-001,2.334015816450119E-001,-9.250401258468628E-001,7.453267276287079E-002,
3.124700000000000E+009,1.601320356130600E-001,1.890748292207718E-001,-9.357448816299439E-001,9.409004449844360E-002,1.601320356130600E-001,1.890748292207718E-001,-9.357448816299439E-001,9.409004449844360E-002,
3.133066666666667E+009,1.505339890718460E-001,1.396997123956680E-001,-9.425789713859558E-001,1.204211413860321E-001,1.505339890718460E-001,1.396997123956680E-001,-9.425789713859558E-001,1.204211413860321E-001,
3.141433333333334E+009,1.206983178853989E-001,1.058951765298843E-001,-9.414103031158447E-001,1.544473320245743E-001,1.206983178853989E-001,1.058951765298843E-001,-9.414103031158447E-001,1.544473320245743E-001,
3.149800000000000E+009,7.741732895374298E-002,9.870614856481552E-002,-9.361688494682312E-001,1.891137510538101E-001,7.741732895374298E-002,9.870614856481552E-002,-9.361688494682312E-001,1.891137510538101E-001,
3.158166666666667E+009,3.969321399927139E-002,1.180730015039444E-001,-9.217266440391541E-001,2.222819030284882E-001,3.969321399927139E-002,1.180730015039444E-001,-9.217266440391541E-001,2.222819030284882E-001,
3.166533333333334E+009,2.103979326784611E-002,1.588701009750366E-001,-9.095960855484009E-001,2.509472668170929E-001,2.103979326784611E-002,1.588701009750366E-001,-9.095960855484009E-001,2.509472668170929E-001,
3.174900000000000E+009,2.968774549663067E-002,2.026948630809784E-001,-8.928765058517456E-001,2.750130593776703E-001,2.968774549663067E-002,2.026948630809784E-001,-8.928765058517456E-001,2.750130593776703E-001,
3.183266666666667E+009,6.135036423802376E-002,2.366452217102051E-001,-8.780691623687744E-001,2.854719758033752E-001,6.135036423802376E-002,2.366452217102051E-001,-8.780691623687744E-001,2.854719758033752E-001,
3.191633333333334E+009,1.075136810541153E-001,2.528218328952789E-001,-8.689988851547241E-001,2.999218106269836E-001,1.075136810541153E-001,2.528218328952789E-001,-8.689988851547241E-001,2.999218106269836E-001,
3.200000000000000E+009,1.555540859699249E-001,2.410795390605927E-001,-8.557106256484985E-001,3.160373866558075E-001,1.555540859699249E-001,2.410795390605927E-001,-8.557106256484985E-001,3.160373866558075E-001,
