% Version 1.00
%
%freq[Hz],re:Trc1_S11,im:Trc1_S11,re:Trc2_S21,im:Trc2_S21,re:Trc3_S11,im:Trc3_S11,re:Trc4_S21,im:Trc4_S21,
6.900000000000000E+008,-4.146340861916542E-002,3.451367095112801E-002,-5.022090673446655E-001,-8.590731024742127E-001,-4.146340861916542E-002,3.451367095112801E-002,-5.022090673446655E-001,-8.590731024742127E-001,
6.983666666666666E+008,-3.397857770323753E-002,3.302034363150597E-002,-5.210129618644714E-001,-8.341441154479981E-001,-3.397857770323753E-002,3.302034363150597E-002,-5.210129618644714E-001,-8.341441154479981E-001,
7.067333333333334E+008,-2.832411602139473E-002,2.879454009234905E-002,-5.141445994377136E-001,-8.186059594154358E-001,-2.832411602139473E-002,2.879454009234905E-002,-5.141445994377136E-001,-8.186059594154358E-001,
7.151000000000000E+008,-2.516184747219086E-002,2.193018980324268E-002,-5.568537712097168E-001,-8.070706129074097E-001,-2.516184747219086E-002,2.193018980324268E-002,-5.568537712097168E-001,-8.070706129074097E-001,
7.234666666666666E+008,-2.892954275012016E-002,1.594849117100239E-002,-5.734772086143494E-001,-7.861666679382324E-001,-2.892954275012016E-002,1.594849117100239E-002,-5.734772086143494E-001,-7.861666679382324E-001,
7.318333333333334E+008,-3.518932685256004E-002,1.217678282409906E-002,-6.014155149459839E-001,-7.928279042243958E-001,-3.518932685256004E-002,1.217678282409906E-002,-6.014155149459839E-001,-7.928279042243958E-001,
7.402000000000000E+008,-4.299732670187950E-002,1.507759280502796E-002,-6.303117871284485E-001,-7.682890892028809E-001,-4.299732670187950E-002,1.507759280502796E-002,-6.303117871284485E-001,-7.682890892028809E-001,
7.485666666666666E+008,-4.834247007966042E-002,2.101659215986729E-002,-6.391692161560059E-001,-7.515125870704651E-001,-4.834247007966042E-002,2.101659215986729E-002,-6.391692161560059E-001,-7.515125870704651E-001,
7.569333333333334E+008,-5.080579221248627E-002,3.057106770575047E-002,-6.591426730155945E-001,-7.424283623695374E-001,-5.080579221248627E-002,3.057106770575047E-002,-6.591426730155945E-001,-7.424283623695374E-001,
7.653000000000000E+008,-4.649169743061066E-002,3.904082626104355E-002,-6.846253871917725E-001,-7.194182276725769E-001,-4.649169743061066E-002,3.904082626104355E-002,-6.846253871917725E-001,-7.194182276725769E-001,
7.736666666666666E+008,-4.193147644400597E-002,4.851295799016953E-002,-7.018030881881714E-001,-6.921811103820801E-001,-4.193147644400597E-002,4.851295799016953E-002,-7.018030881881714E-001,-6.921811103820801E-001,
7.820333333333334E+008,-3.273940831422806E-002,5.023758485913277E-002,-7.167009115219116E-001,-6.948773264884949E-001,-3.273940831422806E-002,5.023758485913277E-002,-7.167009115219116E-001,-6.948773264884949E-001,
7.904000000000000E+008,-2.558215335011482E-002,4.737696424126625E-002,-7.376041412353516E-001,-6.751482486724854E-001,-2.558215335011482E-002,4.737696424126625E-002,-7.376041412353516E-001,-6.751482486724854E-001,
7.987666666666666E+008,-1.970863901078701E-002,4.332225769758225E-002,-7.486726641654968E-001,-6.445322036743164E-001,-1.970863901078701E-002,4.332225769758225E-002,-7.486726641654968E-001,-6.445322036743164E-001,
8.071333333333334E+008,-1.780077815055847E-002,3.732594102621079E-002,-7.728193998336792E-001,-6.362380981445313E-001,-1.780077815055847E-002,3.732594102621079E-002,-7.728193998336792E-001,-6.362380981445313E-001,
8.155000000000000E+008,-2.154297381639481E-002,3.170598298311234E-002,-7.793987393379211E-001,-6.133241653442383E-001,-2.154297381639481E-002,3.170598298311234E-002,-7.793987393379211E-001,-6.133241653442383E-001,
8.238666666666666E+008,-2.663685940206051E-002,2.809192426502705E-002,-7.959298491477966E-001,-5.976572632789612E-001,-2.663685940206051E-002,2.809192426502705E-002,-7.959298491477966E-001,-5.976572632789612E-001,
8.322333333333334E+008,-3.236773982644081E-002,2.939549647271633E-002,-8.039751052856445E-001,-5.663637518882752E-001,-3.236773982644081E-002,2.939549647271633E-002,-8.039751052856445E-001,-5.663637518882752E-001,
8.406000000000000E+008,-3.628243505954742E-002,3.280171006917954E-002,-8.338503837585449E-001,-5.413395166397095E-001,-3.628243505954742E-002,3.280171006917954E-002,-8.338503837585449E-001,-5.413395166397095E-001,
8.489666666666668E+008,-3.768467158079147E-002,4.255397990345955E-002,-8.378421068191528E-001,-5.319441556930542E-001,-3.768467158079147E-002,4.255397990345955E-002,-8.378421068191528E-001,-5.319441556930542E-001,
8.573333333333334E+008,-3.720762208104134E-002,5.181973800063133E-002,-8.504133224487305E-001,-4.857752919197083E-001,-3.720762208104134E-002,5.181973800063133E-002,-8.504133224487305E-001,-4.857752919197083E-001,
8.657000000000000E+008,-3.234759718179703E-002,5.830919370055199E-002,-8.643954992294312E-001,-4.731581211090088E-001,-3.234759718179703E-002,5.830919370055199E-002,-8.643954992294312E-001,-4.731581211090088E-001,
8.740666666666668E+008,-2.402962371706963E-002,6.274000555276871E-002,-8.733274936676025E-001,-4.627800583839417E-001,-2.402962371706963E-002,6.274000555276871E-002,-8.733274936676025E-001,-4.627800583839417E-001,
8.824333333333334E+008,-1.513322722166777E-002,6.411867588758469E-002,-8.797257542610169E-001,-4.386755228042603E-001,-1.513322722166777E-002,6.411867588758469E-002,-8.797257542610169E-001,-4.386755228042603E-001,
8.908000000000000E+008,-7.663157768547535E-003,6.072733178734779E-002,-8.970554471015930E-001,-4.232437312602997E-001,-7.663157768547535E-003,6.072733178734779E-002,-8.970554471015930E-001,-4.232437312602997E-001,
8.991666666666668E+008,-1.744972309097648E-003,5.433978140354157E-002,-8.962306976318359E-001,-3.906159996986389E-001,-1.744972309097648E-003,5.433978140354157E-002,-8.962306976318359E-001,-3.906159996986389E-001,
9.075333333333334E+008,-3.825463820248842E-003,4.891844838857651E-002,-9.194746613502502E-001,-3.748275041580200E-001,-3.825463820248842E-003,4.891844838857651E-002,-9.194746613502502E-001,-3.748275041580200E-001,
9.159000000000000E+008,-7.210663519799709E-003,4.252820089459419E-002,-9.242369532585144E-001,-3.475201427936554E-001,-7.210663519799709E-003,4.252820089459419E-002,-9.242369532585144E-001,-3.475201427936554E-001,
9.242666666666668E+008,-1.263119187206030E-002,4.197564721107483E-002,-9.307298660278320E-001,-3.327739834785461E-001,-1.263119187206030E-002,4.197564721107483E-002,-9.307298660278320E-001,-3.327739834785461E-001,
9.326333333333334E+008,-1.922440715134144E-002,4.280165582895279E-002,-9.452809691429138E-001,-3.026918470859528E-001,-1.922440715134144E-002,4.280165582895279E-002,-9.452809691429138E-001,-3.026918470859528E-001,
9.410000000000000E+008,-2.206026017665863E-002,4.857302829623222E-002,-9.505699276924133E-001,-2.777830362319946E-001,-2.206026017665863E-002,4.857302829623222E-002,-9.505699276924133E-001,-2.777830362319946E-001,
9.493666666666668E+008,-2.250868082046509E-002,5.695720762014389E-002,-9.533536434173584E-001,-2.490002661943436E-001,-2.250868082046509E-002,5.695720762014389E-002,-9.533536434173584E-001,-2.490002661943436E-001,
9.577333333333334E+008,-1.820215024054050E-002,6.378561258316040E-002,-9.619195461273193E-001,-2.133249193429947E-001,-1.820215024054050E-002,6.378561258316040E-002,-9.619195461273193E-001,-2.133249193429947E-001,
9.661000000000000E+008,-9.796644560992718E-003,7.240518927574158E-002,-9.656457901000977E-001,-1.925085186958313E-001,-9.796644560992718E-003,7.240518927574158E-002,-9.656457901000977E-001,-1.925085186958313E-001,
9.744666666666668E+008,-2.032419666647911E-003,7.654399424791336E-002,-9.737930893898010E-001,-1.797708272933960E-001,-2.032419666647911E-003,7.654399424791336E-002,-9.737930893898010E-001,-1.797708272933960E-001,
9.828333333333334E+008,1.013951562345028E-002,7.489814609289169E-002,-9.778457880020142E-001,-1.464948952198029E-001,1.013951562345028E-002,7.489814609289169E-002,-9.778457880020142E-001,-1.464948952198029E-001,
9.912000000000000E+008,1.930277422070503E-002,7.061205804347992E-002,-9.729061722755432E-001,-1.386549025774002E-001,1.930277422070503E-002,7.061205804347992E-002,-9.729061722755432E-001,-1.386549025774002E-001,
9.995666666666668E+008,2.251888997852802E-002,6.147893145680428E-002,-1.001566410064697E+000,-1.028337255120277E-001,2.251888997852802E-002,6.147893145680428E-002,-1.001566410064697E+000,-1.028337255120277E-001,
1.007933333333333E+009,2.222148142755032E-002,5.245355516672134E-002,-9.839123487472534E-001,-8.788822591304779E-002,2.222148142755032E-002,5.245355516672134E-002,-9.839123487472534E-001,-8.788822591304779E-002,
1.016300000000000E+009,1.959995552897453E-002,4.451918601989746E-002,-9.875334501266480E-001,-5.955831333994865E-002,1.959995552897453E-002,4.451918601989746E-002,-9.875334501266480E-001,-5.955831333994865E-002,
1.024666666666667E+009,1.196861173957586E-002,4.297412931919098E-002,-9.893401265144348E-001,-2.423575147986412E-002,1.196861173957586E-002,4.297412931919098E-002,-9.893401265144348E-001,-2.423575147986412E-002,
1.033033333333333E+009,4.886196460574865E-003,4.527780041098595E-002,-9.979951381683350E-001,-2.605248615145683E-002,4.886196460574865E-003,4.527780041098595E-002,-9.979951381683350E-001,-2.605248615145683E-002,
1.041400000000000E+009,-1.443849527277052E-003,5.036439001560211E-002,-9.795269370079041E-001,3.061043098568916E-002,-1.443849527277052E-003,5.036439001560211E-002,-9.795269370079041E-001,3.061043098568916E-002,
1.049766666666667E+009,3.138541069347411E-004,5.953438580036163E-002,-9.882932305335999E-001,5.067804828286171E-002,3.138541069347411E-004,5.953438580036163E-002,-9.882932305335999E-001,5.067804828286171E-002,
1.058133333333333E+009,7.053593173623085E-003,6.713036447763443E-002,-9.729757905006409E-001,7.989760488271713E-002,7.053593173623085E-003,6.713036447763443E-002,-9.729757905006409E-001,7.989760488271713E-002,
1.066500000000000E+009,1.626519300043583E-002,7.185541093349457E-002,-9.728220701217651E-001,8.920435607433319E-002,1.626519300043583E-002,7.185541093349457E-002,-9.728220701217651E-001,8.920435607433319E-002,
1.074866666666667E+009,3.117679618299007E-002,7.378979772329330E-002,-9.655243158340454E-001,1.453023999929428E-001,3.117679618299007E-002,7.378979772329330E-002,-9.655243158340454E-001,1.453023999929428E-001,
1.083233333333334E+009,4.171875119209290E-002,6.565161794424057E-002,-9.740685820579529E-001,1.515823900699616E-001,4.171875119209290E-002,6.565161794424057E-002,-9.740685820579529E-001,1.515823900699616E-001,
1.091600000000000E+009,4.774230346083641E-002,5.532694235444069E-002,-9.662988781929016E-001,1.725268363952637E-001,4.774230346083641E-002,5.532694235444069E-002,-9.662988781929016E-001,1.725268363952637E-001,
1.099966666666667E+009,4.679183661937714E-002,4.396227002143860E-002,-9.755901694297791E-001,1.869628429412842E-001,4.679183661937714E-002,4.396227002143860E-002,-9.755901694297791E-001,1.869628429412842E-001,
1.108333333333334E+009,4.094991832971573E-002,3.026338480412960E-002,-9.671998023986816E-001,2.054894417524338E-001,4.094991832971573E-002,3.026338480412960E-002,-9.671998023986816E-001,2.054894417524338E-001,
1.116700000000000E+009,2.679302170872688E-002,2.825166098773480E-002,-9.671339392662048E-001,2.549371421337128E-001,2.679302170872688E-002,2.825166098773480E-002,-9.671339392662048E-001,2.549371421337128E-001,
1.125066666666667E+009,1.553583052009344E-002,3.055916540324688E-002,-9.521512985229492E-001,2.763427495956421E-001,1.553583052009344E-002,3.055916540324688E-002,-9.521512985229492E-001,2.763427495956421E-001,
1.133433333333334E+009,7.429774384945631E-003,4.086605086922646E-002,-9.552877545356751E-001,2.945960760116577E-001,7.429774384945631E-003,4.086605086922646E-002,-9.552877545356751E-001,2.945960760116577E-001,
1.141800000000000E+009,6.137243472039700E-003,5.635695904493332E-002,-9.165064096450806E-001,3.180779814720154E-001,6.137243472039700E-003,5.635695904493332E-002,-9.165064096450806E-001,3.180779814720154E-001,
1.150166666666667E+009,1.464743353426457E-002,6.868988275527954E-002,-9.236771464347839E-001,3.399598300457001E-001,1.464743353426457E-002,6.868988275527954E-002,-9.236771464347839E-001,3.399598300457001E-001,
1.158533333333334E+009,3.289752453565598E-002,7.871457934379578E-002,-9.167510867118835E-001,3.629563748836517E-001,3.289752453565598E-002,7.871457934379578E-002,-9.167510867118835E-001,3.629563748836517E-001,
1.166900000000000E+009,4.910500347614288E-002,7.701192796230316E-002,-8.990597724914551E-001,3.933316171169281E-001,4.910500347614288E-002,7.701192796230316E-002,-8.990597724914551E-001,3.933316171169281E-001,
1.175266666666667E+009,6.682331115007401E-002,6.887664645910263E-002,-8.854447007179260E-001,4.152294695377350E-001,6.682331115007401E-002,6.887664645910263E-002,-8.854447007179260E-001,4.152294695377350E-001,
1.183633333333334E+009,7.742538303136826E-002,5.414139851927757E-002,-8.852784037590027E-001,4.470650255680084E-001,7.742538303136826E-002,5.414139851927757E-002,-8.852784037590027E-001,4.470650255680084E-001,
1.192000000000000E+009,7.952541112899780E-002,3.506667912006378E-002,-8.785210847854614E-001,4.560516476631165E-001,7.952541112899780E-002,3.506667912006378E-002,-8.785210847854614E-001,4.560516476631165E-001,
1.200366666666667E+009,7.076763361692429E-002,1.817873492836952E-002,-8.594847917556763E-001,4.783788919448853E-001,7.076763361692429E-002,1.817873492836952E-002,-8.594847917556763E-001,4.783788919448853E-001,
1.208733333333334E+009,5.445122718811035E-002,9.015062823891640E-003,-8.455477356910706E-001,5.005244016647339E-001,5.445122718811035E-002,9.015062823891640E-003,-8.455477356910706E-001,5.005244016647339E-001,
1.217100000000000E+009,3.933927789330483E-002,7.849119603633881E-003,-8.390041589736939E-001,5.180276036262512E-001,3.933927789330483E-002,7.849119603633881E-003,-8.390041589736939E-001,5.180276036262512E-001,
1.225466666666667E+009,2.411373704671860E-002,2.091618627309799E-002,-8.159988522529602E-001,5.402814745903015E-001,2.411373704671860E-002,2.091618627309799E-002,-8.159988522529602E-001,5.402814745903015E-001,
1.233833333333334E+009,1.968751661479473E-002,3.498966246843338E-002,-8.071516156196594E-001,5.638034343719482E-001,1.968751661479473E-002,3.498966246843338E-002,-8.071516156196594E-001,5.638034343719482E-001,
1.242200000000000E+009,2.639611065387726E-002,5.212387442588806E-002,-7.950273752212524E-001,6.014306545257568E-001,2.639611065387726E-002,5.212387442588806E-002,-7.950273752212524E-001,6.014306545257568E-001,
1.250566666666667E+009,4.378255084156990E-002,6.186812743544579E-002,-7.766444087028503E-001,6.046005487442017E-001,4.378255084156990E-002,6.186812743544579E-002,-7.766444087028503E-001,6.046005487442017E-001,
1.258933333333334E+009,6.305302679538727E-002,6.104665994644165E-002,-7.639186382293701E-001,6.225230097770691E-001,6.305302679538727E-002,6.104665994644165E-002,-7.639186382293701E-001,6.225230097770691E-001,
1.267300000000000E+009,8.101233094930649E-002,5.260565131902695E-002,-7.399557232856751E-001,6.412585973739624E-001,8.101233094930649E-002,5.260565131902695E-002,-7.399557232856751E-001,6.412585973739624E-001,
1.275666666666667E+009,9.235078096389771E-002,3.172662481665611E-002,-7.469421029090881E-001,6.463578939437866E-001,9.235078096389771E-002,3.172662481665611E-002,-7.469421029090881E-001,6.463578939437866E-001,
1.284033333333334E+009,9.401249885559082E-002,1.101805921643972E-002,-7.100228667259216E-001,6.847144961357117E-001,9.401249885559082E-002,1.101805921643972E-002,-7.100228667259216E-001,6.847144961357117E-001,
1.292400000000000E+009,8.166338503360748E-002,-7.743403781205416E-003,-7.010475993156433E-001,7.035069465637207E-001,8.166338503360748E-002,-7.743403781205416E-003,-7.010475993156433E-001,7.035069465637207E-001,
1.300766666666667E+009,6.412351131439209E-002,-1.687657274305821E-002,-6.860665678977966E-001,7.163563966751099E-001,6.412351131439209E-002,-1.687657274305821E-002,-6.860665678977966E-001,7.163563966751099E-001,
1.309133333333334E+009,4.260324686765671E-002,-1.534225139766932E-002,-6.635683178901672E-001,7.391256093978882E-001,4.260324686765671E-002,-1.534225139766932E-002,-6.635683178901672E-001,7.391256093978882E-001,
1.317500000000000E+009,2.941856347024441E-002,-3.417740110307932E-003,-6.474508643150330E-001,7.579537034034729E-001,2.941856347024441E-002,-3.417740110307932E-003,-6.474508643150330E-001,7.579537034034729E-001,
1.325866666666667E+009,2.410471811890602E-002,1.354704424738884E-002,-6.196057796478272E-001,7.724837064743042E-001,2.410471811890602E-002,1.354704424738884E-002,-6.196057796478272E-001,7.724837064743042E-001,
1.334233333333334E+009,3.040121868252754E-002,3.083746321499348E-002,-6.013948917388916E-001,7.846345901489258E-001,3.040121868252754E-002,3.083746321499348E-002,-6.013948917388916E-001,7.846345901489258E-001,
1.342600000000000E+009,4.685221612453461E-002,3.845764696598053E-002,-5.843266248703003E-001,7.942104339599609E-001,4.685221612453461E-002,3.845764696598053E-002,-5.843266248703003E-001,7.942104339599609E-001,
1.350966666666667E+009,6.578452140092850E-002,3.690900281071663E-002,-5.480697751045227E-001,8.152363896369934E-001,6.578452140092850E-002,3.690900281071663E-002,-5.480697751045227E-001,8.152363896369934E-001,
1.359333333333334E+009,8.223471790552139E-002,2.546399831771851E-002,-5.379197597503662E-001,8.216344714164734E-001,8.223471790552139E-002,2.546399831771851E-002,-5.379197597503662E-001,8.216344714164734E-001,
1.367700000000000E+009,8.835696429014206E-002,5.035935435444117E-003,-5.195599794387817E-001,8.329922556877136E-001,8.835696429014206E-002,5.035935435444117E-003,-5.195599794387817E-001,8.329922556877136E-001,
1.376066666666667E+009,8.448342233896256E-002,-1.632726378738880E-002,-4.962560236454010E-001,8.473169207572937E-001,8.448342233896256E-002,-1.632726378738880E-002,-4.962560236454010E-001,8.473169207572937E-001,
1.384433333333334E+009,6.856533885002136E-002,-3.230566531419754E-002,-4.797605276107788E-001,8.736028075218201E-001,6.856533885002136E-002,-3.230566531419754E-002,-4.797605276107788E-001,8.736028075218201E-001,
1.392800000000000E+009,4.800016805529594E-002,-3.701565787196159E-002,-4.660065770149231E-001,8.885122537612915E-001,4.800016805529594E-002,-3.701565787196159E-002,-4.660065770149231E-001,8.885122537612915E-001,
1.401166666666667E+009,2.649037539958954E-002,-2.925608679652214E-002,-4.354316592216492E-001,8.887116909027100E-001,2.649037539958954E-002,-2.925608679652214E-002,-4.354316592216492E-001,8.887116909027100E-001,
1.409533333333334E+009,1.318641100078821E-002,-1.172658987343311E-002,-4.109301567077637E-001,8.997809290885925E-001,1.318641100078821E-002,-1.172658987343311E-002,-4.109301567077637E-001,8.997809290885925E-001,
1.417900000000000E+009,1.123127620667219E-002,1.083000283688307E-002,-3.761638104915619E-001,9.123395681381226E-001,1.123127620667219E-002,1.083000283688307E-002,-3.761638104915619E-001,9.123395681381226E-001,
1.426266666666667E+009,2.123095653951168E-002,3.028379194438458E-002,-3.584929108619690E-001,9.230974912643433E-001,2.123095653951168E-002,3.028379194438458E-002,-3.584929108619690E-001,9.230974912643433E-001,
1.434633333333334E+009,4.067374020814896E-002,3.892095014452934E-002,-3.400590717792511E-001,9.272993206977844E-001,4.067374020814896E-002,3.892095014452934E-002,-3.400590717792511E-001,9.272993206977844E-001,
1.443000000000000E+009,6.409253180027008E-002,3.429679945111275E-002,-3.143212199211121E-001,9.363452792167664E-001,6.409253180027008E-002,3.429679945111275E-002,-3.143212199211121E-001,9.363452792167664E-001,
1.451366666666667E+009,7.914241403341293E-002,2.029371820390225E-002,-2.805677056312561E-001,9.423345923423767E-001,7.914241403341293E-002,2.029371820390225E-002,-2.805677056312561E-001,9.423345923423767E-001,
1.459733333333334E+009,8.891227096319199E-002,-2.267573028802872E-003,-2.687049210071564E-001,9.394847750663757E-001,8.891227096319199E-002,-2.267573028802872E-003,-2.687049210071564E-001,9.394847750663757E-001,
1.468100000000000E+009,8.184825628995895E-002,-2.274090237915516E-002,-2.478480488061905E-001,9.526630043983460E-001,8.184825628995895E-002,-2.274090237915516E-002,-2.478480488061905E-001,9.526630043983460E-001,
1.476466666666667E+009,6.484913080930710E-002,-3.705852106213570E-002,-2.229462563991547E-001,9.608724117279053E-001,6.484913080930710E-002,-3.705852106213570E-002,-2.229462563991547E-001,9.608724117279053E-001,
1.484833333333334E+009,4.359777271747589E-002,-4.228196293115616E-002,-2.066243737936020E-001,9.591636657714844E-001,4.359777271747589E-002,-4.228196293115616E-002,-2.066243737936020E-001,9.591636657714844E-001,
1.493200000000000E+009,2.594755589962006E-002,-3.187836334109306E-002,-1.751397550106049E-001,9.762782454490662E-001,2.594755589962006E-002,-3.187836334109306E-002,-1.751397550106049E-001,9.762782454490662E-001,
1.501566666666667E+009,1.245289482176304E-002,-1.343783084303141E-002,-1.639987379312515E-001,9.810094833374023E-001,1.245289482176304E-002,-1.343783084303141E-002,-1.639987379312515E-001,9.810094833374023E-001,
1.509933333333334E+009,1.312478259205818E-002,7.980000227689743E-003,-1.222603842616081E-001,9.814212918281555E-001,1.312478259205818E-002,7.980000227689743E-003,-1.222603842616081E-001,9.814212918281555E-001,
1.518300000000000E+009,2.783907204866409E-002,2.464340627193451E-002,-9.237024188041687E-002,9.741640090942383E-001,2.783907204866409E-002,2.464340627193451E-002,-9.237024188041687E-002,9.741640090942383E-001,
1.526666666666667E+009,4.700444638729096E-002,3.291923180222511E-002,-7.263459265232086E-002,9.797906875610352E-001,4.700444638729096E-002,3.291923180222511E-002,-7.263459265232086E-002,9.797906875610352E-001,
1.535033333333334E+009,6.975977867841721E-002,2.693827822804451E-002,-4.693998023867607E-002,9.894952774047852E-001,6.975977867841721E-002,2.693827822804451E-002,-4.693998023867607E-002,9.894952774047852E-001,
1.543400000000000E+009,8.520175516605377E-002,1.158572174608707E-002,-2.049371600151062E-002,9.865413308143616E-001,8.520175516605377E-002,1.158572174608707E-002,-2.049371600151062E-002,9.865413308143616E-001,
1.551766666666667E+009,9.078593552112579E-002,-1.128543447703123E-002,3.362570190802217E-003,9.806311726570129E-001,9.078593552112579E-002,-1.128543447703123E-002,3.362570190802217E-003,9.806311726570129E-001,
1.560133333333334E+009,8.310797065496445E-002,-2.948616817593575E-002,3.344968706369400E-002,9.743758440017700E-001,8.310797065496445E-002,-2.948616817593575E-002,3.344968706369400E-002,9.743758440017700E-001,
1.568500000000000E+009,6.738232076168060E-002,-4.491650313138962E-002,5.423480272293091E-002,9.937155842781067E-001,6.738232076168060E-002,-4.491650313138962E-002,5.423480272293091E-002,9.937155842781067E-001,
1.576866666666667E+009,4.556904733181000E-002,-4.822582378983498E-002,7.293148338794708E-002,9.791979193687439E-001,4.556904733181000E-002,-4.822582378983498E-002,7.293148338794708E-002,9.791979193687439E-001,
1.585233333333334E+009,2.923893742263317E-002,-4.019754752516747E-002,1.052197590470314E-001,9.831064343452454E-001,2.923893742263317E-002,-4.019754752516747E-002,1.052197590470314E-001,9.831064343452454E-001,
1.593600000000000E+009,2.191318199038506E-002,-2.268567495048046E-002,1.377523243427277E-001,9.796553254127502E-001,2.191318199038506E-002,-2.268567495048046E-002,1.377523243427277E-001,9.796553254127502E-001,
1.601966666666667E+009,2.206535078585148E-002,-4.605257883667946E-003,1.521508544683456E-001,9.691248536109924E-001,2.206535078585148E-002,-4.605257883667946E-003,1.521508544683456E-001,9.691248536109924E-001,
1.610333333333334E+009,3.503592684864998E-002,1.035685557872057E-002,1.850083768367767E-001,9.688857197761536E-001,3.503592684864998E-002,1.035685557872057E-002,1.850083768367767E-001,9.688857197761536E-001,
1.618700000000000E+009,5.326077714562416E-002,1.419054158031941E-002,2.007979750633240E-001,9.644618630409241E-001,5.326077714562416E-002,1.419054158031941E-002,2.007979750633240E-001,9.644618630409241E-001,
1.627066666666667E+009,6.885161995887756E-002,7.343892939388752E-003,2.262571007013321E-001,9.557187557220459E-001,6.885161995887756E-002,7.343892939388752E-003,2.262571007013321E-001,9.557187557220459E-001,
1.635433333333334E+009,7.965786755084992E-002,-6.599523592740297E-003,2.556706368923187E-001,9.509752988815308E-001,7.965786755084992E-002,-6.599523592740297E-003,2.556706368923187E-001,9.509752988815308E-001,
1.643800000000000E+009,7.951470464468002E-002,-2.460358664393425E-002,2.731859683990479E-001,9.334663152694702E-001,7.951470464468002E-002,-2.460358664393425E-002,2.731859683990479E-001,9.334663152694702E-001,
1.652166666666667E+009,7.377229630947113E-002,-4.261501878499985E-002,3.004533946514130E-001,9.414771199226379E-001,7.377229630947113E-002,-4.261501878499985E-002,3.004533946514130E-001,9.414771199226379E-001,
1.660533333333334E+009,5.962393805384636E-002,-5.196915939450264E-002,3.216774463653565E-001,9.319349527359009E-001,5.962393805384636E-002,-5.196915939450264E-002,3.216774463653565E-001,9.319349527359009E-001,
1.668900000000000E+009,4.145702719688416E-002,-5.172930285334587E-002,3.663697540760040E-001,9.251984357833862E-001,4.145702719688416E-002,-5.172930285334587E-002,3.663697540760040E-001,9.251984357833862E-001,
1.677266666666667E+009,2.732445858418942E-002,-4.243605211377144E-002,3.702890276908875E-001,9.105294942855835E-001,2.732445858418942E-002,-4.243605211377144E-002,3.702890276908875E-001,9.105294942855835E-001,
1.685633333333334E+009,2.315253019332886E-002,-2.761559560894966E-002,3.948105275630951E-001,9.059923291206360E-001,2.315253019332886E-002,-2.761559560894966E-002,3.948105275630951E-001,9.059923291206360E-001,
1.694000000000000E+009,2.642124332487583E-002,-1.110888179391623E-002,4.154512882232666E-001,8.925131559371948E-001,2.642124332487583E-002,-1.110888179391623E-002,4.154512882232666E-001,8.925131559371948E-001,
1.702366666666667E+009,3.933931142091751E-002,-1.120429369620979E-004,4.388892650604248E-001,8.846718072891235E-001,3.933931142091751E-002,-1.120429369620979E-004,4.388892650604248E-001,8.846718072891235E-001,
1.710733333333334E+009,5.499343201518059E-002,1.956317573785782E-003,4.602864086627960E-001,8.627003431320190E-001,5.499343201518059E-002,1.956317573785782E-003,4.602864086627960E-001,8.627003431320190E-001,
1.719100000000000E+009,7.109308987855911E-002,-5.229447968304157E-003,4.805278182029724E-001,8.512240052223206E-001,7.109308987855911E-002,-5.229447968304157E-003,4.805278182029724E-001,8.512240052223206E-001,
1.727466666666667E+009,8.202469348907471E-002,-1.947544887661934E-002,5.029418468475342E-001,8.478004932403565E-001,8.202469348907471E-002,-1.947544887661934E-002,5.029418468475342E-001,8.478004932403565E-001,
1.735833333333334E+009,8.554118871688843E-002,-3.651901707053185E-002,5.250544548034668E-001,8.295159339904785E-001,8.554118871688843E-002,-3.651901707053185E-002,5.250544548034668E-001,8.295159339904785E-001,
1.744200000000000E+009,7.951449602842331E-002,-5.505665764212608E-002,5.424179434776306E-001,8.197641968727112E-001,7.951449602842331E-002,-5.505665764212608E-002,5.424179434776306E-001,8.197641968727112E-001,
1.752566666666667E+009,6.609690189361572E-002,-6.581214815378189E-002,5.673909783363342E-001,7.929540872573853E-001,6.609690189361572E-002,-6.581214815378189E-002,5.673909783363342E-001,7.929540872573853E-001,
1.760933333333334E+009,5.005719140172005E-002,-7.042087614536285E-002,5.881393551826477E-001,7.885083556175232E-001,5.005719140172005E-002,-7.042087614536285E-002,5.881393551826477E-001,7.885083556175232E-001,
1.769300000000000E+009,3.524409234523773E-002,-6.628167629241943E-002,5.930830836296082E-001,7.800014019012451E-001,3.524409234523773E-002,-6.628167629241943E-002,5.930830836296082E-001,7.800014019012451E-001,
1.777666666666667E+009,2.310559898614883E-002,-5.769351497292519E-002,6.273642182350159E-001,7.524770498275757E-001,2.310559898614883E-002,-5.769351497292519E-002,6.273642182350159E-001,7.524770498275757E-001,
1.786033333333334E+009,2.189658209681511E-002,-4.437671229243279E-002,6.484361886978149E-001,7.441400289535523E-001,2.189658209681511E-002,-4.437671229243279E-002,6.484361886978149E-001,7.441400289535523E-001,
1.794400000000000E+009,2.479767985641956E-002,-3.155854716897011E-002,6.653130650520325E-001,7.283046245574951E-001,2.479767985641956E-002,-3.155854716897011E-002,6.653130650520325E-001,7.283046245574951E-001,
1.802766666666667E+009,3.402219712734222E-002,-2.603403478860855E-002,6.887297630310059E-001,7.053463459014893E-001,3.402219712734222E-002,-2.603403478860855E-002,6.887297630310059E-001,7.053463459014893E-001,
1.811133333333334E+009,4.550460726022720E-002,-2.454918064177036E-002,7.072310447692871E-001,6.943053007125855E-001,4.550460726022720E-002,-2.454918064177036E-002,7.072310447692871E-001,6.943053007125855E-001,
1.819500000000000E+009,5.371522903442383E-002,-2.915136329829693E-002,7.147556543350220E-001,6.766390204429627E-001,5.371522903442383E-002,-2.915136329829693E-002,7.147556543350220E-001,6.766390204429627E-001,
1.827866666666667E+009,6.085458397865295E-002,-3.801641985774040E-002,7.331745624542236E-001,6.550557017326355E-001,6.085458397865295E-002,-3.801641985774040E-002,7.331745624542236E-001,6.550557017326355E-001,
1.836233333333334E+009,5.866482108831406E-002,-4.936810210347176E-002,7.510879039764404E-001,6.327664256095886E-001,5.866482108831406E-002,-4.936810210347176E-002,7.510879039764404E-001,6.327664256095886E-001,
1.844600000000000E+009,5.339746549725533E-002,-5.878071486949921E-002,7.707029581069946E-001,6.094726920127869E-001,5.339746549725533E-002,-5.878071486949921E-002,7.707029581069946E-001,6.094726920127869E-001,
1.852966666666667E+009,4.616593942046166E-002,-6.336753070354462E-002,7.810520529747009E-001,5.863278508186340E-001,4.616593942046166E-002,-6.336753070354462E-002,7.810520529747009E-001,5.863278508186340E-001,
1.861333333333334E+009,3.635627031326294E-002,-6.575717777013779E-002,8.000488877296448E-001,5.729056596755981E-001,3.635627031326294E-002,-6.575717777013779E-002,8.000488877296448E-001,5.729056596755981E-001,
1.869700000000000E+009,2.808203361928463E-002,-6.139669194817543E-002,8.088114857673645E-001,5.562302470207214E-001,2.808203361928463E-002,-6.139669194817543E-002,8.088114857673645E-001,5.562302470207214E-001,
1.878066666666667E+009,2.437930367887020E-002,-5.349782854318619E-002,8.253409862518311E-001,5.287646055221558E-001,2.437930367887020E-002,-5.349782854318619E-002,8.253409862518311E-001,5.287646055221558E-001,
1.886433333333334E+009,2.573275752365589E-002,-4.521916434168816E-002,8.333699703216553E-001,5.131939053535461E-001,2.573275752365589E-002,-4.521916434168816E-002,8.333699703216553E-001,5.131939053535461E-001,
1.894800000000000E+009,3.241732716560364E-002,-3.963034227490425E-002,8.547189235687256E-001,4.888578653335571E-001,3.241732716560364E-002,-3.963034227490425E-002,8.547189235687256E-001,4.888578653335571E-001,
1.903166666666667E+009,4.169531539082527E-002,-3.850055113434792E-002,8.654673695564270E-001,4.663167595863342E-001,4.169531539082527E-002,-3.850055113434792E-002,8.654673695564270E-001,4.663167595863342E-001,
1.911533333333334E+009,5.140796676278114E-002,-4.137587919831276E-002,8.785722851753235E-001,4.495139122009277E-001,5.140796676278114E-002,-4.137587919831276E-002,8.785722851753235E-001,4.495139122009277E-001,
1.919900000000000E+009,5.839834734797478E-002,-4.854251444339752E-002,8.969801664352417E-001,4.217169880867004E-001,5.839834734797478E-002,-4.854251444339752E-002,8.969801664352417E-001,4.217169880867004E-001,
1.928266666666667E+009,6.196584179997444E-002,-5.996825918555260E-002,8.952757716178894E-001,3.964824378490448E-001,6.196584179997444E-002,-5.996825918555260E-002,8.952757716178894E-001,3.964824378490448E-001,
1.936633333333334E+009,5.701452121138573E-002,-7.335326820611954E-002,9.046544432640076E-001,3.821263909339905E-001,5.701452121138573E-002,-7.335326820611954E-002,9.046544432640076E-001,3.821263909339905E-001,
1.945000000000000E+009,4.853540286421776E-002,-8.248824626207352E-002,9.100530743598938E-001,3.622633516788483E-001,4.853540286421776E-002,-8.248824626207352E-002,9.100530743598938E-001,3.622633516788483E-001,
1.953366666666667E+009,3.586654737591744E-002,-8.898685872554779E-002,9.192904829978943E-001,3.262645006179810E-001,3.586654737591744E-002,-8.898685872554779E-002,9.192904829978943E-001,3.262645006179810E-001,
1.961733333333334E+009,2.273692190647125E-002,-8.779255300760269E-002,9.335985779762268E-001,3.139424622058868E-001,2.273692190647125E-002,-8.779255300760269E-002,9.335985779762268E-001,3.139424622058868E-001,
1.970100000000000E+009,1.178428623825312E-002,-7.935579866170883E-002,9.399392008781433E-001,2.865317165851593E-001,1.178428623825312E-002,-7.935579866170883E-002,9.399392008781433E-001,2.865317165851593E-001,
1.978466666666667E+009,1.021527778357267E-002,-6.750993430614471E-002,9.478478431701660E-001,2.675268948078156E-001,1.021527778357267E-002,-6.750993430614471E-002,9.478478431701660E-001,2.675268948078156E-001,
1.986833333333334E+009,1.171898562461138E-002,-5.665646865963936E-002,9.498650431632996E-001,2.326647192239761E-001,1.171898562461138E-002,-5.665646865963936E-002,9.498650431632996E-001,2.326647192239761E-001,
1.995200000000000E+009,2.146091684699059E-002,-4.706799983978272E-002,9.558753371238709E-001,2.155970782041550E-001,2.146091684699059E-002,-4.706799983978272E-002,9.558753371238709E-001,2.155970782041550E-001,
2.003566666666667E+009,3.498291596770287E-002,-4.616447910666466E-002,9.602209329605103E-001,1.887489259243012E-001,3.498291596770287E-002,-4.616447910666466E-002,9.602209329605103E-001,1.887489259243012E-001,
2.011933333333334E+009,4.891004040837288E-002,-5.340384691953659E-002,9.675583243370056E-001,1.637996733188629E-001,4.891004040837288E-002,-5.340384691953659E-002,9.675583243370056E-001,1.637996733188629E-001,
2.020300000000000E+009,5.843302235007286E-002,-6.653672456741333E-002,9.692675471305847E-001,1.327482461929321E-001,5.843302235007286E-002,-6.653672456741333E-002,9.692675471305847E-001,1.327482461929321E-001,
2.028666666666667E+009,5.831329897046089E-002,-8.322053402662277E-002,9.773147702217102E-001,1.102275699377060E-001,5.831329897046089E-002,-8.322053402662277E-002,9.773147702217102E-001,1.102275699377060E-001,
2.037033333333334E+009,4.922896996140480E-002,-9.898792207241058E-002,9.743530750274658E-001,8.248678594827652E-002,4.922896996140480E-002,-9.898792207241058E-002,9.743530750274658E-001,8.248678594827652E-002,
2.045400000000000E+009,3.485649451613426E-002,-1.100992560386658E-001,9.764111638069153E-001,6.249420344829559E-002,3.485649451613426E-002,-1.100992560386658E-001,9.764111638069153E-001,6.249420344829559E-002,
2.053766666666667E+009,1.534894853830338E-002,-1.117731481790543E-001,9.772112965583801E-001,3.869248926639557E-002,1.534894853830338E-002,-1.117731481790543E-001,9.772112965583801E-001,3.869248926639557E-002,
2.062133333333334E+009,3.131158300675452E-004,-1.049868613481522E-001,9.755433201789856E-001,1.152411289513111E-002,3.131158300675452E-004,-1.049868613481522E-001,9.755433201789856E-001,1.152411289513111E-002,
2.070500000000000E+009,-1.097740791738033E-002,-9.020622074604034E-002,9.702547788619995E-001,-5.123225972056389E-003,-1.097740791738033E-002,-9.020622074604034E-002,9.702547788619995E-001,-5.123225972056389E-003,
2.078866666666667E+009,-6.713448092341423E-003,-7.601876556873322E-002,9.797722697257996E-001,-3.167089074850082E-002,-6.713448092341423E-003,-7.601876556873322E-002,9.797722697257996E-001,-3.167089074850082E-002,
2.087233333333334E+009,4.818949382752180E-003,-6.468366831541061E-002,9.820274114608765E-001,-5.701669305562973E-002,4.818949382752180E-003,-6.468366831541061E-002,9.820274114608765E-001,-5.701669305562973E-002,
2.095600000000000E+009,2.053988352417946E-002,-6.225608661770821E-002,9.821930527687073E-001,-8.382047712802887E-002,2.053988352417946E-002,-6.225608661770821E-002,9.821930527687073E-001,-8.382047712802887E-002,
2.103966666666667E+009,3.678638488054276E-002,-7.180383056402206E-002,9.751443266868591E-001,-1.143698543310165E-001,3.678638488054276E-002,-7.180383056402206E-002,9.751443266868591E-001,-1.143698543310165E-001,
2.112333333333334E+009,4.621232673525810E-002,-8.923919498920441E-002,9.726594686508179E-001,-1.389744579792023E-001,4.621232673525810E-002,-8.923919498920441E-002,9.726594686508179E-001,-1.389744579792023E-001,
2.120700000000000E+009,4.637689515948296E-002,-1.116217747330666E-001,9.690369367599487E-001,-1.646654009819031E-001,4.637689515948296E-002,-1.116217747330666E-001,9.690369367599487E-001,-1.646654009819031E-001,
2.129066666666667E+009,3.367611020803452E-002,-1.310818046331406E-001,9.652481675148010E-001,-1.855739355087280E-001,3.367611020803452E-002,-1.310818046331406E-001,9.652481675148010E-001,-1.855739355087280E-001,
2.137433333333334E+009,9.979470632970333E-003,-1.420360654592514E-001,9.413718581199646E-001,-2.064279764890671E-001,9.979470632970333E-003,-1.420360654592514E-001,9.413718581199646E-001,-2.064279764890671E-001,
2.145800000000000E+009,-1.654122583568096E-002,-1.422664672136307E-001,9.476833343505859E-001,-2.304699122905731E-001,-1.654122583568096E-002,-1.422664672136307E-001,9.476833343505859E-001,-2.304699122905731E-001,
2.154166666666667E+009,-3.723395243287087E-002,-1.294609457254410E-001,9.435968995094299E-001,-2.516461312770844E-001,-3.723395243287087E-002,-1.294609457254410E-001,9.435968995094299E-001,-2.516461312770844E-001,
2.162533333333334E+009,-5.218156799674034E-002,-1.096597015857697E-001,9.408807754516602E-001,-2.793888747692108E-001,-5.218156799674034E-002,-1.096597015857697E-001,9.408807754516602E-001,-2.793888747692108E-001,
2.170900000000000E+009,-4.901515692472458E-002,-8.727351576089859E-002,9.367823600769043E-001,-3.027009963989258E-001,-4.901515692472458E-002,-8.727351576089859E-002,9.367823600769043E-001,-3.027009963989258E-001,
2.179266666666667E+009,-3.703389689326286E-002,-7.020399719476700E-002,9.290409088134766E-001,-3.330035805702210E-001,-3.703389689326286E-002,-7.020399719476700E-002,9.290409088134766E-001,-3.330035805702210E-001,
2.187633333333334E+009,-1.424155384302139E-002,-6.621149182319641E-002,9.162997603416443E-001,-3.544777631759644E-001,-1.424155384302139E-002,-6.621149182319641E-002,9.162997603416443E-001,-3.544777631759644E-001,
2.196000000000000E+009,6.424231454730034E-003,-7.337942719459534E-002,9.106876850128174E-001,-3.770332038402557E-001,6.424231454730034E-003,-7.337942719459534E-002,9.106876850128174E-001,-3.770332038402557E-001,
2.204366666666667E+009,2.103980816900730E-002,-9.457603842020035E-002,9.043595790863037E-001,-4.016331434249878E-001,2.103980816900730E-002,-9.457603842020035E-002,9.043595790863037E-001,-4.016331434249878E-001,
2.212733333333334E+009,1.819179765880108E-002,-1.209827587008476E-001,8.849569559097290E-001,-4.207607805728912E-001,1.819179765880108E-002,-1.209827587008476E-001,8.849569559097290E-001,-4.207607805728912E-001,
2.221100000000000E+009,1.566783175803721E-003,-1.426441222429276E-001,8.720120787620544E-001,-4.394420981407166E-001,1.566783175803721E-003,-1.426441222429276E-001,8.720120787620544E-001,-4.394420981407166E-001,
2.229466666666667E+009,-2.333859167993069E-002,-1.559751033782959E-001,8.543539643287659E-001,-4.562047421932221E-001,-2.333859167993069E-002,-1.559751033782959E-001,8.543539643287659E-001,-4.562047421932221E-001,
2.237833333333334E+009,-5.320457741618156E-002,-1.527825593948364E-001,8.455531001091003E-001,-4.821882247924805E-001,-5.320457741618156E-002,-1.527825593948364E-001,8.455531001091003E-001,-4.821882247924805E-001,
2.246200000000000E+009,-7.908552139997482E-002,-1.375048756599426E-001,8.344379663467407E-001,-5.008860826492310E-001,-7.908552139997482E-002,-1.375048756599426E-001,8.344379663467407E-001,-5.008860826492310E-001,
2.254566666666667E+009,-9.190869331359863E-002,-1.113522946834564E-001,8.233430385589600E-001,-5.211651921272278E-001,-9.190869331359863E-002,-1.113522946834564E-001,8.233430385589600E-001,-5.211651921272278E-001,
2.262933333333334E+009,-8.825224637985230E-002,-8.561579883098602E-002,8.085281252861023E-001,-5.457273125648499E-001,-8.825224637985230E-002,-8.561579883098602E-002,8.085281252861023E-001,-5.457273125648499E-001,
2.271300000000000E+009,-7.452809810638428E-002,-6.857717037200928E-002,7.987018823623657E-001,-5.671051144599915E-001,-7.452809810638428E-002,-6.857717037200928E-002,7.987018823623657E-001,-5.671051144599915E-001,
2.279666666666667E+009,-5.191694945096970E-002,-6.392600387334824E-002,7.905129194259644E-001,-5.889577269554138E-001,-5.191694945096970E-002,-6.392600387334824E-002,7.905129194259644E-001,-5.889577269554138E-001,
2.288033333333334E+009,-3.049972280859947E-002,-7.404449582099915E-002,7.671107649803162E-001,-6.143295168876648E-001,-3.049972280859947E-002,-7.404449582099915E-002,7.671107649803162E-001,-6.143295168876648E-001,
2.296400000000000E+009,-2.072015404701233E-002,-9.475340694189072E-002,7.465457320213318E-001,-6.322233080863953E-001,-2.072015404701233E-002,-9.475340694189072E-002,7.465457320213318E-001,-6.322233080863953E-001,
2.304766666666667E+009,-2.503773942589760E-002,-1.191223859786987E-001,7.286549210548401E-001,-6.485157608985901E-001,-2.503773942589760E-002,-1.191223859786987E-001,7.286549210548401E-001,-6.485157608985901E-001,
2.313133333333334E+009,-4.241775348782539E-002,-1.382199376821518E-001,7.054849267005920E-001,-6.686687469482422E-001,-4.241775348782539E-002,-1.382199376821518E-001,7.054849267005920E-001,-6.686687469482422E-001,
2.321500000000000E+009,-7.108960300683975E-002,-1.437470614910126E-001,6.968386173248291E-001,-6.849352717399597E-001,-7.108960300683975E-002,-1.437470614910126E-001,6.968386173248291E-001,-6.849352717399597E-001,
2.329866666666667E+009,-9.846959263086319E-002,-1.348585486412048E-001,6.788350343704224E-001,-6.920574903488159E-001,-9.846959263086319E-002,-1.348585486412048E-001,6.788350343704224E-001,-6.920574903488159E-001,
2.338233333333334E+009,-1.174391433596611E-001,-1.115032956004143E-001,6.542237401008606E-001,-7.087394595146179E-001,-1.174391433596611E-001,-1.115032956004143E-001,6.542237401008606E-001,-7.087394595146179E-001,
2.346600000000000E+009,-1.248710379004479E-001,-8.267707377672195E-002,6.413308978080750E-001,-7.225215435028076E-001,-1.248710379004479E-001,-8.267707377672195E-002,6.413308978080750E-001,-7.225215435028076E-001,
2.354966666666667E+009,-1.113573610782623E-001,-5.757373943924904E-002,6.236606240272522E-001,-7.445951104164124E-001,-1.113573610782623E-001,-5.757373943924904E-002,6.236606240272522E-001,-7.445951104164124E-001,
2.363333333333334E+009,-8.709731698036194E-002,-4.457841813564301E-002,6.071047186851502E-001,-7.656933665275574E-001,-8.709731698036194E-002,-4.457841813564301E-002,6.071047186851502E-001,-7.656933665275574E-001,
2.371700000000000E+009,-5.971554294228554E-002,-5.070503056049347E-002,5.932027697563171E-001,-7.813886404037476E-001,-5.971554294228554E-002,-5.070503056049347E-002,5.932027697563171E-001,-7.813886404037476E-001,
2.380066666666667E+009,-4.203918203711510E-002,-7.337347418069840E-002,5.702199935913086E-001,-8.036199212074280E-001,-4.203918203711510E-002,-7.337347418069840E-002,5.702199935913086E-001,-8.036199212074280E-001,
2.388433333333334E+009,-3.812981396913528E-002,-1.052013188600540E-001,5.439093708992004E-001,-8.111328482627869E-001,-3.812981396913528E-002,-1.052013188600540E-001,5.439093708992004E-001,-8.111328482627869E-001,
2.396800000000000E+009,-5.591376498341560E-002,-1.348310410976410E-001,5.195848345756531E-001,-8.300378322601318E-001,-5.591376498341560E-002,-1.348310410976410E-001,5.195848345756531E-001,-8.300378322601318E-001,
2.405166666666667E+009,-8.603578805923462E-002,-1.558559983968735E-001,4.918247461318970E-001,-8.348027467727661E-001,-8.603578805923462E-002,-1.558559983968735E-001,4.918247461318970E-001,-8.348027467727661E-001,
2.413533333333334E+009,-1.278827488422394E-001,-1.566215157508850E-001,4.780229926109314E-001,-8.425616621971130E-001,-1.278827488422394E-001,-1.566215157508850E-001,4.780229926109314E-001,-8.425616621971130E-001,
2.421900000000000E+009,-1.630294471979141E-001,-1.367004960775375E-001,4.570678174495697E-001,-8.501154184341431E-001,-1.630294471979141E-001,-1.367004960775375E-001,4.570678174495697E-001,-8.501154184341431E-001,
2.430266666666667E+009,-1.895847916603088E-001,-1.011907830834389E-001,4.360337257385254E-001,-8.611320853233337E-001,-1.895847916603088E-001,-1.011907830834389E-001,4.360337257385254E-001,-8.611320853233337E-001,
2.438633333333334E+009,-1.953529566526413E-001,-5.825076997280121E-002,4.213789105415344E-001,-8.743052482604981E-001,-1.953529566526413E-001,-5.825076997280121E-002,4.213789105415344E-001,-8.743052482604981E-001,
2.447000000000000E+009,-1.816614121198654E-001,-2.087346091866493E-002,4.019794166088104E-001,-8.866105675697327E-001,-1.816614121198654E-001,-2.087346091866493E-002,4.019794166088104E-001,-8.866105675697327E-001,
2.455366666666667E+009,-1.510280221700668E-001,4.991367459297180E-003,3.825907409191132E-001,-9.031600952148438E-001,-1.510280221700668E-001,4.991367459297180E-003,3.825907409191132E-001,-9.031600952148438E-001,
2.463733333333334E+009,-1.153668686747551E-001,8.219678886234760E-003,3.543201088905335E-001,-9.122850894927979E-001,-1.153668686747551E-001,8.219678886234760E-003,3.543201088905335E-001,-9.122850894927979E-001,
2.472100000000000E+009,-8.726795017719269E-002,-9.495803155004978E-003,3.327488899230957E-001,-9.252089262008667E-001,-8.726795017719269E-002,-9.495803155004978E-003,3.327488899230957E-001,-9.252089262008667E-001,
2.480466666666667E+009,-7.447747886180878E-002,-4.072267934679985E-002,3.045213520526886E-001,-9.289225339889526E-001,-7.447747886180878E-002,-4.072267934679985E-002,3.045213520526886E-001,-9.289225339889526E-001,
2.488833333333334E+009,-8.286767452955246E-002,-7.132121175527573E-002,2.742745280265808E-001,-9.370130300521851E-001,-8.286767452955246E-002,-7.132121175527573E-002,2.742745280265808E-001,-9.370130300521851E-001,
2.497200000000000E+009,-1.069305613636971E-001,-9.382747113704681E-002,2.490749061107636E-001,-9.457975029945374E-001,-1.069305613636971E-001,-9.382747113704681E-002,2.490749061107636E-001,-9.457975029945374E-001,
2.505566666666667E+009,-1.415946185588837E-001,-9.813865274190903E-002,2.246226072311401E-001,-9.412693977355957E-001,-1.415946185588837E-001,-9.813865274190903E-002,2.246226072311401E-001,-9.412693977355957E-001,
2.513933333333334E+009,-1.716020256280899E-001,-8.282583951950073E-002,2.013094127178192E-001,-9.468582272529602E-001,-1.716020256280899E-001,-8.282583951950073E-002,2.013094127178192E-001,-9.468582272529602E-001,
2.522300000000000E+009,-1.923068910837174E-001,-5.171560868620873E-002,1.841038912534714E-001,-9.458281397819519E-001,-1.923068910837174E-001,-5.171560868620873E-002,1.841038912534714E-001,-9.458281397819519E-001,
2.530666666666667E+009,-1.930783838033676E-001,-1.406910084187985E-002,1.602021753787994E-001,-9.584999680519104E-001,-1.930783838033676E-001,-1.406910084187985E-002,1.602021753787994E-001,-9.584999680519104E-001,
2.539033333333334E+009,-1.776434034109116E-001,1.853295415639877E-002,1.374837011098862E-001,-9.679793715476990E-001,-1.776434034109116E-001,1.853295415639877E-002,1.374837011098862E-001,-9.679793715476990E-001,
2.547400000000000E+009,-1.482650339603424E-001,3.690990060567856E-002,1.120123043656349E-001,-9.726076126098633E-001,-1.482650339603424E-001,3.690990060567856E-002,1.120123043656349E-001,-9.726076126098633E-001,
2.555766666666667E+009,-1.173248365521431E-001,3.719800338149071E-002,8.578286319971085E-002,-9.797796010971069E-001,-1.173248365521431E-001,3.719800338149071E-002,8.578286319971085E-002,-9.797796010971069E-001,
2.564133333333334E+009,-9.324927628040314E-002,1.653388701379299E-002,6.548476219177246E-002,-9.796279668807983E-001,-9.324927628040314E-002,1.653388701379299E-002,6.548476219177246E-002,-9.796279668807983E-001,
2.572500000000000E+009,-8.747942000627518E-002,-1.223198417574167E-002,3.297384083271027E-002,-9.820689558982849E-001,-8.747942000627518E-002,-1.223198417574167E-002,3.297384083271027E-002,-9.820689558982849E-001,
2.580866666666667E+009,-1.000643000006676E-001,-4.268416017293930E-002,7.062441669404507E-003,-9.787484407424927E-001,-1.000643000006676E-001,-4.268416017293930E-002,7.062441669404507E-003,-9.787484407424927E-001,
2.589233333333334E+009,-1.281213015317917E-001,-6.145610287785530E-002,-2.421650290489197E-002,-9.740757346153259E-001,-1.281213015317917E-001,-6.145610287785530E-002,-2.421650290489197E-002,-9.740757346153259E-001,
2.597600000000000E+009,-1.638778448104858E-001,-6.189336627721787E-002,-4.612034186720848E-002,-9.737600088119507E-001,-1.638778448104858E-001,-6.189336627721787E-002,-4.612034186720848E-002,-9.737600088119507E-001,
2.605966666666667E+009,-1.945460438728333E-001,-4.301898553967476E-002,-6.935431808233261E-002,-9.642445445060730E-001,-1.945460438728333E-001,-4.301898553967476E-002,-6.935431808233261E-002,-9.642445445060730E-001,
2.614333333333334E+009,-2.117828130722046E-001,-8.958371356129646E-003,-8.605225384235382E-002,-9.612565040588379E-001,-2.117828130722046E-001,-8.958371356129646E-003,-8.605225384235382E-002,-9.612565040588379E-001,
2.622700000000000E+009,-2.118434160947800E-001,2.998557873070240E-002,-1.088431030511856E-001,-9.619236588478088E-001,-2.118434160947800E-001,2.998557873070240E-002,-1.088431030511856E-001,-9.619236588478088E-001,
2.631066666666667E+009,-1.911313831806183E-001,6.510134041309357E-002,-1.333441585302353E-001,-9.583625793457031E-001,-1.911313831806183E-001,6.510134041309357E-002,-1.333441585302353E-001,-9.583625793457031E-001,
2.639433333333334E+009,-1.605023145675659E-001,8.505987375974655E-002,-1.549386531114578E-001,-9.596222639083862E-001,-1.605023145675659E-001,8.505987375974655E-002,-1.549386531114578E-001,-9.596222639083862E-001,
2.647800000000000E+009,-1.261706352233887E-001,8.555480092763901E-002,-1.785611063241959E-001,-9.556503295898438E-001,-1.261706352233887E-001,8.555480092763901E-002,-1.785611063241959E-001,-9.556503295898438E-001,
2.656166666666667E+009,-1.006687432527542E-001,6.910440325737000E-002,-2.063696831464768E-001,-9.567319154739380E-001,-1.006687432527542E-001,6.910440325737000E-002,-2.063696831464768E-001,-9.567319154739380E-001,
2.664533333333334E+009,-9.184636920690537E-002,4.160989820957184E-002,-2.308912426233292E-001,-9.516667723655701E-001,-9.184636920690537E-002,4.160989820957184E-002,-2.308912426233292E-001,-9.516667723655701E-001,
2.672900000000000E+009,-1.028500273823738E-001,1.319177821278572E-002,-2.622747421264648E-001,-9.394403100013733E-001,-1.028500273823738E-001,1.319177821278572E-002,-2.622747421264648E-001,-9.394403100013733E-001,
2.681266666666667E+009,-1.305025517940521E-001,-4.412909038364887E-003,-2.875258028507233E-001,-9.320465922355652E-001,-1.305025517940521E-001,-4.412909038364887E-003,-2.875258028507233E-001,-9.320465922355652E-001,
2.689633333333334E+009,-1.620529145002365E-001,-4.392269067466259E-003,-3.136247694492340E-001,-9.261820316314697E-001,-1.620529145002365E-001,-4.392269067466259E-003,-3.136247694492340E-001,-9.261820316314697E-001,
2.698000000000000E+009,-1.901295036077499E-001,1.608500815927982E-002,-3.287504911422730E-001,-9.065163731575012E-001,-1.901295036077499E-001,1.608500815927982E-002,-3.287504911422730E-001,-9.065163731575012E-001,
2.706366666666667E+009,-2.033786326646805E-001,4.907650128006935E-002,-3.551128208637238E-001,-9.005220532417297E-001,-2.033786326646805E-001,4.907650128006935E-002,-3.551128208637238E-001,-9.005220532417297E-001,
2.714733333333334E+009,-1.985383182764053E-001,8.651632070541382E-002,-3.674314022064209E-001,-8.944562673568726E-001,-1.985383182764053E-001,8.651632070541382E-002,-3.674314022064209E-001,-8.944562673568726E-001,
2.723100000000000E+009,-1.753544211387634E-001,1.181400790810585E-001,-3.915774822235107E-001,-8.807456493377686E-001,-1.753544211387634E-001,1.181400790810585E-001,-3.915774822235107E-001,-8.807456493377686E-001,
2.731466666666667E+009,-1.404748409986496E-001,1.371696442365646E-001,-4.137625694274902E-001,-8.744545578956604E-001,-1.404748409986496E-001,1.371696442365646E-001,-4.137625694274902E-001,-8.744545578956604E-001,
2.739833333333334E+009,-1.038214042782784E-001,1.353898942470551E-001,-4.380424618721008E-001,-8.659964799880981E-001,-1.038214042782784E-001,1.353898942470551E-001,-4.380424618721008E-001,-8.659964799880981E-001,
2.748200000000000E+009,-7.572183012962341E-002,1.175930798053742E-001,-4.572029411792755E-001,-8.613051176071167E-001,-7.572183012962341E-002,1.175930798053742E-001,-4.572029411792755E-001,-8.613051176071167E-001,
2.756566666666667E+009,-6.473673880100250E-002,8.861067891120911E-002,-4.827833771705627E-001,-8.534736037254334E-001,-6.473673880100250E-002,8.861067891120911E-002,-4.827833771705627E-001,-8.534736037254334E-001,
2.764933333333334E+009,-7.320410013198853E-002,6.053104996681213E-002,-5.052031278610230E-001,-8.378933668136597E-001,-7.320410013198853E-002,6.053104996681213E-002,-5.052031278610230E-001,-8.378933668136597E-001,
2.773300000000000E+009,-9.871896356344223E-002,4.156038537621498E-002,-5.281940698623657E-001,-8.155071735382080E-001,-9.871896356344223E-002,4.156038537621498E-002,-5.281940698623657E-001,-8.155071735382080E-001,
2.781666666666667E+009,-1.307911723852158E-001,3.948197886347771E-002,-5.523222684860230E-001,-8.065149188041687E-001,-1.307911723852158E-001,3.948197886347771E-002,-5.523222684860230E-001,-8.065149188041687E-001,
2.790033333333334E+009,-1.596487611532211E-001,5.607789009809494E-002,-5.698330402374268E-001,-7.835025787353516E-001,-1.596487611532211E-001,5.607789009809494E-002,-5.698330402374268E-001,-7.835025787353516E-001,
2.798400000000000E+009,-1.755457520484924E-001,8.652726560831070E-002,-5.847250223159790E-001,-7.661671042442322E-001,-1.755457520484924E-001,8.652726560831070E-002,-5.847250223159790E-001,-7.661671042442322E-001,
2.806766666666667E+009,-1.706604212522507E-001,1.214887872338295E-001,-6.010639667510986E-001,-7.495575547218323E-001,-1.706604212522507E-001,1.214887872338295E-001,-6.010639667510986E-001,-7.495575547218323E-001,
2.815133333333334E+009,-1.481440365314484E-001,1.517570912837982E-001,-6.212006211280823E-001,-7.376137375831604E-001,-1.481440365314484E-001,1.517570912837982E-001,-6.212006211280823E-001,-7.376137375831604E-001,
2.823500000000000E+009,-1.130937784910202E-001,1.674693822860718E-001,-6.350173354148865E-001,-7.299669384956360E-001,-1.130937784910202E-001,1.674693822860718E-001,-6.350173354148865E-001,-7.299669384956360E-001,
2.831866666666667E+009,-7.566788047552109E-002,1.659127920866013E-001,-6.535387039184570E-001,-7.175358533859253E-001,-7.566788047552109E-002,1.659127920866013E-001,-6.535387039184570E-001,-7.175358533859253E-001,
2.840233333333334E+009,-4.529940709471703E-002,1.482596844434738E-001,-6.724229454994202E-001,-7.074616551399231E-001,-4.529940709471703E-002,1.482596844434738E-001,-6.724229454994202E-001,-7.074616551399231E-001,
2.848600000000000E+009,-3.165797516703606E-002,1.191578432917595E-001,-6.967488527297974E-001,-6.841338276863098E-001,-3.165797516703606E-002,1.191578432917595E-001,-6.967488527297974E-001,-6.841338276863098E-001,
2.856966666666667E+009,-3.892892971634865E-002,8.893942832946777E-002,-7.133818864822388E-001,-6.695473790168762E-001,-3.892892971634865E-002,8.893942832946777E-002,-7.133818864822388E-001,-6.695473790168762E-001,
2.865333333333334E+009,-6.409770250320435E-002,7.088619470596314E-002,-7.381750345230103E-001,-6.473997235298157E-001,-6.409770250320435E-002,7.088619470596314E-002,-7.381750345230103E-001,-6.473997235298157E-001,
2.873700000000000E+009,-9.751511365175247E-002,6.890254467725754E-002,-7.502135634422302E-001,-6.224793195724487E-001,-9.751511365175247E-002,6.890254467725754E-002,-7.502135634422302E-001,-6.224793195724487E-001,
2.882066666666667E+009,-1.277526468038559E-001,8.634780347347260E-002,-7.682942748069763E-001,-5.963215827941895E-001,-1.277526468038559E-001,8.634780347347260E-002,-7.682942748069763E-001,-5.963215827941895E-001,
2.890433333333334E+009,-1.447767913341522E-001,1.176652535796166E-001,-7.773737907409668E-001,-5.749710202217102E-001,-1.447767913341522E-001,1.176652535796166E-001,-7.773737907409668E-001,-5.749710202217102E-001,
2.898800000000000E+009,-1.420026868581772E-001,1.536855697631836E-001,-7.825841307640076E-001,-5.596608519554138E-001,-1.420026868581772E-001,1.536855697631836E-001,-7.825841307640076E-001,-5.596608519554138E-001,
2.907166666666667E+009,-1.182867512106895E-001,1.847026944160461E-001,-7.953585386276245E-001,-5.355973839759827E-001,-1.182867512106895E-001,1.847026944160461E-001,-7.953585386276245E-001,-5.355973839759827E-001,
2.915533333333334E+009,-8.151182532310486E-002,1.997766792774200E-001,-8.106461167335510E-001,-5.285612940788269E-001,-8.151182532310486E-002,1.997766792774200E-001,-8.106461167335510E-001,-5.285612940788269E-001,
2.923900000000000E+009,-3.948131948709488E-002,1.964909881353378E-001,-8.230806589126587E-001,-5.084000229835510E-001,-3.948131948709488E-002,1.964909881353378E-001,-8.230806589126587E-001,-5.084000229835510E-001,
2.932266666666667E+009,-5.964943673461676E-003,1.754923313856125E-001,-8.341447710990906E-001,-4.904299676418304E-001,-5.964943673461676E-003,1.754923313856125E-001,-8.341447710990906E-001,-4.904299676418304E-001,
2.940633333333334E+009,1.079611293971539E-002,1.420222073793411E-001,-8.522664904594421E-001,-4.705483317375183E-001,1.079611293971539E-002,1.420222073793411E-001,-8.522664904594421E-001,-4.705483317375183E-001,
2.949000000000000E+009,6.935637909919024E-003,1.093293875455856E-001,-8.691753149032593E-001,-4.424882233142853E-001,6.935637909919024E-003,1.093293875455856E-001,-8.691753149032593E-001,-4.424882233142853E-001,
2.957366666666667E+009,-1.671964488923550E-002,8.661831170320511E-002,-8.835358023643494E-001,-4.265242218971252E-001,-1.671964488923550E-002,8.661831170320511E-002,-8.835358023643494E-001,-4.265242218971252E-001,
2.965733333333334E+009,-5.166712775826454E-002,8.265125006437302E-002,-8.951839804649353E-001,-3.936158418655396E-001,-5.166712775826454E-002,8.265125006437302E-002,-8.951839804649353E-001,-3.936158418655396E-001,
2.974100000000000E+009,-8.359254896640778E-002,1.003201156854630E-001,-9.058408737182617E-001,-3.652846515178680E-001,-8.359254896640778E-002,1.003201156854630E-001,-9.058408737182617E-001,-3.652846515178680E-001,
2.982466666666667E+009,-1.040331572294235E-001,1.331894695758820E-001,-9.132549166679382E-001,-3.394213318824768E-001,-1.040331572294235E-001,1.331894695758820E-001,-9.132549166679382E-001,-3.394213318824768E-001,
2.990833333333334E+009,-1.008165627717972E-001,1.728382259607315E-001,-9.096705913543701E-001,-3.141791522502899E-001,-1.008165627717972E-001,1.728382259607315E-001,-9.096705913543701E-001,-3.141791522502899E-001,
2.999200000000000E+009,-7.675181329250336E-002,2.056716829538345E-001,-9.154819846153259E-001,-3.008231520652771E-001,-7.675181329250336E-002,2.056716829538345E-001,-9.154819846153259E-001,-3.008231520652771E-001,
3.007566666666667E+009,-3.870854899287224E-002,2.197654545307159E-001,-9.183003902435303E-001,-2.824218273162842E-001,-3.870854899287224E-002,2.197654545307159E-001,-9.183003902435303E-001,-2.824218273162842E-001,
3.015933333333334E+009,4.247061442583799E-003,2.141051292419434E-001,-9.304271936416626E-001,-2.651894986629486E-001,4.247061442583799E-003,2.141051292419434E-001,-9.304271936416626E-001,-2.651894986629486E-001,
3.024300000000000E+009,4.055083543062210E-002,1.887505501508713E-001,-9.378833770751953E-001,-2.422992736101151E-001,4.055083543062210E-002,1.887505501508713E-001,-9.378833770751953E-001,-2.422992736101151E-001,
3.032666666666667E+009,6.102756410837174E-002,1.491240859031677E-001,-9.454526305198669E-001,-2.192239761352539E-001,6.102756410837174E-002,1.491240859031677E-001,-9.454526305198669E-001,-2.192239761352539E-001,
3.041033333333334E+009,5.517468228936195E-002,1.095649525523186E-001,-9.569739103317261E-001,-1.982062608003616E-001,5.517468228936195E-002,1.095649525523186E-001,-9.569739103317261E-001,-1.982062608003616E-001,
3.049400000000000E+009,2.791830897331238E-002,8.287888020277023E-002,-9.682651758193970E-001,-1.681226491928101E-001,2.791830897331238E-002,8.287888020277023E-002,-9.682651758193970E-001,-1.681226491928101E-001,
3.057766666666667E+009,-9.616911411285400E-003,7.756242156028748E-002,-9.716731309890747E-001,-1.376991868019104E-001,-9.616911411285400E-003,7.756242156028748E-002,-9.716731309890747E-001,-1.376991868019104E-001,
3.066133333333334E+009,-4.575665295124054E-002,9.797026962041855E-002,-9.724627733230591E-001,-1.040755659341812E-001,-4.575665295124054E-002,9.797026962041855E-002,-9.724627733230591E-001,-1.040755659341812E-001,
3.074500000000000E+009,-6.486662477254868E-002,1.364108026027679E-001,-9.708786606788635E-001,-8.041854947805405E-002,-6.486662477254868E-002,1.364108026027679E-001,-9.708786606788635E-001,-8.041854947805405E-002,
3.082866666666667E+009,-6.148668751120567E-002,1.804987937211990E-001,-9.680581688880920E-001,-5.163718760013580E-002,-6.148668751120567E-002,1.804987937211990E-001,-9.680581688880920E-001,-5.163718760013580E-002,
3.091233333333334E+009,-3.272903338074684E-002,2.178314924240112E-001,-9.603811502456665E-001,-4.047065228223801E-002,-3.272903338074684E-002,2.178314924240112E-001,-9.603811502456665E-001,-4.047065228223801E-002,
3.099600000000000E+009,1.047213841229677E-002,2.346322536468506E-001,-9.542781710624695E-001,-1.695477217435837E-002,1.047213841229677E-002,2.346322536468506E-001,-9.542781710624695E-001,-1.695477217435837E-002,
3.107966666666667E+009,5.991089716553688E-002,2.251345366239548E-001,-9.569815397262573E-001,3.593474160879850E-003,5.991089716553688E-002,2.251345366239548E-001,-9.569815397262573E-001,3.593474160879850E-003,
3.116333333333334E+009,9.921199828386307E-002,1.925587207078934E-001,-9.633581638336182E-001,2.259300090372562E-002,9.921199828386307E-002,1.925587207078934E-001,-9.633581638336182E-001,2.259300090372562E-002,
3.124700000000000E+009,1.184847876429558E-001,1.458698660135269E-001,-9.707695245742798E-001,4.355094581842423E-002,1.184847876429558E-001,1.458698660135269E-001,-9.707695245742798E-001,4.355094581842423E-002,
3.133066666666667E+009,1.123657077550888E-001,9.328220039606094E-002,-9.772560596466065E-001,6.642948836088181E-002,1.123657077550888E-001,9.328220039606094E-002,-9.772560596466065E-001,6.642948836088181E-002,
3.141433333333334E+009,8.292169868946075E-002,5.524655804038048E-002,-9.759276509284973E-001,9.854006767272949E-002,8.292169868946075E-002,5.524655804038048E-002,-9.759276509284973E-001,9.854006767272949E-002,
3.149800000000000E+009,3.694670647382736E-002,4.447755217552185E-002,-9.736102223396301E-001,1.302163004875183E-001,3.694670647382736E-002,4.447755217552185E-002,-9.736102223396301E-001,1.302163004875183E-001,
3.158166666666667E+009,-6.781244184821844E-003,6.238408759236336E-002,-9.633353352546692E-001,1.628610640764237E-001,-6.781244184821844E-003,6.238408759236336E-002,-9.633353352546692E-001,1.628610640764237E-001,
3.166533333333334E+009,-3.324221074581146E-002,1.052550897002220E-001,-9.569113254547119E-001,1.911364644765854E-001,-3.324221074581146E-002,1.052550897002220E-001,-9.569113254547119E-001,1.911364644765854E-001,
3.174900000000000E+009,-3.261329978704453E-002,1.550413221120834E-001,-9.442305564880371E-001,2.191196680068970E-001,-3.261329978704453E-002,1.550413221120834E-001,-9.442305564880371E-001,2.191196680068970E-001,
3.183266666666667E+009,-5.630514584481716E-003,1.969053298234940E-001,-9.326262474060059E-001,2.339374870061874E-001,-5.630514584481716E-003,1.969053298234940E-001,-9.326262474060059E-001,2.339374870061874E-001,
3.191633333333334E+009,4.032970219850540E-002,2.196105569601059E-001,-9.250065684318543E-001,2.538942098617554E-001,4.032970219850540E-002,2.196105569601059E-001,-9.250065684318543E-001,2.538942098617554E-001,
3.200000000000000E+009,9.107915312051773E-002,2.113332003355026E-001,-9.110309481620789E-001,2.747496366500855E-001,9.107915312051773E-002,2.113332003355026E-001,-9.110309481620789E-001,2.747496366500855E-001,
