% Version 1.00
%
%freq[Hz],re:Trc1_S11,im:Trc1_S11,re:Trc2_S21,im:Trc2_S21,re:Trc3_S11,im:Trc3_S11,re:Trc4_S21,im:Trc4_S21,
6.900000000000000E+008,2.514577805995941E-001,8.251464366912842E-001,-1.371830552816391E-001,4.508861340582371E-003,2.514577805995941E-001,8.251464366912842E-001,-1.371830552816391E-001,4.508861340582371E-003,
6.983666666666666E+008,2.905615270137787E-001,8.056374192237854E-001,-1.374113112688065E-001,1.061988715082407E-002,2.905615270137787E-001,8.056374192237854E-001,-1.374113112688065E-001,1.061988715082407E-002,
7.067333333333334E+008,3.063437938690186E-001,7.906695008277893E-001,-1.359870582818985E-001,1.402158662676811E-002,3.063437938690186E-001,7.906695008277893E-001,-1.359870582818985E-001,1.402158662676811E-002,
7.151000000000000E+008,3.233098387718201E-001,7.903391122817993E-001,-1.357327997684479E-001,1.975811272859573E-002,3.233098387718201E-001,7.903391122817993E-001,-1.357327997684479E-001,1.975811272859573E-002,
7.234666666666666E+008,3.592006862163544E-001,7.824765443801880E-001,-1.311298161745071E-001,2.383855916559696E-002,3.592006862163544E-001,7.824765443801880E-001,-1.311298161745071E-001,2.383855916559696E-002,
7.318333333333334E+008,3.738261759281158E-001,7.841200828552246E-001,-1.287318468093872E-001,2.568975836038590E-002,3.738261759281158E-001,7.841200828552246E-001,-1.287318468093872E-001,2.568975836038590E-002,
7.402000000000000E+008,3.811596632003784E-001,7.626900672912598E-001,-1.241223141551018E-001,2.680532634258270E-002,3.811596632003784E-001,7.626900672912598E-001,-1.241223141551018E-001,2.680532634258270E-002,
7.485666666666666E+008,3.790600299835205E-001,7.655161619186401E-001,-1.251064389944077E-001,2.809352800250053E-002,3.790600299835205E-001,7.655161619186401E-001,-1.251064389944077E-001,2.809352800250053E-002,
7.569333333333334E+008,4.047476649284363E-001,7.566515207290649E-001,-1.244782730937004E-001,2.974720858037472E-002,4.047476649284363E-001,7.566515207290649E-001,-1.244782730937004E-001,2.974720858037472E-002,
7.653000000000000E+008,4.245344698429108E-001,7.488402724266052E-001,-1.235330477356911E-001,3.276900947093964E-002,4.245344698429108E-001,7.488402724266052E-001,-1.235330477356911E-001,3.276900947093964E-002,
7.736666666666666E+008,4.507935345172882E-001,7.267475128173828E-001,-1.238326206803322E-001,3.729106113314629E-002,4.507935345172882E-001,7.267475128173828E-001,-1.238326206803322E-001,3.729106113314629E-002,
7.820333333333334E+008,4.616412818431854E-001,7.102499008178711E-001,-1.227152049541473E-001,4.434515535831451E-002,4.616412818431854E-001,7.102499008178711E-001,-1.227152049541473E-001,4.434515535831451E-002,
7.904000000000000E+008,4.933393597602844E-001,6.914400458335877E-001,-1.207745671272278E-001,4.668499156832695E-002,4.933393597602844E-001,6.914400458335877E-001,-1.207745671272278E-001,4.668499156832695E-002,
7.987666666666666E+008,5.060656666755676E-001,6.683899760246277E-001,-1.193860024213791E-001,5.166400596499443E-002,5.060656666755676E-001,6.683899760246277E-001,-1.193860024213791E-001,5.166400596499443E-002,
8.071333333333334E+008,5.422126650810242E-001,6.864816546440125E-001,-1.178328096866608E-001,5.733384191989899E-002,5.422126650810242E-001,6.864816546440125E-001,-1.178328096866608E-001,5.733384191989899E-002,
8.155000000000000E+008,5.604279041290283E-001,6.655260324478149E-001,-1.122184917330742E-001,5.864097923040390E-002,5.604279041290283E-001,6.655260324478149E-001,-1.122184917330742E-001,5.864097923040390E-002,
8.238666666666666E+008,5.759986042976379E-001,6.461933255195618E-001,-1.102646365761757E-001,6.491921097040176E-002,5.759986042976379E-001,6.461933255195618E-001,-1.102646365761757E-001,6.491921097040176E-002,
8.322333333333334E+008,5.870772004127502E-001,6.274704337120056E-001,-1.075288653373718E-001,6.288655102252960E-002,5.870772004127502E-001,6.274704337120056E-001,-1.075288653373718E-001,6.288655102252960E-002,
8.406000000000000E+008,5.959112644195557E-001,6.142429113388062E-001,-1.041580140590668E-001,6.566273421049118E-002,5.959112644195557E-001,6.142429113388062E-001,-1.041580140590668E-001,6.566273421049118E-002,
8.489666666666668E+008,6.122864484786987E-001,6.148052811622620E-001,-1.001503467559815E-001,6.864546239376068E-002,6.122864484786987E-001,6.148052811622620E-001,-1.001503467559815E-001,6.864546239376068E-002,
8.573333333333334E+008,6.329428553581238E-001,6.076996326446533E-001,-1.018381044268608E-001,7.130569219589233E-002,6.329428553581238E-001,6.076996326446533E-001,-1.018381044268608E-001,7.130569219589233E-002,
8.657000000000000E+008,6.463978290557861E-001,5.801523923873901E-001,-1.017221808433533E-001,7.246397435665131E-002,6.463978290557861E-001,5.801523923873901E-001,-1.017221808433533E-001,7.246397435665131E-002,
8.740666666666668E+008,6.520891785621643E-001,5.513902306556702E-001,-9.834827482700348E-002,7.618782669305801E-002,6.520891785621643E-001,5.513902306556702E-001,-9.834827482700348E-002,7.618782669305801E-002,
8.824333333333334E+008,6.742748618125916E-001,5.416290163993835E-001,-9.555487334728241E-002,8.086284995079041E-002,6.742748618125916E-001,5.416290163993835E-001,-9.555487334728241E-002,8.086284995079041E-002,
8.908000000000000E+008,7.038646936416626E-001,5.263696908950806E-001,-9.597847610712051E-002,8.265400677919388E-002,7.038646936416626E-001,5.263696908950806E-001,-9.597847610712051E-002,8.265400677919388E-002,
8.991666666666668E+008,6.926022171974182E-001,4.955199360847473E-001,-8.952128887176514E-002,8.450066298246384E-002,6.926022171974182E-001,4.955199360847473E-001,-8.952128887176514E-002,8.450066298246384E-002,
9.075333333333334E+008,7.093049287796021E-001,4.644611179828644E-001,-8.608205616474152E-002,8.858776092529297E-002,7.093049287796021E-001,4.644611179828644E-001,-8.608205616474152E-002,8.858776092529297E-002,
9.159000000000000E+008,7.340975403785706E-001,4.626055955886841E-001,-8.140035718679428E-002,9.007199108600617E-002,7.340975403785706E-001,4.626055955886841E-001,-8.140035718679428E-002,9.007199108600617E-002,
9.242666666666668E+008,7.568263411521912E-001,4.613426625728607E-001,-7.693016529083252E-002,9.332598000764847E-002,7.568263411521912E-001,4.613426625728607E-001,-7.693016529083252E-002,9.332598000764847E-002,
9.326333333333334E+008,7.508703470230103E-001,4.365525543689728E-001,-7.695446163415909E-002,9.497697651386261E-002,7.508703470230103E-001,4.365525543689728E-001,-7.695446163415909E-002,9.497697651386261E-002,
9.410000000000000E+008,7.558808922767639E-001,4.180329442024231E-001,-7.349773496389389E-002,9.287942945957184E-002,7.558808922767639E-001,4.180329442024231E-001,-7.349773496389389E-002,9.287942945957184E-002,
9.493666666666668E+008,7.762140035629273E-001,4.038908183574677E-001,-7.281982153654099E-002,9.572217613458633E-002,7.762140035629273E-001,4.038908183574677E-001,-7.281982153654099E-002,9.572217613458633E-002,
9.577333333333334E+008,7.850438356399536E-001,3.693527877330780E-001,-6.713633239269257E-002,9.564821422100067E-002,7.850438356399536E-001,3.693527877330780E-001,-6.713633239269257E-002,9.564821422100067E-002,
9.661000000000000E+008,7.977998256683350E-001,3.657619059085846E-001,-6.939599663019180E-002,1.004760265350342E-001,7.977998256683350E-001,3.657619059085846E-001,-6.939599663019180E-002,1.004760265350342E-001,
9.744666666666668E+008,7.855648994445801E-001,3.311278820037842E-001,-6.465055793523789E-002,1.003314405679703E-001,7.855648994445801E-001,3.311278820037842E-001,-6.465055793523789E-002,1.003314405679703E-001,
9.828333333333334E+008,8.005030751228333E-001,3.003770709037781E-001,-6.213732808828354E-002,1.050681248307228E-001,8.005030751228333E-001,3.003770709037781E-001,-6.213732808828354E-002,1.050681248307228E-001,
9.912000000000000E+008,8.201678395271301E-001,2.794661819934845E-001,-5.692815035581589E-002,1.061728596687317E-001,8.201678395271301E-001,2.794661819934845E-001,-5.692815035581589E-002,1.061728596687317E-001,
9.995666666666668E+008,8.294982314109802E-001,2.691409587860107E-001,-5.281654372811317E-002,1.112307235598564E-001,8.294982314109802E-001,2.691409587860107E-001,-5.281654372811317E-002,1.112307235598564E-001,
1.007933333333333E+009,8.196303844451904E-001,2.173438072204590E-001,-4.857268184423447E-002,1.112948954105377E-001,8.196303844451904E-001,2.173438072204590E-001,-4.857268184423447E-002,1.112948954105377E-001,
1.016300000000000E+009,8.310924172401428E-001,2.111074477434158E-001,-4.480622336268425E-002,1.095170751214027E-001,8.310924172401428E-001,2.111074477434158E-001,-4.480622336268425E-002,1.095170751214027E-001,
1.024666666666667E+009,8.519627451896668E-001,2.007125020027161E-001,-4.081959277391434E-002,1.123944744467735E-001,8.519627451896668E-001,2.007125020027161E-001,-4.081959277391434E-002,1.123944744467735E-001,
1.033033333333333E+009,8.557090759277344E-001,1.905464679002762E-001,-3.921087831258774E-002,1.114487573504448E-001,8.557090759277344E-001,1.905464679002762E-001,-3.921087831258774E-002,1.114487573504448E-001,
1.041400000000000E+009,8.559660315513611E-001,1.660048067569733E-001,-3.597476705908775E-002,1.117938756942749E-001,8.559660315513611E-001,1.660048067569733E-001,-3.597476705908775E-002,1.117938756942749E-001,
1.049766666666667E+009,8.484292030334473E-001,1.541882455348969E-001,-3.366053476929665E-002,1.116454228758812E-001,8.484292030334473E-001,1.541882455348969E-001,-3.366053476929665E-002,1.116454228758812E-001,
1.058133333333333E+009,8.546788692474365E-001,1.312275677919388E-001,-3.051494807004929E-002,1.123065203428268E-001,8.546788692474365E-001,1.312275677919388E-001,-3.051494807004929E-002,1.123065203428268E-001,
1.066500000000000E+009,8.580359816551209E-001,1.068566739559174E-001,-2.816572226583958E-002,1.130188778042793E-001,8.580359816551209E-001,1.068566739559174E-001,-2.816572226583958E-002,1.130188778042793E-001,
1.074866666666667E+009,8.536454439163208E-001,6.647898256778717E-002,-2.579438872635365E-002,1.167679280042648E-001,8.536454439163208E-001,6.647898256778717E-002,-2.579438872635365E-002,1.167679280042648E-001,
1.083233333333334E+009,8.507918715476990E-001,4.160488024353981E-002,-2.114600501954556E-002,1.175234913825989E-001,8.507918715476990E-001,4.160488024353981E-002,-2.114600501954556E-002,1.175234913825989E-001,
1.091600000000000E+009,8.559682965278626E-001,2.455392666161060E-002,-1.550238206982613E-002,1.191179677844048E-001,8.559682965278626E-001,2.455392666161060E-002,-1.550238206982613E-002,1.191179677844048E-001,
1.099966666666667E+009,8.539564013481140E-001,-6.412228103727102E-003,-1.224666833877564E-002,1.176107898354530E-001,8.539564013481140E-001,-6.412228103727102E-003,-1.224666833877564E-002,1.176107898354530E-001,
1.108333333333334E+009,8.724929690361023E-001,-2.858575060963631E-002,-8.141214959323406E-003,1.181523874402046E-001,8.724929690361023E-001,-2.858575060963631E-002,-8.141214959323406E-003,1.181523874402046E-001,
1.116700000000000E+009,8.687659502029419E-001,-5.404628068208695E-002,-2.561986621003598E-004,1.165846958756447E-001,8.687659502029419E-001,-5.404628068208695E-002,-2.561986621003598E-004,1.165846958756447E-001,
1.125066666666667E+009,8.772538900375366E-001,-6.118778511881828E-002,2.109294524416328E-003,1.158605366945267E-001,8.772538900375366E-001,-6.118778511881828E-002,2.109294524416328E-003,1.158605366945267E-001,
1.133433333333334E+009,8.778234720230103E-001,-8.223263174295425E-002,3.517368808388710E-003,1.135328188538551E-001,8.778234720230103E-001,-8.223263174295425E-002,3.517368808388710E-003,1.135328188538551E-001,
1.141800000000000E+009,8.728010058403015E-001,-1.017276719212532E-001,8.396839722990990E-003,1.122365221381187E-001,8.728010058403015E-001,-1.017276719212532E-001,8.396839722990990E-003,1.122365221381187E-001,
1.150166666666667E+009,8.613417148590088E-001,-1.182437539100647E-001,7.301809266209602E-003,1.140371784567833E-001,8.613417148590088E-001,-1.182437539100647E-001,7.301809266209602E-003,1.140371784567833E-001,
1.158533333333334E+009,8.668015003204346E-001,-1.282937377691269E-001,9.466844610869885E-003,1.143350228667259E-001,8.668015003204346E-001,-1.282937377691269E-001,9.466844610869885E-003,1.143350228667259E-001,
1.166900000000000E+009,8.495422005653381E-001,-1.708286702632904E-001,1.415899395942688E-002,1.139620095491409E-001,8.495422005653381E-001,-1.708286702632904E-001,1.415899395942688E-002,1.139620095491409E-001,
1.175266666666667E+009,8.254182934761047E-001,-1.863263249397278E-001,1.515363715589047E-002,1.165732964873314E-001,8.254182934761047E-001,-1.863263249397278E-001,1.515363715589047E-002,1.165732964873314E-001,
1.183633333333334E+009,8.258529901504517E-001,-2.070359587669373E-001,2.211520634591579E-002,1.173375397920609E-001,8.258529901504517E-001,-2.070359587669373E-001,2.211520634591579E-002,1.173375397920609E-001,
1.192000000000000E+009,8.363710045814514E-001,-2.308976352214813E-001,2.745849080383778E-002,1.166834384202957E-001,8.363710045814514E-001,-2.308976352214813E-001,2.745849080383778E-002,1.166834384202957E-001,
1.200366666666667E+009,8.108116984367371E-001,-2.565078139305115E-001,3.327904269099236E-002,1.154615432024002E-001,8.108116984367371E-001,-2.565078139305115E-001,3.327904269099236E-002,1.154615432024002E-001,
1.208733333333334E+009,8.022932410240173E-001,-2.628527879714966E-001,3.917946666479111E-002,1.126322150230408E-001,8.022932410240173E-001,-2.628527879714966E-001,3.917946666479111E-002,1.126322150230408E-001,
1.217100000000000E+009,8.178096413612366E-001,-2.913233935832977E-001,4.276708886027336E-002,1.093660444021225E-001,8.178096413612366E-001,-2.913233935832977E-001,4.276708886027336E-002,1.093660444021225E-001,
1.225466666666667E+009,8.255677819252014E-001,-3.117718696594238E-001,4.435993358492851E-002,1.050632447004318E-001,8.255677819252014E-001,-3.117718696594238E-001,4.435993358492851E-002,1.050632447004318E-001,
1.233833333333334E+009,8.218828439712524E-001,-3.350959718227387E-001,4.523159936070442E-002,1.038149371743202E-001,8.218828439712524E-001,-3.350959718227387E-001,4.523159936070442E-002,1.038149371743202E-001,
1.242200000000000E+009,7.950457930564880E-001,-3.440197408199310E-001,4.691868275403976E-002,1.006481125950813E-001,7.950457930564880E-001,-3.440197408199310E-001,4.691868275403976E-002,1.006481125950813E-001,
1.250566666666667E+009,7.917595505714417E-001,-3.587033450603485E-001,4.675050079822540E-002,1.027816832065582E-001,7.917595505714417E-001,-3.587033450603485E-001,4.675050079822540E-002,1.027816832065582E-001,
1.258933333333334E+009,7.992105484008789E-001,-3.967609405517578E-001,5.086142197251320E-002,1.021822318434715E-001,7.992105484008789E-001,-3.967609405517578E-001,5.086142197251320E-002,1.021822318434715E-001,
1.267300000000000E+009,7.824741005897522E-001,-4.132441580295563E-001,5.496583878993988E-002,1.025191545486450E-001,7.824741005897522E-001,-4.132441580295563E-001,5.496583878993988E-002,1.025191545486450E-001,
1.275666666666667E+009,7.472171783447266E-001,-4.225719869136810E-001,5.949418619275093E-002,1.029540747404099E-001,7.472171783447266E-001,-4.225719869136810E-001,5.949418619275093E-002,1.029540747404099E-001,
1.284033333333334E+009,7.217205762863159E-001,-4.399016797542572E-001,6.321714818477631E-002,1.016162112355232E-001,7.217205762863159E-001,-4.399016797542572E-001,6.321714818477631E-002,1.016162112355232E-001,
1.292400000000000E+009,7.319961190223694E-001,-4.658755362033844E-001,6.927785277366638E-002,9.753046184778214E-002,7.319961190223694E-001,-4.658755362033844E-001,6.927785277366638E-002,9.753046184778214E-002,
1.300766666666667E+009,7.283402085304260E-001,-4.930153787136078E-001,7.336505502462387E-002,9.223552048206329E-002,7.283402085304260E-001,-4.930153787136078E-001,7.336505502462387E-002,9.223552048206329E-002,
1.309133333333334E+009,6.918486952781677E-001,-5.018717646598816E-001,7.478075474500656E-002,8.919363468885422E-002,6.918486952781677E-001,-5.018717646598816E-001,7.478075474500656E-002,8.919363468885422E-002,
1.317500000000000E+009,6.957120895385742E-001,-5.232686996459961E-001,7.697039097547531E-002,8.388442546129227E-002,6.957120895385742E-001,-5.232686996459961E-001,7.697039097547531E-002,8.388442546129227E-002,
1.325866666666667E+009,6.845312118530273E-001,-5.370980501174927E-001,7.838537544012070E-002,7.978570461273193E-002,6.845312118530273E-001,-5.370980501174927E-001,7.838537544012070E-002,7.978570461273193E-002,
1.334233333333334E+009,6.808940172195435E-001,-5.581035614013672E-001,7.902423292398453E-002,7.826381176710129E-002,6.808940172195435E-001,-5.581035614013672E-001,7.902423292398453E-002,7.826381176710129E-002,
1.342600000000000E+009,6.521230936050415E-001,-5.644109845161438E-001,7.952926307916641E-002,7.701560109853745E-002,6.521230936050415E-001,-5.644109845161438E-001,7.952926307916641E-002,7.701560109853745E-002,
1.350966666666667E+009,6.410815119743347E-001,-5.763685703277588E-001,8.159694075584412E-002,7.771200686693192E-002,6.410815119743347E-001,-5.763685703277588E-001,8.159694075584412E-002,7.771200686693192E-002,
1.359333333333334E+009,6.107924580574036E-001,-5.927284359931946E-001,8.617795258760452E-002,7.507738471031189E-002,6.107924580574036E-001,-5.927284359931946E-001,8.617795258760452E-002,7.507738471031189E-002,
1.367700000000000E+009,6.046104431152344E-001,-6.146204471588135E-001,8.984304964542389E-002,7.433027774095535E-002,6.046104431152344E-001,-6.146204471588135E-001,8.984304964542389E-002,7.433027774095535E-002,
1.376066666666667E+009,5.902014374732971E-001,-6.233474016189575E-001,9.253054112195969E-002,7.127236574888229E-002,5.902014374732971E-001,-6.233474016189575E-001,9.253054112195969E-002,7.127236574888229E-002,
1.384433333333334E+009,5.646808147430420E-001,-6.420619487762451E-001,9.627935290336609E-002,6.627906858921051E-002,5.646808147430420E-001,-6.420619487762451E-001,9.627935290336609E-002,6.627906858921051E-002,
1.392800000000000E+009,5.452642440795898E-001,-6.624945402145386E-001,1.001817062497139E-001,6.131816655397415E-002,5.452642440795898E-001,-6.624945402145386E-001,1.001817062497139E-001,6.131816655397415E-002,
1.401166666666667E+009,5.339207053184509E-001,-6.724973320960999E-001,1.002101302146912E-001,5.582665279507637E-002,5.339207053184509E-001,-6.724973320960999E-001,1.002101302146912E-001,5.582665279507637E-002,
1.409533333333334E+009,5.235017538070679E-001,-6.864070892333984E-001,9.912041574716568E-002,4.970927163958550E-002,5.235017538070679E-001,-6.864070892333984E-001,9.912041574716568E-002,4.970927163958550E-002,
1.417900000000000E+009,5.157993435859680E-001,-7.060511112213135E-001,1.008671671152115E-001,4.704574123024941E-002,5.157993435859680E-001,-7.060511112213135E-001,1.008671671152115E-001,4.704574123024941E-002,
1.426266666666667E+009,4.981999695301056E-001,-7.170655131340027E-001,9.927501529455185E-002,4.245692491531372E-002,4.981999695301056E-001,-7.170655131340027E-001,9.927501529455185E-002,4.245692491531372E-002,
1.434633333333334E+009,4.762599170207977E-001,-7.237694263458252E-001,9.990298002958298E-002,4.301124066114426E-002,4.762599170207977E-001,-7.237694263458252E-001,9.990298002958298E-002,4.301124066114426E-002,
1.443000000000000E+009,4.630828797817230E-001,-7.348092794418335E-001,9.982715547084808E-002,4.094114527106285E-002,4.630828797817230E-001,-7.348092794418335E-001,9.982715547084808E-002,4.094114527106285E-002,
1.451366666666667E+009,4.525054097175598E-001,-7.462903261184692E-001,1.019708886742592E-001,3.970278054475784E-002,4.525054097175598E-001,-7.462903261184692E-001,1.019708886742592E-001,3.970278054475784E-002,
1.459733333333334E+009,4.075247943401337E-001,-7.576382756233215E-001,1.059956923127174E-001,3.813218697905541E-002,4.075247943401337E-001,-7.576382756233215E-001,1.059956923127174E-001,3.813218697905541E-002,
1.468100000000000E+009,3.777794837951660E-001,-7.470812797546387E-001,1.079487875103951E-001,3.399306908249855E-002,3.777794837951660E-001,-7.470812797546387E-001,1.079487875103951E-001,3.399306908249855E-002,
1.476466666666667E+009,3.616755008697510E-001,-7.599176764488220E-001,1.111774593591690E-001,2.909702248871326E-002,3.616755008697510E-001,-7.599176764488220E-001,1.111774593591690E-001,2.909702248871326E-002,
1.484833333333334E+009,3.499443233013153E-001,-7.835263609886169E-001,1.117463037371635E-001,2.200081758201122E-002,3.499443233013153E-001,-7.835263609886169E-001,1.117463037371635E-001,2.200081758201122E-002,
1.493200000000000E+009,3.292934894561768E-001,-7.928869128227234E-001,1.109046638011932E-001,1.666501536965370E-002,3.292934894561768E-001,-7.928869128227234E-001,1.109046638011932E-001,1.666501536965370E-002,
1.501566666666667E+009,3.117458820343018E-001,-7.962586283683777E-001,1.103125289082527E-001,1.229118369519711E-002,3.117458820343018E-001,-7.962586283683777E-001,1.103125289082527E-001,1.229118369519711E-002,
1.509933333333334E+009,2.974883913993835E-001,-8.089777827262878E-001,1.087057515978813E-001,9.493535384535790E-003,2.974883913993835E-001,-8.089777827262878E-001,1.087057515978813E-001,9.493535384535790E-003,
1.518300000000000E+009,2.743688821792603E-001,-8.192602396011353E-001,1.053250208497047E-001,6.049132440239191E-003,2.743688821792603E-001,-8.192602396011353E-001,1.053250208497047E-001,6.049132440239191E-003,
1.526666666666667E+009,2.728863954544067E-001,-8.325460553169251E-001,1.053813844919205E-001,5.059157498180866E-003,2.728863954544067E-001,-8.325460553169251E-001,1.053813844919205E-001,5.059157498180866E-003,
1.535033333333334E+009,2.481856048107147E-001,-8.336150646209717E-001,1.056968420743942E-001,3.043743316084147E-003,2.481856048107147E-001,-8.336150646209717E-001,1.056968420743942E-001,3.043743316084147E-003,
1.543400000000000E+009,2.236139625310898E-001,-8.329676389694214E-001,1.068829670548439E-001,1.575210597366095E-003,2.236139625310898E-001,-8.329676389694214E-001,1.068829670548439E-001,1.575210597366095E-003,
1.551766666666667E+009,2.006610184907913E-001,-8.371860980987549E-001,1.084144636988640E-001,-1.433103170711547E-004,2.006610184907913E-001,-8.371860980987549E-001,1.084144636988640E-001,-1.433103170711547E-004,
1.560133333333334E+009,1.684606522321701E-001,-8.481477499008179E-001,1.107770428061485E-001,-6.348535418510437E-003,1.684606522321701E-001,-8.481477499008179E-001,1.107770428061485E-001,-6.348535418510437E-003,
1.568500000000000E+009,1.445362716913223E-001,-8.280276656150818E-001,1.100754216313362E-001,-1.036030985414982E-002,1.445362716913223E-001,-8.280276656150818E-001,1.100754216313362E-001,-1.036030985414982E-002,
1.576866666666667E+009,1.083363667130470E-001,-8.240598440170288E-001,1.103965044021606E-001,-1.680162735283375E-002,1.083363667130470E-001,-8.240598440170288E-001,1.103965044021606E-001,-1.680162735283375E-002,
1.585233333333334E+009,9.021490812301636E-002,-8.361810445785523E-001,1.086274236440659E-001,-2.138744294643402E-002,9.021490812301636E-002,-8.361810445785523E-001,1.086274236440659E-001,-2.138744294643402E-002,
1.593600000000000E+009,8.805276453495026E-002,-8.470416665077210E-001,1.064992770552635E-001,-2.411144599318504E-002,8.805276453495026E-002,-8.470416665077210E-001,1.064992770552635E-001,-2.411144599318504E-002,
1.601966666666667E+009,6.215244904160500E-002,-8.512675166130066E-001,1.035541370511055E-001,-2.820255979895592E-002,6.215244904160500E-002,-8.512675166130066E-001,1.035541370511055E-001,-2.820255979895592E-002,
1.610333333333334E+009,3.589469194412231E-002,-8.475305438041687E-001,1.007748022675514E-001,-3.077924065291882E-002,3.589469194412231E-002,-8.475305438041687E-001,1.007748022675514E-001,-3.077924065291882E-002,
1.618700000000000E+009,3.198422119021416E-002,-8.601248860359192E-001,9.875410795211792E-002,-3.173338994383812E-002,3.198422119021416E-002,-8.601248860359192E-001,9.875410795211792E-002,-3.173338994383812E-002,
1.627066666666667E+009,1.922039687633514E-002,-8.578138947486877E-001,9.803254157304764E-002,-3.364023193717003E-002,1.922039687633514E-002,-8.578138947486877E-001,9.803254157304764E-002,-3.364023193717003E-002,
1.635433333333334E+009,-5.344105418771505E-003,-8.614296317100525E-001,9.885073453187943E-002,-3.596650436520577E-002,-5.344105418771505E-003,-8.614296317100525E-001,9.885073453187943E-002,-3.596650436520577E-002,
1.643800000000000E+009,-3.519790619611740E-002,-8.533045053482056E-001,9.693446010351181E-002,-3.901195898652077E-002,-3.519790619611740E-002,-8.533045053482056E-001,9.693446010351181E-002,-3.901195898652077E-002,
1.652166666666667E+009,-5.562621355056763E-002,-8.417516350746155E-001,9.705705195665360E-002,-4.288779571652412E-002,-5.562621355056763E-002,-8.417516350746155E-001,9.705705195665360E-002,-4.288779571652412E-002,
1.660533333333334E+009,-6.116878986358643E-002,-8.434990048408508E-001,9.599354863166809E-002,-4.815131798386574E-002,-6.116878986358643E-002,-8.434990048408508E-001,9.599354863166809E-002,-4.815131798386574E-002,
1.668900000000000E+009,-1.057643443346024E-001,-8.376612067222595E-001,9.489369392395020E-002,-5.256228893995285E-002,-1.057643443346024E-001,-8.376612067222595E-001,9.489369392395020E-002,-5.256228893995285E-002,
1.677266666666667E+009,-1.326525509357452E-001,-8.137719631195068E-001,9.227505326271057E-002,-5.610202625393868E-002,-1.326525509357452E-001,-8.137719631195068E-001,9.227505326271057E-002,-5.610202625393868E-002,
1.685633333333334E+009,-1.523884832859039E-001,-8.218737840652466E-001,8.793617039918900E-002,-6.024259328842163E-002,-1.523884832859039E-001,-8.218737840652466E-001,8.793617039918900E-002,-6.024259328842163E-002,
1.694000000000000E+009,-1.617863923311234E-001,-8.332928419113159E-001,8.431480079889298E-002,-6.104030460119247E-002,-1.617863923311234E-001,-8.332928419113159E-001,8.431480079889298E-002,-6.104030460119247E-002,
1.702366666666667E+009,-1.783010363578796E-001,-8.252668380737305E-001,8.091402053833008E-002,-6.092326343059540E-002,-1.783010363578796E-001,-8.252668380737305E-001,8.091402053833008E-002,-6.092326343059540E-002,
1.710733333333334E+009,-2.113281786441803E-001,-8.244854211807251E-001,7.990019768476486E-002,-6.349944323301315E-002,-2.113281786441803E-001,-8.244854211807251E-001,7.990019768476486E-002,-6.349944323301315E-002,
1.719100000000000E+009,-2.227748185396195E-001,-8.304860591888428E-001,7.687797397375107E-002,-6.502122431993485E-002,-2.227748185396195E-001,-8.304860591888428E-001,7.687797397375107E-002,-6.502122431993485E-002,
1.727466666666667E+009,-2.339987009763718E-001,-8.262358307838440E-001,7.615289837121964E-002,-6.602295488119125E-002,-2.339987009763718E-001,-8.262358307838440E-001,7.615289837121964E-002,-6.602295488119125E-002,
1.735833333333334E+009,-2.553894221782684E-001,-8.101818561553955E-001,7.515910267829895E-002,-6.895188987255096E-002,-2.553894221782684E-001,-8.101818561553955E-001,7.515910267829895E-002,-6.895188987255096E-002,
1.744200000000000E+009,-2.708084881305695E-001,-7.934853434562683E-001,7.346865534782410E-002,-7.151109725236893E-002,-2.708084881305695E-001,-7.934853434562683E-001,7.346865534782410E-002,-7.151109725236893E-002,
1.752566666666667E+009,-2.913590967655182E-001,-7.881457805633545E-001,7.300459593534470E-002,-7.500165700912476E-002,-2.913590967655182E-001,-7.881457805633545E-001,7.300459593534470E-002,-7.500165700912476E-002,
1.760933333333334E+009,-3.138415217399597E-001,-7.720959186553955E-001,6.946670264005661E-002,-7.805258035659790E-002,-3.138415217399597E-001,-7.720959186553955E-001,6.946670264005661E-002,-7.805258035659790E-002,
1.769300000000000E+009,-3.315308094024658E-001,-7.458328008651733E-001,6.557416170835495E-002,-8.104867488145828E-002,-3.315308094024658E-001,-7.458328008651733E-001,6.557416170835495E-002,-8.104867488145828E-002,
1.777666666666667E+009,-3.579679131507874E-001,-7.367331385612488E-001,6.222442537546158E-002,-8.430727571249008E-002,-3.579679131507874E-001,-7.367331385612488E-001,6.222442537546158E-002,-8.430727571249008E-002,
1.786033333333334E+009,-3.726836740970612E-001,-7.460234761238098E-001,5.760843679308891E-002,-8.571585267782211E-002,-3.726836740970612E-001,-7.460234761238098E-001,5.760843679308891E-002,-8.571585267782211E-002,
1.794400000000000E+009,-3.936538100242615E-001,-7.611202001571655E-001,5.402285233139992E-002,-8.660595118999481E-002,-3.936538100242615E-001,-7.611202001571655E-001,5.402285233139992E-002,-8.660595118999481E-002,
1.802766666666667E+009,-4.143027663230896E-001,-7.513966560363770E-001,5.024579912424088E-002,-8.762005716562271E-002,-4.143027663230896E-001,-7.513966560363770E-001,5.024579912424088E-002,-8.762005716562271E-002,
1.811133333333334E+009,-4.189750254154205E-001,-7.385469079017639E-001,4.717730358242989E-002,-8.720148354768753E-002,-4.189750254154205E-001,-7.385469079017639E-001,4.717730358242989E-002,-8.720148354768753E-002,
1.819500000000000E+009,-4.321904182434082E-001,-7.277433872222900E-001,4.559300094842911E-002,-8.763378858566284E-002,-4.321904182434082E-001,-7.277433872222900E-001,4.559300094842911E-002,-8.763378858566284E-002,
1.827866666666667E+009,-4.621343910694122E-001,-7.335299849510193E-001,4.294342547655106E-002,-8.916808664798737E-002,-4.621343910694122E-001,-7.335299849510193E-001,4.294342547655106E-002,-8.916808664798737E-002,
1.836233333333334E+009,-4.770447015762329E-001,-7.143785357475281E-001,4.050707072019577E-002,-9.037261456251144E-002,-4.770447015762329E-001,-7.143785357475281E-001,4.050707072019577E-002,-9.037261456251144E-002,
1.844600000000000E+009,-4.879139065742493E-001,-6.852209568023682E-001,3.835258260369301E-002,-9.236057847738266E-002,-4.879139065742493E-001,-6.852209568023682E-001,3.835258260369301E-002,-9.236057847738266E-002,
1.852966666666667E+009,-4.946416318416596E-001,-6.568394899368286E-001,3.365123271942139E-002,-9.243734180927277E-002,-4.946416318416596E-001,-6.568394899368286E-001,3.365123271942139E-002,-9.243734180927277E-002,
1.861333333333334E+009,-5.196248292922974E-001,-6.601335406303406E-001,3.198665380477905E-002,-9.479107707738876E-002,-5.196248292922974E-001,-6.601335406303406E-001,3.198665380477905E-002,-9.479107707738876E-002,
1.869700000000000E+009,-5.368975996971130E-001,-6.348490118980408E-001,2.746397629380226E-002,-9.544546902179718E-002,-5.368975996971130E-001,-6.348490118980408E-001,2.746397629380226E-002,-9.544546902179718E-002,
1.878066666666667E+009,-5.461192727088928E-001,-6.024304032325745E-001,2.344467118382454E-002,-9.562522917985916E-002,-5.461192727088928E-001,-6.024304032325745E-001,2.344467118382454E-002,-9.562522917985916E-002,
1.886433333333334E+009,-5.635710954666138E-001,-6.006677150726318E-001,1.901297271251679E-002,-9.673492610454559E-002,-5.635710954666138E-001,-6.006677150726318E-001,1.901297271251679E-002,-9.673492610454559E-002,
1.894800000000000E+009,-5.891427397727966E-001,-6.012676358222961E-001,1.572148501873016E-002,-9.637633711099625E-002,-5.891427397727966E-001,-6.012676358222961E-001,1.572148501873016E-002,-9.637633711099625E-002,
1.903166666666667E+009,-5.993435978889465E-001,-5.973005890846252E-001,1.263023726642132E-002,-9.598859399557114E-002,-5.993435978889465E-001,-5.973005890846252E-001,1.263023726642132E-002,-9.598859399557114E-002,
1.911533333333334E+009,-6.134391427040100E-001,-5.931897163391113E-001,1.063307933509350E-002,-9.562625735998154E-002,-6.134391427040100E-001,-5.931897163391113E-001,1.063307933509350E-002,-9.562625735998154E-002,
1.919900000000000E+009,-6.228527426719666E-001,-5.766448974609375E-001,7.958268746733666E-003,-9.444946795701981E-002,-6.228527426719666E-001,-5.766448974609375E-001,7.958268746733666E-003,-9.444946795701981E-002,
1.928266666666667E+009,-6.361303329467773E-001,-5.612190961837769E-001,4.974183626472950E-003,-9.513115882873535E-002,-6.361303329467773E-001,-5.612190961837769E-001,4.974183626472950E-003,-9.513115882873535E-002,
1.936633333333334E+009,-6.493338942527771E-001,-5.497983694076538E-001,3.422589506953955E-003,-9.511069953441620E-002,-6.493338942527771E-001,-5.497983694076538E-001,3.422589506953955E-003,-9.511069953441620E-002,
1.945000000000000E+009,-6.589797139167786E-001,-5.241791009902954E-001,6.048921495676041E-004,-9.452248364686966E-002,-6.589797139167786E-001,-5.241791009902954E-001,6.048921495676041E-004,-9.452248364686966E-002,
1.953366666666667E+009,-6.620303988456726E-001,-4.906063675880432E-001,-2.452815650030971E-003,-9.521392732858658E-002,-6.620303988456726E-001,-4.906063675880432E-001,-2.452815650030971E-003,-9.521392732858658E-002,
1.961733333333334E+009,-6.661983132362366E-001,-4.681549072265625E-001,-6.277756765484810E-003,-9.587585926055908E-002,-6.661983132362366E-001,-4.681549072265625E-001,-6.277756765484810E-003,-9.587585926055908E-002,
1.970100000000000E+009,-6.756542325019836E-001,-4.465560019016266E-001,-1.045657880604267E-002,-9.553609788417816E-002,-6.756542325019836E-001,-4.465560019016266E-001,-1.045657880604267E-002,-9.553609788417816E-002,
1.978466666666667E+009,-7.040676474571228E-001,-4.398616850376129E-001,-1.449072733521462E-002,-9.486646950244904E-002,-7.040676474571228E-001,-4.398616850376129E-001,-1.449072733521462E-002,-9.486646950244904E-002,
1.986833333333334E+009,-7.144400477409363E-001,-4.231189787387848E-001,-1.816770434379578E-002,-9.452579915523529E-002,-7.144400477409363E-001,-4.231189787387848E-001,-1.816770434379578E-002,-9.452579915523529E-002,
1.995200000000000E+009,-7.312030196189880E-001,-4.146323800086975E-001,-2.164091914892197E-002,-9.209597110748291E-002,-7.312030196189880E-001,-4.146323800086975E-001,-2.164091914892197E-002,-9.209597110748291E-002,
2.003566666666667E+009,-7.408387064933777E-001,-4.001089036464691E-001,-2.430846914649010E-002,-9.054772555828095E-002,-7.408387064933777E-001,-4.001089036464691E-001,-2.430846914649010E-002,-9.054772555828095E-002,
2.011933333333334E+009,-7.417265176773071E-001,-3.935405611991882E-001,-2.551980689167976E-002,-8.790092915296555E-002,-7.417265176773071E-001,-3.935405611991882E-001,-2.551980689167976E-002,-8.790092915296555E-002,
2.020300000000000E+009,-7.682234048843384E-001,-3.849845528602600E-001,-2.793715521693230E-002,-8.677182346582413E-002,-7.682234048843384E-001,-3.849845528602600E-001,-2.793715521693230E-002,-8.677182346582413E-002,
2.028666666666667E+009,-7.779901623725891E-001,-3.656012117862701E-001,-2.977329678833485E-002,-8.497423678636551E-002,-7.779901623725891E-001,-3.656012117862701E-001,-2.977329678833485E-002,-8.497423678636551E-002,
2.037033333333334E+009,-7.690034508705139E-001,-3.371723592281342E-001,-3.224859386682510E-002,-8.430049568414688E-002,-7.690034508705139E-001,-3.371723592281342E-001,-3.224859386682510E-002,-8.430049568414688E-002,
2.045400000000000E+009,-7.646775841712952E-001,-3.080450892448425E-001,-3.386861085891724E-002,-8.360835164785385E-002,-7.646775841712952E-001,-3.080450892448425E-001,-3.386861085891724E-002,-8.360835164785385E-002,
2.053766666666667E+009,-7.624474763870239E-001,-2.890314161777496E-001,-3.723721206188202E-002,-8.338757604360580E-002,-7.624474763870239E-001,-2.890314161777496E-001,-3.723721206188202E-002,-8.338757604360580E-002,
2.062133333333334E+009,-7.703124880790710E-001,-2.601873874664307E-001,-3.958578035235405E-002,-8.100887387990952E-002,-7.703124880790710E-001,-2.601873874664307E-001,-3.958578035235405E-002,-8.100887387990952E-002,
2.070500000000000E+009,-7.812936305999756E-001,-2.431549429893494E-001,-4.406077414751053E-002,-8.099698275327683E-002,-7.812936305999756E-001,-2.431549429893494E-001,-4.406077414751053E-002,-8.099698275327683E-002,
2.078866666666667E+009,-7.899628877639771E-001,-2.230247706174851E-001,-4.740868136286736E-002,-7.866705954074860E-002,-7.899628877639771E-001,-2.230247706174851E-001,-4.740868136286736E-002,-7.866705954074860E-002,
2.087233333333334E+009,-8.063619136810303E-001,-2.119821906089783E-001,-5.041748657822609E-002,-7.583369314670563E-002,-8.063619136810303E-001,-2.119821906089783E-001,-5.041748657822609E-002,-7.583369314670563E-002,
2.095600000000000E+009,-8.249560594558716E-001,-1.983959674835205E-001,-5.208820104598999E-002,-7.235925644636154E-002,-8.249560594558716E-001,-1.983959674835205E-001,-5.208820104598999E-002,-7.235925644636154E-002,
2.103966666666667E+009,-8.275203704833984E-001,-1.824840754270554E-001,-5.304979532957077E-002,-6.927684694528580E-002,-8.275203704833984E-001,-1.824840754270554E-001,-5.304979532957077E-002,-6.927684694528580E-002,
2.112333333333334E+009,-8.338435292243958E-001,-1.645360291004181E-001,-5.429032072424889E-002,-6.727621704339981E-002,-8.338435292243958E-001,-1.645360291004181E-001,-5.429032072424889E-002,-6.727621704339981E-002,
2.120700000000000E+009,-8.475677371025085E-001,-1.536336988210678E-001,-5.480752885341644E-002,-6.687202304601669E-002,-8.475677371025085E-001,-1.536336988210678E-001,-5.480752885341644E-002,-6.687202304601669E-002,
2.129066666666667E+009,-8.538735508918762E-001,-1.302152127027512E-001,-5.655707418918610E-002,-6.576824188232422E-002,-8.538735508918762E-001,-1.302152127027512E-001,-5.655707418918610E-002,-6.576824188232422E-002,
2.137433333333334E+009,-8.373807668685913E-001,-1.048427000641823E-001,-5.720551311969757E-002,-6.396582722663879E-002,-8.373807668685913E-001,-1.048427000641823E-001,-5.720551311969757E-002,-6.396582722663879E-002,
2.145800000000000E+009,-8.099920153617859E-001,-7.754928618669510E-002,-5.975418910384178E-002,-6.311158090829849E-002,-8.099920153617859E-001,-7.754928618669510E-002,-5.975418910384178E-002,-6.311158090829849E-002,
2.154166666666667E+009,-8.114956617355347E-001,-5.281834304332733E-002,-6.229134649038315E-002,-6.189026311039925E-002,-8.114956617355347E-001,-5.281834304332733E-002,-6.229134649038315E-002,-6.189026311039925E-002,
2.162533333333334E+009,-8.175212740898132E-001,-3.958825394511223E-002,-6.472728401422501E-002,-5.963217467069626E-002,-8.175212740898132E-001,-3.958825394511223E-002,-6.472728401422501E-002,-5.963217467069626E-002,
2.170900000000000E+009,-8.174411058425903E-001,-1.458924170583487E-002,-6.914873421192169E-002,-5.671691149473190E-002,-8.174411058425903E-001,-1.458924170583487E-002,-6.914873421192169E-002,-5.671691149473190E-002,
2.179266666666667E+009,-8.188733458518982E-001,4.918158054351807E-003,-7.073703408241272E-002,-5.301745980978012E-002,-8.188733458518982E-001,4.918158054351807E-003,-7.073703408241272E-002,-5.301745980978012E-002,
2.187633333333334E+009,-8.248645663261414E-001,2.641423232853413E-002,-7.185459882020950E-002,-4.843183979392052E-002,-8.248645663261414E-001,2.641423232853413E-002,-7.185459882020950E-002,-4.843183979392052E-002,
2.196000000000000E+009,-8.401548862457275E-001,4.067434743046761E-002,-7.177290320396423E-002,-4.457393288612366E-002,-8.401548862457275E-001,4.067434743046761E-002,-7.177290320396423E-002,-4.457393288612366E-002,
2.204366666666667E+009,-8.440616130828857E-001,5.816373974084854E-002,-7.224313169717789E-002,-4.185903817415237E-002,-8.440616130828857E-001,5.816373974084854E-002,-7.224313169717789E-002,-4.185903817415237E-002,
2.212733333333334E+009,-8.534052371978760E-001,7.444110512733460E-002,-7.224506139755249E-002,-4.086824506521225E-002,-8.534052371978760E-001,7.444110512733460E-002,-7.224506139755249E-002,-4.086824506521225E-002,
2.221100000000000E+009,-8.491084575653076E-001,1.004563942551613E-001,-7.098132371902466E-002,-3.903648257255554E-002,-8.491084575653076E-001,1.004563942551613E-001,-7.098132371902466E-002,-3.903648257255554E-002,
2.229466666666667E+009,-8.504136204719544E-001,1.173425987362862E-001,-7.272644340991974E-002,-3.817701712250710E-002,-8.504136204719544E-001,1.173425987362862E-001,-7.272644340991974E-002,-3.817701712250710E-002,
2.237833333333334E+009,-8.311586976051331E-001,1.343690454959869E-001,-7.338146865367889E-002,-3.669051080942154E-002,-8.311586976051331E-001,1.343690454959869E-001,-7.338146865367889E-002,-3.669051080942154E-002,
2.246200000000000E+009,-8.116411566734314E-001,1.517044901847839E-001,-7.535547763109207E-002,-3.573167324066162E-002,-8.116411566734314E-001,1.517044901847839E-001,-7.535547763109207E-002,-3.573167324066162E-002,
2.254566666666667E+009,-7.947617769241333E-001,1.744177490472794E-001,-7.832134515047073E-002,-3.339279070496559E-002,-7.947617769241333E-001,1.744177490472794E-001,-7.832134515047073E-002,-3.339279070496559E-002,
2.262933333333334E+009,-7.940776348114014E-001,1.880433112382889E-001,-7.934398949146271E-002,-2.959008142352104E-002,-7.940776348114014E-001,1.880433112382889E-001,-7.934398949146271E-002,-2.959008142352104E-002,
2.271300000000000E+009,-7.859418392181397E-001,2.240082919597626E-001,-8.087933808565140E-002,-2.536450885236263E-002,-7.859418392181397E-001,2.240082919597626E-001,-8.087933808565140E-002,-2.536450885236263E-002,
2.279666666666667E+009,-7.787054181098938E-001,2.388128042221069E-001,-8.137291669845581E-002,-2.101393416523933E-002,-7.787054181098938E-001,2.388128042221069E-001,-8.137291669845581E-002,-2.101393416523933E-002,
2.288033333333334E+009,-7.902988195419312E-001,2.557101547718048E-001,-7.996450364589691E-002,-1.741960830986500E-002,-7.902988195419312E-001,2.557101547718048E-001,-7.996450364589691E-002,-1.741960830986500E-002,
2.296400000000000E+009,-7.959640622138977E-001,2.753221988677979E-001,-7.901405543088913E-002,-1.500047557055950E-002,-7.959640622138977E-001,2.753221988677979E-001,-7.901405543088913E-002,-1.500047557055950E-002,
2.304766666666667E+009,-7.930238246917725E-001,3.004029393196106E-001,-7.821308821439743E-002,-1.205557771027088E-002,-7.930238246917725E-001,3.004029393196106E-001,-7.821308821439743E-002,-1.205557771027088E-002,
2.313133333333334E+009,-7.816361188888550E-001,3.159697055816650E-001,-7.718258351087570E-002,-1.149689871817827E-002,-7.816361188888550E-001,3.159697055816650E-001,-7.718258351087570E-002,-1.149689871817827E-002,
2.321500000000000E+009,-7.838303446769714E-001,3.336115479469299E-001,-7.799625396728516E-002,-1.036367006599903E-002,-7.838303446769714E-001,3.336115479469299E-001,-7.799625396728516E-002,-1.036367006599903E-002,
2.329866666666667E+009,-7.801067829132080E-001,3.466458320617676E-001,-7.827583700418472E-002,-9.180827066302300E-003,-7.801067829132080E-001,3.466458320617676E-001,-7.827583700418472E-002,-9.180827066302300E-003,
2.338233333333334E+009,-7.585355043411255E-001,3.623570501804352E-001,-8.048946410417557E-002,-7.500115782022476E-003,-7.585355043411255E-001,3.623570501804352E-001,-8.048946410417557E-002,-7.500115782022476E-003,
2.346600000000000E+009,-7.268234491348267E-001,3.700722455978394E-001,-8.186543732881546E-002,-4.022226668894291E-003,-7.268234491348267E-001,3.700722455978394E-001,-8.186543732881546E-002,-4.022226668894291E-003,
2.354966666666667E+009,-7.216483354568481E-001,3.887356519699097E-001,-8.209465444087982E-002,-6.390050402842462E-004,-7.216483354568481E-001,3.887356519699097E-001,-8.209465444087982E-002,-6.390050402842462E-004,
2.363333333333334E+009,-7.259535193443298E-001,4.147960841655731E-001,-8.080309629440308E-002,4.407788161188364E-003,-7.259535193443298E-001,4.147960841655731E-001,-8.080309629440308E-002,4.407788161188364E-003,
2.371700000000000E+009,-7.121694087982178E-001,4.345018267631531E-001,-7.996840775012970E-002,8.712583221495152E-003,-7.121694087982178E-001,4.345018267631531E-001,-7.996840775012970E-002,8.712583221495152E-003,
2.380066666666667E+009,-6.876887679100037E-001,4.449697434902191E-001,-7.697805762290955E-002,1.066888310015202E-002,-6.876887679100037E-001,4.449697434902191E-001,-7.697805762290955E-002,1.066888310015202E-002,
2.388433333333334E+009,-6.881855130195618E-001,4.675807356834412E-001,-7.432092726230621E-002,1.293076854199171E-002,-6.881855130195618E-001,4.675807356834412E-001,-7.432092726230621E-002,1.293076854199171E-002,
2.396800000000000E+009,-6.910172104835510E-001,4.940533041954041E-001,-7.211081683635712E-002,1.415396295487881E-002,-6.910172104835510E-001,4.940533041954041E-001,-7.211081683635712E-002,1.415396295487881E-002,
2.405166666666667E+009,-6.837700009346008E-001,5.126624107360840E-001,-7.149505615234375E-002,1.444134861230850E-002,-6.837700009346008E-001,5.126624107360840E-001,-7.149505615234375E-002,1.444134861230850E-002,
2.413533333333334E+009,-6.743990778923035E-001,5.310659408569336E-001,-7.094333320856094E-002,1.478528790175915E-002,-6.743990778923035E-001,5.310659408569336E-001,-7.094333320856094E-002,1.478528790175915E-002,
2.421900000000000E+009,-6.556141972541809E-001,5.447379946708679E-001,-7.129371911287308E-002,1.555931847542524E-002,-6.556141972541809E-001,5.447379946708679E-001,-7.129371911287308E-002,1.555931847542524E-002,
2.430266666666667E+009,-6.483817100524902E-001,5.535456538200378E-001,-7.336198538541794E-002,1.686953194439411E-002,-6.483817100524902E-001,5.535456538200378E-001,-7.336198538541794E-002,1.686953194439411E-002,
2.438633333333334E+009,-6.217999458312988E-001,5.635031461715698E-001,-7.449482381343842E-002,1.965908333659172E-002,-6.217999458312988E-001,5.635031461715698E-001,-7.449482381343842E-002,1.965908333659172E-002,
2.447000000000000E+009,-5.818811655044556E-001,5.586446523666382E-001,-7.486130297183991E-002,2.352273277938366E-002,-5.818811655044556E-001,5.586446523666382E-001,-7.486130297183991E-002,2.352273277938366E-002,
2.455366666666667E+009,-5.726463198661804E-001,5.786595940589905E-001,-7.497247308492661E-002,2.713987790048122E-002,-5.726463198661804E-001,5.786595940589905E-001,-7.497247308492661E-002,2.713987790048122E-002,
2.463733333333334E+009,-5.695048570632935E-001,6.026413440704346E-001,-7.181920111179352E-002,3.274419158697128E-002,-5.695048570632935E-001,6.026413440704346E-001,-7.181920111179352E-002,3.274419158697128E-002,
2.472100000000000E+009,-5.549470186233521E-001,6.123008131980896E-001,-6.885777413845062E-002,3.554817661643028E-002,-5.549470186233521E-001,6.123008131980896E-001,-6.885777413845062E-002,3.554817661643028E-002,
2.480466666666667E+009,-5.316849946975708E-001,6.223707199096680E-001,-6.507597863674164E-002,3.717030212283135E-002,-5.316849946975708E-001,6.223707199096680E-001,-6.507597863674164E-002,3.717030212283135E-002,
2.488833333333334E+009,-5.281446576118469E-001,6.410912275314331E-001,-6.265086680650711E-002,3.797962516546249E-002,-5.281446576118469E-001,6.410912275314331E-001,-6.265086680650711E-002,3.797962516546249E-002,
2.497200000000000E+009,-5.295183062553406E-001,6.669383645057678E-001,-6.029971316456795E-002,3.794595226645470E-002,-5.295183062553406E-001,6.669383645057678E-001,-6.029971316456795E-002,3.794595226645470E-002,
2.505566666666667E+009,-5.029290318489075E-001,6.730796694755554E-001,-5.938025191426277E-002,3.761165961623192E-002,-5.029290318489075E-001,6.730796694755554E-001,-5.938025191426277E-002,3.761165961623192E-002,
2.513933333333334E+009,-4.871414005756378E-001,6.903957128524780E-001,-5.961993709206581E-002,3.833237662911415E-002,-4.871414005756378E-001,6.903957128524780E-001,-5.961993709206581E-002,3.833237662911415E-002,
2.522300000000000E+009,-4.659941494464874E-001,6.932589411735535E-001,-5.947522446513176E-002,3.984315693378449E-002,-4.659941494464874E-001,6.932589411735535E-001,-5.947522446513176E-002,3.984315693378449E-002,
2.530666666666667E+009,-4.523342251777649E-001,7.057418823242188E-001,-5.951691791415215E-002,4.227415472269058E-002,-4.523342251777649E-001,7.057418823242188E-001,-5.951691791415215E-002,4.227415472269058E-002,
2.539033333333334E+009,-4.209468960762024E-001,7.002909779548645E-001,-5.951024219393730E-002,4.562515765428543E-002,-4.209468960762024E-001,7.002909779548645E-001,-5.951024219393730E-002,4.562515765428543E-002,
2.547400000000000E+009,-3.848748505115509E-001,6.927946805953980E-001,-5.748886242508888E-002,4.917183518409729E-002,-3.848748505115509E-001,6.927946805953980E-001,-5.748886242508888E-002,4.917183518409729E-002,
2.555766666666667E+009,-3.697856366634369E-001,7.028830051422119E-001,-5.409805849194527E-002,5.255721881985664E-002,-3.697856366634369E-001,7.028830051422119E-001,-5.409805849194527E-002,5.255721881985664E-002,
2.564133333333334E+009,-3.633509278297424E-001,7.273142337799072E-001,-5.154604092240334E-002,5.424683541059494E-002,-3.633509278297424E-001,7.273142337799072E-001,-5.154604092240334E-002,5.424683541059494E-002,
2.572500000000000E+009,-3.371467590332031E-001,7.366336584091187E-001,-4.694502055644989E-002,5.455226078629494E-002,-3.371467590332031E-001,7.366336584091187E-001,-4.694502055644989E-002,5.455226078629494E-002,
2.580866666666667E+009,-3.186570405960083E-001,7.404705286026001E-001,-4.387330263853073E-002,5.420815199613571E-002,-3.186570405960083E-001,7.404705286026001E-001,-4.387330263853073E-002,5.420815199613571E-002,
2.589233333333334E+009,-3.143575191497803E-001,7.590299248695374E-001,-4.218196868896484E-002,5.338818952441216E-002,-3.143575191497803E-001,7.590299248695374E-001,-4.218196868896484E-002,5.338818952441216E-002,
2.597600000000000E+009,-3.118955492973328E-001,7.816229462623596E-001,-4.050888493657112E-002,5.287307873368263E-002,-3.118955492973328E-001,7.816229462623596E-001,-4.050888493657112E-002,5.287307873368263E-002,
2.605966666666667E+009,-2.932031750679016E-001,7.891052365303040E-001,-4.016664251685143E-002,5.300091579556465E-002,-2.932031750679016E-001,7.891052365303040E-001,-4.016664251685143E-002,5.300091579556465E-002,
2.614333333333334E+009,-2.715516388416290E-001,7.888356447219849E-001,-4.029310867190361E-002,5.400136113166809E-002,-2.715516388416290E-001,7.888356447219849E-001,-4.029310867190361E-002,5.400136113166809E-002,
2.622700000000000E+009,-2.518331408500671E-001,7.991309762001038E-001,-3.938443958759308E-002,5.578055605292320E-002,-2.518331408500671E-001,7.991309762001038E-001,-3.938443958759308E-002,5.578055605292320E-002,
2.631066666666667E+009,-2.324785441160202E-001,7.971829771995544E-001,-3.872094675898552E-002,5.867838487029076E-002,-2.324785441160202E-001,7.971829771995544E-001,-3.872094675898552E-002,5.867838487029076E-002,
2.639433333333334E+009,-2.069701701402664E-001,7.924460172653198E-001,-3.663397952914238E-002,6.109095737338066E-002,-2.069701701402664E-001,7.924460172653198E-001,-3.663397952914238E-002,6.109095737338066E-002,
2.647800000000000E+009,-1.796463131904602E-001,7.762782573699951E-001,-3.387502208352089E-002,6.336133182048798E-002,-1.796463131904602E-001,7.762782573699951E-001,-3.387502208352089E-002,6.336133182048798E-002,
2.656166666666667E+009,-1.569709479808807E-001,7.808095812797546E-001,-3.027504496276379E-002,6.469665467739105E-002,-1.569709479808807E-001,7.808095812797546E-001,-3.027504496276379E-002,6.469665467739105E-002,
2.664533333333334E+009,-1.437560766935349E-001,7.965930700302124E-001,-2.656739391386509E-002,6.503770500421524E-002,-1.437560766935349E-001,7.965930700302124E-001,-2.656739391386509E-002,6.503770500421524E-002,
2.672900000000000E+009,-1.288582831621170E-001,8.117242455482483E-001,-2.361017093062401E-002,6.385913491249085E-002,-1.288582831621170E-001,8.117242455482483E-001,-2.361017093062401E-002,6.385913491249085E-002,
2.681266666666667E+009,-1.056804209947586E-001,8.115249872207642E-001,-2.120483107864857E-002,6.232360005378723E-002,-1.056804209947586E-001,8.115249872207642E-001,-2.120483107864857E-002,6.232360005378723E-002,
2.689633333333334E+009,-9.289504587650299E-002,8.268096446990967E-001,-1.987510174512863E-002,6.116652116179466E-002,-9.289504587650299E-002,8.268096446990967E-001,-1.987510174512863E-002,6.116652116179466E-002,
2.698000000000000E+009,-7.859360426664352E-002,8.352519869804382E-001,-1.911284588277340E-002,6.065566465258598E-002,-7.859360426664352E-002,8.352519869804382E-001,-1.911284588277340E-002,6.065566465258598E-002,
2.706366666666667E+009,-6.529868394136429E-002,8.448157906532288E-001,-1.887540146708489E-002,6.099439412355423E-002,-6.529868394136429E-002,8.448157906532288E-001,-1.887540146708489E-002,6.099439412355423E-002,
2.714733333333334E+009,-4.984593763947487E-002,8.402875661849976E-001,-1.887742057442665E-002,6.231398135423660E-002,-4.984593763947487E-002,8.402875661849976E-001,-1.887742057442665E-002,6.231398135423660E-002,
2.723100000000000E+009,-2.452180162072182E-002,8.278056383132935E-001,-1.765084452927113E-002,6.399516761302948E-002,-2.452180162072182E-002,8.278056383132935E-001,-1.765084452927113E-002,6.399516761302948E-002,
2.731466666666667E+009,-1.423685578629375E-003,8.298754692077637E-001,-1.503367442637682E-002,6.614124774932861E-002,-1.423685578629375E-003,8.298754692077637E-001,-1.503367442637682E-002,6.614124774932861E-002,
2.739833333333334E+009,2.103239484131336E-002,8.185058236122131E-001,-1.198929175734520E-002,6.800170987844467E-002,2.103239484131336E-002,8.185058236122131E-001,-1.198929175734520E-002,6.800170987844467E-002,
2.748200000000000E+009,4.189785569906235E-002,8.031336069107056E-001,-8.125944994390011E-003,6.849528104066849E-002,4.189785569906235E-002,8.031336069107056E-001,-8.125944994390011E-003,6.849528104066849E-002,
2.756566666666667E+009,6.980954855680466E-002,7.973348498344421E-001,-3.972135949879885E-003,6.803369522094727E-002,6.980954855680466E-002,7.973348498344421E-001,-3.972135949879885E-003,6.803369522094727E-002,
2.764933333333334E+009,8.630003780126572E-002,8.122367262840271E-001,-1.342017087154090E-003,6.656166166067123E-002,8.630003780126572E-002,8.122367262840271E-001,-1.342017087154090E-003,6.656166166067123E-002,
2.773300000000000E+009,1.053814738988876E-001,8.164042830467224E-001,1.105152885429561E-003,6.422015279531479E-002,1.053814738988876E-001,8.164042830467224E-001,1.105152885429561E-003,6.422015279531479E-002,
2.781666666666667E+009,1.165019571781158E-001,8.314197063446045E-001,1.843996462412179E-003,6.258199363946915E-002,1.165019571781158E-001,8.314197063446045E-001,1.843996462412179E-003,6.258199363946915E-002,
2.790033333333334E+009,1.404276788234711E-001,8.342838287353516E-001,2.373684197664261E-003,6.136738508939743E-002,1.404276788234711E-001,8.342838287353516E-001,2.373684197664261E-003,6.136738508939743E-002,
2.798400000000000E+009,1.517359763383865E-001,8.363179564476013E-001,2.527578501030803E-003,6.099814549088478E-002,1.517359763383865E-001,8.363179564476013E-001,2.527578501030803E-003,6.099814549088478E-002,
2.806766666666667E+009,1.677564829587936E-001,8.299257159233093E-001,2.908683847635984E-003,6.155021488666534E-002,1.677564829587936E-001,8.299257159233093E-001,2.908683847635984E-003,6.155021488666534E-002,
2.815133333333334E+009,1.854581832885742E-001,8.291911482810974E-001,4.095774609595537E-003,6.265752017498016E-002,1.854581832885742E-001,8.291911482810974E-001,4.095774609595537E-003,6.265752017498016E-002,
2.823500000000000E+009,2.083427906036377E-001,8.226544260978699E-001,6.187560036778450E-003,6.381887942552567E-002,2.083427906036377E-001,8.226544260978699E-001,6.187560036778450E-003,6.381887942552567E-002,
2.831866666666667E+009,2.302274554967880E-001,8.059280514717102E-001,9.501596912741661E-003,6.457208842039108E-002,2.302274554967880E-001,8.059280514717102E-001,9.501596912741661E-003,6.457208842039108E-002,
2.840233333333334E+009,2.442936897277832E-001,7.704969048500061E-001,1.316107530146837E-002,6.471598893404007E-002,2.442936897277832E-001,7.704969048500061E-001,1.316107530146837E-002,6.471598893404007E-002,
2.848600000000000E+009,2.699593603610992E-001,7.491087913513184E-001,1.695968210697174E-002,6.344120204448700E-002,2.699593603610992E-001,7.491087913513184E-001,1.695968210697174E-002,6.344120204448700E-002,
2.856966666666667E+009,2.938559353351593E-001,7.683222293853760E-001,1.992830820381641E-002,6.135573983192444E-002,2.938559353351593E-001,7.683222293853760E-001,1.992830820381641E-002,6.135573983192444E-002,
2.865333333333334E+009,3.155744671821594E-001,7.774196267127991E-001,2.132191881537437E-002,5.915747210383415E-002,3.155744671821594E-001,7.774196267127991E-001,2.132191881537437E-002,5.915747210383415E-002,
2.873700000000000E+009,3.305951654911041E-001,7.681610584259033E-001,2.166157029569149E-002,5.639054998755455E-002,3.305951654911041E-001,7.681610584259033E-001,2.166157029569149E-002,5.639054998755455E-002,
2.882066666666667E+009,3.523094058036804E-001,7.671219706535339E-001,2.206977270543575E-002,5.543361231684685E-002,3.523094058036804E-001,7.671219706535339E-001,2.206977270543575E-002,5.543361231684685E-002,
2.890433333333334E+009,3.694621622562408E-001,7.758076786994934E-001,2.170273102819920E-002,5.456312000751495E-002,3.694621622562408E-001,7.758076786994934E-001,2.170273102819920E-002,5.456312000751495E-002,
2.898800000000000E+009,3.813867568969727E-001,7.778183221817017E-001,2.171284332871437E-002,5.465926602482796E-002,3.813867568969727E-001,7.778183221817017E-001,2.171284332871437E-002,5.465926602482796E-002,
2.907166666666667E+009,4.010591804981232E-001,7.670673727989197E-001,2.284778654575348E-002,5.528021231293678E-002,4.010591804981232E-001,7.670673727989197E-001,2.284778654575348E-002,5.528021231293678E-002,
2.915533333333334E+009,4.171182513237000E-001,7.545534968376160E-001,2.433313801884651E-002,5.599058791995049E-002,4.171182513237000E-001,7.545534968376160E-001,2.433313801884651E-002,5.599058791995049E-002,
2.923900000000000E+009,4.302453100681305E-001,7.416465282440186E-001,2.697677910327911E-002,5.686091631650925E-002,4.302453100681305E-001,7.416465282440186E-001,2.697677910327911E-002,5.686091631650925E-002,
2.932266666666667E+009,4.448888599872589E-001,7.220644950866699E-001,3.055473789572716E-002,5.584067851305008E-002,4.448888599872589E-001,7.220644950866699E-001,3.055473789572716E-002,5.584067851305008E-002,
2.940633333333334E+009,4.643628895282745E-001,6.910246610641480E-001,3.394725173711777E-002,5.401317030191422E-002,4.643628895282745E-001,6.910246610641480E-001,3.394725173711777E-002,5.401317030191422E-002,
2.949000000000000E+009,4.765697717666626E-001,6.571972966194153E-001,3.666981682181358E-002,5.113927647471428E-002,4.765697717666626E-001,6.571972966194153E-001,3.666981682181358E-002,5.113927647471428E-002,
2.957366666666667E+009,5.004917383193970E-001,6.586382389068604E-001,3.853059560060501E-002,4.800808802247047E-002,5.004917383193970E-001,6.586382389068604E-001,3.853059560060501E-002,4.800808802247047E-002,
2.965733333333334E+009,5.310633182525635E-001,6.651762127876282E-001,3.893719241023064E-002,4.557994380593300E-002,5.310633182525635E-001,6.651762127876282E-001,3.893719241023064E-002,4.557994380593300E-002,
2.974100000000000E+009,5.522938370704651E-001,6.517677903175354E-001,3.886155039072037E-002,4.372750222682953E-002,5.522938370704651E-001,6.517677903175354E-001,3.886155039072037E-002,4.372750222682953E-002,
2.982466666666667E+009,5.679428577423096E-001,6.399358510971069E-001,3.844770044088364E-002,4.255731776356697E-002,5.679428577423096E-001,6.399358510971069E-001,3.844770044088364E-002,4.255731776356697E-002,
2.990833333333334E+009,5.864223837852478E-001,6.447759270668030E-001,3.724130615592003E-002,4.279091954231262E-002,5.864223837852478E-001,6.447759270668030E-001,3.724130615592003E-002,4.279091954231262E-002,
2.999200000000000E+009,6.026093959808350E-001,6.502145528793335E-001,3.787564113736153E-002,4.305105283856392E-002,6.026093959808350E-001,6.502145528793335E-001,3.787564113736153E-002,4.305105283856392E-002,
3.007566666666667E+009,6.166227459907532E-001,6.370519995689392E-001,3.926945850253105E-002,4.365041851997376E-002,6.166227459907532E-001,6.370519995689392E-001,3.926945850253105E-002,4.365041851997376E-002,
3.015933333333334E+009,6.198220849037170E-001,6.109642982482910E-001,4.081783071160317E-002,4.407445713877678E-002,6.198220849037170E-001,6.109642982482910E-001,4.081783071160317E-002,4.407445713877678E-002,
3.024300000000000E+009,6.284098625183106E-001,5.950725078582764E-001,4.478209093213081E-002,4.338610172271729E-002,6.284098625183106E-001,5.950725078582764E-001,4.478209093213081E-002,4.338610172271729E-002,
3.032666666666667E+009,6.524668931961060E-001,5.688372254371643E-001,4.795816540718079E-002,4.020739719271660E-002,6.524668931961060E-001,5.688372254371643E-001,4.795816540718079E-002,4.020739719271660E-002,
3.041033333333334E+009,6.562021970748901E-001,5.425968766212463E-001,5.023379996418953E-002,3.691321611404419E-002,6.562021970748901E-001,5.425968766212463E-001,5.023379996418953E-002,3.691321611404419E-002,
3.049400000000000E+009,6.637570858001709E-001,5.063262581825256E-001,5.106303840875626E-002,3.294842317700386E-002,6.637570858001709E-001,5.063262581825256E-001,5.106303840875626E-002,3.294842317700386E-002,
3.057766666666667E+009,6.813567876815796E-001,4.935930669307709E-001,5.091965571045876E-002,2.957000397145748E-002,6.813567876815796E-001,4.935930669307709E-001,5.091965571045876E-002,2.957000397145748E-002,
3.066133333333334E+009,7.143775820732117E-001,4.888117909431458E-001,5.014147609472275E-002,2.762074768543243E-002,7.143775820732117E-001,4.888117909431458E-001,5.014147609472275E-002,2.762074768543243E-002,
3.074500000000000E+009,7.289229035377502E-001,4.791871905326843E-001,4.885703325271606E-002,2.616459876298904E-002,7.289229035377502E-001,4.791871905326843E-001,4.885703325271606E-002,2.616459876298904E-002,
3.082866666666667E+009,7.496014833450317E-001,4.660129547119141E-001,4.840553924441338E-002,2.639904990792275E-002,7.496014833450317E-001,4.660129547119141E-001,4.840553924441338E-002,2.639904990792275E-002,
3.091233333333334E+009,7.664766311645508E-001,4.583621919155121E-001,4.842584207653999E-002,2.626024559140205E-002,7.664766311645508E-001,4.583621919155121E-001,4.842584207653999E-002,2.626024559140205E-002,
3.099600000000000E+009,7.816944718360901E-001,4.457049965858460E-001,4.963858798146248E-002,2.688578143715859E-002,7.816944718360901E-001,4.457049965858460E-001,4.963858798146248E-002,2.688578143715859E-002,
3.107966666666667E+009,7.850265502929688E-001,4.214731752872467E-001,5.149881541728973E-002,2.693809010088444E-002,7.850265502929688E-001,4.214731752872467E-001,5.149881541728973E-002,2.693809010088444E-002,
3.116333333333334E+009,7.893882989883423E-001,3.979537189006805E-001,5.455021187663078E-002,2.622955478727818E-002,7.893882989883423E-001,3.979537189006805E-001,5.455021187663078E-002,2.622955478727818E-002,
3.124700000000000E+009,7.989869713783264E-001,3.770805895328522E-001,5.727808922529221E-002,2.379155717790127E-002,7.989869713783264E-001,3.770805895328522E-001,5.727808922529221E-002,2.379155717790127E-002,
3.133066666666667E+009,8.091638088226318E-001,3.508803546428680E-001,5.928965657949448E-002,1.933502033352852E-002,8.091638088226318E-001,3.508803546428680E-001,5.928965657949448E-002,1.933502033352852E-002,
3.141433333333334E+009,7.970204949378967E-001,3.100139200687408E-001,5.938057228922844E-002,1.472510863095522E-002,7.970204949378967E-001,3.100139200687408E-001,5.938057228922844E-002,1.472510863095522E-002,
3.149800000000000E+009,7.938452363014221E-001,2.772413492202759E-001,5.845936387777329E-002,1.105067227035761E-002,7.938452363014221E-001,2.772413492202759E-001,5.845936387777329E-002,1.105067227035761E-002,
3.158166666666667E+009,8.271636366844177E-001,2.755383849143982E-001,5.647191032767296E-002,8.012810721993446E-003,8.271636366844177E-001,2.755383849143982E-001,5.647191032767296E-002,8.012810721993446E-003,
3.166533333333334E+009,8.549386262893677E-001,2.682303488254547E-001,5.427631735801697E-002,6.293210666626692E-003,8.549386262893677E-001,2.682303488254547E-001,5.427631735801697E-002,6.293210666626692E-003,
3.174900000000000E+009,8.642769455909729E-001,2.536044418811798E-001,5.315573886036873E-002,6.354473996907473E-003,8.642769455909729E-001,2.536044418811798E-001,5.315573886036873E-002,6.354473996907473E-003,
3.183266666666667E+009,8.669479489326477E-001,2.220716625452042E-001,5.331408604979515E-002,6.527812220156193E-003,8.669479489326477E-001,2.220716625452042E-001,5.331408604979515E-002,6.527812220156193E-003,
3.191633333333334E+009,8.692844510078430E-001,2.017681151628494E-001,5.334969982504845E-002,6.911146454513073E-003,8.692844510078430E-001,2.017681151628494E-001,5.334969982504845E-002,6.911146454513073E-003,
3.200000000000000E+009,8.817574381828308E-001,1.869376599788666E-001,5.479729920625687E-002,6.941452156752348E-003,8.817574381828308E-001,1.869376599788666E-001,5.479729920625687E-002,6.941452156752348E-003,
