% Version 1.00
%
%freq[Hz],re:Trc1_S11,im:Trc1_S11,re:Trc2_S21,im:Trc2_S21,re:Trc3_S11,im:Trc3_S11,re:Trc4_S21,im:Trc4_S21,
6.900000000000000E+008,1.714083105325699E-001,8.552258014678955E-001,-2.441999912261963E-001,-6.895630620419979E-003,1.714083105325699E-001,8.552258014678955E-001,-2.441999912261963E-001,-6.895630620419979E-003,
6.983666666666666E+008,2.112237811088562E-001,8.449284434318543E-001,-2.449644207954407E-001,4.394258372485638E-003,2.112237811088562E-001,8.449284434318543E-001,-2.449644207954407E-001,4.394258372485638E-003,
7.067333333333334E+008,2.307123690843582E-001,8.358042836189270E-001,-2.425350993871689E-001,1.194265205413103E-002,2.307123690843582E-001,8.358042836189270E-001,-2.425350993871689E-001,1.194265205413103E-002,
7.151000000000000E+008,2.456615269184113E-001,8.341350555419922E-001,-2.427430152893066E-001,2.247865870594978E-002,2.456615269184113E-001,8.341350555419922E-001,-2.427430152893066E-001,2.247865870594978E-002,
7.234666666666666E+008,2.786405682563782E-001,8.199859857559204E-001,-2.348254024982452E-001,2.925133146345615E-002,2.786405682563782E-001,8.199859857559204E-001,-2.348254024982452E-001,2.925133146345615E-002,
7.318333333333334E+008,2.933694124221802E-001,8.202489018440247E-001,-2.305579930543900E-001,3.170964494347572E-002,2.933694124221802E-001,8.202489018440247E-001,-2.305579930543900E-001,3.170964494347572E-002,
7.402000000000000E+008,3.103510141372681E-001,8.047913908958435E-001,-2.221371680498123E-001,3.459137678146362E-002,3.103510141372681E-001,8.047913908958435E-001,-2.221371680498123E-001,3.459137678146362E-002,
7.485666666666666E+008,3.129639029502869E-001,8.106784820556641E-001,-2.239278405904770E-001,3.667499870061874E-002,3.129639029502869E-001,8.106784820556641E-001,-2.239278405904770E-001,3.667499870061874E-002,
7.569333333333334E+008,3.372291326522827E-001,8.008593916893005E-001,-2.224045246839523E-001,3.930623456835747E-002,3.372291326522827E-001,8.008593916893005E-001,-2.224045246839523E-001,3.930623456835747E-002,
7.653000000000000E+008,3.590512275695801E-001,7.907550930976868E-001,-2.202686518430710E-001,4.365616291761398E-002,3.590512275695801E-001,7.907550930976868E-001,-2.202686518430710E-001,4.365616291761398E-002,
7.736666666666666E+008,3.944406509399414E-001,7.725399732589722E-001,-2.211925834417343E-001,5.145663022994995E-002,3.944406509399414E-001,7.725399732589722E-001,-2.211925834417343E-001,5.145663022994995E-002,
7.820333333333334E+008,4.106709957122803E-001,7.628366351127625E-001,-2.196947783231735E-001,6.334595382213593E-002,4.106709957122803E-001,7.628366351127625E-001,-2.196947783231735E-001,6.334595382213593E-002,
7.904000000000000E+008,4.429231286048889E-001,7.547436356544495E-001,-2.160731852054596E-001,6.710299104452133E-002,4.429231286048889E-001,7.547436356544495E-001,-2.160731852054596E-001,6.710299104452133E-002,
7.987666666666666E+008,4.577606618404388E-001,7.314357757568359E-001,-2.141811698675156E-001,7.515403628349304E-002,4.577606618404388E-001,7.314357757568359E-001,-2.141811698675156E-001,7.515403628349304E-002,
8.071333333333334E+008,4.869674146175385E-001,7.458671927452087E-001,-2.128725498914719E-001,8.362098783254623E-002,4.869674146175385E-001,7.458671927452087E-001,-2.128725498914719E-001,8.362098783254623E-002,
8.155000000000000E+008,5.048081874847412E-001,7.204463481903076E-001,-2.033095657825470E-001,8.586124330759049E-002,5.048081874847412E-001,7.204463481903076E-001,-2.033095657825470E-001,8.586124330759049E-002,
8.238666666666666E+008,5.222948193550110E-001,7.071141004562378E-001,-2.013085037469864E-001,9.593562036752701E-002,5.222948193550110E-001,7.071141004562378E-001,-2.013085037469864E-001,9.593562036752701E-002,
8.322333333333334E+008,5.378347039222717E-001,6.862748861312866E-001,-1.961013823747635E-001,9.287805110216141E-002,5.378347039222717E-001,6.862748861312866E-001,-1.961013823747635E-001,9.287805110216141E-002,
8.406000000000000E+008,5.528567433357239E-001,6.738955378532410E-001,-1.909641772508621E-001,9.741089493036270E-002,5.528567433357239E-001,6.738955378532410E-001,-1.909641772508621E-001,9.741089493036270E-002,
8.489666666666668E+008,5.641270875930786E-001,6.650561690330505E-001,-1.841291785240173E-001,1.030125096440315E-001,5.641270875930786E-001,6.650561690330505E-001,-1.841291785240173E-001,1.030125096440315E-001,
8.573333333333334E+008,5.858210325241089E-001,6.616479754447937E-001,-1.871582269668579E-001,1.064458340406418E-001,5.858210325241089E-001,6.616479754447937E-001,-1.871582269668579E-001,1.064458340406418E-001,
8.657000000000000E+008,6.088302731513977E-001,6.358332633972168E-001,-1.866313517093658E-001,1.079834625124931E-001,6.088302731513977E-001,6.358332633972168E-001,-1.866313517093658E-001,1.079834625124931E-001,
8.740666666666668E+008,6.217173337936401E-001,6.102545261383057E-001,-1.812542676925659E-001,1.145928278565407E-001,6.217173337936401E-001,6.102545261383057E-001,-1.812542676925659E-001,1.145928278565407E-001,
8.824333333333334E+008,6.397554874420166E-001,6.025984287261963E-001,-1.771519333124161E-001,1.220661178231239E-001,6.397554874420166E-001,6.025984287261963E-001,-1.771519333124161E-001,1.220661178231239E-001,
8.908000000000000E+008,6.674302220344544E-001,5.868548750877380E-001,-1.786087751388550E-001,1.239436268806458E-001,6.674302220344544E-001,5.868548750877380E-001,-1.786087751388550E-001,1.239436268806458E-001,
8.991666666666668E+008,6.659440994262695E-001,5.594333410263062E-001,-1.678021848201752E-001,1.273810863494873E-001,6.659440994262695E-001,5.594333410263062E-001,-1.678021848201752E-001,1.273810863494873E-001,
9.075333333333334E+008,6.797206997871399E-001,5.246988534927368E-001,-1.633061170578003E-001,1.347633153200150E-001,6.797206997871399E-001,5.246988534927368E-001,-1.633061170578003E-001,1.347633153200150E-001,
9.159000000000000E+008,7.017108201980591E-001,5.272269248962402E-001,-1.560018062591553E-001,1.369447410106659E-001,7.017108201980591E-001,5.272269248962402E-001,-1.560018062591553E-001,1.369447410106659E-001,
9.242666666666668E+008,7.194979786872864E-001,5.226240754127502E-001,-1.499204933643341E-001,1.426448225975037E-001,7.194979786872864E-001,5.226240754127502E-001,-1.499204933643341E-001,1.426448225975037E-001,
9.326333333333334E+008,7.282013297080994E-001,5.008677840232849E-001,-1.503851860761643E-001,1.454888433218002E-001,7.282013297080994E-001,5.008677840232849E-001,-1.503851860761643E-001,1.454888433218002E-001,
9.410000000000000E+008,7.326403856277466E-001,4.771088957786560E-001,-1.437761932611466E-001,1.426673531532288E-001,7.326403856277466E-001,4.771088957786560E-001,-1.437761932611466E-001,1.426673531532288E-001,
9.493666666666668E+008,7.511916756629944E-001,4.642194509506226E-001,-1.431385427713394E-001,1.468117386102676E-001,7.511916756629944E-001,4.642194509506226E-001,-1.431385427713394E-001,1.468117386102676E-001,
9.577333333333334E+008,7.626882195472717E-001,4.278478324413300E-001,-1.334487646818161E-001,1.473481953144074E-001,7.626882195472717E-001,4.278478324413300E-001,-1.334487646818161E-001,1.473481953144074E-001,
9.661000000000000E+008,7.852987647056580E-001,4.245216250419617E-001,-1.385053098201752E-001,1.541229635477066E-001,7.852987647056580E-001,4.245216250419617E-001,-1.385053098201752E-001,1.541229635477066E-001,
9.744666666666668E+008,7.836830615997315E-001,3.951578736305237E-001,-1.301401555538178E-001,1.542497277259827E-001,7.836830615997315E-001,3.951578736305237E-001,-1.301401555538178E-001,1.542497277259827E-001,
9.828333333333334E+008,8.021149039268494E-001,3.703586459159851E-001,-1.272917240858078E-001,1.619380563497543E-001,8.021149039268494E-001,3.703586459159851E-001,-1.272917240858078E-001,1.619380563497543E-001,
9.912000000000000E+008,8.147650361061096E-001,3.472905755043030E-001,-1.197333037853241E-001,1.637027412652969E-001,8.147650361061096E-001,3.472905755043030E-001,-1.197333037853241E-001,1.637027412652969E-001,
9.995666666666668E+008,8.221329450607300E-001,3.319767117500305E-001,-1.149723306298256E-001,1.727992743253708E-001,8.221329450607300E-001,3.319767117500305E-001,-1.149723306298256E-001,1.727992743253708E-001,
1.007933333333333E+009,8.210566639900208E-001,2.882988154888153E-001,-1.082571446895599E-001,1.735139638185501E-001,8.210566639900208E-001,2.882988154888153E-001,-1.082571446895599E-001,1.735139638185501E-001,
1.016300000000000E+009,8.282242417335510E-001,2.815112173557282E-001,-1.022809371352196E-001,1.711400449275971E-001,8.282242417335510E-001,2.815112173557282E-001,-1.022809371352196E-001,1.711400449275971E-001,
1.024666666666667E+009,8.486971855163574E-001,2.653293311595917E-001,-9.699127823114395E-002,1.767831295728684E-001,8.486971855163574E-001,2.653293311595917E-001,-9.699127823114395E-002,1.767831295728684E-001,
1.033033333333333E+009,8.504598736763001E-001,2.497027069330216E-001,-9.407705813646317E-002,1.754610985517502E-001,8.504598736763001E-001,2.497027069330216E-001,-9.407705813646317E-002,1.754610985517502E-001,
1.041400000000000E+009,8.521999716758728E-001,2.284523695707321E-001,-8.883914351463318E-002,1.766216903924942E-001,8.521999716758728E-001,2.284523695707321E-001,-8.883914351463318E-002,1.766216903924942E-001,
1.049766666666667E+009,8.522856235504150E-001,2.182026058435440E-001,-8.500961959362030E-002,1.760740131139755E-001,8.522856235504150E-001,2.182026058435440E-001,-8.500961959362030E-002,1.760740131139755E-001,
1.058133333333333E+009,8.632191419601440E-001,1.895535290241242E-001,-8.033379167318344E-002,1.775800436735153E-001,8.632191419601440E-001,1.895535290241242E-001,-8.033379167318344E-002,1.775800436735153E-001,
1.066500000000000E+009,8.701153397560120E-001,1.647643595933914E-001,-7.700798660516739E-002,1.787247210741043E-001,8.701153397560120E-001,1.647643595933914E-001,-7.700798660516739E-002,1.787247210741043E-001,
1.074866666666667E+009,8.738098144531250E-001,1.311925500631332E-001,-7.436917722225189E-002,1.848348230123520E-001,8.738098144531250E-001,1.311925500631332E-001,-7.436917722225189E-002,1.848348230123520E-001,
1.083233333333334E+009,8.741541504859924E-001,1.054957732558250E-001,-6.778531521558762E-002,1.863328069448471E-001,8.741541504859924E-001,1.054957732558250E-001,-6.778531521558762E-002,1.863328069448471E-001,
1.091600000000000E+009,8.753594160079956E-001,8.342630416154862E-002,-6.020045652985573E-002,1.902700513601303E-001,8.753594160079956E-001,8.342630416154862E-002,-6.020045652985573E-002,1.902700513601303E-001,
1.099966666666667E+009,8.700646162033081E-001,5.368096753954887E-002,-5.471532791852951E-002,1.889332681894302E-001,8.700646162033081E-001,5.368096753954887E-002,-5.471532791852951E-002,1.889332681894302E-001,
1.108333333333334E+009,8.909627199172974E-001,3.660069033503532E-002,-4.920018836855888E-002,1.906645894050598E-001,8.909627199172974E-001,3.660069033503532E-002,-4.920018836855888E-002,1.906645894050598E-001,
1.116700000000000E+009,8.896492123603821E-001,7.165455725044012E-003,-3.659029304981232E-002,1.906988620758057E-001,8.896492123603821E-001,7.165455725044012E-003,-3.659029304981232E-002,1.906988620758057E-001,
1.125066666666667E+009,8.892474174499512E-001,-8.466226980090141E-003,-3.288285806775093E-002,1.904210150241852E-001,8.892474174499512E-001,-8.466226980090141E-003,-3.288285806775093E-002,1.904210150241852E-001,
1.133433333333334E+009,8.904446959495544E-001,-2.797596715390682E-002,-2.981498278677464E-002,1.868982017040253E-001,8.904446959495544E-001,-2.797596715390682E-002,-2.981498278677464E-002,1.868982017040253E-001,
1.141800000000000E+009,8.897304534912109E-001,-4.927808791399002E-002,-2.183493599295616E-002,1.857106238603592E-001,8.897304534912109E-001,-4.927808791399002E-002,-2.183493599295616E-002,1.857106238603592E-001,
1.150166666666667E+009,8.842393755912781E-001,-6.974739581346512E-002,-2.496420964598656E-002,1.875047683715820E-001,8.842393755912781E-001,-6.974739581346512E-002,-2.496420964598656E-002,1.875047683715820E-001,
1.158533333333334E+009,8.889120817184448E-001,-8.451343327760696E-002,-2.197832055389881E-002,1.883367002010346E-001,8.889120817184448E-001,-8.451343327760696E-002,-2.197832055389881E-002,1.883367002010346E-001,
1.166900000000000E+009,8.825151324272156E-001,-1.263317763805389E-001,-1.453427784144878E-002,1.888126432895660E-001,8.825151324272156E-001,-1.263317763805389E-001,-1.453427784144878E-002,1.888126432895660E-001,
1.175266666666667E+009,8.637813329696655E-001,-1.428501605987549E-001,-1.496730931103230E-002,1.925658881664276E-001,8.637813329696655E-001,-1.428501605987549E-001,-1.496730931103230E-002,1.925658881664276E-001,
1.183633333333334E+009,8.612506389617920E-001,-1.644030958414078E-001,-5.440451670438051E-003,1.960977315902710E-001,8.612506389617920E-001,-1.644030958414078E-001,-5.440451670438051E-003,1.960977315902710E-001,
1.192000000000000E+009,8.665540218353272E-001,-1.872219741344452E-001,2.518829423934221E-003,1.974568963050842E-001,8.665540218353272E-001,-1.872219741344452E-001,2.518829423934221E-003,1.974568963050842E-001,
1.200366666666667E+009,8.492857217788696E-001,-2.093450874090195E-001,1.162346452474594E-002,1.976316571235657E-001,8.492857217788696E-001,-2.093450874090195E-001,1.162346452474594E-002,1.976316571235657E-001,
1.208733333333334E+009,8.405779600143433E-001,-2.168830186128616E-001,2.121475711464882E-002,1.954334676265717E-001,8.405779600143433E-001,-2.168830186128616E-001,2.121475711464882E-002,1.954334676265717E-001,
1.217100000000000E+009,8.460302352905273E-001,-2.477739304304123E-001,2.777623757719994E-002,1.920896470546722E-001,8.460302352905273E-001,-2.477739304304123E-001,2.777623757719994E-002,1.920896470546722E-001,
1.225466666666667E+009,8.462107777595520E-001,-2.696655988693237E-001,3.187607601284981E-002,1.857165247201920E-001,8.462107777595520E-001,-2.696655988693237E-001,3.187607601284981E-002,1.857165247201920E-001,
1.233833333333334E+009,8.464437127113342E-001,-2.935717999935150E-001,3.316907957196236E-002,1.836014837026596E-001,8.464437127113342E-001,-2.935717999935150E-001,3.316907957196236E-002,1.836014837026596E-001,
1.242200000000000E+009,8.306257128715515E-001,-3.099630475044251E-001,3.680858388543129E-002,1.791447401046753E-001,8.306257128715515E-001,-3.099630475044251E-001,3.680858388543129E-002,1.791447401046753E-001,
1.250566666666667E+009,8.232482075691223E-001,-3.287732899188995E-001,3.497419878840447E-002,1.821272075176239E-001,8.232482075691223E-001,-3.287732899188995E-001,3.497419878840447E-002,1.821272075176239E-001,
1.258933333333334E+009,8.263898491859436E-001,-3.648949563503265E-001,4.081485792994499E-002,1.824670433998108E-001,8.263898491859436E-001,-3.648949563503265E-001,4.081485792994499E-002,1.824670433998108E-001,
1.267300000000000E+009,8.143801093101502E-001,-3.821243047714233E-001,4.613057523965836E-002,1.845356822013855E-001,8.143801093101502E-001,-3.821243047714233E-001,4.613057523965836E-002,1.845356822013855E-001,
1.275666666666667E+009,7.938758134841919E-001,-3.996652662754059E-001,5.208537727594376E-002,1.872826516628265E-001,7.938758134841919E-001,-3.996652662754059E-001,5.208537727594376E-002,1.872826516628265E-001,
1.284033333333334E+009,7.697268128395081E-001,-4.178318381309509E-001,5.757080018520355E-002,1.871770769357681E-001,7.697268128395081E-001,-4.178318381309509E-001,5.757080018520355E-002,1.871770769357681E-001,
1.292400000000000E+009,7.682594656944275E-001,-4.352441132068634E-001,6.810788810253143E-002,1.837280988693237E-001,7.682594656944275E-001,-4.352441132068634E-001,6.810788810253143E-002,1.837280988693237E-001,
1.300766666666667E+009,7.627647519111633E-001,-4.601735770702362E-001,7.621377706527710E-002,1.778069436550140E-001,7.627647519111633E-001,-4.601735770702362E-001,7.621377706527710E-002,1.778069436550140E-001,
1.309133333333334E+009,7.366505265235901E-001,-4.762396812438965E-001,7.922340929508209E-002,1.740438193082809E-001,7.366505265235901E-001,-4.762396812438965E-001,7.922340929508209E-002,1.740438193082809E-001,
1.317500000000000E+009,7.317773103713989E-001,-4.966206252574921E-001,8.506585657596588E-002,1.670032888650894E-001,7.317773103713989E-001,-4.966206252574921E-001,8.506585657596588E-002,1.670032888650894E-001,
1.325866666666667E+009,7.185884118080139E-001,-5.107776522636414E-001,8.854433149099350E-002,1.610423177480698E-001,7.185884118080139E-001,-5.107776522636414E-001,8.854433149099350E-002,1.610423177480698E-001,
1.334233333333334E+009,7.126057744026184E-001,-5.324479937553406E-001,8.965261280536652E-002,1.588807553052902E-001,7.126057744026184E-001,-5.324479937553406E-001,8.965261280536652E-002,1.588807553052902E-001,
1.342600000000000E+009,6.895496249198914E-001,-5.490350127220154E-001,9.046036750078201E-002,1.572011113166809E-001,6.895496249198914E-001,-5.490350127220154E-001,9.046036750078201E-002,1.572011113166809E-001,
1.350966666666667E+009,6.774848699569702E-001,-5.626614093780518E-001,9.286571294069290E-002,1.592576354742050E-001,6.774848699569702E-001,-5.626614093780518E-001,9.286571294069290E-002,1.592576354742050E-001,
1.359333333333334E+009,6.519299745559692E-001,-5.819053649902344E-001,1.003916412591934E-001,1.576012372970581E-001,6.519299745559692E-001,-5.819053649902344E-001,1.003916412591934E-001,1.576012372970581E-001,
1.367700000000000E+009,6.479248404502869E-001,-6.041649580001831E-001,1.054458022117615E-001,1.586844176054001E-001,6.479248404502869E-001,-6.041649580001831E-001,1.054458022117615E-001,1.586844176054001E-001,
1.376066666666667E+009,6.318261623382568E-001,-6.152237653732300E-001,1.101469770073891E-001,1.557897925376892E-001,6.318261623382568E-001,-6.152237653732300E-001,1.101469770073891E-001,1.557897925376892E-001,
1.384433333333334E+009,6.129379868507385E-001,-6.335048079490662E-001,1.182353720068932E-001,1.508086174726486E-001,6.129379868507385E-001,-6.335048079490662E-001,1.182353720068932E-001,1.508086174726486E-001,
1.392800000000000E+009,5.946758985519409E-001,-6.514953970909119E-001,1.263830512762070E-001,1.456731706857681E-001,5.946758985519409E-001,-6.514953970909119E-001,1.263830512762070E-001,1.456731706857681E-001,
1.401166666666667E+009,5.807361006736755E-001,-6.609355211257935E-001,1.289369910955429E-001,1.376619338989258E-001,5.807361006736755E-001,-6.609355211257935E-001,1.289369910955429E-001,1.376619338989258E-001,
1.409533333333334E+009,5.622711181640625E-001,-6.731147766113281E-001,1.302483230829239E-001,1.280200630426407E-001,5.622711181640625E-001,-6.731147766113281E-001,1.302483230829239E-001,1.280200630426407E-001,
1.417900000000000E+009,5.529704689979553E-001,-6.922895908355713E-001,1.341692358255386E-001,1.249796375632286E-001,5.529704689979553E-001,-6.922895908355713E-001,1.341692358255386E-001,1.249796375632286E-001,
1.426266666666667E+009,5.359839200973511E-001,-7.073627114295960E-001,1.335620731115341E-001,1.171603128314018E-001,5.359839200973511E-001,-7.073627114295960E-001,1.335620731115341E-001,1.171603128314018E-001,
1.434633333333334E+009,5.116618275642395E-001,-7.183496356010437E-001,1.336439102888107E-001,1.185836717486382E-001,5.116618275642395E-001,-7.183496356010437E-001,1.336439102888107E-001,1.185836717486382E-001,
1.443000000000000E+009,4.958634972572327E-001,-7.326015233993530E-001,1.340672969818115E-001,1.158515065908432E-001,4.958634972572327E-001,-7.326015233993530E-001,1.340672969818115E-001,1.158515065908432E-001,
1.451366666666667E+009,4.864199161529541E-001,-7.433958649635315E-001,1.371905952692032E-001,1.155842021107674E-001,4.864199161529541E-001,-7.433958649635315E-001,1.371905952692032E-001,1.155842021107674E-001,
1.459733333333334E+009,4.481899440288544E-001,-7.619220018386841E-001,1.437080502510071E-001,1.160897091031075E-001,4.481899440288544E-001,-7.619220018386841E-001,1.437080502510071E-001,1.160897091031075E-001,
1.468100000000000E+009,4.209813177585602E-001,-7.572162747383118E-001,1.486029922962189E-001,1.117541342973709E-001,4.209813177585602E-001,-7.572162747383118E-001,1.486029922962189E-001,1.117541342973709E-001,
1.476466666666667E+009,4.094041585922241E-001,-7.699831724166870E-001,1.560938656330109E-001,1.068701222538948E-001,4.094041585922241E-001,-7.699831724166870E-001,1.560938656330109E-001,1.068701222538948E-001,
1.484833333333334E+009,3.951938450336456E-001,-7.853531241416931E-001,1.607605516910553E-001,9.685714542865753E-002,3.951938450336456E-001,-7.853531241416931E-001,1.607605516910553E-001,9.685714542865753E-002,
1.493200000000000E+009,3.766258656978607E-001,-7.950212359428406E-001,1.624363958835602E-001,8.895426243543625E-002,3.766258656978607E-001,-7.950212359428406E-001,1.624363958835602E-001,8.895426243543625E-002,
1.501566666666667E+009,3.546015918254852E-001,-7.988229393959045E-001,1.641298085451126E-001,8.225508034229279E-002,3.546015918254852E-001,-7.988229393959045E-001,1.641298085451126E-001,8.225508034229279E-002,
1.509933333333334E+009,3.391088545322418E-001,-8.125244379043579E-001,1.633100509643555E-001,7.735844701528549E-002,3.391088545322418E-001,-8.125244379043579E-001,1.633100509643555E-001,7.735844701528549E-002,
1.518300000000000E+009,3.086592555046082E-001,-8.183881044387817E-001,1.596589535474777E-001,7.053203880786896E-002,3.086592555046082E-001,-8.183881044387817E-001,1.596589535474777E-001,7.053203880786896E-002,
1.526666666666667E+009,3.038863241672516E-001,-8.326731920242310E-001,1.600262522697449E-001,6.958761066198349E-002,3.038863241672516E-001,-8.326731920242310E-001,1.600262522697449E-001,6.958761066198349E-002,
1.535033333333334E+009,2.768655717372894E-001,-8.398079872131348E-001,1.614716798067093E-001,6.723333150148392E-002,2.768655717372894E-001,-8.398079872131348E-001,1.614716798067093E-001,6.723333150148392E-002,
1.543400000000000E+009,2.511607110500336E-001,-8.411808013916016E-001,1.637171804904938E-001,6.640003621578217E-002,2.511607110500336E-001,-8.411808013916016E-001,1.637171804904938E-001,6.640003621578217E-002,
1.551766666666667E+009,2.323247790336609E-001,-8.519307971000671E-001,1.668031364679337E-001,6.539876759052277E-002,2.323247790336609E-001,-8.519307971000671E-001,1.668031364679337E-001,6.539876759052277E-002,
1.560133333333334E+009,1.989285349845886E-001,-8.628619313240051E-001,1.742271780967712E-001,5.869667604565620E-002,1.989285349845886E-001,-8.628619313240051E-001,1.742271780967712E-001,5.869667604565620E-002,
1.568500000000000E+009,1.778667718172073E-001,-8.511132001876831E-001,1.757659912109375E-001,5.278644338250160E-002,1.778667718172073E-001,-8.511132001876831E-001,1.757659912109375E-001,5.278644338250160E-002,
1.576866666666667E+009,1.509757786989212E-001,-8.535250425338745E-001,1.805548667907715E-001,4.395923018455505E-002,1.509757786989212E-001,-8.535250425338745E-001,1.805548667907715E-001,4.395923018455505E-002,
1.585233333333334E+009,1.323290020227432E-001,-8.607105612754822E-001,1.808711439371109E-001,3.645431995391846E-002,1.323290020227432E-001,-8.607105612754822E-001,1.808711439371109E-001,3.645431995391846E-002,
1.593600000000000E+009,1.232570633292198E-001,-8.639699816703796E-001,1.796218752861023E-001,3.157676383852959E-002,1.232570633292198E-001,-8.639699816703796E-001,1.796218752861023E-001,3.157676383852959E-002,
1.601966666666667E+009,9.821600466966629E-002,-8.695775866508484E-001,1.780453324317932E-001,2.366539090871811E-002,9.821600466966629E-002,-8.695775866508484E-001,1.780453324317932E-001,2.366539090871811E-002,
1.610333333333334E+009,7.186329364776611E-002,-8.681311011314392E-001,1.753686666488648E-001,1.833570003509522E-002,7.186329364776611E-002,-8.681311011314392E-001,1.753686666488648E-001,1.833570003509522E-002,
1.618700000000000E+009,6.052110344171524E-002,-8.752533793449402E-001,1.730527132749558E-001,1.599289849400520E-002,6.052110344171524E-002,-8.752533793449402E-001,1.730527132749558E-001,1.599289849400520E-002,
1.627066666666667E+009,3.963674977421761E-002,-8.713417053222656E-001,1.733470857143402E-001,1.329195965081453E-002,3.963674977421761E-002,-8.713417053222656E-001,1.733470857143402E-001,1.329195965081453E-002,
1.635433333333334E+009,1.303108222782612E-002,-8.768777847290039E-001,1.761016249656677E-001,1.088314689695835E-002,1.303108222782612E-002,-8.768777847290039E-001,1.761016249656677E-001,1.088314689695835E-002,
1.643800000000000E+009,-1.526191458106041E-002,-8.744760751724243E-001,1.751184910535812E-001,5.549212452024221E-003,-1.526191458106041E-002,-8.744760751724243E-001,1.751184910535812E-001,5.549212452024221E-003,
1.652166666666667E+009,-3.550536558032036E-002,-8.687275648117065E-001,1.781120598316193E-001,7.611907785758376E-004,-3.550536558032036E-002,-8.687275648117065E-001,1.781120598316193E-001,7.611907785758376E-004,
1.660533333333334E+009,-4.352501034736633E-002,-8.695382475852966E-001,1.805558800697327E-001,-6.751182023435831E-003,-4.352501034736633E-002,-8.695382475852966E-001,1.805558800697327E-001,-6.751182023435831E-003,
1.668900000000000E+009,-8.409594744443893E-002,-8.668450713157654E-001,1.825997531414032E-001,-1.384121272712946E-002,-8.409594744443893E-002,-8.668450713157654E-001,1.825997531414032E-001,-1.384121272712946E-002,
1.677266666666667E+009,-1.051275730133057E-001,-8.559986352920532E-001,1.813959181308746E-001,-2.049154415726662E-002,-1.051275730133057E-001,-8.559986352920532E-001,1.813959181308746E-001,-2.049154415726662E-002,
1.685633333333334E+009,-1.273349523544312E-001,-8.582632541656494E-001,1.784374862909317E-001,-2.924716472625732E-002,-1.273349523544312E-001,-8.582632541656494E-001,1.784374862909317E-001,-2.924716472625732E-002,
1.694000000000000E+009,-1.397464573383331E-001,-8.604980707168579E-001,1.737442016601563E-001,-3.287428244948387E-002,-1.397464573383331E-001,-8.604980707168579E-001,1.737442016601563E-001,-3.287428244948387E-002,
1.702366666666667E+009,-1.564121097326279E-001,-8.495370745658875E-001,1.686963587999344E-001,-3.476919606328011E-002,-1.564121097326279E-001,-8.495370745658875E-001,1.686963587999344E-001,-3.476919606328011E-002,
1.710733333333334E+009,-1.933751404285431E-001,-8.481963276863098E-001,1.693400740623474E-001,-3.910208866000176E-002,-1.933751404285431E-001,-8.481963276863098E-001,1.693400740623474E-001,-3.910208866000176E-002,
1.719100000000000E+009,-2.121863365173340E-001,-8.455961346626282E-001,1.659781783819199E-001,-4.323260113596916E-002,-2.121863365173340E-001,-8.455961346626282E-001,1.659781783819199E-001,-4.323260113596916E-002,
1.727466666666667E+009,-2.264608740806580E-001,-8.407814502716065E-001,1.660543084144592E-001,-4.471182823181152E-002,-2.264608740806580E-001,-8.407814502716065E-001,1.660543084144592E-001,-4.471182823181152E-002,
1.735833333333334E+009,-2.480939775705338E-001,-8.311673998832703E-001,1.668395996093750E-001,-4.938295483589172E-002,-2.480939775705338E-001,-8.311673998832703E-001,1.668395996093750E-001,-4.938295483589172E-002,
1.744200000000000E+009,-2.659223675727844E-001,-8.219676017761231E-001,1.667948812246323E-001,-5.392153933644295E-002,-2.659223675727844E-001,-8.219676017761231E-001,1.667948812246323E-001,-5.392153933644295E-002,
1.752566666666667E+009,-2.885122299194336E-001,-8.123450875282288E-001,1.695021539926529E-001,-5.889873579144478E-002,-2.885122299194336E-001,-8.123450875282288E-001,1.695021539926529E-001,-5.889873579144478E-002,
1.760933333333334E+009,-3.096018135547638E-001,-8.011467456817627E-001,1.669952273368835E-001,-6.570257246494293E-002,-3.096018135547638E-001,-8.011467456817627E-001,1.669952273368835E-001,-6.570257246494293E-002,
1.769300000000000E+009,-3.250034451484680E-001,-7.838361263275147E-001,1.642139852046967E-001,-7.298923283815384E-002,-3.250034451484680E-001,-7.838361263275147E-001,1.642139852046967E-001,-7.298923283815384E-002,
1.777666666666667E+009,-3.528195619583130E-001,-7.779188752174377E-001,1.624397486448288E-001,-8.036167174577713E-002,-3.528195619583130E-001,-7.779188752174377E-001,1.624397486448288E-001,-8.036167174577713E-002,
1.786033333333334E+009,-3.656257688999176E-001,-7.802826762199402E-001,1.570828855037689E-001,-8.612443506717682E-002,-3.656257688999176E-001,-7.802826762199402E-001,1.570828855037689E-001,-8.612443506717682E-002,
1.794400000000000E+009,-3.869923353195190E-001,-7.800859808921814E-001,1.525590270757675E-001,-9.011383354663849E-002,-3.869923353195190E-001,-7.800859808921814E-001,1.525590270757675E-001,-9.011383354663849E-002,
1.802766666666667E+009,-4.081278741359711E-001,-7.705438137054443E-001,1.482185423374176E-001,-9.468331933021545E-002,-4.081278741359711E-001,-7.705438137054443E-001,1.482185423374176E-001,-9.468331933021545E-002,
1.811133333333334E+009,-4.165022969245911E-001,-7.506920695304871E-001,1.433112174272537E-001,-9.633506089448929E-002,-4.165022969245911E-001,-7.506920695304871E-001,1.433112174272537E-001,-9.633506089448929E-002,
1.819500000000000E+009,-4.319031536579132E-001,-7.414968013763428E-001,1.416495442390442E-001,-9.800826758146286E-002,-4.319031536579132E-001,-7.414968013763428E-001,1.416495442390442E-001,-9.800826758146286E-002,
1.827866666666667E+009,-4.620910882949829E-001,-7.389313578605652E-001,1.395027935504913E-001,-1.019441708922386E-001,-4.620910882949829E-001,-7.389313578605652E-001,1.395027935504913E-001,-1.019441708922386E-001,
1.836233333333334E+009,-4.799623191356659E-001,-7.230007052421570E-001,1.373037993907929E-001,-1.054691746830940E-001,-4.799623191356659E-001,-7.230007052421570E-001,1.373037993907929E-001,-1.054691746830940E-001,
1.844600000000000E+009,-4.948762953281403E-001,-6.993967294692993E-001,1.363468766212463E-001,-1.099505648016930E-001,-4.948762953281403E-001,-6.993967294692993E-001,1.363468766212463E-001,-1.099505648016930E-001,
1.852966666666667E+009,-5.067836046218872E-001,-6.833634972572327E-001,1.300949305295944E-001,-1.136745065450668E-001,-5.067836046218872E-001,-6.833634972572327E-001,1.300949305295944E-001,-1.136745065450668E-001,
1.861333333333334E+009,-5.272056460380554E-001,-6.831920146942139E-001,1.303268074989319E-001,-1.186579912900925E-001,-5.272056460380554E-001,-6.831920146942139E-001,1.303268074989319E-001,-1.186579912900925E-001,
1.869700000000000E+009,-5.451444387435913E-001,-6.601392626762390E-001,1.248562037944794E-001,-1.233074218034744E-001,-5.451444387435913E-001,-6.601392626762390E-001,1.248562037944794E-001,-1.233074218034744E-001,
1.878066666666667E+009,-5.590766668319702E-001,-6.393995881080627E-001,1.194931641221046E-001,-1.274190396070480E-001,-5.590766668319702E-001,-6.393995881080627E-001,1.194931641221046E-001,-1.274190396070480E-001,
1.886433333333334E+009,-5.719161033630371E-001,-6.251147389411926E-001,1.141400188207626E-001,-1.332632601261139E-001,-5.719161033630371E-001,-6.251147389411926E-001,1.141400188207626E-001,-1.332632601261139E-001,
1.894800000000000E+009,-5.947602987289429E-001,-6.175937056541443E-001,1.092575043439865E-001,-1.356649994850159E-001,-5.947602987289429E-001,-6.175937056541443E-001,1.092575043439865E-001,-1.356649994850159E-001,
1.903166666666667E+009,-6.050406694412231E-001,-6.074484586715698E-001,1.044350117444992E-001,-1.378644704818726E-001,-6.050406694412231E-001,-6.074484586715698E-001,1.044350117444992E-001,-1.378644704818726E-001,
1.911533333333334E+009,-6.219171881675720E-001,-6.010549664497376E-001,1.013707444071770E-001,-1.392768621444702E-001,-6.219171881675720E-001,-6.010549664497376E-001,1.013707444071770E-001,-1.392768621444702E-001,
1.919900000000000E+009,-6.320850253105164E-001,-5.826037526130676E-001,9.671316295862198E-002,-1.394791454076767E-001,-6.320850253105164E-001,-5.826037526130676E-001,9.671316295862198E-002,-1.394791454076767E-001,
1.928266666666667E+009,-6.449879407882690E-001,-5.619347691535950E-001,9.326769411563873E-002,-1.430433988571167E-001,-6.449879407882690E-001,-5.619347691535950E-001,9.326769411563873E-002,-1.430433988571167E-001,
1.936633333333334E+009,-6.593016982078552E-001,-5.487751960754395E-001,9.173457324504852E-002,-1.443838030099869E-001,-6.593016982078552E-001,-5.487751960754395E-001,9.173457324504852E-002,-1.443838030099869E-001,
1.945000000000000E+009,-6.715227961540222E-001,-5.253618955612183E-001,8.753779530525208E-002,-1.461536586284638E-001,-6.715227961540222E-001,-5.253618955612183E-001,8.753779530525208E-002,-1.461536586284638E-001,
1.953366666666667E+009,-6.813424229621887E-001,-5.021346211433411E-001,8.435085415840149E-002,-1.500518918037415E-001,-6.813424229621887E-001,-5.021346211433411E-001,8.435085415840149E-002,-1.500518918037415E-001,
1.961733333333334E+009,-6.914548873901367E-001,-4.878827631473541E-001,7.999233901500702E-002,-1.549911499023438E-001,-6.914548873901367E-001,-4.878827631473541E-001,7.999233901500702E-002,-1.549911499023438E-001,
1.970100000000000E+009,-7.005900144577026E-001,-4.678940474987030E-001,7.375221699476242E-002,-1.588195562362671E-001,-7.005900144577026E-001,-4.678940474987030E-001,7.375221699476242E-002,-1.588195562362671E-001,
1.978466666666667E+009,-7.208912968635559E-001,-4.528710842132568E-001,6.728495657444000E-002,-1.620800942182541E-001,-7.208912968635559E-001,-4.528710842132568E-001,6.728495657444000E-002,-1.620800942182541E-001,
1.986833333333334E+009,-7.290429472923279E-001,-4.343257248401642E-001,6.141345575451851E-002,-1.654172390699387E-001,-7.290429472923279E-001,-4.343257248401642E-001,6.141345575451851E-002,-1.654172390699387E-001,
1.995200000000000E+009,-7.428433895111084E-001,-4.205849170684815E-001,5.382931977510452E-002,-1.652394384145737E-001,-7.428433895111084E-001,-4.205849170684815E-001,5.382931977510452E-002,-1.652394384145737E-001,
2.003566666666667E+009,-7.551170587539673E-001,-4.063127040863037E-001,4.868653789162636E-002,-1.654486060142517E-001,-7.551170587539673E-001,-4.063127040863037E-001,4.868653789162636E-002,-1.654486060142517E-001,
2.011933333333334E+009,-7.532541751861572E-001,-3.930955231189728E-001,4.450122639536858E-002,-1.625036448240280E-001,-7.532541751861572E-001,-3.930955231189728E-001,4.450122639536858E-002,-1.625036448240280E-001,
2.020300000000000E+009,-7.743135690689087E-001,-3.754835128784180E-001,4.038535803556442E-002,-1.630464941263199E-001,-7.743135690689087E-001,-3.754835128784180E-001,4.038535803556442E-002,-1.630464941263199E-001,
2.028666666666667E+009,-7.819022536277771E-001,-3.522397279739380E-001,3.657709434628487E-002,-1.621030569076538E-001,-7.819022536277771E-001,-3.522397279739380E-001,3.657709434628487E-002,-1.621030569076538E-001,
2.037033333333334E+009,-7.787277102470398E-001,-3.268493115901947E-001,3.279606997966766E-002,-1.638972163200378E-001,-7.787277102470398E-001,-3.268493115901947E-001,3.279606997966766E-002,-1.638972163200378E-001,
2.045400000000000E+009,-7.835420370101929E-001,-3.030964434146881E-001,3.012642636895180E-002,-1.649969518184662E-001,-7.835420370101929E-001,-3.030964434146881E-001,3.012642636895180E-002,-1.649969518184662E-001,
2.053766666666667E+009,-7.830550670623779E-001,-2.861345410346985E-001,2.528184279799461E-002,-1.684588342905045E-001,-7.830550670623779E-001,-2.861345410346985E-001,2.528184279799461E-002,-1.684588342905045E-001,
2.062133333333334E+009,-7.922595739364624E-001,-2.596895694732666E-001,1.948673091828823E-002,-1.679179966449738E-001,-7.922595739364624E-001,-2.596895694732666E-001,1.948673091828823E-002,-1.679179966449738E-001,
2.070500000000000E+009,-7.998130321502686E-001,-2.414127290248871E-001,1.265749894082546E-002,-1.730679273605347E-001,-7.998130321502686E-001,-2.414127290248871E-001,1.265749894082546E-002,-1.730679273605347E-001,
2.078866666666667E+009,-8.075959682464600E-001,-2.219292074441910E-001,4.848643206059933E-003,-1.734256893396378E-001,-8.075959682464600E-001,-2.219292074441910E-001,4.848643206059933E-003,-1.734256893396378E-001,
2.087233333333334E+009,-8.188488483428955E-001,-2.080104798078537E-001,-2.639652462676168E-003,-1.720849871635437E-001,-8.188488483428955E-001,-2.080104798078537E-001,-2.639652462676168E-003,-1.720849871635437E-001,
2.095600000000000E+009,-8.297488689422607E-001,-1.894129216670990E-001,-8.599421009421349E-003,-1.684809178113937E-001,-8.297488689422607E-001,-1.894129216670990E-001,-8.599421009421349E-003,-1.684809178113937E-001,
2.103966666666667E+009,-8.323413133621216E-001,-1.710972487926483E-001,-1.301029603928328E-002,-1.646308004856110E-001,-8.323413133621216E-001,-1.710972487926483E-001,-1.301029603928328E-002,-1.646308004856110E-001,
2.112333333333334E+009,-8.327201008796692E-001,-1.479330062866211E-001,-1.658984459936619E-002,-1.630776077508926E-001,-8.327201008796692E-001,-1.479330062866211E-001,-1.658984459936619E-002,-1.630776077508926E-001,
2.120700000000000E+009,-8.425112962722778E-001,-1.339498609304428E-001,-1.727575622498989E-002,-1.635076850652695E-001,-8.425112962722778E-001,-1.339498609304428E-001,-1.727575622498989E-002,-1.635076850652695E-001,
2.129066666666667E+009,-8.463190793991089E-001,-1.086791753768921E-001,-2.048305794596672E-002,-1.640875041484833E-001,-8.463190793991089E-001,-1.086791753768921E-001,-2.048305794596672E-002,-1.640875041484833E-001,
2.137433333333334E+009,-8.380975723266602E-001,-8.466298133134842E-002,-2.315983735024929E-002,-1.625485122203827E-001,-8.380975723266602E-001,-8.466298133134842E-002,-2.315983735024929E-002,-1.625485122203827E-001,
2.145800000000000E+009,-8.258484005928040E-001,-6.269940733909607E-002,-2.783950418233872E-002,-1.647183448076248E-001,-8.258484005928040E-001,-6.269940733909607E-002,-2.783950418233872E-002,-1.647183448076248E-001,
2.154166666666667E+009,-8.290597796440125E-001,-4.017976298928261E-002,-3.303982689976692E-002,-1.660708934068680E-001,-8.290597796440125E-001,-4.017976298928261E-002,-3.303982689976692E-002,-1.660708934068680E-001,
2.162533333333334E+009,-8.287295699119568E-001,-2.741202525794506E-002,-3.938111290335655E-002,-1.660538613796234E-001,-8.287295699119568E-001,-2.741202525794506E-002,-3.938111290335655E-002,-1.660538613796234E-001,
2.170900000000000E+009,-8.271652460098267E-001,-3.062163945287466E-003,-5.004353076219559E-002,-1.666704863309860E-001,-8.271652460098267E-001,-3.062163945287466E-003,-5.004353076219559E-002,-1.666704863309860E-001,
2.179266666666667E+009,-8.273501396179199E-001,1.469193771481514E-002,-5.683000758290291E-002,-1.627102792263031E-001,-8.273501396179199E-001,1.469193771481514E-002,-5.683000758290291E-002,-1.627102792263031E-001,
2.187633333333334E+009,-8.308472633361816E-001,3.643424436450005E-002,-6.366499513387680E-002,-1.568156182765961E-001,-8.308472633361816E-001,3.643424436450005E-002,-6.366499513387680E-002,-1.568156182765961E-001,
2.196000000000000E+009,-8.348393440246582E-001,5.497745424509049E-002,-6.745781004428864E-002,-1.505039632320404E-001,-8.348393440246582E-001,5.497745424509049E-002,-6.745781004428864E-002,-1.505039632320404E-001,
2.204366666666667E+009,-8.330998420715332E-001,7.517302781343460E-002,-7.075676321983337E-002,-1.471463739871979E-001,-8.330998420715332E-001,7.517302781343460E-002,-7.075676321983337E-002,-1.471463739871979E-001,
2.212733333333334E+009,-8.375897407531738E-001,9.413271397352219E-002,-7.157491892576218E-002,-1.459401696920395E-001,-8.375897407531738E-001,9.413271397352219E-002,-7.157491892576218E-002,-1.459401696920395E-001,
2.221100000000000E+009,-8.304435610771179E-001,1.209107637405396E-001,-7.123257964849472E-002,-1.421589553356171E-001,-8.304435610771179E-001,1.209107637405396E-001,-7.123257964849472E-002,-1.421589553356171E-001,
2.229466666666667E+009,-8.291655778884888E-001,1.389637589454651E-001,-7.468233257532120E-002,-1.435206979513168E-001,-8.291655778884888E-001,1.389637589454651E-001,-7.468233257532120E-002,-1.435206979513168E-001,
2.237833333333334E+009,-8.184408545494080E-001,1.566264480352402E-001,-7.769612222909927E-002,-1.426396518945694E-001,-8.184408545494080E-001,1.566264480352402E-001,-7.769612222909927E-002,-1.426396518945694E-001,
2.246200000000000E+009,-8.063203096389771E-001,1.728756725788117E-001,-8.218127489089966E-002,-1.440282016992569E-001,-8.063203096389771E-001,1.728756725788117E-001,-8.218127489089966E-002,-1.440282016992569E-001,
2.254566666666667E+009,-7.965821623802185E-001,1.926256716251373E-001,-9.007463604211807E-002,-1.442561000585556E-001,-7.965821623802185E-001,1.926256716251373E-001,-9.007463604211807E-002,-1.442561000585556E-001,
2.262933333333334E+009,-7.928583025932312E-001,2.058483958244324E-001,-9.648525714874268E-002,-1.396728605031967E-001,-7.928583025932312E-001,2.058483958244324E-001,-9.648525714874268E-002,-1.396728605031967E-001,
2.271300000000000E+009,-7.868888378143311E-001,2.385705709457398E-001,-1.041582450270653E-001,-1.345787495374680E-001,-7.868888378143311E-001,2.385705709457398E-001,-1.041582450270653E-001,-1.345787495374680E-001,
2.279666666666667E+009,-7.812386751174927E-001,2.512415051460266E-001,-1.100631654262543E-001,-1.280589401721954E-001,-7.812386751174927E-001,2.512415051460266E-001,-1.100631654262543E-001,-1.280589401721954E-001,
2.288033333333334E+009,-7.815945148468018E-001,2.683413922786713E-001,-1.117676571011543E-001,-1.207834109663963E-001,-7.815945148468018E-001,2.683413922786713E-001,-1.117676571011543E-001,-1.207834109663963E-001,
2.296400000000000E+009,-7.776790857315064E-001,2.883844077587128E-001,-1.128850579261780E-001,-1.161903515458107E-001,-7.776790857315064E-001,2.883844077587128E-001,-1.128850579261780E-001,-1.161903515458107E-001,
2.304766666666667E+009,-7.712695598602295E-001,3.120350837707520E-001,-1.149441748857498E-001,-1.106824129819870E-001,-7.712695598602295E-001,3.120350837707520E-001,-1.149441748857498E-001,-1.106824129819870E-001,
2.313133333333334E+009,-7.575449943542481E-001,3.286520838737488E-001,-1.138516739010811E-001,-1.092387884855270E-001,-7.575449943542481E-001,3.286520838737488E-001,-1.138516739010811E-001,-1.092387884855270E-001,
2.321500000000000E+009,-7.517009973526001E-001,3.472165167331696E-001,-1.165194660425186E-001,-1.091401502490044E-001,-7.517009973526001E-001,3.472165167331696E-001,-1.165194660425186E-001,-1.091401502490044E-001,
2.329866666666667E+009,-7.448511123657227E-001,3.592603504657745E-001,-1.187869161367416E-001,-1.081108525395393E-001,-7.448511123657227E-001,3.592603504657745E-001,-1.187869161367416E-001,-1.081108525395393E-001,
2.338233333333334E+009,-7.320885062217712E-001,3.744820952415466E-001,-1.250647604465485E-001,-1.081380397081375E-001,-7.320885062217712E-001,3.744820952415466E-001,-1.250647604465485E-001,-1.081380397081375E-001,
2.346600000000000E+009,-7.164691090583801E-001,3.869341015815735E-001,-1.319040656089783E-001,-1.044079661369324E-001,-7.164691090583801E-001,3.869341015815735E-001,-1.319040656089783E-001,-1.044079661369324E-001,
2.354966666666667E+009,-7.093017101287842E-001,4.033472836017609E-001,-1.365180015563965E-001,-9.928745776414871E-002,-7.093017101287842E-001,4.033472836017609E-001,-1.365180015563965E-001,-9.928745776414871E-002,
2.363333333333334E+009,-7.061531543731690E-001,4.212239980697632E-001,-1.406241804361343E-001,-8.938156068325043E-002,-7.061531543731690E-001,4.212239980697632E-001,-1.406241804361343E-001,-8.938156068325043E-002,
2.371700000000000E+009,-6.931353211402893E-001,4.411335289478302E-001,-1.444534212350845E-001,-8.134368807077408E-002,-6.931353211402893E-001,4.411335289478302E-001,-1.444534212350845E-001,-8.134368807077408E-002,
2.380066666666667E+009,-6.732039451599121E-001,4.524727463722229E-001,-1.419177055358887E-001,-7.495974749326706E-002,-6.732039451599121E-001,4.524727463722229E-001,-1.419177055358887E-001,-7.495974749326706E-002,
2.388433333333334E+009,-6.672546863555908E-001,4.726680815219879E-001,-1.403117179870606E-001,-6.830258667469025E-002,-6.672546863555908E-001,4.726680815219879E-001,-1.403117179870606E-001,-6.830258667469025E-002,
2.396800000000000E+009,-6.574094891548157E-001,4.944430887699127E-001,-1.381425112485886E-001,-6.430274993181229E-002,-6.574094891548157E-001,4.944430887699127E-001,-1.381425112485886E-001,-6.430274993181229E-002,
2.405166666666667E+009,-6.460776925086975E-001,5.123966336250305E-001,-1.376471817493439E-001,-6.355054676532745E-002,-6.460776925086975E-001,5.123966336250305E-001,-1.376471817493439E-001,-6.355054676532745E-002,
2.413533333333334E+009,-6.389008164405823E-001,5.320280194282532E-001,-1.380142867565155E-001,-6.246927008032799E-002,-6.389008164405823E-001,5.320280194282532E-001,-1.380142867565155E-001,-6.246927008032799E-002,
2.421900000000000E+009,-6.163094639778137E-001,5.431374907493591E-001,-1.400061398744583E-001,-6.211004778742790E-002,-6.163094639778137E-001,5.431374907493591E-001,-1.400061398744583E-001,-6.211004778742790E-002,
2.430266666666667E+009,-6.060762405395508E-001,5.497992038726807E-001,-1.457752883434296E-001,-6.276378780603409E-002,-6.060762405395508E-001,5.497992038726807E-001,-1.457752883434296E-001,-6.276378780603409E-002,
2.438633333333334E+009,-5.876403450965881E-001,5.621446967124939E-001,-1.517447084188461E-001,-5.933667346835136E-002,-5.876403450965881E-001,5.621446967124939E-001,-1.517447084188461E-001,-5.933667346835136E-002,
2.447000000000000E+009,-5.678482651710510E-001,5.681513547897339E-001,-1.576726883649826E-001,-5.278773605823517E-002,-5.678482651710510E-001,5.681513547897339E-001,-1.576726883649826E-001,-5.278773605823517E-002,
2.455366666666667E+009,-5.578991174697876E-001,5.845296978950501E-001,-1.627167463302612E-001,-4.672808945178986E-002,-5.578991174697876E-001,5.845296978950501E-001,-1.627167463302612E-001,-4.672808945178986E-002,
2.463733333333334E+009,-5.445829033851624E-001,5.979263186454773E-001,-1.637189537286758E-001,-3.329702839255333E-002,-5.445829033851624E-001,5.979263186454773E-001,-1.637189537286758E-001,-3.329702839255333E-002,
2.472100000000000E+009,-5.319074988365173E-001,6.068884134292603E-001,-1.623746752738953E-001,-2.518939785659313E-002,-5.319074988365173E-001,6.068884134292603E-001,-1.623746752738953E-001,-2.518939785659313E-002,
2.480466666666667E+009,-5.125736594200134E-001,6.191617846488953E-001,-1.582008153200150E-001,-1.777657493948937E-002,-5.125736594200134E-001,6.191617846488953E-001,-1.582008153200150E-001,-1.777657493948937E-002,
2.488833333333334E+009,-5.064094066619873E-001,6.354433894157410E-001,-1.552841514348984E-001,-1.371030416339636E-002,-5.064094066619873E-001,6.354433894157410E-001,-1.552841514348984E-001,-1.371030416339636E-002,
2.497200000000000E+009,-4.932465553283691E-001,6.517567038536072E-001,-1.514687091112137E-001,-1.145375706255436E-002,-4.932465553283691E-001,6.517567038536072E-001,-1.514687091112137E-001,-1.145375706255436E-002,
2.505566666666667E+009,-4.714037179946899E-001,6.575962901115418E-001,-1.501465737819672E-001,-1.087876223027706E-002,-4.714037179946899E-001,6.575962901115418E-001,-1.501465737819672E-001,-1.087876223027706E-002,
2.513933333333334E+009,-4.559212625026703E-001,6.755226254463196E-001,-1.518480628728867E-001,-1.003470085561276E-002,-4.559212625026703E-001,6.755226254463196E-001,-1.518480628728867E-001,-1.003470085561276E-002,
2.522300000000000E+009,-4.351355731487274E-001,6.793884634971619E-001,-1.541654318571091E-001,-7.034116424620152E-003,-4.351355731487274E-001,6.793884634971619E-001,-1.541654318571091E-001,-7.034116424620152E-003,
2.530666666666667E+009,-4.209400117397308E-001,6.908109784126282E-001,-1.578091681003571E-001,-2.906904090195894E-003,-4.209400117397308E-001,6.908109784126282E-001,-1.578091681003571E-001,-2.906904090195894E-003,
2.539033333333334E+009,-3.997863233089447E-001,6.933268904685974E-001,-1.622690558433533E-001,3.124695969745517E-003,-3.997863233089447E-001,6.933268904685974E-001,-1.622690558433533E-001,3.124695969745517E-003,
2.547400000000000E+009,-3.787994086742401E-001,6.978184580802918E-001,-1.637534052133560E-001,1.188020966947079E-002,-3.787994086742401E-001,6.978184580802918E-001,-1.637534052133560E-001,1.188020966947079E-002,
2.555766666666667E+009,-3.618496358394623E-001,7.034084796905518E-001,-1.621104329824448E-001,2.224896661937237E-002,-3.618496358394623E-001,7.034084796905518E-001,-1.621104329824448E-001,2.224896661937237E-002,
2.564133333333334E+009,-3.503555357456207E-001,7.188775539398193E-001,-1.598085463047028E-001,2.808987721800804E-002,-3.503555357456207E-001,7.188775539398193E-001,-1.598085463047028E-001,2.808987721800804E-002,
2.572500000000000E+009,-3.272442221641541E-001,7.267478704452515E-001,-1.524511128664017E-001,3.422044217586517E-002,-3.272442221641541E-001,7.267478704452515E-001,-1.524511128664017E-001,3.422044217586517E-002,
2.580866666666667E+009,-3.117582499980927E-001,7.353564500808716E-001,-1.471583396196365E-001,3.772423416376114E-002,-3.117582499980927E-001,7.353564500808716E-001,-1.471583396196365E-001,3.772423416376114E-002,
2.589233333333334E+009,-2.998887896537781E-001,7.441002130508423E-001,-1.434049159288406E-001,3.842964023351669E-002,-2.998887896537781E-001,7.441002130508423E-001,-1.434049159288406E-001,3.842964023351669E-002,
2.597600000000000E+009,-2.862427830696106E-001,7.537217736244202E-001,-1.404992491006851E-001,3.967301174998283E-002,-2.862427830696106E-001,7.537217736244202E-001,-1.404992491006851E-001,3.967301174998283E-002,
2.605966666666667E+009,-2.671347558498383E-001,7.588822245597839E-001,-1.404804885387421E-001,4.045167192816734E-002,-2.671347558498383E-001,7.588822245597839E-001,-1.404804885387421E-001,4.045167192816734E-002,
2.614333333333334E+009,-2.476346343755722E-001,7.622924447059631E-001,-1.425753384828568E-001,4.220018908381462E-002,-2.476346343755722E-001,7.622924447059631E-001,-1.425753384828568E-001,4.220018908381462E-002,
2.622700000000000E+009,-2.276240587234497E-001,7.714663147926331E-001,-1.439336985349655E-001,4.661887884140015E-002,-2.276240587234497E-001,7.714663147926331E-001,-1.439336985349655E-001,4.661887884140015E-002,
2.631066666666667E+009,-2.096562981605530E-001,7.687957286834717E-001,-1.467075049877167E-001,5.302308872342110E-002,-2.096562981605530E-001,7.687957286834717E-001,-1.467075049877167E-001,5.302308872342110E-002,
2.639433333333334E+009,-1.919865310192108E-001,7.722592353820801E-001,-1.462378650903702E-001,6.002365052700043E-002,-1.919865310192108E-001,7.722592353820801E-001,-1.462378650903702E-001,6.002365052700043E-002,
2.647800000000000E+009,-1.714582592248917E-001,7.702509760856628E-001,-1.441777497529984E-001,6.813357770442963E-002,-1.714582592248917E-001,7.702509760856628E-001,-1.441777497529984E-001,6.813357770442963E-002,
2.656166666666667E+009,-1.527437269687653E-001,7.770257592201233E-001,-1.393087059259415E-001,7.525531202554703E-002,-1.527437269687653E-001,7.770257592201233E-001,-1.393087059259415E-001,7.525531202554703E-002,
2.664533333333334E+009,-1.381091326475143E-001,7.833694219589233E-001,-1.335464864969254E-001,8.047709614038467E-002,-1.381091326475143E-001,7.833694219589233E-001,-1.335464864969254E-001,8.047709614038467E-002,
2.672900000000000E+009,-1.207171604037285E-001,7.906523346900940E-001,-1.271583884954453E-001,8.215612918138504E-002,-1.207171604037285E-001,7.906523346900940E-001,-1.271583884954453E-001,8.215612918138504E-002,
2.681266666666667E+009,-1.004257351160049E-001,7.919338345527649E-001,-1.213860884308815E-001,8.274020999670029E-002,-1.004257351160049E-001,7.919338345527649E-001,-1.213860884308815E-001,8.274020999670029E-002,
2.689633333333334E+009,-8.316490799188614E-002,7.981143593788147E-001,-1.180379018187523E-001,8.234022557735443E-002,-8.316490799188614E-002,7.981143593788147E-001,-1.180379018187523E-001,8.234022557735443E-002,
2.698000000000000E+009,-6.654930114746094E-002,7.992448210716248E-001,-1.164058223366737E-001,8.282138407230377E-002,-6.654930114746094E-002,7.992448210716248E-001,-1.164058223366737E-001,8.282138407230377E-002,
2.706366666666667E+009,-5.062134936451912E-002,8.015656471252441E-001,-1.166567504405975E-001,8.426318317651749E-002,-5.062134936451912E-002,8.015656471252441E-001,-1.166567504405975E-001,8.426318317651749E-002,
2.714733333333334E+009,-3.710517287254334E-002,8.018879890441895E-001,-1.187410876154900E-001,8.712378144264221E-002,-3.710517287254334E-002,8.018879890441895E-001,-1.187410876154900E-001,8.712378144264221E-002,
2.723100000000000E+009,-1.283625047653914E-002,7.943644523620606E-001,-1.185242682695389E-001,9.222062677145004E-002,-1.283625047653914E-002,7.943644523620606E-001,-1.185242682695389E-001,9.222062677145004E-002,
2.731466666666667E+009,7.257489487528801E-003,7.956181168556213E-001,-1.164709702134132E-001,9.983138740062714E-002,7.257489487528801E-003,7.956181168556213E-001,-1.164709702134132E-001,9.983138740062714E-002,
2.739833333333334E+009,2.541453950107098E-002,7.946315407752991E-001,-1.135623827576637E-001,1.072751432657242E-001,2.541453950107098E-002,7.946315407752991E-001,-1.135623827576637E-001,1.072751432657242E-001,
2.748200000000000E+009,4.587258026003838E-002,7.905313372612000E-001,-1.070612072944641E-001,1.134394854307175E-001,4.587258026003838E-002,7.905313372612000E-001,-1.070612072944641E-001,1.134394854307175E-001,
2.756566666666667E+009,6.911681592464447E-002,7.904672622680664E-001,-9.882356971502304E-002,1.178500205278397E-001,6.911681592464447E-002,7.904672622680664E-001,-9.882356971502304E-002,1.178500205278397E-001,
2.764933333333334E+009,8.179102092981339E-002,7.935494780540466E-001,-9.297650307416916E-002,1.184488609433174E-001,8.179102092981339E-002,7.935494780540466E-001,-9.297650307416916E-002,1.184488609433174E-001,
2.773300000000000E+009,1.031086444854736E-001,7.935150861740112E-001,-8.573443442583084E-002,1.177741587162018E-001,1.031086444854736E-001,7.935150861740112E-001,-8.573443442583084E-002,1.177741587162018E-001,
2.781666666666667E+009,1.166701912879944E-001,7.980647683143616E-001,-8.233217149972916E-002,1.160592436790466E-001,1.166701912879944E-001,7.980647683143616E-001,-8.233217149972916E-002,1.160592436790466E-001,
2.790033333333334E+009,1.362586468458176E-001,7.959579229354858E-001,-8.020135015249252E-002,1.148332804441452E-001,1.362586468458176E-001,7.959579229354858E-001,-8.020135015249252E-002,1.148332804441452E-001,
2.798400000000000E+009,1.501510292291641E-001,7.930275201797485E-001,-7.967975735664368E-002,1.152122542262077E-001,1.501510292291641E-001,7.930275201797485E-001,-7.967975735664368E-002,1.152122542262077E-001,
2.806766666666667E+009,1.676741391420364E-001,7.884747982025147E-001,-7.963336259126663E-002,1.171497926115990E-001,1.676741391420364E-001,7.884747982025147E-001,-7.963336259126663E-002,1.171497926115990E-001,
2.815133333333334E+009,1.840992718935013E-001,7.835186719894409E-001,-7.885589450597763E-002,1.210580840706825E-001,1.840992718935013E-001,7.835186719894409E-001,-7.885589450597763E-002,1.210580840706825E-001,
2.823500000000000E+009,2.040373086929321E-001,7.772752046585083E-001,-7.643261551856995E-002,1.263483613729477E-001,2.040373086929321E-001,7.772752046585083E-001,-7.643261551856995E-002,1.263483613729477E-001,
2.831866666666667E+009,2.242147326469421E-001,7.705579400062561E-001,-7.127479463815689E-002,1.322767585515976E-001,2.242147326469421E-001,7.705579400062561E-001,-7.127479463815689E-002,1.322767585515976E-001,
2.840233333333334E+009,2.396632730960846E-001,7.563548684120178E-001,-6.458695232868195E-002,1.373839527368546E-001,2.396632730960846E-001,7.563548684120178E-001,-6.458695232868195E-002,1.373839527368546E-001,
2.848600000000000E+009,2.618385851383209E-001,7.483745813369751E-001,-5.610049888491631E-002,1.400193125009537E-001,2.618385851383209E-001,7.483745813369751E-001,-5.610049888491631E-002,1.400193125009537E-001,
2.856966666666667E+009,2.803087532520294E-001,7.481520175933838E-001,-4.842488840222359E-002,1.401726305484772E-001,2.803087532520294E-001,7.481520175933838E-001,-4.842488840222359E-002,1.401726305484772E-001,
2.865333333333334E+009,3.031680881977081E-001,7.516579031944275E-001,-4.295358806848526E-002,1.381622403860092E-001,3.031680881977081E-001,7.516579031944275E-001,-4.295358806848526E-002,1.381622403860092E-001,
2.873700000000000E+009,3.167396187782288E-001,7.417481541633606E-001,-3.853662684559822E-002,1.339057236909866E-001,3.167396187782288E-001,7.417481541633606E-001,-3.853662684559822E-002,1.339057236909866E-001,
2.882066666666667E+009,3.346745669841766E-001,7.397265434265137E-001,-3.664265945553780E-002,1.332161724567413E-001,3.346745669841766E-001,7.397265434265137E-001,-3.664265945553780E-002,1.332161724567413E-001,
2.890433333333334E+009,3.511746227741242E-001,7.365751266479492E-001,-3.640216216444969E-002,1.317006200551987E-001,3.511746227741242E-001,7.365751266479492E-001,-3.640216216444969E-002,1.317006200551987E-001,
2.898800000000000E+009,3.655048012733460E-001,7.329218983650208E-001,-3.642681986093521E-002,1.322836279869080E-001,3.655048012733460E-001,7.329218983650208E-001,-3.642681986093521E-002,1.322836279869080E-001,
2.907166666666667E+009,3.827101886272430E-001,7.217561006546021E-001,-3.484187647700310E-002,1.355235576629639E-001,3.827101886272430E-001,7.217561006546021E-001,-3.484187647700310E-002,1.355235576629639E-001,
2.915533333333334E+009,3.981009721755981E-001,7.126629948616028E-001,-3.275561705231667E-002,1.392264664173126E-001,3.981009721755981E-001,7.126629948616028E-001,-3.275561705231667E-002,1.392264664173126E-001,
2.923900000000000E+009,4.128417074680328E-001,7.057873010635376E-001,-2.874263189733028E-002,1.442355513572693E-001,4.128417074680328E-001,7.057873010635376E-001,-2.874263189733028E-002,1.442355513572693E-001,
2.932266666666667E+009,4.290033578872681E-001,6.916348934173584E-001,-2.032348886132240E-002,1.469065696001053E-001,4.290033578872681E-001,6.916348934173584E-001,-2.032348886132240E-002,1.469065696001053E-001,
2.940633333333334E+009,4.486778676509857E-001,6.725471615791321E-001,-1.174903102219105E-002,1.479630619287491E-001,4.486778676509857E-001,6.725471615791321E-001,-1.174903102219105E-002,1.479630619287491E-001,
2.949000000000000E+009,4.637499451637268E-001,6.557129025459290E-001,-3.034873399883509E-003,1.465991437435150E-001,4.637499451637268E-001,6.557129025459290E-001,-3.034873399883509E-003,1.465991437435150E-001,
2.957366666666667E+009,4.849922060966492E-001,6.499278545379639E-001,4.482130520045757E-003,1.431926637887955E-001,4.849922060966492E-001,6.499278545379639E-001,4.482130520045757E-003,1.431926637887955E-001,
2.965733333333334E+009,5.063341259956360E-001,6.414906382560730E-001,8.038363419473171E-003,1.395833045244217E-001,5.063341259956360E-001,6.414906382560730E-001,8.038363419473171E-003,1.395833045244217E-001,
2.974100000000000E+009,5.232352018356323E-001,6.274791359901428E-001,1.060035359114409E-002,1.365770250558853E-001,5.232352018356323E-001,6.274791359901428E-001,1.060035359114409E-002,1.365770250558853E-001,
2.982466666666667E+009,5.376173257827759E-001,6.208177804946899E-001,1.147996168583632E-002,1.342416703701019E-001,5.376173257827759E-001,6.208177804946899E-001,1.147996168583632E-002,1.342416703701019E-001,
2.990833333333334E+009,5.537805557250977E-001,6.152843236923218E-001,9.345676749944687E-003,1.334894448518753E-001,5.537805557250977E-001,6.152843236923218E-001,9.345676749944687E-003,1.334894448518753E-001,
2.999200000000000E+009,5.653617978096008E-001,6.091709733009338E-001,1.012117136269808E-002,1.353192627429962E-001,5.653617978096008E-001,6.091709733009338E-001,1.012117136269808E-002,1.353192627429962E-001,
3.007566666666667E+009,5.794643163681030E-001,5.969642400741577E-001,1.246848795562983E-002,1.385223269462585E-001,5.794643163681030E-001,5.969642400741577E-001,1.246848795562983E-002,1.385223269462585E-001,
3.015933333333334E+009,5.863924026489258E-001,5.811749100685120E-001,1.530984323471785E-002,1.412992626428604E-001,5.863924026489258E-001,5.811749100685120E-001,1.530984323471785E-002,1.412992626428604E-001,
3.024300000000000E+009,5.993447303771973E-001,5.728028416633606E-001,2.412123419344425E-002,1.452088952064514E-001,5.993447303771973E-001,5.728028416633606E-001,2.412123419344425E-002,1.452088952064514E-001,
3.032666666666667E+009,6.212669610977173E-001,5.479289293289185E-001,3.408131003379822E-002,1.431150436401367E-001,6.212669610977173E-001,5.479289293289185E-001,3.408131003379822E-002,1.431150436401367E-001,
3.041033333333334E+009,6.297414898872376E-001,5.321508646011353E-001,4.254073649644852E-002,1.401328295469284E-001,6.297414898872376E-001,5.321508646011353E-001,4.254073649644852E-002,1.401328295469284E-001,
3.049400000000000E+009,6.421423554420471E-001,5.099660158157349E-001,4.904743283987045E-002,1.342694759368897E-001,6.421423554420471E-001,5.099660158157349E-001,4.904743283987045E-002,1.342694759368897E-001,
3.057766666666667E+009,6.568536162376404E-001,4.967435598373413E-001,5.336456745862961E-002,1.277675777673721E-001,6.568536162376404E-001,4.967435598373413E-001,5.336456745862961E-002,1.277675777673721E-001,
3.066133333333334E+009,6.781777143478394E-001,4.800393879413605E-001,5.460869520902634E-002,1.235271990299225E-001,6.781777143478394E-001,4.800393879413605E-001,5.460869520902634E-002,1.235271990299225E-001,
3.074500000000000E+009,6.889470815658569E-001,4.689605832099915E-001,5.416997894644737E-002,1.195272654294968E-001,6.889470815658569E-001,4.689605832099915E-001,5.416997894644737E-002,1.195272654294968E-001,
3.082866666666667E+009,7.064356803894043E-001,4.535919427871704E-001,5.349916592240334E-002,1.198716908693314E-001,7.064356803894043E-001,4.535919427871704E-001,5.349916592240334E-002,1.198716908693314E-001,
3.091233333333334E+009,7.187606692314148E-001,4.384657144546509E-001,5.422196909785271E-002,1.201465651392937E-001,7.187606692314148E-001,4.384657144546509E-001,5.422196909785271E-002,1.201465651392937E-001,
3.099600000000000E+009,7.306744456291199E-001,4.228599965572357E-001,5.622155591845512E-002,1.227837279438973E-001,7.306744456291199E-001,4.228599965572357E-001,5.622155591845512E-002,1.227837279438973E-001,
3.107966666666667E+009,7.385633587837219E-001,4.059194326400757E-001,6.033487617969513E-002,1.252619475126267E-001,7.385633587837219E-001,4.059194326400757E-001,6.033487617969513E-002,1.252619475126267E-001,
3.116333333333334E+009,7.476079463958740E-001,3.886790871620178E-001,6.734929978847504E-002,1.278995126485825E-001,7.476079463958740E-001,3.886790871620178E-001,6.734929978847504E-002,1.278995126485825E-001,
3.124700000000000E+009,7.555471062660217E-001,3.667091727256775E-001,7.565897703170776E-002,1.264727413654327E-001,7.555471062660217E-001,3.667091727256775E-001,7.565897703170776E-002,1.264727413654327E-001,
3.133066666666667E+009,7.696578502655029E-001,3.470831513404846E-001,8.506551384925842E-002,1.207104325294495E-001,7.696578502655029E-001,3.470831513404846E-001,8.506551384925842E-002,1.207104325294495E-001,
3.141433333333334E+009,7.701808810234070E-001,3.195605278015137E-001,9.133705496788025E-002,1.122113317251205E-001,7.701808810234070E-001,3.195605278015137E-001,9.133705496788025E-002,1.122113317251205E-001,
3.149800000000000E+009,7.758201360702515E-001,2.973516881465912E-001,9.437722712755203E-002,1.042987704277039E-001,7.758201360702515E-001,2.973516881465912E-001,9.437722712755203E-002,1.042987704277039E-001,
3.158166666666667E+009,7.919313907623291E-001,2.826890349388123E-001,9.473013132810593E-002,9.659118950366974E-002,7.919313907623291E-001,2.826890349388123E-001,9.473013132810593E-002,9.659118950366974E-002,
3.166533333333334E+009,8.087282180786133E-001,2.668222486972809E-001,9.332323819398880E-002,9.100840240716934E-002,8.087282180786133E-001,2.668222486972809E-001,9.332323819398880E-002,9.100840240716934E-002,
3.174900000000000E+009,8.149439692497253E-001,2.505972087383270E-001,9.144599735736847E-002,9.003770351409912E-002,8.149439692497253E-001,2.505972087383270E-001,9.144599735736847E-002,9.003770351409912E-002,
3.183266666666667E+009,8.206746578216553E-001,2.241237163543701E-001,9.206169843673706E-002,9.050459414720535E-002,8.206746578216553E-001,2.241237163543701E-001,9.206169843673706E-002,9.050459414720535E-002,
3.191633333333334E+009,8.219701647758484E-001,2.035696804523468E-001,9.230776131153107E-002,9.121944755315781E-002,8.219701647758484E-001,2.035696804523468E-001,9.230776131153107E-002,9.121944755315781E-002,
3.200000000000000E+009,8.295730352401733E-001,1.849301010370255E-001,9.540945291519165E-002,9.320504963397980E-002,8.295730352401733E-001,1.849301010370255E-001,9.540945291519165E-002,9.320504963397980E-002,
