% Version 1.00
%
%freq[Hz],re:Trc1_S11,im:Trc1_S11,re:Trc2_S21,im:Trc2_S21,re:Trc3_S11,im:Trc3_S11,re:Trc4_S21,im:Trc4_S21,
2.500000000000000E+009,5.723313242197037E-002,-1.526266336441040E-001,2.636183500289917E-001,-9.410789012908936E-001,5.723313242197037E-002,-1.526266336441040E-001,2.636183500289917E-001,-9.410789012908936E-001,
2.511666666666667E+009,1.003934815526009E-002,-1.508334726095200E-001,2.222463339567184E-001,-9.541000127792358E-001,1.003934815526009E-002,-1.508334726095200E-001,2.222463339567184E-001,-9.541000127792358E-001,
2.523333333333334E+009,-2.180110476911068E-002,-1.156390681862831E-001,2.050702869892120E-001,-9.647878408432007E-001,-2.180110476911068E-002,-1.156390681862831E-001,2.050702869892120E-001,-9.647878408432007E-001,
2.535000000000000E+009,-1.762463897466660E-002,-7.090562582015991E-002,1.499503850936890E-001,-9.744448661804199E-001,-1.762463897466660E-002,-7.090562582015991E-002,1.499503850936890E-001,-9.744448661804199E-001,
2.546666666666667E+009,1.704844273626804E-002,-4.561637714505196E-002,1.158645451068878E-001,-9.877998828887940E-001,1.704844273626804E-002,-4.561637714505196E-002,1.158645451068878E-001,-9.877998828887940E-001,
2.558333333333334E+009,6.075283139944077E-002,-5.732204020023346E-002,8.462326228618622E-002,-9.837028980255127E-001,6.075283139944077E-002,-5.732204020023346E-002,8.462326228618622E-002,-9.837028980255127E-001,
2.570000000000000E+009,8.064336329698563E-002,-9.932254254817963E-002,3.986965119838715E-002,-9.768503904342651E-001,8.064336329698563E-002,-9.932254254817963E-002,3.986965119838715E-002,-9.768503904342651E-001,
2.581666666666667E+009,6.430112570524216E-002,-1.446794420480728E-001,5.960311274975538E-003,-9.678840041160584E-001,6.430112570524216E-002,-1.446794420480728E-001,5.960311274975538E-003,-9.678840041160584E-001,
2.593333333333334E+009,2.218133397400379E-002,-1.692201197147369E-001,-2.145628817379475E-002,-9.678850769996643E-001,2.218133397400379E-002,-1.692201197147369E-001,-2.145628817379475E-002,-9.678850769996643E-001,
2.605000000000000E+009,-2.601747028529644E-002,-1.560960710048676E-001,-4.765727743506432E-002,-9.722297191619873E-001,-2.601747028529644E-002,-1.560960710048676E-001,-4.765727743506432E-002,-9.722297191619873E-001,
2.616666666666667E+009,-5.211436003446579E-002,-1.142186075448990E-001,-8.680885285139084E-002,-9.743605852127075E-001,-5.211436003446579E-002,-1.142186075448990E-001,-8.680885285139084E-002,-9.743605852127075E-001,
2.628333333333334E+009,-4.386462643742561E-002,-6.553409993648529E-002,-1.260635256767273E-001,-9.765415787696838E-001,-4.386462643742561E-002,-6.553409993648529E-002,-1.260635256767273E-001,-9.765415787696838E-001,
2.640000000000000E+009,-6.559493951499462E-003,-4.313062503933907E-002,-1.605053246021271E-001,-9.785884618759155E-001,-6.559493951499462E-003,-4.313062503933907E-002,-1.605053246021271E-001,-9.785884618759155E-001,
2.651666666666667E+009,3.675361722707748E-002,-5.766876414418221E-002,-1.985832750797272E-001,-9.673222303390503E-001,3.675361722707748E-002,-5.766876414418221E-002,-1.985832750797272E-001,-9.673222303390503E-001,
2.663333333333334E+009,5.409019440412521E-002,-9.847742319107056E-002,-2.345524430274963E-001,-9.537324309349060E-001,5.409019440412521E-002,-9.847742319107056E-002,-2.345524430274963E-001,-9.537324309349060E-001,
2.675000000000000E+009,3.483989462256432E-002,-1.422207951545715E-001,-2.644519507884979E-001,-9.404144287109375E-001,3.483989462256432E-002,-1.422207951545715E-001,-2.644519507884979E-001,-9.404144287109375E-001,
2.686666666666667E+009,-8.276060223579407E-003,-1.595151871442795E-001,-2.891092300415039E-001,-9.345144629478455E-001,-8.276060223579407E-003,-1.595151871442795E-001,-2.891092300415039E-001,-9.345144629478455E-001,
2.698333333333334E+009,-5.233239755034447E-002,-1.424482613801956E-001,-3.152780532836914E-001,-9.233523011207581E-001,-5.233239755034447E-002,-1.424482613801956E-001,-3.152780532836914E-001,-9.233523011207581E-001,
2.710000000000000E+009,-6.988429278135300E-002,-9.756324440240860E-002,-3.527814447879791E-001,-9.197388887405396E-001,-6.988429278135300E-002,-9.756324440240860E-002,-3.527814447879791E-001,-9.197388887405396E-001,
2.721666666666667E+009,-5.229507014155388E-002,-5.238750949501991E-002,-3.934740126132965E-001,-9.070395827293396E-001,-5.229507014155388E-002,-5.238750949501991E-002,-3.934740126132965E-001,-9.070395827293396E-001,
2.733333333333334E+009,-9.116523899137974E-003,-3.400979936122894E-002,-4.254767298698425E-001,-8.928737640380859E-001,-9.116523899137974E-003,-3.400979936122894E-002,-4.254767298698425E-001,-8.928737640380859E-001,
2.745000000000000E+009,3.222609311342239E-002,-5.309695005416870E-002,-4.636954367160797E-001,-8.745396733283997E-001,3.222609311342239E-002,-5.309695005416870E-002,-4.636954367160797E-001,-8.745396733283997E-001,
2.756666666666667E+009,4.710983857512474E-002,-9.753222763538361E-002,-4.923589527606964E-001,-8.488425612449646E-001,4.710983857512474E-002,-9.753222763538361E-002,-4.923589527606964E-001,-8.488425612449646E-001,
2.768333333333334E+009,2.389587648212910E-002,-1.424018293619156E-001,-5.211265087127686E-001,-8.243656754493713E-001,2.389587648212910E-002,-1.424018293619156E-001,-5.211265087127686E-001,-8.243656754493713E-001,
2.780000000000000E+009,-2.095751650631428E-002,-1.587739586830139E-001,-5.488542318344116E-001,-8.077918887138367E-001,-2.095751650631428E-002,-1.587739586830139E-001,-5.488542318344116E-001,-8.077918887138367E-001,
2.791666666666667E+009,-6.527326256036758E-002,-1.399766504764557E-001,-5.713938474655151E-001,-7.908490300178528E-001,-6.527326256036758E-002,-1.399766504764557E-001,-5.713938474655151E-001,-7.908490300178528E-001,
2.803333333333334E+009,-7.950767129659653E-002,-9.760294109582901E-002,-5.947083234786987E-001,-7.751415967941284E-001,-7.950767129659653E-002,-9.760294109582901E-002,-5.947083234786987E-001,-7.751415967941284E-001,
2.815000000000000E+009,-6.198575347661972E-002,-5.365133658051491E-002,-6.266704797744751E-001,-7.602643966674805E-001,-6.198575347661972E-002,-5.365133658051491E-002,-6.266704797744751E-001,-7.602643966674805E-001,
2.826666666666667E+009,-1.707296818494797E-002,-3.856984525918961E-002,-6.628686189651489E-001,-7.415331602096558E-001,-1.707296818494797E-002,-3.856984525918961E-002,-6.628686189651489E-001,-7.415331602096558E-001,
2.838333333333334E+009,1.989790797233582E-002,-5.944427102804184E-002,-6.903278827667236E-001,-7.002411484718323E-001,1.989790797233582E-002,-5.944427102804184E-002,-6.903278827667236E-001,-7.002411484718323E-001,
2.850000000000000E+009,3.127861395478249E-002,-1.071188300848007E-001,-7.110385894775391E-001,-6.732063293457031E-001,3.127861395478249E-002,-1.071188300848007E-001,-7.110385894775391E-001,-6.732063293457031E-001,
2.861666666666667E+009,5.397006403654814E-003,-1.483880132436752E-001,-7.231043577194214E-001,-6.499500274658203E-001,5.397006403654814E-003,-1.483880132436752E-001,-7.231043577194214E-001,-6.499500274658203E-001,
2.873333333333334E+009,-4.661511629819870E-002,-1.613106876611710E-001,-7.508623600006104E-001,-6.191601157188416E-001,-4.661511629819870E-002,-1.613106876611710E-001,-7.508623600006104E-001,-6.191601157188416E-001,
2.885000000000000E+009,-8.840013295412064E-002,-1.387015730142593E-001,-7.640306949615479E-001,-6.041588187217712E-001,-8.840013295412064E-002,-1.387015730142593E-001,-7.640306949615479E-001,-6.041588187217712E-001,
2.896666666666667E+009,-1.046398654580116E-001,-9.139737486839294E-002,-7.882076501846314E-001,-5.797302126884460E-001,-1.046398654580116E-001,-9.139737486839294E-002,-7.882076501846314E-001,-5.797302126884460E-001,
2.908333333333334E+009,-8.017595857381821E-002,-4.808367416262627E-002,-8.160687685012817E-001,-5.549633502960205E-001,-8.017595857381821E-002,-4.808367416262627E-002,-8.160687685012817E-001,-5.549633502960205E-001,
2.920000000000000E+009,-3.075508587062359E-002,-3.447931259870529E-002,-8.353135585784912E-001,-5.256940722465515E-001,-3.075508587062359E-002,-3.447931259870529E-002,-8.353135585784912E-001,-5.256940722465515E-001,
2.931666666666667E+009,1.258935872465372E-002,-5.752639845013619E-002,-8.581494092941284E-001,-4.835230112075806E-001,1.258935872465372E-002,-5.752639845013619E-002,-8.581494092941284E-001,-4.835230112075806E-001,
2.943333333333334E+009,1.971930265426636E-002,-1.067212969064713E-001,-8.746101856231690E-001,-4.463086128234863E-001,1.971930265426636E-002,-1.067212969064713E-001,-8.746101856231690E-001,-4.463086128234863E-001,
2.955000000000000E+009,-1.253038644790649E-002,-1.486781835556030E-001,-8.831915259361267E-001,-4.084137976169586E-001,-1.253038644790649E-002,-1.486781835556030E-001,-8.831915259361267E-001,-4.084137976169586E-001,
2.966666666666667E+009,-6.741025298833847E-002,-1.610498130321503E-001,-8.923973441123962E-001,-3.877233266830444E-001,-6.741025298833847E-002,-1.610498130321503E-001,-8.923973441123962E-001,-3.877233266830444E-001,
2.978333333333334E+009,-1.132741197943687E-001,-1.336928457021713E-001,-9.026829600334168E-001,-3.619890511035919E-001,-1.132741197943687E-001,-1.336928457021713E-001,-9.026829600334168E-001,-3.619890511035919E-001,
2.990000000000000E+009,-1.254204809665680E-001,-8.291353285312653E-002,-9.160997271537781E-001,-3.305722177028656E-001,-1.254204809665680E-001,-8.291353285312653E-002,-9.160997271537781E-001,-3.305722177028656E-001,
3.001666666666667E+009,-9.765426814556122E-002,-3.877831622958183E-002,-9.370195865631104E-001,-3.075966835021973E-001,-9.765426814556122E-002,-3.877831622958183E-002,-9.370195865631104E-001,-3.075966835021973E-001,
3.013333333333334E+009,-4.183531180024147E-002,-3.002256341278553E-002,-9.479632973670960E-001,-2.722714841365814E-001,-4.183531180024147E-002,-3.002256341278553E-002,-9.479632973670960E-001,-2.722714841365814E-001,
3.025000000000000E+009,7.439946057274938E-004,-6.166980043053627E-002,-9.501902461051941E-001,-2.356962859630585E-001,7.439946057274938E-004,-6.166980043053627E-002,-9.501902461051941E-001,-2.356962859630585E-001,
3.036666666666667E+009,5.650812294334173E-003,-1.130012646317482E-001,-9.662649035453796E-001,-1.870934665203095E-001,5.650812294334173E-003,-1.130012646317482E-001,-9.662649035453796E-001,-1.870934665203095E-001,
3.048333333333333E+009,-3.379786759614945E-002,-1.591192781925201E-001,-9.603355526924133E-001,-1.510990262031555E-001,-3.379786759614945E-002,-1.591192781925201E-001,-9.603355526924133E-001,-1.510990262031555E-001,
3.060000000000000E+009,-9.813824295997620E-002,-1.608775109052658E-001,-9.521216154098511E-001,-1.180298849940300E-001,-9.813824295997620E-002,-1.608775109052658E-001,-9.521216154098511E-001,-1.180298849940300E-001,
3.071666666666667E+009,-1.448031067848206E-001,-1.220810711383820E-001,-9.573261141777039E-001,-9.589846432209015E-002,-1.448031067848206E-001,-1.220810711383820E-001,-9.573261141777039E-001,-9.589846432209015E-002,
3.083333333333333E+009,-1.535697281360626E-001,-6.333754211664200E-002,-9.716209173202515E-001,-7.092894613742828E-002,-1.535697281360626E-001,-6.333754211664200E-002,-9.716209173202515E-001,-7.092894613742828E-002,
3.095000000000000E+009,-1.164582520723343E-001,-1.622653752565384E-002,-9.816538691520691E-001,-3.792703151702881E-002,-1.164582520723343E-001,-1.622653752565384E-002,-9.816538691520691E-001,-3.792703151702881E-002,
3.106666666666667E+009,-5.025919526815414E-002,-1.227172277867794E-002,-9.907477498054504E-001,5.295310635119677E-003,-5.025919526815414E-002,-1.227172277867794E-002,-9.907477498054504E-001,5.295310635119677E-003,
3.118333333333333E+009,-1.740064006298780E-003,-5.650006979703903E-002,-9.913896322250366E-001,4.682507738471031E-002,-1.740064006298780E-003,-5.650006979703903E-002,-9.913896322250366E-001,4.682507738471031E-002,
3.130000000000000E+009,-2.660364843904972E-004,-1.250708997249603E-001,-9.732716083526611E-001,1.005054414272308E-001,-2.660364843904972E-004,-1.250708997249603E-001,-9.732716083526611E-001,1.005054414272308E-001,
3.141666666666667E+009,-4.832809045910835E-002,-1.726430207490921E-001,-9.642469286918640E-001,1.344142109155655E-001,-4.832809045910835E-002,-1.726430207490921E-001,-9.642469286918640E-001,1.344142109155655E-001,
3.153333333333333E+009,-1.223450228571892E-001,-1.711534410715103E-001,-9.432573914527893E-001,1.530433446168900E-001,-1.223450228571892E-001,-1.711534410715103E-001,-9.432573914527893E-001,1.530433446168900E-001,
3.165000000000000E+009,-1.764578968286514E-001,-1.267625093460083E-001,-9.439362883567810E-001,1.882318705320358E-001,-1.764578968286514E-001,-1.267625093460083E-001,-9.439362883567810E-001,1.882318705320358E-001,
3.176666666666667E+009,-1.873625367879868E-001,-5.853271484375000E-002,-9.444428086280823E-001,2.012199461460114E-001,-1.873625367879868E-001,-5.853271484375000E-002,-9.444428086280823E-001,2.012199461460114E-001,
3.188333333333333E+009,-1.485614031553268E-001,-5.496816243976355E-003,-9.446007609367371E-001,2.389204651117325E-001,-1.485614031553268E-001,-5.496816243976355E-003,-9.446007609367371E-001,2.389204651117325E-001,
3.200000000000000E+009,-7.963775098323822E-002,-2.006919821724296E-003,-9.480909109115601E-001,2.784114480018616E-001,-7.963775098323822E-002,-2.006919821724296E-003,-9.480909109115601E-001,2.784114480018616E-001,
3.211666666666667E+009,-2.985295653343201E-002,-5.125774070620537E-002,-9.381906390190125E-001,3.214250802993774E-001,-2.985295653343201E-002,-5.125774070620537E-002,-9.381906390190125E-001,3.214250802993774E-001,
3.223333333333333E+009,-3.313853219151497E-002,-1.233164444565773E-001,-9.154490828514099E-001,3.616131842136383E-001,-3.313853219151497E-002,-1.233164444565773E-001,-9.154490828514099E-001,3.616131842136383E-001,
3.235000000000000E+009,-9.073943644762039E-002,-1.681297868490219E-001,-8.872132301330566E-001,3.874362707138062E-001,-9.073943644762039E-002,-1.681297868490219E-001,-8.872132301330566E-001,3.874362707138062E-001,
3.246666666666667E+009,-1.655257940292358E-001,-1.595995873212814E-001,-8.659995198249817E-001,4.166332483291626E-001,-1.655257940292358E-001,-1.595995873212814E-001,-8.659995198249817E-001,4.166332483291626E-001,
3.258333333333333E+009,-2.209170609712601E-001,-1.033759415149689E-001,-8.524809479713440E-001,4.272003769874573E-001,-2.209170609712601E-001,-1.033759415149689E-001,-8.524809479713440E-001,4.272003769874573E-001,
3.270000000000000E+009,-2.248924225568771E-001,-2.767869830131531E-002,-8.429701924324036E-001,4.590575993061066E-001,-2.248924225568771E-001,-2.767869830131531E-002,-8.429701924324036E-001,4.590575993061066E-001,
3.281666666666667E+009,-1.764067113399506E-001,2.697263658046722E-002,-8.414093852043152E-001,4.883662164211273E-001,-1.764067113399506E-001,2.697263658046722E-002,-8.414093852043152E-001,4.883662164211273E-001,
3.293333333333333E+009,-1.027126461267471E-001,2.871026284992695E-002,-8.317276239395142E-001,5.230567455291748E-001,-1.027126461267471E-001,2.871026284992695E-002,-8.317276239395142E-001,5.230567455291748E-001,
3.305000000000000E+009,-5.091094225645065E-002,-2.757818624377251E-002,-8.059005141258240E-001,5.626498460769653E-001,-5.091094225645065E-002,-2.757818624377251E-002,-8.059005141258240E-001,5.626498460769653E-001,
3.316666666666667E+009,-5.849241092801094E-002,-1.045686379075050E-001,-7.784326672554016E-001,5.994651317596436E-001,-5.849241092801094E-002,-1.045686379075050E-001,-7.784326672554016E-001,5.994651317596436E-001,
3.328333333333333E+009,-1.201686412096024E-001,-1.501283645629883E-001,-7.424528002738953E-001,6.274806857109070E-001,-1.201686412096024E-001,-1.501283645629883E-001,-7.424528002738953E-001,6.274806857109070E-001,
3.340000000000000E+009,-1.993733793497086E-001,-1.388958096504211E-001,-7.152969837188721E-001,6.343804597854614E-001,-1.993733793497086E-001,-1.388958096504211E-001,-7.152969837188721E-001,6.343804597854614E-001,
3.351666666666667E+009,-2.518086135387421E-001,-7.428098469972611E-002,-6.946100592613220E-001,6.492189168930054E-001,-2.518086135387421E-001,-7.428098469972611E-002,-6.946100592613220E-001,6.492189168930054E-001,
3.363333333333333E+009,-2.496313750743866E-001,6.756614428013563E-003,-6.839389801025391E-001,6.633876562118530E-001,-2.496313750743866E-001,6.756614428013563E-003,-6.839389801025391E-001,6.633876562118530E-001,
3.375000000000000E+009,-1.980574876070023E-001,6.019395589828491E-002,-6.804429888725281E-001,7.000422477722168E-001,-1.980574876070023E-001,6.019395589828491E-002,-6.804429888725281E-001,7.000422477722168E-001,
3.386666666666667E+009,-1.253556162118912E-001,6.059176474809647E-002,-6.452403664588928E-001,7.333735227584839E-001,-1.253556162118912E-001,6.059176474809647E-002,-6.452403664588928E-001,7.333735227584839E-001,
3.398333333333333E+009,-7.866624742746353E-002,-3.208696143701673E-004,-6.199031472206116E-001,7.618383169174194E-001,-7.866624742746353E-002,-3.208696143701673E-004,-6.199031472206116E-001,7.618383169174194E-001,
3.410000000000000E+009,-9.409223496913910E-002,-7.319036871194840E-002,-5.812082886695862E-001,7.956956624984741E-001,-9.409223496913910E-002,-7.319036871194840E-002,-5.812082886695862E-001,7.956956624984741E-001,
3.421666666666667E+009,-1.591723710298538E-001,-1.092478111386299E-001,-5.363574028015137E-001,7.998604178428650E-001,-1.591723710298538E-001,-1.092478111386299E-001,-5.363574028015137E-001,7.998604178428650E-001,
3.433333333333333E+009,-2.316307723522186E-001,-8.660865575075150E-002,-5.031087994575501E-001,8.084319233894348E-001,-2.316307723522186E-001,-8.660865575075150E-002,-5.031087994575501E-001,8.084319233894348E-001,
3.445000000000000E+009,-2.725409269332886E-001,-1.630680449306965E-002,-4.831025600433350E-001,8.125060796737671E-001,-2.725409269332886E-001,-1.630680449306965E-002,-4.831025600433350E-001,8.125060796737671E-001,
3.456666666666667E+009,-2.604981660842896E-001,6.477276235818863E-002,-4.713141024112701E-001,8.289396166801453E-001,-2.604981660842896E-001,6.477276235818863E-002,-4.713141024112701E-001,8.289396166801453E-001,
3.468333333333333E+009,-1.975595355033875E-001,1.176366955041885E-001,-4.566800296306610E-001,8.477629423141480E-001,-1.975595355033875E-001,1.176366955041885E-001,-4.566800296306610E-001,8.477629423141480E-001,
3.480000000000000E+009,-1.213930919766426E-001,1.067470088601112E-001,-4.320397675037384E-001,8.852613568305969E-001,-1.213930919766426E-001,1.067470088601112E-001,-4.320397675037384E-001,8.852613568305969E-001,
3.491666666666667E+009,-7.973358780145645E-002,4.276942834258080E-002,-3.823468387126923E-001,9.094074368476868E-001,-7.973358780145645E-002,4.276942834258080E-002,-3.823468387126923E-001,9.094074368476868E-001,
3.503333333333333E+009,-9.950616955757141E-002,-3.395130112767220E-002,-3.356522917747498E-001,9.269102215766907E-001,-9.950616955757141E-002,-3.395130112767220E-002,-3.356522917747498E-001,9.269102215766907E-001,
3.515000000000000E+009,-1.700562089681625E-001,-7.037388533353806E-002,-2.965565323829651E-001,9.275448322296143E-001,-1.700562089681625E-001,-7.037388533353806E-002,-2.965565323829651E-001,9.275448322296143E-001,
3.526666666666667E+009,-2.455330491065979E-001,-4.320159927010536E-002,-2.620563209056854E-001,9.233995676040649E-001,-2.455330491065979E-001,-4.320159927010536E-002,-2.620563209056854E-001,9.233995676040649E-001,
3.538333333333333E+009,-2.827025949954987E-001,3.369947895407677E-002,-2.372154891490936E-001,9.213334321975708E-001,-2.827025949954987E-001,3.369947895407677E-002,-2.372154891490936E-001,9.213334321975708E-001,
3.550000000000000E+009,-2.625081539154053E-001,1.170559525489807E-001,-2.190207093954086E-001,9.263806939125061E-001,-2.625081539154053E-001,1.170559525489807E-001,-2.190207093954086E-001,9.263806939125061E-001,
3.561666666666667E+009,-1.968569010496140E-001,1.672245115041733E-001,-2.048146873712540E-001,9.432721734046936E-001,-1.968569010496140E-001,1.672245115041733E-001,-2.048146873712540E-001,9.432721734046936E-001,
3.573333333333333E+009,-1.179418489336968E-001,1.586831361055374E-001,-1.656887531280518E-001,9.612861275672913E-001,-1.179418489336968E-001,1.586831361055374E-001,-1.656887531280518E-001,9.612861275672913E-001,
3.585000000000000E+009,-7.219526916742325E-002,9.688058495521545E-002,-1.198150888085365E-001,9.748739600181580E-001,-7.219526916742325E-002,9.688058495521545E-002,-1.198150888085365E-001,9.748739600181580E-001,
3.596666666666667E+009,-9.159036725759506E-002,2.117410115897656E-002,-7.305032014846802E-002,9.808514714241028E-001,-9.159036725759506E-002,2.117410115897656E-002,-7.305032014846802E-002,9.808514714241028E-001,
3.608333333333333E+009,-1.594253182411194E-001,-1.548031158745289E-002,-3.216343000531197E-002,9.772976636886597E-001,-1.594253182411194E-001,-1.548031158745289E-002,-3.216343000531197E-002,9.772976636886597E-001,
3.620000000000000E+009,-2.312800437211990E-001,1.140428520739079E-002,1.090706139802933E-002,9.610932469367981E-001,-2.312800437211990E-001,1.140428520739079E-002,1.090706139802933E-002,9.610932469367981E-001,
3.631666666666667E+009,-2.637446820735931E-001,8.391372859477997E-002,2.602162770926952E-002,9.487858414649963E-001,-2.637446820735931E-001,8.391372859477997E-002,2.602162770926952E-002,9.487858414649963E-001,
3.643333333333333E+009,-2.372733801603317E-001,1.616208702325821E-001,4.729535803198814E-002,9.485941529273987E-001,-2.372733801603317E-001,1.616208702325821E-001,4.729535803198814E-002,9.485941529273987E-001,
3.655000000000000E+009,-1.693313419818878E-001,2.066045850515366E-001,6.952095776796341E-002,9.573048949241638E-001,-1.693313419818878E-001,2.066045850515366E-001,6.952095776796341E-002,9.573048949241638E-001,
3.666666666666667E+009,-9.266852587461472E-002,1.940823197364807E-001,1.114073470234871E-001,9.658027291297913E-001,-9.266852587461472E-002,1.940823197364807E-001,1.114073470234871E-001,9.658027291297913E-001,
3.678333333333333E+009,-5.304485559463501E-002,1.315270364284515E-001,1.507682949304581E-001,9.693310856819153E-001,-5.304485559463501E-002,1.315270364284515E-001,1.507682949304581E-001,9.693310856819153E-001,
3.690000000000000E+009,-7.445420324802399E-002,5.997777730226517E-002,1.960761249065399E-001,9.667361974716187E-001,-7.445420324802399E-002,5.997777730226517E-002,1.960761249065399E-001,9.667361974716187E-001,
3.701666666666667E+009,-1.443368196487427E-001,2.895145118236542E-002,2.419139146804810E-001,9.436204433441162E-001,-1.443368196487427E-001,2.895145118236542E-002,2.419139146804810E-001,9.436204433441162E-001,
3.713333333333333E+009,-2.136080712080002E-001,5.953466892242432E-002,2.706429064273834E-001,9.229642152786255E-001,-2.136080712080002E-001,5.953466892242432E-002,2.706429064273834E-001,9.229642152786255E-001,
3.725000000000000E+009,-2.397058308124542E-001,1.321321278810501E-001,2.921398878097534E-001,9.055951237678528E-001,-2.397058308124542E-001,1.321321278810501E-001,2.921398878097534E-001,9.055951237678528E-001,
3.736666666666667E+009,-2.090559899806976E-001,2.106259465217590E-001,3.145070374011993E-001,8.949891328811646E-001,-2.090559899806976E-001,2.106259465217590E-001,3.145070374011993E-001,8.949891328811646E-001,
3.748333333333333E+009,-1.308649182319641E-001,2.515572011470795E-001,3.393253684043884E-001,9.057043194770813E-001,-1.308649182319641E-001,2.515572011470795E-001,3.393253684043884E-001,9.057043194770813E-001,
3.760000000000000E+009,-4.707540944218636E-002,2.327242493629456E-001,3.721504807472229E-001,9.043705463409424E-001,-4.707540944218636E-002,2.327242493629456E-001,3.721504807472229E-001,9.043705463409424E-001,
3.771666666666667E+009,-3.551509929820895E-003,1.640064418315888E-001,4.154044091701508E-001,8.950309753417969E-001,-3.551509929820895E-003,1.640064418315888E-001,4.154044091701508E-001,8.950309753417969E-001,
3.783333333333333E+009,-2.556398883461952E-002,8.944223821163178E-002,4.570025503635407E-001,8.816475868225098E-001,-2.556398883461952E-002,8.944223821163178E-002,4.570025503635407E-001,8.816475868225098E-001,
3.795000000000000E+009,-9.870900213718414E-002,5.433629080653191E-002,4.921916127204895E-001,8.489247560501099E-001,-9.870900213718414E-002,5.433629080653191E-002,4.921916127204895E-001,8.489247560501099E-001,
3.806666666666667E+009,-1.720373779535294E-001,7.934159040451050E-002,5.215703845024109E-001,8.168272376060486E-001,-1.720373779535294E-001,7.934159040451050E-002,5.215703845024109E-001,8.168272376060486E-001,
3.818333333333333E+009,-2.006023824214935E-001,1.513296365737915E-001,5.456421971321106E-001,7.922355532646179E-001,-2.006023824214935E-001,1.513296365737915E-001,5.456421971321106E-001,7.922355532646179E-001,
3.830000000000000E+009,-1.715903580188751E-001,2.253147214651108E-001,5.550258159637451E-001,7.731418013572693E-001,-1.715903580188751E-001,2.253147214651108E-001,5.550258159637451E-001,7.731418013572693E-001,
3.841666666666667E+009,-9.829562902450562E-002,2.610631883144379E-001,5.720734000205994E-001,7.729532718658447E-001,-9.829562902450562E-002,2.610631883144379E-001,5.720734000205994E-001,7.729532718658447E-001,
3.853333333333333E+009,-1.854841224849224E-002,2.423469126224518E-001,6.064451932907105E-001,7.606802582740784E-001,-1.854841224849224E-002,2.423469126224518E-001,6.064451932907105E-001,7.606802582740784E-001,
3.865000000000000E+009,2.373019233345985E-002,1.788862496614456E-001,6.494801044464111E-001,7.476786971092224E-001,2.373019233345985E-002,1.788862496614456E-001,6.494801044464111E-001,7.476786971092224E-001,
3.876666666666667E+009,3.309660358354449E-003,1.056371331214905E-001,6.805353164672852E-001,7.211574316024780E-001,3.309660358354449E-003,1.056371331214905E-001,6.805353164672852E-001,7.211574316024780E-001,
3.888333333333333E+009,-6.898731738328934E-002,7.419180870056152E-002,7.175396680831909E-001,6.804765462875366E-001,-6.898731738328934E-002,7.419180870056152E-002,7.175396680831909E-001,6.804765462875366E-001,
3.900000000000000E+009,-1.434107869863510E-001,1.039501205086708E-001,7.377271056175232E-001,6.479899883270264E-001,-1.434107869863510E-001,1.039501205086708E-001,7.377271056175232E-001,6.479899883270264E-001,
3.911666666666667E+009,-1.719105392694473E-001,1.775952577590942E-001,7.468869686126709E-001,6.054075360298157E-001,-1.719105392694473E-001,1.775952577590942E-001,7.468869686126709E-001,6.054075360298157E-001,
3.923333333333333E+009,-1.386670768260956E-001,2.513611912727356E-001,7.559322714805603E-001,5.847640037536621E-001,-1.386670768260956E-001,2.513611912727356E-001,7.559322714805603E-001,5.847640037536621E-001,
3.935000000000000E+009,-5.926522985100746E-002,2.842311859130859E-001,7.724510431289673E-001,5.709461569786072E-001,-5.926522985100746E-002,2.842311859130859E-001,7.724510431289673E-001,5.709461569786072E-001,
3.946666666666667E+009,1.998316124081612E-002,2.625197768211365E-001,7.924505472183228E-001,5.571030974388123E-001,1.998316124081612E-002,2.625197768211365E-001,7.924505472183228E-001,5.571030974388123E-001,
3.958333333333333E+009,6.523939967155457E-002,1.944186538457871E-001,8.248726129531860E-001,5.345675349235535E-001,6.523939967155457E-002,1.944186538457871E-001,8.248726129531860E-001,5.345675349235535E-001,
3.970000000000000E+009,4.844355955719948E-002,1.243971660733223E-001,8.504165410995483E-001,5.004284381866455E-001,4.844355955719948E-002,1.243971660733223E-001,8.504165410995483E-001,5.004284381866455E-001,
3.981666666666667E+009,-1.584645360708237E-002,9.168948978185654E-002,8.773779273033142E-001,4.602013528347015E-001,-1.584645360708237E-002,9.168948978185654E-002,8.773779273033142E-001,4.602013528347015E-001,
3.993333333333333E+009,-8.582813292741776E-002,1.173383370041847E-001,8.887257575988770E-001,4.144389331340790E-001,-8.582813292741776E-002,1.173383370041847E-001,8.887257575988770E-001,4.144389331340790E-001,
4.005000000000000E+009,-1.149243116378784E-001,1.855977624654770E-001,8.968216776847839E-001,3.784003257751465E-001,-1.149243116378784E-001,1.855977624654770E-001,8.968216776847839E-001,3.784003257751465E-001,
4.016666666666667E+009,-8.477631956338882E-002,2.531785666942596E-001,8.920949101448059E-001,3.503824174404144E-001,-8.477631956338882E-002,2.531785666942596E-001,8.920949101448059E-001,3.503824174404144E-001,
4.028333333333333E+009,-1.352124009281397E-002,2.804514169692993E-001,9.028100967407227E-001,3.284483551979065E-001,-1.352124009281397E-002,2.804514169692993E-001,9.028100967407227E-001,3.284483551979065E-001,
4.040000000000000E+009,6.534290313720703E-002,2.505125701427460E-001,9.211198091506958E-001,3.135682642459869E-001,6.534290313720703E-002,2.505125701427460E-001,9.211198091506958E-001,3.135682642459869E-001,
4.051666666666667E+009,1.038739979267120E-001,1.787673532962799E-001,9.367648959159851E-001,2.752250432968140E-001,1.038739979267120E-001,1.787673532962799E-001,9.367648959159851E-001,2.752250432968140E-001,
4.063333333333333E+009,8.143119513988495E-002,1.076528355479240E-001,9.570780992507935E-001,2.426601648330689E-001,8.143119513988495E-002,1.076528355479240E-001,9.570780992507935E-001,2.426601648330689E-001,
4.075000000000000E+009,1.347228232771158E-002,7.680122554302216E-002,9.757223725318909E-001,1.926440298557282E-001,1.347228232771158E-002,7.680122554302216E-002,9.757223725318909E-001,1.926440298557282E-001,
4.086666666666667E+009,-5.472587049007416E-002,1.103811785578728E-001,9.696528315544128E-001,1.442166715860367E-001,-5.472587049007416E-002,1.103811785578728E-001,9.696528315544128E-001,1.442166715860367E-001,
4.098333333333333E+009,-8.173234015703201E-002,1.821433603763580E-001,9.662571549415588E-001,1.115611419081688E-001,-8.173234015703201E-002,1.821433603763580E-001,9.662571549415588E-001,1.115611419081688E-001,
4.110000000000000E+009,-5.071939155459404E-002,2.501726746559143E-001,9.565520286560059E-001,7.511008530855179E-002,-5.071939155459404E-002,2.501726746559143E-001,9.565520286560059E-001,7.511008530855179E-002,
4.121666666666667E+009,2.182737924158573E-002,2.742810547351837E-001,9.597780704498291E-001,5.900521576404572E-002,2.182737924158573E-002,2.742810547351837E-001,9.597780704498291E-001,5.900521576404572E-002,
4.133333333333333E+009,9.496712684631348E-002,2.425537556409836E-001,9.592289328575134E-001,3.759950771927834E-002,9.496712684631348E-002,2.425537556409836E-001,9.592289328575134E-001,3.759950771927834E-002,
4.145000000000000E+009,1.302437931299210E-001,1.692206859588623E-001,9.740743041038513E-001,3.890094347298145E-003,1.302437931299210E-001,1.692206859588623E-001,9.740743041038513E-001,3.890094347298145E-003,
4.156666666666667E+009,1.096371784806252E-001,9.414483606815338E-002,9.932174682617188E-001,-3.197820857167244E-002,1.096371784806252E-001,9.414483606815338E-002,9.932174682617188E-001,-3.197820857167244E-002,
4.168333333333333E+009,4.184702038764954E-002,6.302745640277863E-002,9.926398992538452E-001,-7.886062562465668E-002,4.184702038764954E-002,6.302745640277863E-002,9.926398992538452E-001,-7.886062562465668E-002,
4.180000000000000E+009,-2.432565018534660E-002,9.491231292486191E-002,9.837665557861328E-001,-1.365644037723541E-001,-2.432565018534660E-002,9.491231292486191E-002,9.837665557861328E-001,-1.365644037723541E-001,
4.191666666666667E+009,-5.222355574369431E-002,1.667554527521133E-001,9.642047286033630E-001,-1.701701432466507E-001,-5.222355574369431E-002,1.667554527521133E-001,9.642047286033630E-001,-1.701701432466507E-001,
4.203333333333333E+009,-2.132068015635014E-002,2.359033823013306E-001,9.399436116218567E-001,-1.990946084260941E-001,-2.132068015635014E-002,2.359033823013306E-001,9.399436116218567E-001,-1.990946084260941E-001,
4.215000000000000E+009,4.746133461594582E-002,2.622398138046265E-001,9.310144782066345E-001,-2.214441746473312E-001,4.746133461594582E-002,2.622398138046265E-001,9.310144782066345E-001,-2.214441746473312E-001,
4.226666666666667E+009,1.119366809725761E-001,2.299786359071732E-001,9.275915622711182E-001,-2.341685444116592E-001,1.119366809725761E-001,2.299786359071732E-001,9.275915622711182E-001,-2.341685444116592E-001,
4.238333333333333E+009,1.440068185329437E-001,1.606461703777313E-001,9.294625520706177E-001,-2.684064507484436E-001,1.440068185329437E-001,1.606461703777313E-001,9.294625520706177E-001,-2.684064507484436E-001,
4.250000000000000E+009,1.216204985976219E-001,8.933785557746887E-002,9.375775456428528E-001,-3.067916929721832E-001,1.216204985976219E-001,8.933785557746887E-002,9.375775456428528E-001,-3.067916929721832E-001,
4.261666666666667E+009,5.965913087129593E-002,6.181159615516663E-002,9.337901473045349E-001,-3.520006239414215E-001,5.965913087129593E-002,6.181159615516663E-002,9.337901473045349E-001,-3.520006239414215E-001,
4.273333333333333E+009,-3.472938435152173E-003,8.857935667037964E-002,9.099258184432983E-001,-3.997876942157745E-001,-3.472938435152173E-003,8.857935667037964E-002,9.099258184432983E-001,-3.997876942157745E-001,
4.285000000000000E+009,-2.513978444039822E-002,1.606230884790421E-001,8.840264081954956E-001,-4.413657188415527E-001,-2.513978444039822E-002,1.606230884790421E-001,8.840264081954956E-001,-4.413657188415527E-001,
4.296666666666666E+009,7.661394309252501E-003,2.287108898162842E-001,8.514301776885986E-001,-4.560551941394806E-001,7.661394309252501E-003,2.287108898162842E-001,8.514301776885986E-001,-4.560551941394806E-001,
4.308333333333333E+009,7.763676345348358E-002,2.543532550334930E-001,8.313174247741699E-001,-4.765761494636536E-001,7.763676345348358E-002,2.543532550334930E-001,8.313174247741699E-001,-4.765761494636536E-001,
4.320000000000000E+009,1.415831297636032E-001,2.265274971723557E-001,8.198058605194092E-001,-4.923353493213654E-001,1.415831297636032E-001,2.265274971723557E-001,8.198058605194092E-001,-4.923353493213654E-001,
4.331666666666666E+009,1.709211021661758E-001,1.594907790422440E-001,8.170034885406494E-001,-5.133273601531982E-001,1.709211021661758E-001,1.594907790422440E-001,8.170034885406494E-001,-5.133273601531982E-001,
4.343333333333333E+009,1.465798765420914E-001,8.745852857828140E-002,8.075437545776367E-001,-5.541083812713623E-001,1.465798765420914E-001,8.745852857828140E-002,8.075437545776367E-001,-5.541083812713623E-001,
4.355000000000000E+009,8.501372486352921E-002,5.496839061379433E-002,7.952509522438049E-001,-5.942643880844116E-001,8.501372486352921E-002,5.496839061379433E-002,7.952509522438049E-001,-5.942643880844116E-001,
4.366666666666666E+009,2.209516614675522E-002,8.091996610164642E-002,7.603333592414856E-001,-6.388484239578247E-001,2.209516614675522E-002,8.091996610164642E-002,7.603333592414856E-001,-6.388484239578247E-001,
4.378333333333333E+009,3.666782751679421E-003,1.470615863800049E-001,7.207435369491577E-001,-6.623164415359497E-001,3.666782751679421E-003,1.470615863800049E-001,7.207435369491577E-001,-6.623164415359497E-001,
4.390000000000000E+009,3.720216453075409E-002,2.098015844821930E-001,6.881380677223206E-001,-6.845402717590332E-001,3.720216453075409E-002,2.098015844821930E-001,6.881380677223206E-001,-6.845402717590332E-001,
4.401666666666666E+009,1.039127185940743E-001,2.345167845487595E-001,6.576764583587647E-001,-6.926978826522827E-001,1.039127185940743E-001,2.345167845487595E-001,6.576764583587647E-001,-6.926978826522827E-001,
4.413333333333333E+009,1.698149591684341E-001,2.070834040641785E-001,6.445846557617188E-001,-7.034783363342285E-001,1.698149591684341E-001,2.070834040641785E-001,6.445846557617188E-001,-7.034783363342285E-001,
4.425000000000000E+009,1.964825689792633E-001,1.402591466903687E-001,6.314433813095093E-001,-7.194028496742249E-001,1.964825689792633E-001,1.402591466903687E-001,6.314433813095093E-001,-7.194028496742249E-001,
4.436666666666666E+009,1.692229211330414E-001,7.245568186044693E-002,6.137199997901917E-001,-7.451289892196655E-001,1.692229211330414E-001,7.245568186044693E-002,6.137199997901917E-001,-7.451289892196655E-001,
4.448333333333333E+009,1.018659472465515E-001,3.805422410368919E-002,5.926132202148438E-001,-7.875493764877319E-001,1.018659472465515E-001,3.805422410368919E-002,5.926132202148438E-001,-7.875493764877319E-001,
4.460000000000000E+009,3.282898291945458E-002,6.375937163829804E-002,5.566481947898865E-001,-8.248548507690430E-001,3.282898291945458E-002,6.375937163829804E-002,5.566481947898865E-001,-8.248548507690430E-001,
4.471666666666666E+009,5.565932486206293E-003,1.325565874576569E-001,5.078681111335754E-001,-8.431495428085327E-001,5.565932486206293E-003,1.325565874576569E-001,5.078681111335754E-001,-8.431495428085327E-001,
4.483333333333333E+009,3.682420402765274E-002,1.993880271911621E-001,4.603147804737091E-001,-8.611889481544495E-001,3.682420402765274E-002,1.993880271911621E-001,4.603147804737091E-001,-8.611889481544495E-001,
4.495000000000000E+009,1.078301221132278E-001,2.320124655961990E-001,4.282813966274262E-001,-8.539523482322693E-001,1.078301221132278E-001,2.320124655961990E-001,4.282813966274262E-001,-8.539523482322693E-001,
4.506666666666666E+009,1.795094609260559E-001,2.113751769065857E-001,4.067376852035523E-001,-8.577210307121277E-001,1.795094609260559E-001,2.113751769065857E-001,4.067376852035523E-001,-8.577210307121277E-001,
4.518333333333333E+009,2.126510441303253E-001,1.547605097293854E-001,3.882651031017304E-001,-8.564683794975281E-001,2.126510441303253E-001,1.547605097293854E-001,3.882651031017304E-001,-8.564683794975281E-001,
4.530000000000000E+009,1.965377479791641E-001,9.293116629123688E-002,3.757899403572083E-001,-8.826746344566345E-001,1.965377479791641E-001,9.293116629123688E-002,3.757899403572083E-001,-8.826746344566345E-001,
4.541666666666666E+009,1.418051868677139E-001,6.070234626531601E-002,3.439691662788391E-001,-9.087579250335693E-001,1.418051868677139E-001,6.070234626531601E-002,3.439691662788391E-001,-9.087579250335693E-001,
4.553333333333333E+009,8.177978545427322E-002,8.205265551805496E-002,2.985924780368805E-001,-9.363092780113220E-001,8.177978545427322E-002,8.205265551805496E-002,2.985924780368805E-001,-9.363092780113220E-001,
4.565000000000000E+009,6.390444189310074E-002,1.444103717803955E-001,2.470949441194534E-001,-9.469500780105591E-001,6.390444189310074E-002,1.444103717803955E-001,2.470949441194534E-001,-9.469500780105591E-001,
4.576666666666666E+009,9.952055662870407E-002,2.009435445070267E-001,2.025154381990433E-001,-9.447788596153259E-001,9.952055662870407E-002,2.009435445070267E-001,2.025154381990433E-001,-9.447788596153259E-001,
4.588333333333333E+009,1.699042171239853E-001,2.172061651945114E-001,1.678597182035446E-001,-9.329673647880554E-001,1.699042171239853E-001,2.172061651945114E-001,1.678597182035446E-001,-9.329673647880554E-001,
4.600000000000000E+009,2.386849969625473E-001,1.859515011310577E-001,1.407749205827713E-001,-9.302134513854981E-001,2.386849969625473E-001,1.859515011310577E-001,1.407749205827713E-001,-9.302134513854981E-001,
4.611666666666666E+009,2.694039940834045E-001,1.192372739315033E-001,1.248971670866013E-001,-9.348890781402588E-001,2.694039940834045E-001,1.192372739315033E-001,1.248971670866013E-001,-9.348890781402588E-001,
4.623333333333333E+009,2.501680254936218E-001,5.045296624302864E-002,1.122138574719429E-001,-9.373526573181152E-001,2.501680254936218E-001,5.045296624302864E-002,1.122138574719429E-001,-9.373526573181152E-001,
4.635000000000000E+009,1.886502206325531E-001,1.743965595960617E-002,8.111807703971863E-002,-9.638659358024597E-001,1.886502206325531E-001,1.743965595960617E-002,8.111807703971863E-002,-9.638659358024597E-001,
4.646666666666666E+009,1.244331300258637E-001,3.720114752650261E-002,4.287274181842804E-002,-9.836769104003906E-001,1.244331300258637E-001,3.720114752650261E-002,4.287274181842804E-002,-9.836769104003906E-001,
4.658333333333333E+009,9.787403792142868E-002,9.995100647211075E-002,-1.600892655551434E-002,-9.828535914421082E-001,9.787403792142868E-002,9.995100647211075E-002,-1.600892655551434E-002,-9.828535914421082E-001,
4.670000000000000E+009,1.321419477462769E-001,1.593677103519440E-001,-6.676246970891953E-002,-9.647700786590576E-001,1.321419477462769E-001,1.593677103519440E-001,-6.676246970891953E-002,-9.647700786590576E-001,
4.681666666666666E+009,2.007711976766586E-001,1.745059192180634E-001,-1.011609435081482E-001,-9.472026824951172E-001,2.007711976766586E-001,1.745059192180634E-001,-1.011609435081482E-001,-9.472026824951172E-001,
4.693333333333333E+009,2.627910971641541E-001,1.408275216817856E-001,-1.192297935485840E-001,-9.318715333938599E-001,2.627910971641541E-001,1.408275216817856E-001,-1.192297935485840E-001,-9.318715333938599E-001,
4.705000000000000E+009,2.879197895526886E-001,7.131297141313553E-002,-1.320931464433670E-001,-9.243514537811279E-001,2.879197895526886E-001,7.131297141313553E-002,-1.320931464433670E-001,-9.243514537811279E-001,
4.716666666666666E+009,2.630252540111542E-001,6.459486670792103E-003,-1.546709686517716E-001,-9.301655888557434E-001,2.630252540111542E-001,6.459486670792103E-003,-1.546709686517716E-001,-9.301655888557434E-001,
4.728333333333333E+009,2.009827196598053E-001,-2.041304670274258E-002,-1.771446764469147E-001,-9.423726797103882E-001,2.009827196598053E-001,-2.041304670274258E-002,-1.771446764469147E-001,-9.423726797103882E-001,
4.740000000000000E+009,1.395514607429504E-001,7.419388741254807E-003,-2.371940314769745E-001,-9.578540921211243E-001,1.395514607429504E-001,7.419388741254807E-003,-2.371940314769745E-001,-9.578540921211243E-001,
4.751666666666666E+009,1.227724775671959E-001,6.960923224687576E-002,-2.897269725799561E-001,-9.403150677680969E-001,1.227724775671959E-001,6.960923224687576E-002,-2.897269725799561E-001,-9.403150677680969E-001,
4.763333333333333E+009,1.626718938350678E-001,1.269372850656509E-001,-3.345767855644226E-001,-9.084892868995667E-001,1.626718938350678E-001,1.269372850656509E-001,-3.345767855644226E-001,-9.084892868995667E-001,
4.775000000000000E+009,2.349525690078735E-001,1.358228921890259E-001,-3.577796816825867E-001,-8.844890594482422E-001,2.349525690078735E-001,1.358228921890259E-001,-3.577796816825867E-001,-8.844890594482422E-001,
4.786666666666666E+009,2.935010492801666E-001,9.326012432575226E-002,-3.675835728645325E-001,-8.607000112533569E-001,2.935010492801666E-001,9.326012432575226E-002,-3.675835728645325E-001,-8.607000112533569E-001,
4.798333333333333E+009,3.120212554931641E-001,2.189156971871853E-002,-3.867584168910980E-001,-8.447812795639038E-001,3.120212554931641E-001,2.189156971871853E-002,-3.867584168910980E-001,-8.447812795639038E-001,
4.810000000000000E+009,2.791288793087006E-001,-4.248149320483208E-002,-4.073224067687988E-001,-8.353807330131531E-001,2.791288793087006E-001,-4.248149320483208E-002,-4.073224067687988E-001,-8.353807330131531E-001,
4.821666666666666E+009,2.129734456539154E-001,-6.812854111194611E-002,-4.405564367771149E-001,-8.551442623138428E-001,2.129734456539154E-001,-6.812854111194611E-002,-4.405564367771149E-001,-8.551442623138428E-001,
4.833333333333333E+009,1.510490775108337E-001,-3.260118514299393E-002,-4.790061116218567E-001,-8.427486419677734E-001,1.510490775108337E-001,-3.260118514299393E-002,-4.790061116218567E-001,-8.427486419677734E-001,
4.845000000000000E+009,1.381030976772308E-001,3.350384160876274E-002,-5.333535671234131E-001,-8.231541514396668E-001,1.381030976772308E-001,3.350384160876274E-002,-5.333535671234131E-001,-8.231541514396668E-001,
4.856666666666666E+009,1.870150715112686E-001,8.593740314245224E-002,-5.668656229972839E-001,-7.852042317390442E-001,1.870150715112686E-001,8.593740314245224E-002,-5.668656229972839E-001,-7.852042317390442E-001,
4.868333333333333E+009,2.626184225082398E-001,8.789280802011490E-002,-5.920228958129883E-001,-7.452474236488342E-001,2.626184225082398E-001,8.789280802011490E-002,-5.920228958129883E-001,-7.452474236488342E-001,
4.880000000000000E+009,3.221693634986877E-001,4.061551019549370E-002,-5.941237807273865E-001,-7.144191861152649E-001,3.221693634986877E-001,4.061551019549370E-002,-5.941237807273865E-001,-7.144191861152649E-001,
4.891666666666666E+009,3.393819034099579E-001,-3.718420118093491E-002,-6.119088530540466E-001,-6.999368071556091E-001,3.393819034099579E-001,-3.718420118093491E-002,-6.119088530540466E-001,-6.999368071556091E-001,
4.903333333333333E+009,2.982160449028015E-001,-1.036634743213654E-001,-6.107446551322937E-001,-6.956549882888794E-001,2.982160449028015E-001,-1.036634743213654E-001,-6.107446551322937E-001,-6.956549882888794E-001,
4.915000000000000E+009,2.311172187328339E-001,-1.286594420671463E-001,-6.488917469978333E-001,-6.900103092193604E-001,2.311172187328339E-001,-1.286594420671463E-001,-6.488917469978333E-001,-6.900103092193604E-001,
4.926666666666666E+009,1.683679670095444E-001,-1.024098917841911E-001,-6.880069971084595E-001,-6.709623932838440E-001,1.683679670095444E-001,-1.024098917841911E-001,-6.880069971084595E-001,-6.709623932838440E-001,
4.938333333333333E+009,1.513049453496933E-001,-4.006777331233025E-002,-7.259753346443176E-001,-6.431866884231567E-001,1.513049453496933E-001,-4.006777331233025E-002,-7.259753346443176E-001,-6.431866884231567E-001,
4.950000000000000E+009,1.909036040306091E-001,1.029901206493378E-002,-7.592044472694397E-001,-6.001403927803040E-001,1.909036040306091E-001,1.029901206493378E-002,-7.592044472694397E-001,-6.001403927803040E-001,
4.961666666666666E+009,2.568347156047821E-001,7.190177217125893E-003,-7.742385864257813E-001,-5.618782639503479E-001,2.568347156047821E-001,7.190177217125893E-003,-7.742385864257813E-001,-5.618782639503479E-001,
4.973333333333333E+009,3.077678084373474E-001,-3.678430244326592E-002,-7.724887728691101E-001,-5.225844979286194E-001,3.077678084373474E-001,-3.678430244326592E-002,-7.724887728691101E-001,-5.225844979286194E-001,
4.985000000000000E+009,3.142158687114716E-001,-1.063644215464592E-001,-7.782977223396301E-001,-5.040843486785889E-001,3.142158687114716E-001,-1.063644215464592E-001,-7.782977223396301E-001,-5.040843486785889E-001,
4.996666666666666E+009,2.750290334224701E-001,-1.642795950174332E-001,-7.974680662155151E-001,-4.978522062301636E-001,2.750290334224701E-001,-1.642795950174332E-001,-7.974680662155151E-001,-4.978522062301636E-001,
5.008333333333333E+009,2.090077698230743E-001,-1.810550093650818E-001,-8.097185492515564E-001,-4.818118214607239E-001,2.090077698230743E-001,-1.810550093650818E-001,-8.097185492515564E-001,-4.818118214607239E-001,
5.020000000000000E+009,1.519595086574554E-001,-1.521146744489670E-001,-8.383216857910156E-001,-4.565321207046509E-001,1.519595086574554E-001,-1.521146744489670E-001,-8.383216857910156E-001,-4.565321207046509E-001,
5.031666666666666E+009,1.388720273971558E-001,-9.468107670545578E-002,-8.730336427688599E-001,-4.179365038871765E-001,1.388720273971558E-001,-9.468107670545578E-002,-8.730336427688599E-001,-4.179365038871765E-001,
5.043333333333333E+009,1.746606975793839E-001,-5.375228077173233E-002,-8.948178291320801E-001,-3.701413571834564E-001,1.746606975793839E-001,-5.375228077173233E-002,-8.948178291320801E-001,-3.701413571834564E-001,
5.055000000000000E+009,2.360432744026184E-001,-5.630136281251907E-002,-8.970740437507629E-001,-3.243962228298187E-001,2.360432744026184E-001,-5.630136281251907E-002,-8.970740437507629E-001,-3.243962228298187E-001,
5.066666666666666E+009,2.819550931453705E-001,-1.028464064002037E-001,-8.896157145500183E-001,-2.915289402008057E-001,2.819550931453705E-001,-1.028464064002037E-001,-8.896157145500183E-001,-2.915289402008057E-001,
5.078333333333333E+009,2.796781361103058E-001,-1.679044514894486E-001,-8.805511593818665E-001,-2.693250477313995E-001,2.796781361103058E-001,-1.679044514894486E-001,-8.805511593818665E-001,-2.693250477313995E-001,
5.090000000000000E+009,2.403981685638428E-001,-2.203307896852493E-001,-8.909630179405212E-001,-2.444879859685898E-001,2.403981685638428E-001,-2.203307896852493E-001,-8.909630179405212E-001,-2.444879859685898E-001,
5.101666666666666E+009,1.791799664497376E-001,-2.353159934282303E-001,-9.130926132202148E-001,-2.283604145050049E-001,1.791799664497376E-001,-2.353159934282303E-001,-9.130926132202148E-001,-2.283604145050049E-001,
5.113333333333333E+009,1.247784122824669E-001,-2.068410515785217E-001,-9.336153268814087E-001,-2.087480723857880E-001,1.247784122824669E-001,-2.068410515785217E-001,-9.336153268814087E-001,-2.087480723857880E-001,
5.125000000000000E+009,1.089499145746231E-001,-1.567192077636719E-001,-9.533952474594116E-001,-1.633145213127136E-001,1.089499145746231E-001,-1.567192077636719E-001,-9.533952474594116E-001,-1.633145213127136E-001,
5.136666666666666E+009,1.369290798902512E-001,-1.170466914772987E-001,-9.559005498886108E-001,-1.168269664049149E-001,1.369290798902512E-001,-1.170466914772987E-001,-9.559005498886108E-001,-1.168269664049149E-001,
5.148333333333333E+009,1.854909807443619E-001,-1.160702556371689E-001,-9.599738717079163E-001,-7.724536210298538E-002,1.854909807443619E-001,-1.160702556371689E-001,-9.599738717079163E-001,-7.724536210298538E-002,
5.160000000000000E+009,2.203110307455063E-001,-1.550551503896713E-001,-9.438331723213196E-001,-4.287472367286682E-002,2.203110307455063E-001,-1.550551503896713E-001,-9.438331723213196E-001,-4.287472367286682E-002,
5.171666666666666E+009,2.216758579015732E-001,-2.123203277587891E-001,-9.313678145408630E-001,-8.713386952877045E-003,2.216758579015732E-001,-2.123203277587891E-001,-9.313678145408630E-001,-8.713386952877045E-003,
5.183333333333333E+009,1.900879442691803E-001,-2.585325241088867E-001,-9.353393316268921E-001,1.477548386901617E-002,1.900879442691803E-001,-2.585325241088867E-001,-9.353393316268921E-001,1.477548386901617E-002,
5.195000000000000E+009,1.325891762971878E-001,-2.712889313697815E-001,-9.378647804260254E-001,2.730144187808037E-002,1.325891762971878E-001,-2.712889313697815E-001,-9.378647804260254E-001,2.730144187808037E-002,
5.206666666666666E+009,8.270622789859772E-002,-2.454110682010651E-001,-9.482437968254089E-001,5.387656763195992E-002,8.270622789859772E-002,-2.454110682010651E-001,-9.482437968254089E-001,5.387656763195992E-002,
5.218333333333333E+009,6.320559233427048E-002,-2.012192457914352E-001,-9.520859122276306E-001,1.060086637735367E-001,6.320559233427048E-002,-2.012192457914352E-001,-9.520859122276306E-001,1.060086637735367E-001,
5.230000000000000E+009,8.068724721670151E-002,-1.596883684396744E-001,-9.487591385841370E-001,1.468118578195572E-001,8.068724721670151E-002,-1.596883684396744E-001,-9.487591385841370E-001,1.468118578195572E-001,
5.241666666666666E+009,1.199814155697823E-001,-1.539741605520248E-001,-9.551072120666504E-001,1.871428787708283E-001,1.199814155697823E-001,-1.539741605520248E-001,-9.551072120666504E-001,1.871428787708283E-001,
5.253333333333333E+009,1.587013602256775E-001,-1.834669560194016E-001,-9.264864325523377E-001,2.151889055967331E-001,1.587013602256775E-001,-1.834669560194016E-001,-9.264864325523377E-001,2.151889055967331E-001,
5.265000000000000E+009,1.612535864114761E-001,-2.319721877574921E-001,-9.128786921501160E-001,2.573469281196594E-001,1.612535864114761E-001,-2.319721877574921E-001,-9.128786921501160E-001,2.573469281196594E-001,
5.276666666666666E+009,1.313474476337433E-001,-2.768347561359406E-001,-8.955691456794739E-001,2.665258347988129E-001,1.313474476337433E-001,-2.768347561359406E-001,-8.955691456794739E-001,2.665258347988129E-001,
5.288333333333333E+009,8.121549338102341E-002,-2.944039702415466E-001,-8.822128772735596E-001,2.873414456844330E-001,8.121549338102341E-002,-2.944039702415466E-001,-8.822128772735596E-001,2.873414456844330E-001,
5.300000000000000E+009,3.381595760583878E-002,-2.766992151737213E-001,-8.927965760231018E-001,3.236584365367889E-001,3.381595760583878E-002,-2.766992151737213E-001,-8.927965760231018E-001,3.236584365367889E-001,
5.311666666666666E+009,5.469393450766802E-003,-2.337768971920013E-001,-8.909625411033630E-001,3.544316887855530E-001,5.469393450766802E-003,-2.337768971920013E-001,-8.909625411033630E-001,3.544316887855530E-001,
5.323333333333333E+009,1.189288869500160E-002,-1.911334097385407E-001,-8.802423477172852E-001,3.896768689155579E-001,1.189288869500160E-002,-1.911334097385407E-001,-8.802423477172852E-001,3.896768689155579E-001,
5.335000000000000E+009,4.782737791538239E-002,-1.702158004045487E-001,-8.671426177024841E-001,4.335300326347351E-001,4.782737791538239E-002,-1.702158004045487E-001,-8.671426177024841E-001,4.335300326347351E-001,
5.346666666666666E+009,8.118922263383865E-002,-1.875095069408417E-001,-8.370826840400696E-001,4.799894690513611E-001,8.118922263383865E-002,-1.875095069408417E-001,-8.370826840400696E-001,4.799894690513611E-001,
5.358333333333333E+009,9.293171018362045E-002,-2.277509719133377E-001,-8.107374310493469E-001,4.984603524208069E-001,9.293171018362045E-002,-2.277509719133377E-001,-8.107374310493469E-001,4.984603524208069E-001,
5.370000000000000E+009,7.395604997873306E-002,-2.695879340171814E-001,-7.879664897918701E-001,5.235929489135742E-001,7.395604997873306E-002,-2.695879340171814E-001,-7.879664897918701E-001,5.235929489135742E-001,
5.381666666666666E+009,3.106753714382649E-002,-2.888321876525879E-001,-7.703762650489807E-001,5.408041477203369E-001,3.106753714382649E-002,-2.888321876525879E-001,-7.703762650489807E-001,5.408041477203369E-001,
5.393333333333333E+009,-1.794410869479179E-002,-2.753195166587830E-001,-7.641110420227051E-001,5.622248649597168E-001,-1.794410869479179E-002,-2.753195166587830E-001,-7.641110420227051E-001,5.622248649597168E-001,
5.405000000000000E+009,-4.611744359135628E-002,-2.361761331558228E-001,-7.531329393386841E-001,5.955244302749634E-001,-4.611744359135628E-002,-2.361761331558228E-001,-7.531329393386841E-001,5.955244302749634E-001,
5.416666666666666E+009,-4.114744067192078E-002,-1.920700818300247E-001,-7.350894212722778E-001,6.263630390167236E-001,-4.114744067192078E-002,-1.920700818300247E-001,-7.350894212722778E-001,6.263630390167236E-001,
5.428333333333333E+009,-1.074014697223902E-002,-1.658138930797577E-001,-7.123118638992310E-001,6.578444838523865E-001,-1.074014697223902E-002,-1.658138930797577E-001,-7.123118638992310E-001,6.578444838523865E-001,
5.440000000000000E+009,2.543909661471844E-002,-1.770941764116287E-001,-6.728047728538513E-001,6.970039010047913E-001,2.543909661471844E-002,-1.770941764116287E-001,-6.728047728538513E-001,6.970039010047913E-001,
5.451666666666666E+009,3.976570069789887E-002,-2.151538133621216E-001,-6.429444551467896E-001,7.088714241981506E-001,3.976570069789887E-002,-2.151538133621216E-001,-6.429444551467896E-001,7.088714241981506E-001,
5.463333333333333E+009,2.258771657943726E-002,-2.564989030361176E-001,-6.105979681015015E-001,7.152773737907410E-001,2.258771657943726E-002,-2.564989030361176E-001,-6.105979681015015E-001,7.152773737907410E-001,
5.475000000000000E+009,-2.321602217853069E-002,-2.798167169094086E-001,-5.847065448760986E-001,7.396230697631836E-001,-2.321602217853069E-002,-2.798167169094086E-001,-5.847065448760986E-001,7.396230697631836E-001,
5.486666666666666E+009,-7.081548869609833E-002,-2.656854987144470E-001,-5.830417871475220E-001,7.505906224250794E-001,-7.081548869609833E-002,-2.656854987144470E-001,-5.830417871475220E-001,7.505906224250794E-001,
5.498333333333333E+009,-1.004714965820313E-001,-2.214675098657608E-001,-5.581114292144775E-001,7.753338217735291E-001,-1.004714965820313E-001,-2.214675098657608E-001,-5.581114292144775E-001,7.753338217735291E-001,
5.510000000000000E+009,-9.396360069513321E-002,-1.709924638271332E-001,-5.316063761711121E-001,8.061923980712891E-001,-9.396360069513321E-002,-1.709924638271332E-001,-5.316063761711121E-001,8.061923980712891E-001,
5.521666666666666E+009,-5.428955703973770E-002,-1.406629830598831E-001,-5.051274299621582E-001,8.355655074119568E-001,-5.428955703973770E-002,-1.406629830598831E-001,-5.051274299621582E-001,8.355655074119568E-001,
5.533333333333333E+009,-9.098043665289879E-003,-1.514882743358612E-001,-4.657498300075531E-001,8.655841350555420E-001,-9.098043665289879E-003,-1.514882743358612E-001,-4.657498300075531E-001,8.655841350555420E-001,
5.545000000000000E+009,1.212458964437246E-002,-1.936130225658417E-001,-4.183821976184845E-001,8.727400898933411E-001,1.212458964437246E-002,-1.936130225658417E-001,-4.183821976184845E-001,8.727400898933411E-001,
5.556666666666666E+009,-6.309830583631992E-003,-2.414061129093170E-001,-3.853898346424103E-001,8.789506554603577E-001,-6.309830583631992E-003,-2.414061129093170E-001,-3.853898346424103E-001,8.789506554603577E-001,
5.568333333333333E+009,-5.619864538311958E-002,-2.658397257328033E-001,-3.512994349002838E-001,8.761429786682129E-001,-5.619864538311958E-002,-2.658397257328033E-001,-3.512994349002838E-001,8.761429786682129E-001,
5.580000000000000E+009,-1.125445663928986E-001,-2.531765401363373E-001,-3.347634375095367E-001,8.797532916069031E-001,-1.125445663928986E-001,-2.531765401363373E-001,-3.347634375095367E-001,8.797532916069031E-001,
5.591666666666666E+009,-1.411045938730240E-001,-2.046309709548950E-001,-3.201042413711548E-001,8.985821008682251E-001,-1.411045938730240E-001,-2.046309709548950E-001,-3.201042413711548E-001,8.985821008682251E-001,
5.603333333333333E+009,-1.296233981847763E-001,-1.506607979536057E-001,-2.876338362693787E-001,9.262377619743347E-001,-1.296233981847763E-001,-1.506607979536057E-001,-2.876338362693787E-001,9.262377619743347E-001,
5.615000000000000E+009,-8.667831122875214E-002,-1.187412291765213E-001,-2.453472316265106E-001,9.452809095382690E-001,-8.667831122875214E-002,-1.187412291765213E-001,-2.453472316265106E-001,9.452809095382690E-001,
5.626666666666666E+009,-3.684188798069954E-002,-1.313074082136154E-001,-2.011906951665878E-001,9.559434652328491E-001,-3.684188798069954E-002,-1.313074082136154E-001,-2.011906951665878E-001,9.559434652328491E-001,
5.638333333333333E+009,-1.220478489995003E-002,-1.791183501482010E-001,-1.565574556589127E-001,9.521118402481079E-001,-1.220478489995003E-002,-1.791183501482010E-001,-1.565574556589127E-001,9.521118402481079E-001,
5.650000000000000E+009,-3.362497314810753E-002,-2.300373911857605E-001,-1.227603107690811E-001,9.509987235069275E-001,-3.362497314810753E-002,-2.300373911857605E-001,-1.227603107690811E-001,9.509987235069275E-001,
5.661666666666666E+009,-8.681660890579224E-002,-2.556231617927551E-001,-9.407072514295578E-002,9.396350979804993E-001,-8.681660890579224E-002,-2.556231617927551E-001,-9.407072514295578E-002,9.396350979804993E-001,
5.673333333333333E+009,-1.460777223110199E-001,-2.420606017112732E-001,-7.011888176202774E-002,9.469287991523743E-001,-1.460777223110199E-001,-2.420606017112732E-001,-7.011888176202774E-002,9.469287991523743E-001,
5.685000000000000E+009,-1.783187687397003E-001,-1.928924918174744E-001,-4.929367452859879E-002,9.499393105506897E-001,-1.783187687397003E-001,-1.928924918174744E-001,-4.929367452859879E-002,9.499393105506897E-001,
5.696666666666666E+009,-1.715877354145050E-001,-1.372611373662949E-001,-1.806909404695034E-002,9.610688686370850E-001,-1.715877354145050E-001,-1.372611373662949E-001,-1.806909404695034E-002,9.610688686370850E-001,
5.708333333333333E+009,-1.273266971111298E-001,-1.039501801133156E-001,2.032067067921162E-002,9.699165225028992E-001,-1.273266971111298E-001,-1.039501801133156E-001,2.032067067921162E-002,9.699165225028992E-001,
5.720000000000000E+009,-7.893241941928864E-002,-1.124662980437279E-001,6.486154347658157E-002,9.765659570693970E-001,-7.893241941928864E-002,-1.124662980437279E-001,6.486154347658157E-002,9.765659570693970E-001,
5.731666666666666E+009,-5.493099242448807E-002,-1.524781286716461E-001,1.154873743653297E-001,9.641526937484741E-001,-5.493099242448807E-002,-1.524781286716461E-001,1.154873743653297E-001,9.641526937484741E-001,
5.743333333333333E+009,-7.238453626632690E-002,-1.987418085336685E-001,1.531956791877747E-001,9.530818462371826E-001,-7.238453626632690E-002,-1.987418085336685E-001,1.531956791877747E-001,9.530818462371826E-001,
5.755000000000000E+009,-1.159687563776970E-001,-2.204084992408752E-001,1.804268211126328E-001,9.394522905349731E-001,-1.159687563776970E-001,-2.204084992408752E-001,1.804268211126328E-001,9.394522905349731E-001,
5.766666666666666E+009,-1.662853360176086E-001,-2.073674499988556E-001,2.038922607898712E-001,9.266375899314880E-001,-1.662853360176086E-001,-2.073674499988556E-001,2.038922607898712E-001,9.266375899314880E-001,
5.778333333333333E+009,-1.943322569131851E-001,-1.653811037540436E-001,2.274114191532135E-001,9.276366233825684E-001,-1.943322569131851E-001,-1.653811037540436E-001,2.274114191532135E-001,9.276366233825684E-001,
5.790000000000000E+009,-1.864160746335983E-001,-1.182872354984283E-001,2.590625584125519E-001,9.152202010154724E-001,-1.864160746335983E-001,-1.182872354984283E-001,2.590625584125519E-001,9.152202010154724E-001,
5.801666666666666E+009,-1.508778333663940E-001,-9.313597530126572E-002,2.927267849445343E-001,9.222201108932495E-001,-1.508778333663940E-001,-9.313597530126572E-002,2.927267849445343E-001,9.222201108932495E-001,
5.813333333333333E+009,-1.110166385769844E-001,-9.930261969566345E-002,3.380025327205658E-001,9.115244150161743E-001,-1.110166385769844E-001,-9.930261969566345E-002,3.380025327205658E-001,9.115244150161743E-001,
5.825000000000000E+009,-9.628458321094513E-002,-1.317104548215866E-001,3.769282102584839E-001,8.951935768127441E-001,-9.628458321094513E-002,-1.317104548215866E-001,3.769282102584839E-001,8.951935768127441E-001,
5.836666666666666E+009,-1.093766167759895E-001,-1.614978611469269E-001,4.131363928318024E-001,8.677557110786438E-001,-1.093766167759895E-001,-1.614978611469269E-001,4.131363928318024E-001,8.677557110786438E-001,
5.848333333333333E+009,-1.402198374271393E-001,-1.705639809370041E-001,4.316700100898743E-001,8.495445847511292E-001,-1.402198374271393E-001,-1.705639809370041E-001,4.316700100898743E-001,8.495445847511292E-001,
5.860000000000000E+009,-1.701771467924118E-001,-1.566561758518219E-001,4.486794769763947E-001,8.385787010192871E-001,-1.701771467924118E-001,-1.566561758518219E-001,4.486794769763947E-001,8.385787010192871E-001,
5.871666666666666E+009,-1.775852888822556E-001,-1.291617304086685E-001,4.876148998737335E-001,8.283902406692505E-001,-1.775852888822556E-001,-1.291617304086685E-001,4.876148998737335E-001,8.283902406692505E-001,
5.883333333333333E+009,-1.625933349132538E-001,-1.062564924359322E-001,5.165587067604065E-001,8.157826662063599E-001,-1.625933349132538E-001,-1.062564924359322E-001,5.165587067604065E-001,8.157826662063599E-001,
5.895000000000000E+009,-1.353448033332825E-001,-1.066510602831841E-001,5.551078915596008E-001,7.909206151962280E-001,-1.353448033332825E-001,-1.066510602831841E-001,5.551078915596008E-001,7.909206151962280E-001,
5.906666666666666E+009,-1.166407763957977E-001,-1.322635412216187E-001,5.937359929084778E-001,7.674354314804077E-001,-1.166407763957977E-001,-1.322635412216187E-001,5.937359929084778E-001,7.674354314804077E-001,
5.918333333333333E+009,-1.226471215486527E-001,-1.655100286006928E-001,6.225259304046631E-001,7.372588515281677E-001,-1.226471215486527E-001,-1.655100286006928E-001,6.225259304046631E-001,7.372588515281677E-001,
5.930000000000000E+009,-1.584755927324295E-001,-1.875878125429153E-001,6.448446512222290E-001,6.968612670898438E-001,-1.584755927324295E-001,-1.875878125429153E-001,6.448446512222290E-001,6.968612670898438E-001,
5.941666666666666E+009,-2.026024460792542E-001,-1.838430017232895E-001,6.580644249916077E-001,6.886884570121765E-001,-2.026024460792542E-001,-1.838430017232895E-001,6.580644249916077E-001,6.886884570121765E-001,
5.953333333333333E+009,-2.343323081731796E-001,-1.540099829435349E-001,6.648595333099365E-001,6.672145724296570E-001,-2.343323081731796E-001,-1.540099829435349E-001,6.648595333099365E-001,6.672145724296570E-001,
5.965000000000000E+009,-2.464884817600250E-001,-1.155822426080704E-001,6.832900643348694E-001,6.472666263580322E-001,-2.464884817600250E-001,-1.155822426080704E-001,6.832900643348694E-001,6.472666263580322E-001,
5.976666666666666E+009,-2.327724546194077E-001,-8.045341819524765E-002,7.150061726570129E-001,6.185684204101563E-001,-2.327724546194077E-001,-8.045341819524765E-002,7.150061726570129E-001,6.185684204101563E-001,
5.988333333333333E+009,-2.052647173404694E-001,-7.252264022827148E-002,7.416362762451172E-001,6.059882640838623E-001,-2.052647173404694E-001,-7.252264022827148E-002,7.416362762451172E-001,6.059882640838623E-001,
6.000000000000000E+009,-1.827679276466370E-001,-8.131282031536102E-002,7.744901180267334E-001,5.892846584320068E-001,-1.827679276466370E-001,-8.131282031536102E-002,7.744901180267334E-001,5.892846584320068E-001,
