% Version 1.00
%
%freq[Hz],re:Trc1_S11,im:Trc1_S11,re:Trc2_S21,im:Trc2_S21,re:Trc3_S11,im:Trc3_S11,re:Trc4_S21,im:Trc4_S21,
2.500000000000000E+009,5.639003962278366E-002,-1.523679494857788E-001,2.595095634460449E-001,-9.417334198951721E-001,5.639003962278366E-002,-1.523679494857788E-001,2.595095634460449E-001,-9.417334198951721E-001,
2.511666666666667E+009,9.456834755837917E-003,-1.513399183750153E-001,2.236329317092896E-001,-9.560363292694092E-001,9.456834755837917E-003,-1.513399183750153E-001,2.236329317092896E-001,-9.560363292694092E-001,
2.523333333333334E+009,-2.192050777375698E-002,-1.159633919596672E-001,2.056466639041901E-001,-9.670653939247131E-001,-2.192050777375698E-002,-1.159633919596672E-001,2.056466639041901E-001,-9.670653939247131E-001,
2.535000000000000E+009,-1.784188672900200E-002,-7.083704322576523E-002,1.533743292093277E-001,-9.761185050010681E-001,-1.784188672900200E-002,-7.083704322576523E-002,1.533743292093277E-001,-9.761185050010681E-001,
2.546666666666667E+009,1.728106103837490E-002,-4.547232389450073E-002,1.168905422091484E-001,-9.889976382255554E-001,1.728106103837490E-002,-4.547232389450073E-002,1.168905422091484E-001,-9.889976382255554E-001,
2.558333333333334E+009,6.065827980637550E-002,-5.774490907788277E-002,8.340652287006378E-002,-9.843444824218750E-001,6.065827980637550E-002,-5.774490907788277E-002,8.340652287006378E-002,-9.843444824218750E-001,
2.570000000000000E+009,8.084387332201004E-002,-9.924536943435669E-002,4.017646238207817E-002,-9.760928750038147E-001,8.084387332201004E-002,-9.924536943435669E-002,4.017646238207817E-002,-9.760928750038147E-001,
2.581666666666667E+009,6.431093811988831E-002,-1.452899426221848E-001,7.198303937911987E-003,-9.712357521057129E-001,6.431093811988831E-002,-1.452899426221848E-001,7.198303937911987E-003,-9.712357521057129E-001,
2.593333333333334E+009,2.165465056896210E-002,-1.700097173452377E-001,-2.237412519752979E-002,-9.709768891334534E-001,2.165465056896210E-002,-1.700097173452377E-001,-2.237412519752979E-002,-9.709768891334534E-001,
2.605000000000000E+009,-2.640917897224426E-002,-1.566935032606125E-001,-4.953876882791519E-002,-9.768158197402954E-001,-2.640917897224426E-002,-1.566935032606125E-001,-4.953876882791519E-002,-9.768158197402954E-001,
2.616666666666667E+009,-5.220457538962364E-002,-1.147395595908165E-001,-8.722182363271713E-002,-9.778635501861572E-001,-5.220457538962364E-002,-1.147395595908165E-001,-8.722182363271713E-002,-9.778635501861572E-001,
2.628333333333334E+009,-4.412660002708435E-002,-6.572324782609940E-002,-1.276679188013077E-001,-9.782135486602783E-001,-4.412660002708435E-002,-6.572324782609940E-002,-1.276679188013077E-001,-9.782135486602783E-001,
2.640000000000000E+009,-6.628497969359160E-003,-4.300928488373756E-002,-1.616673618555069E-001,-9.806590080261231E-001,-6.628497969359160E-003,-4.300928488373756E-002,-1.616673618555069E-001,-9.806590080261231E-001,
2.651666666666667E+009,3.701015189290047E-002,-5.723188817501068E-002,-1.990238130092621E-001,-9.678637385368347E-001,3.701015189290047E-002,-5.723188817501068E-002,-1.990238130092621E-001,-9.678637385368347E-001,
2.663333333333334E+009,5.405396595597267E-002,-9.856960922479630E-002,-2.342676371335983E-001,-9.554750323295593E-001,5.405396595597267E-002,-9.856960922479630E-002,-2.342676371335983E-001,-9.554750323295593E-001,
2.675000000000000E+009,3.499952703714371E-002,-1.427434235811234E-001,-2.660638093948364E-001,-9.420005083084106E-001,3.499952703714371E-002,-1.427434235811234E-001,-2.660638093948364E-001,-9.420005083084106E-001,
2.686666666666667E+009,-8.630656637251377E-003,-1.599748879671097E-001,-2.910025119781494E-001,-9.356024861335754E-001,-8.630656637251377E-003,-1.599748879671097E-001,-2.910025119781494E-001,-9.356024861335754E-001,
2.698333333333334E+009,-5.279869586229324E-002,-1.426785439252853E-001,-3.166838586330414E-001,-9.253137707710266E-001,-5.279869586229324E-002,-1.426785439252853E-001,-3.166838586330414E-001,-9.253137707710266E-001,
2.710000000000000E+009,-7.062774896621704E-002,-9.797387570142746E-002,-3.550804853439331E-001,-9.230422973632813E-001,-7.062774896621704E-002,-9.797387570142746E-002,-3.550804853439331E-001,-9.230422973632813E-001,
2.721666666666667E+009,-5.245340615510941E-002,-5.278076976537705E-002,-3.937930762767792E-001,-9.079148769378662E-001,-5.245340615510941E-002,-5.278076976537705E-002,-3.937930762767792E-001,-9.079148769378662E-001,
2.733333333333334E+009,-9.063345380127430E-003,-3.379427269101143E-002,-4.231689274311066E-001,-8.957103490829468E-001,-9.063345380127430E-003,-3.379427269101143E-002,-4.231689274311066E-001,-8.957103490829468E-001,
2.745000000000000E+009,3.241509944200516E-002,-5.337239056825638E-002,-4.634360074996948E-001,-8.759897351264954E-001,3.241509944200516E-002,-5.337239056825638E-002,-4.634360074996948E-001,-8.759897351264954E-001,
2.756666666666667E+009,4.674939438700676E-002,-9.757328033447266E-002,-4.943431615829468E-001,-8.498021960258484E-001,4.674939438700676E-002,-9.757328033447266E-002,-4.943431615829468E-001,-8.498021960258484E-001,
2.768333333333334E+009,2.419657073915005E-002,-1.425183415412903E-001,-5.216730833053589E-001,-8.286811709403992E-001,2.419657073915005E-002,-1.425183415412903E-001,-5.216730833053589E-001,-8.286811709403992E-001,
2.780000000000000E+009,-2.145935781300068E-002,-1.590882390737534E-001,-5.500881075859070E-001,-8.100320100784302E-001,-2.145935781300068E-002,-1.590882390737534E-001,-5.500881075859070E-001,-8.100320100784302E-001,
2.791666666666667E+009,-6.570804119110107E-002,-1.400732100009918E-001,-5.715731382369995E-001,-7.918900251388550E-001,-6.570804119110107E-002,-1.400732100009918E-001,-5.715731382369995E-001,-7.918900251388550E-001,
2.803333333333334E+009,-8.008359372615814E-002,-9.747491031885147E-002,-5.958163738250732E-001,-7.752459049224854E-001,-8.008359372615814E-002,-9.747491031885147E-002,-5.958163738250732E-001,-7.752459049224854E-001,
2.815000000000000E+009,-6.213956698775291E-002,-5.392400920391083E-002,-6.275414228439331E-001,-7.609924674034119E-001,-6.213956698775291E-002,-5.392400920391083E-002,-6.275414228439331E-001,-7.609924674034119E-001,
2.826666666666667E+009,-1.718867570161820E-002,-3.879295662045479E-002,-6.641495227813721E-001,-7.414835095405579E-001,-1.718867570161820E-002,-3.879295662045479E-002,-6.641495227813721E-001,-7.414835095405579E-001,
2.838333333333334E+009,2.031824551522732E-002,-5.943959951400757E-002,-6.938304901123047E-001,-7.033587694168091E-001,2.031824551522732E-002,-5.943959951400757E-002,-6.938304901123047E-001,-7.033587694168091E-001,
2.850000000000000E+009,3.152183443307877E-002,-1.073637306690216E-001,-7.126845717430115E-001,-6.746531724929810E-001,3.152183443307877E-002,-1.073637306690216E-001,-7.126845717430115E-001,-6.746531724929810E-001,
2.861666666666667E+009,5.098752677440643E-003,-1.485909670591354E-001,-7.231982350349426E-001,-6.519705653190613E-001,5.098752677440643E-003,-1.485909670591354E-001,-7.231982350349426E-001,-6.519705653190613E-001,
2.873333333333334E+009,-4.721822589635849E-002,-1.611251831054688E-001,-7.508392930030823E-001,-6.219352483749390E-001,-4.721822589635849E-002,-1.611251831054688E-001,-7.508392930030823E-001,-6.219352483749390E-001,
2.885000000000000E+009,-8.859762549400330E-002,-1.387185752391815E-001,-7.648134827613831E-001,-6.065866351127625E-001,-8.859762549400330E-002,-1.387185752391815E-001,-7.648134827613831E-001,-6.065866351127625E-001,
2.896666666666667E+009,-1.050812527537346E-001,-9.146437048912048E-002,-7.888809442520142E-001,-5.796715617179871E-001,-1.050812527537346E-001,-9.146437048912048E-002,-7.888809442520142E-001,-5.796715617179871E-001,
2.908333333333334E+009,-8.064267039299011E-002,-4.837952926754952E-002,-8.166626095771790E-001,-5.567892789840698E-001,-8.064267039299011E-002,-4.837952926754952E-002,-8.166626095771790E-001,-5.567892789840698E-001,
2.920000000000000E+009,-3.118336759507656E-002,-3.443425521254540E-002,-8.381691575050354E-001,-5.273975133895874E-001,-3.118336759507656E-002,-3.443425521254540E-002,-8.381691575050354E-001,-5.273975133895874E-001,
2.931666666666667E+009,1.297970954328775E-002,-5.816060304641724E-002,-8.585377931594849E-001,-4.869552552700043E-001,1.297970954328775E-002,-5.816060304641724E-002,-8.585377931594849E-001,-4.869552552700043E-001,
2.943333333333334E+009,1.947841793298721E-002,-1.072148829698563E-001,-8.764549493789673E-001,-4.469546377658844E-001,1.947841793298721E-002,-1.072148829698563E-001,-8.764549493789673E-001,-4.469546377658844E-001,
2.955000000000000E+009,-1.274644304066896E-002,-1.489279866218567E-001,-8.849107623100281E-001,-4.079260528087616E-001,-1.274644304066896E-002,-1.489279866218567E-001,-8.849107623100281E-001,-4.079260528087616E-001,
2.966666666666667E+009,-6.765053421258926E-002,-1.616764068603516E-001,-8.924481272697449E-001,-3.895907700061798E-001,-6.765053421258926E-002,-1.616764068603516E-001,-8.924481272697449E-001,-3.895907700061798E-001,
2.978333333333334E+009,-1.136046275496483E-001,-1.336372941732407E-001,-9.045581221580505E-001,-3.617997467517853E-001,-1.136046275496483E-001,-1.336372941732407E-001,-9.045581221580505E-001,-3.617997467517853E-001,
2.990000000000000E+009,-1.261020898818970E-001,-8.264616131782532E-002,-9.182221889495850E-001,-3.305291831493378E-001,-1.261020898818970E-001,-8.264616131782532E-002,-9.182221889495850E-001,-3.305291831493378E-001,
3.001666666666667E+009,-9.827462583780289E-002,-3.880717605352402E-002,-9.388594627380371E-001,-3.090117275714874E-001,-9.827462583780289E-002,-3.880717605352402E-002,-9.388594627380371E-001,-3.090117275714874E-001,
3.013333333333334E+009,-4.238437861204147E-002,-2.977317385375500E-002,-9.491697549819946E-001,-2.729380130767822E-001,-4.238437861204147E-002,-2.977317385375500E-002,-9.491697549819946E-001,-2.729380130767822E-001,
3.025000000000000E+009,6.852165097370744E-004,-6.192364543676376E-002,-9.521902799606323E-001,-2.359901815652847E-001,6.852165097370744E-004,-6.192364543676376E-002,-9.521902799606323E-001,-2.359901815652847E-001,
3.036666666666667E+009,5.445357412099838E-003,-1.135134547948837E-001,-9.671864509582520E-001,-1.867967993021011E-001,5.445357412099838E-003,-1.135134547948837E-001,-9.671864509582520E-001,-1.867967993021011E-001,
3.048333333333333E+009,-3.417417034506798E-002,-1.591584086418152E-001,-9.619065523147583E-001,-1.518717557191849E-001,-3.417417034506798E-002,-1.591584086418152E-001,-9.619065523147583E-001,-1.518717557191849E-001,
3.060000000000000E+009,-9.842413663864136E-002,-1.612872481346130E-001,-9.543852210044861E-001,-1.193027496337891E-001,-9.842413663864136E-002,-1.612872481346130E-001,-9.543852210044861E-001,-1.193027496337891E-001,
3.071666666666667E+009,-1.457111984491348E-001,-1.220352947711945E-001,-9.596267938613892E-001,-9.546610713005066E-002,-1.457111984491348E-001,-1.220352947711945E-001,-9.596267938613892E-001,-9.546610713005066E-002,
3.083333333333333E+009,-1.540618687868118E-001,-6.350786983966827E-002,-9.712036848068237E-001,-7.005873322486877E-002,-1.540618687868118E-001,-6.350786983966827E-002,-9.712036848068237E-001,-7.005873322486877E-002,
3.095000000000000E+009,-1.168302074074745E-001,-1.571411080658436E-002,-9.844143390655518E-001,-3.878271207213402E-002,-1.168302074074745E-001,-1.571411080658436E-002,-9.844143390655518E-001,-3.878271207213402E-002,
3.106666666666667E+009,-5.052478238940239E-002,-1.215456891804934E-002,-9.929275512695313E-001,4.726747982203960E-003,-5.052478238940239E-002,-1.215456891804934E-002,-9.929275512695313E-001,4.726747982203960E-003,
3.118333333333333E+009,-1.845542457886040E-003,-5.668841302394867E-002,-9.942396879196167E-001,4.875903576612473E-002,-1.845542457886040E-003,-5.668841302394867E-002,-9.942396879196167E-001,4.875903576612473E-002,
3.130000000000000E+009,3.850599910038000E-007,-1.254169046878815E-001,-9.742186069488525E-001,1.016082912683487E-001,3.850599910038000E-007,-1.254169046878815E-001,-9.742186069488525E-001,1.016082912683487E-001,
3.141666666666667E+009,-4.830333217978478E-002,-1.732677817344666E-001,-9.664353728294373E-001,1.342215836048126E-001,-4.830333217978478E-002,-1.732677817344666E-001,-9.664353728294373E-001,1.342215836048126E-001,
3.153333333333333E+009,-1.227892711758614E-001,-1.718524843454361E-001,-9.449873566627502E-001,1.549270600080490E-001,-1.227892711758614E-001,-1.718524843454361E-001,-9.449873566627502E-001,1.549270600080490E-001,
3.165000000000000E+009,-1.770361661911011E-001,-1.270893067121506E-001,-9.460759758949280E-001,1.886124610900879E-001,-1.770361661911011E-001,-1.270893067121506E-001,-9.460759758949280E-001,1.886124610900879E-001,
3.176666666666667E+009,-1.882529109716415E-001,-5.885908380150795E-002,-9.463223218917847E-001,2.007804214954376E-001,-1.882529109716415E-001,-5.885908380150795E-002,-9.463223218917847E-001,2.007804214954376E-001,
3.188333333333333E+009,-1.490509659051895E-001,-5.431088618934155E-003,-9.473147392272949E-001,2.374138832092285E-001,-1.490509659051895E-001,-5.431088618934155E-003,-9.473147392272949E-001,2.374138832092285E-001,
3.200000000000000E+009,-7.998885214328766E-002,-2.135048387572169E-003,-9.506312608718872E-001,2.786840200424194E-001,-7.998885214328766E-002,-2.135048387572169E-003,-9.506312608718872E-001,2.786840200424194E-001,
3.211666666666667E+009,-2.964716404676437E-002,-5.150404572486877E-002,-9.398179054260254E-001,3.224038183689117E-001,-2.964716404676437E-002,-5.150404572486877E-002,-9.398179054260254E-001,3.224038183689117E-001,
3.223333333333333E+009,-3.297214582562447E-002,-1.236399412155151E-001,-9.160228967666626E-001,3.636768460273743E-001,-3.297214582562447E-002,-1.236399412155151E-001,-9.160228967666626E-001,3.636768460273743E-001,
3.235000000000000E+009,-9.043618291616440E-002,-1.686888635158539E-001,-8.886703848838806E-001,3.890984654426575E-001,-9.043618291616440E-002,-1.686888635158539E-001,-8.886703848838806E-001,3.890984654426575E-001,
3.246666666666667E+009,-1.662089526653290E-001,-1.603279858827591E-001,-8.675807118415833E-001,4.194298982620239E-001,-1.662089526653290E-001,-1.603279858827591E-001,-8.675807118415833E-001,4.194298982620239E-001,
3.258333333333333E+009,-2.213730216026306E-001,-1.033984050154686E-001,-8.546997904777527E-001,4.279480874538422E-001,-2.213730216026306E-001,-1.033984050154686E-001,-8.546997904777527E-001,4.279480874538422E-001,
3.270000000000000E+009,-2.253155559301376E-001,-2.756568975746632E-002,-8.461591601371765E-001,4.580343961715698E-001,-2.253155559301376E-001,-2.756568975746632E-002,-8.461591601371765E-001,4.580343961715698E-001,
3.281666666666667E+009,-1.769442111253738E-001,2.728741429746151E-002,-8.432203531265259E-001,4.878847002983093E-001,-1.769442111253738E-001,2.728741429746151E-002,-8.432203531265259E-001,4.878847002983093E-001,
3.293333333333333E+009,-1.031352132558823E-001,2.880441211163998E-002,-8.339409232139587E-001,5.233014822006226E-001,-1.031352132558823E-001,2.880441211163998E-002,-8.339409232139587E-001,5.233014822006226E-001,
3.305000000000000E+009,-5.130123719573021E-002,-2.760287933051586E-002,-8.061310052871704E-001,5.643680095672607E-001,-5.130123719573021E-002,-2.760287933051586E-002,-8.061310052871704E-001,5.643680095672607E-001,
3.316666666666667E+009,-5.855468660593033E-002,-1.048047989606857E-001,-7.801607847213745E-001,5.992345809936523E-001,-5.855468660593033E-002,-1.048047989606857E-001,-7.801607847213745E-001,5.992345809936523E-001,
3.328333333333333E+009,-1.208251714706421E-001,-1.507493406534195E-001,-7.430997490882874E-001,6.298766732215881E-001,-1.208251714706421E-001,-1.507493406534195E-001,-7.430997490882874E-001,6.298766732215881E-001,
3.340000000000000E+009,-2.001824975013733E-001,-1.393378078937531E-001,-7.176813483238220E-001,6.343153119087219E-001,-2.001824975013733E-001,-1.393378078937531E-001,-7.176813483238220E-001,6.343153119087219E-001,
3.351666666666667E+009,-2.525491714477539E-001,-7.425677776336670E-002,-6.949110627174377E-001,6.505248546600342E-001,-2.525491714477539E-001,-7.425677776336670E-002,-6.949110627174377E-001,6.505248546600342E-001,
3.363333333333333E+009,-2.506502568721771E-001,6.792560219764710E-003,-6.854191422462463E-001,6.652523279190064E-001,-2.506502568721771E-001,6.792560219764710E-003,-6.854191422462463E-001,6.652523279190064E-001,
3.375000000000000E+009,-1.987816542387009E-001,6.081470102071762E-002,-6.814324259757996E-001,7.019898891448975E-001,-1.987816542387009E-001,6.081470102071762E-002,-6.814324259757996E-001,7.019898891448975E-001,
3.386666666666667E+009,-1.259011030197144E-001,6.053070351481438E-002,-6.469901204109192E-001,7.335740923881531E-001,-1.259011030197144E-001,6.053070351481438E-002,-6.469901204109192E-001,7.335740923881531E-001,
3.398333333333333E+009,-7.898148894309998E-002,-1.804445637390018E-004,-6.228608489036560E-001,7.633652687072754E-001,-7.898148894309998E-002,-1.804445637390018E-004,-6.228608489036560E-001,7.633652687072754E-001,
3.410000000000000E+009,-9.475846588611603E-002,-7.360648363828659E-002,-5.829578638076782E-001,7.962633967399597E-001,-9.475846588611603E-002,-7.360648363828659E-002,-5.829578638076782E-001,7.962633967399597E-001,
3.421666666666667E+009,-1.598050296306610E-001,-1.094784736633301E-001,-5.384222865104675E-001,8.029147982597351E-001,-1.598050296306610E-001,-1.094784736633301E-001,-5.384222865104675E-001,8.029147982597351E-001,
3.433333333333333E+009,-2.323376536369324E-001,-8.663983643054962E-002,-5.038846135139465E-001,8.108214139938355E-001,-2.323376536369324E-001,-8.663983643054962E-002,-5.038846135139465E-001,8.108214139938355E-001,
3.445000000000000E+009,-2.731888890266419E-001,-1.609884575009346E-002,-4.837352037429810E-001,8.143329024314880E-001,-2.731888890266419E-001,-1.609884575009346E-002,-4.837352037429810E-001,8.143329024314880E-001,
3.456666666666667E+009,-2.607743740081787E-001,6.530267745256424E-002,-4.713764190673828E-001,8.305762410163879E-001,-2.607743740081787E-001,6.530267745256424E-002,-4.713764190673828E-001,8.305762410163879E-001,
3.468333333333333E+009,-1.979085952043533E-001,1.177746504545212E-001,-4.577688872814179E-001,8.492326736450195E-001,-1.979085952043533E-001,1.177746504545212E-001,-4.577688872814179E-001,8.492326736450195E-001,
3.480000000000000E+009,-1.217331588268280E-001,1.069355234503746E-001,-4.335920214653015E-001,8.865126967430115E-001,-1.217331588268280E-001,1.069355234503746E-001,-4.335920214653015E-001,8.865126967430115E-001,
3.491666666666667E+009,-7.972059398889542E-002,4.299732297658920E-002,-3.833240866661072E-001,9.109531044960022E-001,-7.972059398889542E-002,4.299732297658920E-002,-3.833240866661072E-001,9.109531044960022E-001,
3.503333333333333E+009,-9.983116388320923E-002,-3.417149931192398E-002,-3.368362784385681E-001,9.297319054603577E-001,-9.983116388320923E-002,-3.417149931192398E-002,-3.368362784385681E-001,9.297319054603577E-001,
3.515000000000000E+009,-1.709912568330765E-001,-7.065820693969727E-002,-2.965631484985352E-001,9.302167296409607E-001,-1.709912568330765E-001,-7.065820693969727E-002,-2.965631484985352E-001,9.302167296409607E-001,
3.526666666666667E+009,-2.460105121135712E-001,-4.349936544895172E-002,-2.628544569015503E-001,9.243051409721375E-001,-2.460105121135712E-001,-4.349936544895172E-002,-2.628544569015503E-001,9.243051409721375E-001,
3.538333333333333E+009,-2.834546267986298E-001,3.372696042060852E-002,-2.367257773876190E-001,9.233569502830505E-001,-2.834546267986298E-001,3.372696042060852E-002,-2.367257773876190E-001,9.233569502830505E-001,
3.550000000000000E+009,-2.633917927742004E-001,1.171945929527283E-001,-2.180609256029129E-001,9.283207654953003E-001,-2.633917927742004E-001,1.171945929527283E-001,-2.180609256029129E-001,9.283207654953003E-001,
3.561666666666667E+009,-1.971921920776367E-001,1.681044548749924E-001,-2.045031040906906E-001,9.445040225982666E-001,-1.971921920776367E-001,1.681044548749924E-001,-2.045031040906906E-001,9.445040225982666E-001,
3.573333333333333E+009,-1.184132918715477E-001,1.598366796970367E-001,-1.689612865447998E-001,9.627447724342346E-001,-1.184132918715477E-001,1.598366796970367E-001,-1.689612865447998E-001,9.627447724342346E-001,
3.585000000000000E+009,-7.249879091978073E-002,9.724285453557968E-002,-1.204414069652557E-001,9.764404296875000E-001,-7.249879091978073E-002,9.724285453557968E-002,-1.204414069652557E-001,9.764404296875000E-001,
3.596666666666667E+009,-9.185250848531723E-002,2.114110812544823E-002,-7.282298058271408E-002,9.833458065986633E-001,-9.185250848531723E-002,2.114110812544823E-002,-7.282298058271408E-002,9.833458065986633E-001,
3.608333333333333E+009,-1.597510725259781E-001,-1.565153896808624E-002,-3.323386982083321E-002,9.793365001678467E-001,-1.597510725259781E-001,-1.565153896808624E-002,-3.323386982083321E-002,9.793365001678467E-001,
3.620000000000000E+009,-2.318258583545685E-001,1.153890416026115E-002,1.066366210579872E-002,9.629948139190674E-001,-2.318258583545685E-001,1.153890416026115E-002,1.066366210579872E-002,9.629948139190674E-001,
3.631666666666667E+009,-2.645522952079773E-001,8.425528556108475E-002,2.661538496613503E-002,9.515130519866943E-001,-2.645522952079773E-001,8.425528556108475E-002,2.661538496613503E-002,9.515130519866943E-001,
3.643333333333333E+009,-2.380170524120331E-001,1.618994176387787E-001,4.786466062068939E-002,9.498966336250305E-001,-2.380170524120331E-001,1.618994176387787E-001,4.786466062068939E-002,9.498966336250305E-001,
3.655000000000000E+009,-1.694005280733109E-001,2.073445618152618E-001,6.968407332897186E-002,9.593335986137390E-001,-1.694005280733109E-001,2.073445618152618E-001,6.968407332897186E-002,9.593335986137390E-001,
3.666666666666667E+009,-9.248470515012741E-002,1.948758512735367E-001,1.123077869415283E-001,9.665236473083496E-001,-9.248470515012741E-002,1.948758512735367E-001,1.123077869415283E-001,9.665236473083496E-001,
3.678333333333333E+009,-5.311436206102371E-002,1.321409642696381E-001,1.506994217634201E-001,9.706941843032837E-001,-5.311436206102371E-002,1.321409642696381E-001,1.506994217634201E-001,9.706941843032837E-001,
3.690000000000000E+009,-7.489918917417526E-002,6.000987440347672E-002,1.968989223241806E-001,9.693080782890320E-001,-7.489918917417526E-002,6.000987440347672E-002,1.968989223241806E-001,9.693080782890320E-001,
3.701666666666667E+009,-1.447926908731461E-001,2.955916151404381E-002,2.429814636707306E-001,9.457076191902161E-001,-1.447926908731461E-001,2.955916151404381E-002,2.429814636707306E-001,9.457076191902161E-001,
3.713333333333333E+009,-2.145414054393768E-001,6.020435318350792E-002,2.720490097999573E-001,9.261440634727478E-001,-2.145414054393768E-001,6.020435318350792E-002,2.720490097999573E-001,9.261440634727478E-001,
3.725000000000000E+009,-2.400940656661987E-001,1.327030807733536E-001,2.929746508598328E-001,9.077606201171875E-001,-2.400940656661987E-001,1.327030807733536E-001,2.929746508598328E-001,9.077606201171875E-001,
3.736666666666667E+009,-2.093065828084946E-001,2.114681601524353E-001,3.147098422050476E-001,8.959972262382507E-001,-2.093065828084946E-001,2.114681601524353E-001,3.147098422050476E-001,8.959972262382507E-001,
3.748333333333333E+009,-1.306780278682709E-001,2.523342370986939E-001,3.399489223957062E-001,9.069588780403137E-001,-1.306780278682709E-001,2.523342370986939E-001,3.399489223957062E-001,9.069588780403137E-001,
3.760000000000000E+009,-4.689553380012512E-002,2.339417189359665E-001,3.740010261535645E-001,9.071444272994995E-001,-4.689553380012512E-002,2.339417189359665E-001,3.740010261535645E-001,9.071444272994995E-001,
3.771666666666667E+009,-3.364979056641460E-003,1.650758385658264E-001,4.175051748752594E-001,8.967581987380981E-001,-3.364979056641460E-003,1.650758385658264E-001,4.175051748752594E-001,8.967581987380981E-001,
3.783333333333333E+009,-2.523786574602127E-002,8.997748792171478E-002,4.605427682399750E-001,8.828024864196777E-001,-2.523786574602127E-002,8.997748792171478E-002,4.605427682399750E-001,8.828024864196777E-001,
3.795000000000000E+009,-9.948009997606278E-002,5.487763881683350E-002,4.925862848758698E-001,8.501001000404358E-001,-9.948009997606278E-002,5.487763881683350E-002,4.925862848758698E-001,8.501001000404358E-001,
3.806666666666667E+009,-1.728550940752029E-001,8.004663884639740E-002,5.234736800193787E-001,8.188377618789673E-001,-1.728550940752029E-001,8.004663884639740E-002,5.234736800193787E-001,8.188377618789673E-001,
3.818333333333333E+009,-2.014187425374985E-001,1.521726697683334E-001,5.464295744895935E-001,7.945865392684937E-001,-2.014187425374985E-001,1.521726697683334E-001,5.464295744895935E-001,7.945865392684937E-001,
3.830000000000000E+009,-1.715371161699295E-001,2.262232452630997E-001,5.564666986465454E-001,7.742814421653748E-001,-1.715371161699295E-001,2.262232452630997E-001,5.564666986465454E-001,7.742814421653748E-001,
3.841666666666667E+009,-9.805560857057571E-002,2.619366049766541E-001,5.734784603118897E-001,7.732202410697937E-001,-9.805560857057571E-002,2.619366049766541E-001,5.734784603118897E-001,7.732202410697937E-001,
3.853333333333333E+009,-1.830253936350346E-002,2.430562525987625E-001,6.071540713310242E-001,7.621449232101440E-001,-1.830253936350346E-002,2.430562525987625E-001,6.071540713310242E-001,7.621449232101440E-001,
3.865000000000000E+009,2.424816787242889E-002,1.792678385972977E-001,6.504376530647278E-001,7.499967217445374E-001,2.424816787242889E-002,1.792678385972977E-001,6.504376530647278E-001,7.499967217445374E-001,
3.876666666666667E+009,3.238672623410821E-003,1.062596142292023E-001,6.811287403106690E-001,7.234137654304504E-001,3.238672623410821E-003,1.062596142292023E-001,6.811287403106690E-001,7.234137654304504E-001,
3.888333333333333E+009,-6.923490017652512E-002,7.481557130813599E-002,7.186231613159180E-001,6.817800402641296E-001,-6.923490017652512E-002,7.481557130813599E-002,7.186231613159180E-001,6.817800402641296E-001,
3.900000000000000E+009,-1.437248587608337E-001,1.041308417916298E-001,7.387738227844238E-001,6.492302417755127E-001,-1.437248587608337E-001,1.041308417916298E-001,7.387738227844238E-001,6.492302417755127E-001,
3.911666666666667E+009,-1.723368614912033E-001,1.780208945274353E-001,7.480071783065796E-001,6.082271933555603E-001,-1.723368614912033E-001,1.780208945274353E-001,7.480071783065796E-001,6.082271933555603E-001,
3.923333333333333E+009,-1.384519040584564E-001,2.525454759597778E-001,7.589447498321533E-001,5.846203565597534E-001,-1.384519040584564E-001,2.525454759597778E-001,7.589447498321533E-001,5.846203565597534E-001,
3.935000000000000E+009,-5.853679031133652E-002,2.854234278202057E-001,7.741855978965759E-001,5.703178048133850E-001,-5.853679031133652E-002,2.854234278202057E-001,7.741855978965759E-001,5.703178048133850E-001,
3.946666666666667E+009,2.095814049243927E-002,2.630738019943237E-001,7.935526967048645E-001,5.577139854431152E-001,2.095814049243927E-002,2.630738019943237E-001,7.935526967048645E-001,5.577139854431152E-001,
3.958333333333333E+009,6.613975018262863E-002,1.946046203374863E-001,8.267036676406860E-001,5.348456501960754E-001,6.613975018262863E-002,1.946046203374863E-001,8.267036676406860E-001,5.348456501960754E-001,
3.970000000000000E+009,4.874309524893761E-002,1.246259883046150E-001,8.518010377883911E-001,5.019239187240601E-001,4.874309524893761E-002,1.246259883046150E-001,8.518010377883911E-001,5.019239187240601E-001,
3.981666666666667E+009,-1.588362827897072E-002,9.187642484903336E-002,8.810480237007141E-001,4.622907340526581E-001,-1.588362827897072E-002,9.187642484903336E-002,8.810480237007141E-001,4.622907340526581E-001,
3.993333333333333E+009,-8.632763475179672E-002,1.174601763486862E-001,8.900015354156494E-001,4.160879254341126E-001,-8.632763475179672E-002,1.174601763486862E-001,8.900015354156494E-001,4.160879254341126E-001,
4.005000000000000E+009,-1.148744672536850E-001,1.862535625696182E-001,8.998519778251648E-001,3.791244626045227E-001,-1.148744672536850E-001,1.862535625696182E-001,8.998519778251648E-001,3.791244626045227E-001,
4.016666666666667E+009,-8.486754447221756E-002,2.537412047386169E-001,8.937574625015259E-001,3.521648347377777E-001,-8.486754447221756E-002,2.537412047386169E-001,8.937574625015259E-001,3.521648347377777E-001,
4.028333333333333E+009,-1.278682425618172E-002,2.810897231101990E-001,9.051183462142944E-001,3.290172219276428E-001,-1.278682425618172E-002,2.810897231101990E-001,9.051183462142944E-001,3.290172219276428E-001,
4.040000000000000E+009,6.619611382484436E-002,2.508489787578583E-001,9.243249893188477E-001,3.127027451992035E-001,6.619611382484436E-002,2.508489787578583E-001,9.243249893188477E-001,3.127027451992035E-001,
4.051666666666667E+009,1.046856194734573E-001,1.789392232894898E-001,9.387472867965698E-001,2.738653719425201E-001,1.046856194734573E-001,1.789392232894898E-001,9.387472867965698E-001,2.738653719425201E-001,
4.063333333333333E+009,8.204004168510437E-002,1.074203774333000E-001,9.603396654129028E-001,2.423593848943710E-001,8.204004168510437E-002,1.074203774333000E-001,9.603396654129028E-001,2.423593848943710E-001,
4.075000000000000E+009,1.378189679235220E-002,7.702514529228210E-002,9.783987998962402E-001,1.932730972766876E-001,1.378189679235220E-002,7.702514529228210E-002,9.783987998962402E-001,1.932730972766876E-001,
4.086666666666667E+009,-5.498802661895752E-002,1.106338873505592E-001,9.731926918029785E-001,1.452697068452835E-001,-5.498802661895752E-002,1.106338873505592E-001,9.731926918029785E-001,1.452697068452835E-001,
4.098333333333333E+009,-8.148957043886185E-002,1.829998046159744E-001,9.687848687171936E-001,1.113847717642784E-001,-8.148957043886185E-002,1.829998046159744E-001,9.687848687171936E-001,1.113847717642784E-001,
4.110000000000000E+009,-5.052825808525085E-002,2.509867250919342E-001,9.600268602371216E-001,7.537820935249329E-002,-5.052825808525085E-002,2.509867250919342E-001,9.600268602371216E-001,7.537820935249329E-002,
4.121666666666667E+009,2.231830544769764E-002,2.746592164039612E-001,9.617187380790710E-001,5.900968983769417E-002,2.231830544769764E-002,2.746592164039612E-001,9.617187380790710E-001,5.900968983769417E-002,
4.133333333333333E+009,9.549887478351593E-002,2.425400018692017E-001,9.617322087287903E-001,3.589409589767456E-002,9.549887478351593E-002,2.425400018692017E-001,9.617322087287903E-001,3.589409589767456E-002,
4.145000000000000E+009,1.310570687055588E-001,1.690689176321030E-001,9.762399196624756E-001,4.365320783108473E-003,1.310570687055588E-001,1.690689176321030E-001,9.762399196624756E-001,4.365320783108473E-003,
4.156666666666667E+009,1.104272976517677E-001,9.399481117725372E-002,9.953659772872925E-001,-3.286554291844368E-002,1.104272976517677E-001,9.399481117725372E-002,9.953659772872925E-001,-3.286554291844368E-002,
4.168333333333333E+009,4.231600835919380E-002,6.348477303981781E-002,9.945755600929260E-001,-7.968746125698090E-002,4.231600835919380E-002,6.348477303981781E-002,9.945755600929260E-001,-7.968746125698090E-002,
4.180000000000000E+009,-2.430299669504166E-002,9.539518505334854E-002,9.870061278343201E-001,-1.365760266780853E-001,-2.430299669504166E-002,9.539518505334854E-002,9.870061278343201E-001,-1.365760266780853E-001,
4.191666666666667E+009,-5.133082345128059E-002,1.674503982067108E-001,9.650416374206543E-001,-1.738267838954926E-001,-5.133082345128059E-002,1.674503982067108E-001,9.650416374206543E-001,-1.738267838954926E-001,
4.203333333333333E+009,-2.100971527397633E-002,2.365100681781769E-001,9.422942996025085E-001,-1.999096125364304E-001,-2.100971527397633E-002,2.365100681781769E-001,9.422942996025085E-001,-1.999096125364304E-001,
4.215000000000000E+009,4.817320778965950E-002,2.624079287052155E-001,9.323206543922424E-001,-2.231282442808151E-001,4.817320778965950E-002,2.624079287052155E-001,9.323206543922424E-001,-2.231282442808151E-001,
4.226666666666667E+009,1.129786819219589E-001,2.299306839704514E-001,9.287723302841187E-001,-2.369609177112579E-001,1.129786819219589E-001,2.299306839704514E-001,9.287723302841187E-001,-2.369609177112579E-001,
4.238333333333333E+009,1.452251672744751E-001,1.604965180158615E-001,9.315615892410278E-001,-2.699141800403595E-001,1.452251672744751E-001,1.604965180158615E-001,9.315615892410278E-001,-2.699141800403595E-001,
4.250000000000000E+009,1.221035867929459E-001,8.871558308601379E-002,9.403670430183411E-001,-3.079568445682526E-001,1.221035867929459E-001,8.871558308601379E-002,9.403670430183411E-001,-3.079568445682526E-001,
4.261666666666667E+009,6.005022302269936E-002,6.154729053378105E-002,9.365823268890381E-001,-3.549185693264008E-001,6.005022302269936E-002,6.154729053378105E-002,9.365823268890381E-001,-3.549185693264008E-001,
4.273333333333333E+009,-3.080499591305852E-003,8.872492611408234E-002,9.119573831558228E-001,-4.014190137386322E-001,-3.080499591305852E-003,8.872492611408234E-002,9.119573831558228E-001,-4.014190137386322E-001,
4.285000000000000E+009,-2.474888972938061E-002,1.610864847898483E-001,8.856111168861389E-001,-4.432737529277802E-001,-2.474888972938061E-002,1.610864847898483E-001,8.856111168861389E-001,-4.432737529277802E-001,
4.296666666666666E+009,8.009135723114014E-003,2.295447587966919E-001,8.530119657516480E-001,-4.578828811645508E-001,8.009135723114014E-003,2.295447587966919E-001,8.530119657516480E-001,-4.578828811645508E-001,
4.308333333333333E+009,7.792905718088150E-002,2.549792826175690E-001,8.324720263481140E-001,-4.783367514610291E-001,7.792905718088150E-002,2.549792826175690E-001,8.324720263481140E-001,-4.783367514610291E-001,
4.320000000000000E+009,1.423252820968628E-001,2.263685017824173E-001,8.215762376785278E-001,-4.927463531494141E-001,1.423252820968628E-001,2.263685017824173E-001,8.215762376785278E-001,-4.927463531494141E-001,
4.331666666666666E+009,1.713907271623612E-001,1.593985408544540E-001,8.182221651077271E-001,-5.153121948242188E-001,1.713907271623612E-001,1.593985408544540E-001,8.182221651077271E-001,-5.153121948242188E-001,
4.343333333333333E+009,1.470710635185242E-001,8.720943331718445E-002,8.106881380081177E-001,-5.558875799179077E-001,1.470710635185242E-001,8.720943331718445E-002,8.106881380081177E-001,-5.558875799179077E-001,
4.355000000000000E+009,8.531516790390015E-002,5.491724982857704E-002,7.959045767784119E-001,-5.953961014747620E-001,8.531516790390015E-002,5.491724982857704E-002,7.959045767784119E-001,-5.953961014747620E-001,
4.366666666666666E+009,2.256795763969421E-002,8.111312240362167E-002,7.610887289047241E-001,-6.420792341232300E-001,2.256795763969421E-002,8.111312240362167E-002,7.610887289047241E-001,-6.420792341232300E-001,
4.378333333333333E+009,3.900755895301700E-003,1.473855376243591E-001,7.217839956283569E-001,-6.642126441001892E-001,3.900755895301700E-003,1.473855376243591E-001,7.217839956283569E-001,-6.642126441001892E-001,
4.390000000000000E+009,3.774907439947128E-002,2.102096080780029E-001,6.885719299316406E-001,-6.854610443115234E-001,3.774907439947128E-002,2.102096080780029E-001,6.885719299316406E-001,-6.854610443115234E-001,
4.401666666666666E+009,1.049207150936127E-001,2.347376048564911E-001,6.581578850746155E-001,-6.952196955680847E-001,1.049207150936127E-001,2.347376048564911E-001,6.581578850746155E-001,-6.952196955680847E-001,
4.413333333333333E+009,1.706484109163284E-001,2.074748277664185E-001,6.452019214630127E-001,-7.050063014030457E-001,1.706484109163284E-001,2.074748277664185E-001,6.452019214630127E-001,-7.050063014030457E-001,
4.425000000000000E+009,1.966143548488617E-001,1.400403529405594E-001,6.331385374069214E-001,-7.224293351173401E-001,1.966143548488617E-001,1.400403529405594E-001,6.331385374069214E-001,-7.224293351173401E-001,
4.436666666666666E+009,1.697298586368561E-001,7.192771136760712E-002,6.145357489585877E-001,-7.478648424148560E-001,1.697298586368561E-001,7.192771136760712E-002,6.145357489585877E-001,-7.478648424148560E-001,
4.448333333333333E+009,1.019806340336800E-001,3.787915781140328E-002,5.935171246528626E-001,-7.889246940612793E-001,1.019806340336800E-001,3.787915781140328E-002,5.935171246528626E-001,-7.889246940612793E-001,
4.460000000000000E+009,3.332489728927612E-002,6.336293369531632E-002,5.580440163612366E-001,-8.277076482772827E-001,3.332489728927612E-002,6.336293369531632E-002,5.580440163612366E-001,-8.277076482772827E-001,
4.471666666666666E+009,6.239388138055801E-003,1.329184025526047E-001,5.096265673637390E-001,-8.457967042922974E-001,6.239388138055801E-003,1.329184025526047E-001,5.096265673637390E-001,-8.457967042922974E-001,
4.483333333333333E+009,3.773085027933121E-002,1.997821033000946E-001,4.601733684539795E-001,-8.632653355598450E-001,3.773085027933121E-002,1.997821033000946E-001,4.601733684539795E-001,-8.632653355598450E-001,
4.495000000000000E+009,1.085544005036354E-001,2.323258668184280E-001,4.298928678035736E-001,-8.556285500526428E-001,1.085544005036354E-001,2.323258668184280E-001,4.298928678035736E-001,-8.556285500526428E-001,
4.506666666666666E+009,1.798789650201798E-001,2.114544659852982E-001,4.065462052822113E-001,-8.583148717880249E-001,1.798789650201798E-001,2.114544659852982E-001,4.065462052822113E-001,-8.583148717880249E-001,
4.518333333333333E+009,2.133442759513855E-001,1.542881578207016E-001,3.879483938217163E-001,-8.594333529472351E-001,2.133442759513855E-001,1.542881578207016E-001,3.879483938217163E-001,-8.594333529472351E-001,
4.530000000000000E+009,1.971225142478943E-001,9.253984689712524E-002,3.750181198120117E-001,-8.855753540992737E-001,1.971225142478943E-001,9.253984689712524E-002,3.750181198120117E-001,-8.855753540992737E-001,
4.541666666666666E+009,1.423885971307755E-001,6.063225865364075E-002,3.440179228782654E-001,-9.119933843612671E-001,1.423885971307755E-001,6.063225865364075E-002,3.440179228782654E-001,-9.119933843612671E-001,
4.553333333333333E+009,8.254076540470123E-002,8.171140402555466E-002,2.990439534187317E-001,-9.390918612480164E-001,8.254076540470123E-002,8.171140402555466E-002,2.990439534187317E-001,-9.390918612480164E-001,
4.565000000000000E+009,6.412252783775330E-002,1.445976793766022E-001,2.475052177906036E-001,-9.492264389991760E-001,6.412252783775330E-002,1.445976793766022E-001,2.475052177906036E-001,-9.492264389991760E-001,
4.576666666666666E+009,1.002496182918549E-001,2.009123563766480E-001,2.022797018289566E-001,-9.472913146018982E-001,1.002496182918549E-001,2.009123563766480E-001,2.022797018289566E-001,-9.472913146018982E-001,
4.588333333333333E+009,1.709035634994507E-001,2.171591073274612E-001,1.672301590442658E-001,-9.345564246177673E-001,1.709035634994507E-001,2.171591073274612E-001,1.672301590442658E-001,-9.345564246177673E-001,
4.600000000000000E+009,2.396272122859955E-001,1.858691573143005E-001,1.419750303030014E-001,-9.310840964317322E-001,2.396272122859955E-001,1.858691573143005E-001,1.419750303030014E-001,-9.310840964317322E-001,
4.611666666666666E+009,2.704384624958038E-001,1.190329119563103E-001,1.250431239604950E-001,-9.359982013702393E-001,2.704384624958038E-001,1.190329119563103E-001,1.250431239604950E-001,-9.359982013702393E-001,
4.623333333333333E+009,2.505974173545837E-001,4.986917972564697E-002,1.105305403470993E-001,-9.401360154151917E-001,2.505974173545837E-001,4.986917972564697E-002,1.105305403470993E-001,-9.401360154151917E-001,
4.635000000000000E+009,1.889442652463913E-001,1.667341217398644E-002,8.208329975605011E-002,-9.657765030860901E-001,1.889442652463913E-001,1.667341217398644E-002,8.208329975605011E-002,-9.657765030860901E-001,
4.646666666666666E+009,1.245286688208580E-001,3.700608387589455E-002,4.115686938166618E-002,-9.859825372695923E-001,1.245286688208580E-001,3.700608387589455E-002,4.115686938166618E-002,-9.859825372695923E-001,
4.658333333333333E+009,9.829321503639221E-002,9.974552690982819E-002,-1.706168800592423E-002,-9.853074550628662E-001,9.829321503639221E-002,9.974552690982819E-002,-1.706168800592423E-002,-9.853074550628662E-001,
4.670000000000000E+009,1.320829093456268E-001,1.590365469455719E-001,-6.810531765222549E-002,-9.655131101608276E-001,1.320829093456268E-001,1.590365469455719E-001,-6.810531765222549E-002,-9.655131101608276E-001,
4.681666666666666E+009,2.016799002885819E-001,1.745737344026566E-001,-1.019472405314446E-001,-9.485825896263123E-001,2.016799002885819E-001,1.745737344026566E-001,-1.019472405314446E-001,-9.485825896263123E-001,
4.693333333333333E+009,2.638214230537415E-001,1.404398828744888E-001,-1.183389723300934E-001,-9.345313310623169E-001,2.638214230537415E-001,1.404398828744888E-001,-1.183389723300934E-001,-9.345313310623169E-001,
4.705000000000000E+009,2.887148559093475E-001,7.073879241943359E-002,-1.330856382846832E-001,-9.273127913475037E-001,2.887148559093475E-001,7.073879241943359E-002,-1.330856382846832E-001,-9.273127913475037E-001,
4.716666666666666E+009,2.639158964157105E-001,5.646371282637119E-003,-1.566818356513977E-001,-9.333018064498901E-001,2.639158964157105E-001,5.646371282637119E-003,-1.566818356513977E-001,-9.333018064498901E-001,
4.728333333333333E+009,2.014335542917252E-001,-2.099124342203140E-002,-1.785465329885483E-001,-9.440259337425232E-001,2.014335542917252E-001,-2.099124342203140E-002,-1.785465329885483E-001,-9.440259337425232E-001,
4.740000000000000E+009,1.397349834442139E-001,6.759985350072384E-003,-2.376316636800766E-001,-9.609249830245972E-001,1.397349834442139E-001,6.759985350072384E-003,-2.376316636800766E-001,-9.609249830245972E-001,
4.751666666666666E+009,1.228819489479065E-001,6.968187540769577E-002,-2.907973825931549E-001,-9.429096579551697E-001,1.228819489479065E-001,6.968187540769577E-002,-2.907973825931549E-001,-9.429096579551697E-001,
4.763333333333333E+009,1.634737849235535E-001,1.270238906145096E-001,-3.374967277050018E-001,-9.101490974426270E-001,1.634737849235535E-001,1.270238906145096E-001,-3.374967277050018E-001,-9.101490974426270E-001,
4.775000000000000E+009,2.356711030006409E-001,1.350073665380478E-001,-3.576959073543549E-001,-8.847863674163818E-001,2.356711030006409E-001,1.350073665380478E-001,-3.576959073543549E-001,-8.847863674163818E-001,
4.786666666666666E+009,2.945043742656708E-001,9.286613017320633E-002,-3.681690096855164E-001,-8.619501590728760E-001,2.945043742656708E-001,9.286613017320633E-002,-3.681690096855164E-001,-8.619501590728760E-001,
4.798333333333333E+009,3.127958774566650E-001,2.121952921152115E-002,-3.878501355648041E-001,-8.481676578521729E-001,3.127958774566650E-001,2.121952921152115E-002,-3.878501355648041E-001,-8.481676578521729E-001,
4.810000000000000E+009,2.798883020877838E-001,-4.347445070743561E-002,-4.091136157512665E-001,-8.390629887580872E-001,2.798883020877838E-001,-4.347445070743561E-002,-4.091136157512665E-001,-8.390629887580872E-001,
4.821666666666666E+009,2.132917046546936E-001,-6.888195872306824E-002,-4.421651363372803E-001,-8.561111092567444E-001,2.132917046546936E-001,-6.888195872306824E-002,-4.421651363372803E-001,-8.561111092567444E-001,
4.833333333333333E+009,1.514554172754288E-001,-3.283001482486725E-002,-4.804829955101013E-001,-8.434311747550964E-001,1.514554172754288E-001,-3.283001482486725E-002,-4.804829955101013E-001,-8.434311747550964E-001,
4.845000000000000E+009,1.386165320873261E-001,3.316905722022057E-002,-5.340557098388672E-001,-8.251112103462219E-001,1.386165320873261E-001,3.316905722022057E-002,-5.340557098388672E-001,-8.251112103462219E-001,
4.856666666666666E+009,1.881190985441208E-001,8.560777455568314E-002,-5.679720640182495E-001,-7.860457301139832E-001,1.881190985441208E-001,8.560777455568314E-002,-5.679720640182495E-001,-7.860457301139832E-001,
4.868333333333333E+009,2.635983824729919E-001,8.734668046236038E-002,-5.937989354133606E-001,-7.453797459602356E-001,2.635983824729919E-001,8.734668046236038E-002,-5.937989354133606E-001,-7.453797459602356E-001,
4.880000000000000E+009,3.230907917022705E-001,3.960482031106949E-002,-5.963562726974487E-001,-7.147709727287293E-001,3.230907917022705E-001,3.960482031106949E-002,-5.963562726974487E-001,-7.147709727287293E-001,
4.891666666666666E+009,3.402193188667297E-001,-3.822818398475647E-002,-6.139169931411743E-001,-7.018018960952759E-001,3.402193188667297E-001,-3.822818398475647E-002,-6.139169931411743E-001,-7.018018960952759E-001,
4.903333333333333E+009,2.987602055072784E-001,-1.047671288251877E-001,-6.126381158828735E-001,-6.967880725860596E-001,2.987602055072784E-001,-1.047671288251877E-001,-6.126381158828735E-001,-6.967880725860596E-001,
4.915000000000000E+009,2.312594056129456E-001,-1.294999420642853E-001,-6.498410105705261E-001,-6.904658079147339E-001,2.312594056129456E-001,-1.294999420642853E-001,-6.498410105705261E-001,-6.904658079147339E-001,
4.926666666666666E+009,1.684293448925018E-001,-1.028687208890915E-001,-6.903797984123230E-001,-6.715229749679565E-001,1.684293448925018E-001,-1.028687208890915E-001,-6.903797984123230E-001,-6.715229749679565E-001,
4.938333333333333E+009,1.516578346490860E-001,-4.102132469415665E-002,-7.270951867103577E-001,-6.433537602424622E-001,1.516578346490860E-001,-4.102132469415665E-002,-7.270951867103577E-001,-6.433537602424622E-001,
4.950000000000000E+009,1.915250271558762E-001,9.411786682903767E-003,-7.614130973815918E-001,-6.022998690605164E-001,1.915250271558762E-001,9.411786682903767E-003,-7.614130973815918E-001,-6.022998690605164E-001,
4.961666666666666E+009,2.575547695159912E-001,6.455335300415754E-003,-7.763349413871765E-001,-5.620499849319458E-001,2.575547695159912E-001,6.455335300415754E-003,-7.763349413871765E-001,-5.620499849319458E-001,
4.973333333333333E+009,3.086225688457489E-001,-3.750321269035339E-002,-7.749251127243042E-001,-5.236652493476868E-001,3.086225688457489E-001,-3.750321269035339E-002,-7.749251127243042E-001,-5.236652493476868E-001,
4.985000000000000E+009,3.145558536052704E-001,-1.075257658958435E-001,-7.805472612380981E-001,-5.039307475090027E-001,3.145558536052704E-001,-1.075257658958435E-001,-7.805472612380981E-001,-5.039307475090027E-001,
4.996666666666666E+009,2.751525938510895E-001,-1.653048694133759E-001,-7.991246581077576E-001,-4.990587234497070E-001,2.751525938510895E-001,-1.653048694133759E-001,-7.991246581077576E-001,-4.990587234497070E-001,
5.008333333333333E+009,2.092920839786530E-001,-1.819473057985306E-001,-8.117036819458008E-001,-4.839506745338440E-001,2.092920839786530E-001,-1.819473057985306E-001,-8.117036819458008E-001,-4.839506745338440E-001,
5.020000000000000E+009,1.524758040904999E-001,-1.530817449092865E-001,-8.409458398818970E-001,-4.563536942005158E-001,1.524758040904999E-001,-1.530817449092865E-001,-8.409458398818970E-001,-4.563536942005158E-001,
5.031666666666666E+009,1.391763687133789E-001,-9.543272852897644E-002,-8.746681809425354E-001,-4.180522561073303E-001,1.391763687133789E-001,-9.543272852897644E-002,-8.746681809425354E-001,-4.180522561073303E-001,
5.043333333333333E+009,1.754024922847748E-001,-5.484721064567566E-002,-8.964937925338745E-001,-3.713849484920502E-001,1.754024922847748E-001,-5.484721064567566E-002,-8.964937925338745E-001,-3.713849484920502E-001,
5.055000000000000E+009,2.361562252044678E-001,-5.723187327384949E-002,-8.988276720046997E-001,-3.245237469673157E-001,2.361562252044678E-001,-5.723187327384949E-002,-8.988276720046997E-001,-3.245237469673157E-001,
5.066666666666666E+009,2.824147641658783E-001,-1.043003126978874E-001,-8.923773169517517E-001,-2.917503118515015E-001,2.824147641658783E-001,-1.043003126978874E-001,-8.923773169517517E-001,-2.917503118515015E-001,
5.078333333333333E+009,2.802534401416779E-001,-1.693402826786041E-001,-8.828366994857788E-001,-2.699451148509979E-001,2.802534401416779E-001,-1.693402826786041E-001,-8.828366994857788E-001,-2.699451148509979E-001,
5.090000000000000E+009,2.405842244625092E-001,-2.221953123807907E-001,-8.942599296569824E-001,-2.443386018276215E-001,2.405842244625092E-001,-2.221953123807907E-001,-8.942599296569824E-001,-2.443386018276215E-001,
5.101666666666666E+009,1.789002567529678E-001,-2.367144078016281E-001,-9.158494472503662E-001,-2.282587140798569E-001,1.789002567529678E-001,-2.367144078016281E-001,-9.158494472503662E-001,-2.282587140798569E-001,
5.113333333333333E+009,1.246639415621758E-001,-2.083002328872681E-001,-9.368088245391846E-001,-2.072387486696243E-001,1.246639415621758E-001,-2.083002328872681E-001,-9.368088245391846E-001,-2.072387486696243E-001,
5.125000000000000E+009,1.088836491107941E-001,-1.573236584663391E-001,-9.554940462112427E-001,-1.633220314979553E-001,1.088836491107941E-001,-1.573236584663391E-001,-9.554940462112427E-001,-1.633220314979553E-001,
5.136666666666666E+009,1.369441598653793E-001,-1.175887659192085E-001,-9.583702087402344E-001,-1.173312962055206E-001,1.369441598653793E-001,-1.175887659192085E-001,-9.583702087402344E-001,-1.173312962055206E-001,
5.148333333333333E+009,1.861837059259415E-001,-1.167399063706398E-001,-9.624509215354919E-001,-7.810972630977631E-002,1.861837059259415E-001,-1.167399063706398E-001,-9.624509215354919E-001,-7.810972630977631E-002,
5.160000000000000E+009,2.200188636779785E-001,-1.557721495628357E-001,-9.460338950157166E-001,-4.245815053582192E-002,2.200188636779785E-001,-1.557721495628357E-001,-9.460338950157166E-001,-4.245815053582192E-002,
5.171666666666666E+009,2.217249423265457E-001,-2.139914333820343E-001,-9.336549639701843E-001,-7.685706019401550E-003,2.217249423265457E-001,-2.139914333820343E-001,-9.336549639701843E-001,-7.685706019401550E-003,
5.183333333333333E+009,1.897836625576019E-001,-2.599222958087921E-001,-9.376572370529175E-001,1.513377297669649E-002,1.897836625576019E-001,-2.599222958087921E-001,-9.376572370529175E-001,1.513377297669649E-002,
5.195000000000000E+009,1.319597810506821E-001,-2.727730870246887E-001,-9.397111535072327E-001,2.811918035149574E-002,1.319597810506821E-001,-2.727730870246887E-001,-9.397111535072327E-001,2.811918035149574E-002,
5.206666666666666E+009,8.256656676530838E-002,-2.468622177839279E-001,-9.510288834571838E-001,5.351496487855911E-002,8.256656676530838E-002,-2.468622177839279E-001,-9.510288834571838E-001,5.351496487855911E-002,
5.218333333333333E+009,6.311701983213425E-002,-2.018899768590927E-001,-9.552126526832581E-001,1.054177582263947E-001,6.311701983213425E-002,-2.018899768590927E-001,-9.552126526832581E-001,1.054177582263947E-001,
5.230000000000000E+009,8.084807544946671E-002,-1.607270538806915E-001,-9.520842432975769E-001,1.476662456989288E-001,8.084807544946671E-002,-1.607270538806915E-001,-9.520842432975769E-001,1.476662456989288E-001,
5.241666666666666E+009,1.195364519953728E-001,-1.552886664867401E-001,-9.572712779045105E-001,1.882279515266419E-001,1.195364519953728E-001,-1.552886664867401E-001,-9.572712779045105E-001,1.882279515266419E-001,
5.253333333333333E+009,1.589296162128449E-001,-1.847581267356873E-001,-9.272669553756714E-001,2.159452438354492E-001,1.589296162128449E-001,-1.847581267356873E-001,-9.272669553756714E-001,2.159452438354492E-001,
5.265000000000000E+009,1.611371487379074E-001,-2.328780442476273E-001,-9.134781956672669E-001,2.567730545997620E-001,1.611371487379074E-001,-2.328780442476273E-001,-9.134781956672669E-001,2.567730545997620E-001,
5.276666666666666E+009,1.312568485736847E-001,-2.784673571586609E-001,-8.963118195533752E-001,2.673012614250183E-001,1.312568485736847E-001,-2.784673571586609E-001,-8.963118195533752E-001,2.673012614250183E-001,
5.288333333333333E+009,8.058597892522812E-002,-2.955552041530609E-001,-8.836203217506409E-001,2.884030938148499E-001,8.058597892522812E-002,-2.955552041530609E-001,-8.836203217506409E-001,2.884030938148499E-001,
5.300000000000000E+009,3.312714770436287E-002,-2.780927121639252E-001,-8.952570557594299E-001,3.267992436885834E-001,3.312714770436287E-002,-2.780927121639252E-001,-8.952570557594299E-001,3.267992436885834E-001,
5.311666666666666E+009,4.783255513757467E-003,-2.345708757638931E-001,-8.928794264793396E-001,3.570081591606140E-001,4.783255513757467E-003,-2.345708757638931E-001,-8.928794264793396E-001,3.570081591606140E-001,
5.323333333333333E+009,1.136077940464020E-002,-1.917818486690521E-001,-8.817331194877625E-001,3.916169106960297E-001,1.136077940464020E-002,-1.917818486690521E-001,-8.817331194877625E-001,3.916169106960297E-001,
5.335000000000000E+009,4.716965556144714E-002,-1.711680591106415E-001,-8.690690398216248E-001,4.347674846649170E-001,4.716965556144714E-002,-1.711680591106415E-001,-8.690690398216248E-001,4.347674846649170E-001,
5.346666666666666E+009,8.071132749319077E-002,-1.882136613130570E-001,-8.379628658294678E-001,4.808396399021149E-001,8.071132749319077E-002,-1.882136613130570E-001,-8.379628658294678E-001,4.808396399021149E-001,
5.358333333333333E+009,9.212526679039002E-002,-2.286742627620697E-001,-8.129079341888428E-001,5.015071034431458E-001,9.212526679039002E-002,-2.286742627620697E-001,-8.129079341888428E-001,5.015071034431458E-001,
5.370000000000000E+009,7.351012527942658E-002,-2.709591388702393E-001,-7.915548086166382E-001,5.249063372612000E-001,7.351012527942658E-002,-2.709591388702393E-001,-7.915548086166382E-001,5.249063372612000E-001,
5.381666666666666E+009,3.002783283591270E-002,-2.903477549552918E-001,-7.719020843505859E-001,5.428597331047058E-001,3.002783283591270E-002,-2.903477549552918E-001,-7.719020843505859E-001,5.428597331047058E-001,
5.393333333333333E+009,-1.894216239452362E-002,-2.765313088893890E-001,-7.665984630584717E-001,5.640596747398377E-001,-1.894216239452362E-002,-2.765313088893890E-001,-7.665984630584717E-001,5.640596747398377E-001,
5.405000000000000E+009,-4.698070511221886E-002,-2.374234348535538E-001,-7.552204132080078E-001,5.981533527374268E-001,-4.698070511221886E-002,-2.374234348535538E-001,-7.552204132080078E-001,5.981533527374268E-001,
5.416666666666666E+009,-4.174844548106194E-002,-1.930853873491287E-001,-7.376286983489990E-001,6.286392211914063E-001,-4.174844548106194E-002,-1.930853873491287E-001,-7.376286983489990E-001,6.286392211914063E-001,
5.428333333333333E+009,-1.168997492641211E-002,-1.667448878288269E-001,-7.119445204734802E-001,6.609020829200745E-001,-1.168997492641211E-002,-1.667448878288269E-001,-7.119445204734802E-001,6.609020829200745E-001,
5.440000000000000E+009,2.484476752579212E-002,-1.779434084892273E-001,-6.748810410499573E-001,6.988076567649841E-001,2.484476752579212E-002,-1.779434084892273E-001,-6.748810410499573E-001,6.988076567649841E-001,
5.451666666666666E+009,3.893382102251053E-002,-2.165301144123077E-001,-6.431134343147278E-001,7.106378674507141E-001,3.893382102251053E-002,-2.165301144123077E-001,-6.431134343147278E-001,7.106378674507141E-001,
5.463333333333333E+009,2.147275023162365E-002,-2.573346793651581E-001,-6.113615036010742E-001,7.169794440269470E-001,2.147275023162365E-002,-2.573346793651581E-001,-6.113615036010742E-001,7.169794440269470E-001,
5.475000000000000E+009,-2.435904182493687E-002,-2.807324230670929E-001,-5.859097242355347E-001,7.416886687278748E-001,-2.435904182493687E-002,-2.807324230670929E-001,-5.859097242355347E-001,7.416886687278748E-001,
5.486666666666666E+009,-7.225167006254196E-002,-2.663377523422241E-001,-5.826033949851990E-001,7.527363896369934E-001,-7.225167006254196E-002,-2.663377523422241E-001,-5.826033949851990E-001,7.527363896369934E-001,
5.498333333333333E+009,-1.014174893498421E-001,-2.216298431158066E-001,-5.585550069808960E-001,7.752528190612793E-001,-1.014174893498421E-001,-2.216298431158066E-001,-5.585550069808960E-001,7.752528190612793E-001,
5.510000000000000E+009,-9.469261765480042E-002,-1.713472455739975E-001,-5.332468152046204E-001,8.074281215667725E-001,-9.469261765480042E-002,-1.713472455739975E-001,-5.332468152046204E-001,8.074281215667725E-001,
5.521666666666666E+009,-5.513848364353180E-002,-1.411031931638718E-001,-5.053434967994690E-001,8.375285863876343E-001,-5.513848364353180E-002,-1.411031931638718E-001,-5.053434967994690E-001,8.375285863876343E-001,
5.533333333333333E+009,-9.941366501152515E-003,-1.523938179016113E-001,-4.668620526790619E-001,8.667611479759216E-001,-9.941366501152515E-003,-1.523938179016113E-001,-4.668620526790619E-001,8.667611479759216E-001,
5.545000000000000E+009,1.145141851156950E-002,-1.938887685537338E-001,-4.183236062526703E-001,8.727173209190369E-001,1.145141851156950E-002,-1.938887685537338E-001,-4.183236062526703E-001,8.727173209190369E-001,
5.556666666666666E+009,-7.036646828055382E-003,-2.423449307680130E-001,-3.861248493194580E-001,8.792997598648071E-001,-7.036646828055382E-003,-2.423449307680130E-001,-3.861248493194580E-001,8.792997598648071E-001,
5.568333333333333E+009,-5.767261609435082E-002,-2.665357589721680E-001,-3.509334921836853E-001,8.768227696418762E-001,-5.767261609435082E-002,-2.665357589721680E-001,-3.509334921836853E-001,8.768227696418762E-001,
5.580000000000000E+009,-1.133517399430275E-001,-2.534413635730743E-001,-3.332155942916870E-001,8.821942806243897E-001,-1.133517399430275E-001,-2.534413635730743E-001,-3.332155942916870E-001,8.821942806243897E-001,
5.591666666666666E+009,-1.426902860403061E-001,-2.050437778234482E-001,-3.206808269023895E-001,9.006323218345642E-001,-1.426902860403061E-001,-2.050437778234482E-001,-3.206808269023895E-001,9.006323218345642E-001,
5.603333333333333E+009,-1.310536414384842E-001,-1.510942131280899E-001,-2.855228781700134E-001,9.289019107818604E-001,-1.310536414384842E-001,-1.510942131280899E-001,-2.855228781700134E-001,9.289019107818604E-001,
5.615000000000000E+009,-8.729828149080277E-002,-1.193965971469879E-001,-2.442462444305420E-001,9.464352130889893E-001,-8.729828149080277E-002,-1.193965971469879E-001,-2.442462444305420E-001,9.464352130889893E-001,
5.626666666666666E+009,-3.742403909564018E-002,-1.313616782426834E-001,-2.026942074298859E-001,9.578545689582825E-001,-3.742403909564018E-002,-1.313616782426834E-001,-2.026942074298859E-001,9.578545689582825E-001,
5.638333333333333E+009,-1.304391585290432E-002,-1.798230409622192E-001,-1.548528522253037E-001,9.547892212867737E-001,-1.304391585290432E-002,-1.798230409622192E-001,-1.548528522253037E-001,9.547892212867737E-001,
5.650000000000000E+009,-3.464162349700928E-002,-2.302481532096863E-001,-1.214203163981438E-001,9.529713392257690E-001,-3.464162349700928E-002,-2.302481532096863E-001,-1.214203163981438E-001,9.529713392257690E-001,
5.661666666666666E+009,-8.770540356636047E-002,-2.562204897403717E-001,-9.436962753534317E-002,9.415737390518189E-001,-8.770540356636047E-002,-2.562204897403717E-001,-9.436962753534317E-002,9.415737390518189E-001,
5.673333333333333E+009,-1.473752707242966E-001,-2.420732080936432E-001,-6.944691389799118E-002,9.472686648368835E-001,-1.473752707242966E-001,-2.420732080936432E-001,-6.944691389799118E-002,9.472686648368835E-001,
5.685000000000000E+009,-1.792245060205460E-001,-1.929930597543716E-001,-4.837160930037499E-002,9.491863846778870E-001,-1.792245060205460E-001,-1.929930597543716E-001,-4.837160930037499E-002,9.491863846778870E-001,
5.696666666666666E+009,-1.725593656301498E-001,-1.372573822736740E-001,-1.594979688525200E-002,9.629544615745544E-001,-1.725593656301498E-001,-1.372573822736740E-001,-1.594979688525200E-002,9.629544615745544E-001,
5.708333333333333E+009,-1.281968504190445E-001,-1.042057871818543E-001,2.086699567735195E-002,9.720098972320557E-001,-1.281968504190445E-001,-1.042057871818543E-001,2.086699567735195E-002,9.720098972320557E-001,
5.720000000000000E+009,-7.974467426538467E-002,-1.127188280224800E-001,6.736231595277786E-002,9.789344072341919E-001,-7.974467426538467E-002,-1.127188280224800E-001,6.736231595277786E-002,9.789344072341919E-001,
5.731666666666666E+009,-5.500161647796631E-002,-1.527457535266876E-001,1.168374270200729E-001,9.672936797142029E-001,-5.500161647796631E-002,-1.527457535266876E-001,1.168374270200729E-001,9.672936797142029E-001,
5.743333333333333E+009,-7.313747704029083E-002,-1.992326974868774E-001,1.536291390657425E-001,9.550714492797852E-001,-7.313747704029083E-002,-1.992326974868774E-001,1.536291390657425E-001,9.550714492797852E-001,
5.755000000000000E+009,-1.170086339116097E-001,-2.208655029535294E-001,1.802211552858353E-001,9.403359293937683E-001,-1.170086339116097E-001,-2.208655029535294E-001,1.802211552858353E-001,9.403359293937683E-001,
5.766666666666666E+009,-1.676221042871475E-001,-2.074685692787170E-001,2.055070847272873E-001,9.275394082069397E-001,-1.676221042871475E-001,-2.074685692787170E-001,2.055070847272873E-001,9.275394082069397E-001,
5.778333333333333E+009,-1.955281347036362E-001,-1.657494753599167E-001,2.280376851558685E-001,9.295098781585693E-001,-1.955281347036362E-001,-1.657494753599167E-001,2.280376851558685E-001,9.295098781585693E-001,
5.790000000000000E+009,-1.875530183315277E-001,-1.183068007230759E-001,2.587370574474335E-001,9.189236164093018E-001,-1.875530183315277E-001,-1.183068007230759E-001,2.587370574474335E-001,9.189236164093018E-001,
5.801666666666666E+009,-1.519410759210587E-001,-9.312465786933899E-002,2.939209342002869E-001,9.241416454315186E-001,-1.519410759210587E-001,-9.312465786933899E-002,2.939209342002869E-001,9.241416454315186E-001,
5.813333333333333E+009,-1.115841567516327E-001,-9.939403086900711E-002,3.381797373294830E-001,9.147974848747253E-001,-1.115841567516327E-001,-9.939403086900711E-002,3.381797373294830E-001,9.147974848747253E-001,
5.825000000000000E+009,-9.671805053949356E-002,-1.320296227931976E-001,3.768529593944550E-001,8.967698812484741E-001,-9.671805053949356E-002,-1.320296227931976E-001,3.768529593944550E-001,8.967698812484741E-001,
5.836666666666666E+009,-1.103150621056557E-001,-1.613809317350388E-001,4.143330454826355E-001,8.698285222053528E-001,-1.103150621056557E-001,-1.613809317350388E-001,4.143330454826355E-001,8.698285222053528E-001,
5.848333333333333E+009,-1.411986798048019E-001,-1.704159229993820E-001,4.326046109199524E-001,8.515080213546753E-001,-1.411986798048019E-001,-1.704159229993820E-001,4.326046109199524E-001,8.515080213546753E-001,
5.860000000000000E+009,-1.710061132907867E-001,-1.564074158668518E-001,4.524832069873810E-001,8.408392667770386E-001,-1.710061132907867E-001,-1.564074158668518E-001,4.524832069873810E-001,8.408392667770386E-001,
5.871666666666666E+009,-1.783774942159653E-001,-1.290301531553268E-001,4.879011809825897E-001,8.300881981849670E-001,-1.783774942159653E-001,-1.290301531553268E-001,4.879011809825897E-001,8.300881981849670E-001,
5.883333333333333E+009,-1.636045873165131E-001,-1.062758862972260E-001,5.174995064735413E-001,8.167373538017273E-001,-1.636045873165131E-001,-1.062758862972260E-001,5.174995064735413E-001,8.167373538017273E-001,
5.895000000000000E+009,-1.362768858671188E-001,-1.072637066245079E-001,5.563910603523254E-001,7.936331033706665E-001,-1.362768858671188E-001,-1.072637066245079E-001,5.563910603523254E-001,7.936331033706665E-001,
5.906666666666666E+009,-1.175072938203812E-001,-1.327637434005737E-001,5.971405506134033E-001,7.689280509948731E-001,-1.175072938203812E-001,-1.327637434005737E-001,5.971405506134033E-001,7.689280509948731E-001,
5.918333333333333E+009,-1.235616430640221E-001,-1.656734049320221E-001,6.250634193420410E-001,7.373673915863037E-001,-1.235616430640221E-001,-1.656734049320221E-001,6.250634193420410E-001,7.373673915863037E-001,
5.930000000000000E+009,-1.596523970365524E-001,-1.878034174442291E-001,6.454516649246216E-001,6.978712677955627E-001,-1.596523970365524E-001,-1.878034174442291E-001,6.454516649246216E-001,6.978712677955627E-001,
5.941666666666666E+009,-2.038912773132324E-001,-1.835889518260956E-001,6.589571833610535E-001,6.902083754539490E-001,-2.038912773132324E-001,-1.835889518260956E-001,6.589571833610535E-001,6.902083754539490E-001,
5.953333333333333E+009,-2.354365885257721E-001,-1.539207547903061E-001,6.645826101303101E-001,6.665671467781067E-001,-2.354365885257721E-001,-1.539207547903061E-001,6.645826101303101E-001,6.665671467781067E-001,
5.965000000000000E+009,-2.475352883338928E-001,-1.151156648993492E-001,6.854441761970520E-001,6.487576365470886E-001,-2.475352883338928E-001,-1.151156648993492E-001,6.854441761970520E-001,6.487576365470886E-001,
5.976666666666666E+009,-2.339197695255280E-001,-8.017994463443756E-002,7.164043784141541E-001,6.192532777786255E-001,-2.339197695255280E-001,-8.017994463443756E-002,7.164043784141541E-001,6.192532777786255E-001,
5.988333333333333E+009,-2.061298340559006E-001,-7.164353132247925E-002,7.420545220375061E-001,6.065462231636047E-001,-2.061298340559006E-001,-7.164353132247925E-002,7.420545220375061E-001,6.065462231636047E-001,
6.000000000000000E+009,-1.836460530757904E-001,-8.124861121177673E-002,7.776018977165222E-001,5.903007388114929E-001,-1.836460530757904E-001,-8.124861121177673E-002,7.776018977165222E-001,5.903007388114929E-001,
