% Version 1.00
%
%freq[Hz],re:Trc1_S11,im:Trc1_S11,re:Trc2_S21,im:Trc2_S21,re:Trc3_S11,im:Trc3_S11,re:Trc4_S21,im:Trc4_S21,
2.500000000000000E+009,8.432124555110931E-002,-6.097224727272987E-002,2.930230796337128E-001,-9.384691119194031E-001,8.432124555110931E-002,-6.097224727272987E-002,2.930230796337128E-001,-9.384691119194031E-001,
2.511666666666667E+009,3.961474448442459E-002,-6.176580488681793E-002,2.534852921962738E-001,-9.566057324409485E-001,3.961474448442459E-002,-6.176580488681793E-002,2.534852921962738E-001,-9.566057324409485E-001,
2.523333333333334E+009,7.668732665479183E-003,-2.527382411062717E-002,2.318192869424820E-001,-9.664700031280518E-001,7.668732665479183E-003,-2.527382411062717E-002,2.318192869424820E-001,-9.664700031280518E-001,
2.535000000000000E+009,1.138642616569996E-002,2.327843941748142E-002,1.771191656589508E-001,-9.723055362701416E-001,1.138642616569996E-002,2.327843941748142E-002,1.771191656589508E-001,-9.723055362701416E-001,
2.546666666666667E+009,4.819600284099579E-002,5.256738513708115E-002,1.440034359693527E-001,-9.819112420082092E-001,4.819600284099579E-002,5.256738513708115E-002,1.440034359693527E-001,-9.819112420082092E-001,
2.558333333333334E+009,9.464015811681747E-002,4.315667226910591E-002,1.154902204871178E-001,-9.776698350906372E-001,9.464015811681747E-002,4.315667226910591E-002,1.154902204871178E-001,-9.776698350906372E-001,
2.570000000000000E+009,1.205014958977699E-001,1.601060735993087E-003,7.212516665458679E-002,-9.728967547416687E-001,1.205014958977699E-001,1.601060735993087E-003,7.212516665458679E-002,-9.728967547416687E-001,
2.581666666666667E+009,1.101789027452469E-001,-4.851360246539116E-002,4.162359237670898E-002,-9.745701551437378E-001,1.101789027452469E-001,-4.851360246539116E-002,4.162359237670898E-002,-9.745701551437378E-001,
2.593333333333334E+009,7.096190750598908E-002,-7.870502024888992E-002,9.908925741910934E-003,-9.784063696861267E-001,7.096190750598908E-002,-7.870502024888992E-002,9.908925741910934E-003,-9.784063696861267E-001,
2.605000000000000E+009,2.300888486206532E-002,-6.871503591537476E-002,-2.318422868847847E-002,-9.854156374931335E-001,2.300888486206532E-002,-6.871503591537476E-002,-2.318422868847847E-002,-9.854156374931335E-001,
2.616666666666667E+009,-2.190936822444201E-003,-2.618986740708351E-002,-6.287042796611786E-002,-9.864439964294434E-001,-2.190936822444201E-003,-2.618986740708351E-002,-6.287042796611786E-002,-9.864439964294434E-001,
2.628333333333334E+009,7.552194409072399E-003,2.642029896378517E-002,-1.037130728363991E-001,-9.817342162132263E-001,7.552194409072399E-003,2.642029896378517E-002,-1.037130728363991E-001,-9.817342162132263E-001,
2.640000000000000E+009,4.697001725435257E-002,5.312406271696091E-002,-1.345740854740143E-001,-9.813446402549744E-001,4.697001725435257E-002,5.312406271696091E-002,-1.345740854740143E-001,-9.813446402549744E-001,
2.651666666666667E+009,9.463316202163696E-002,4.194156080484390E-002,-1.681176871061325E-001,-9.690403342247009E-001,9.463316202163696E-002,4.194156080484390E-002,-1.681176871061325E-001,-9.690403342247009E-001,
2.663333333333334E+009,1.170685440301895E-001,3.866888582706451E-004,-1.994252949953079E-001,-9.609987735748291E-001,1.170685440301895E-001,3.866888582706451E-004,-1.994252949953079E-001,-9.609987735748291E-001,
2.675000000000000E+009,1.036576330661774E-001,-4.774419590830803E-002,-2.307841181755066E-001,-9.536570310592651E-001,1.036576330661774E-001,-4.774419590830803E-002,-2.307841181755066E-001,-9.536570310592651E-001,
2.686666666666667E+009,6.217863783240318E-002,-7.119093090295792E-002,-2.607201337814331E-001,-9.522528052330017E-001,6.217863783240318E-002,-7.119093090295792E-002,-2.607201337814331E-001,-9.522528052330017E-001,
2.698333333333334E+009,1.825942099094391E-002,-5.840457975864410E-002,-2.925810217857361E-001,-9.410701990127564E-001,1.825942099094391E-002,-5.840457975864410E-002,-2.925810217857361E-001,-9.410701990127564E-001,
2.710000000000000E+009,1.117243082262576E-003,-1.409962400794029E-002,-3.336902260780335E-001,-9.358910322189331E-001,1.117243082262576E-003,-1.409962400794029E-002,-3.336902260780335E-001,-9.358910322189331E-001,
2.721666666666667E+009,2.135056257247925E-002,3.304037451744080E-002,-3.722089827060700E-001,-9.174116253852844E-001,2.135056257247925E-002,3.304037451744080E-002,-3.722089827060700E-001,-9.174116253852844E-001,
2.733333333333334E+009,6.831803172826767E-002,5.556218698620796E-002,-3.982616961002350E-001,-9.015055298805237E-001,6.831803172826767E-002,5.556218698620796E-002,-3.982616961002350E-001,-9.015055298805237E-001,
2.745000000000000E+009,1.150748431682587E-001,3.895011544227600E-002,-4.318666160106659E-001,-8.844119310379028E-001,1.150748431682587E-001,3.895011544227600E-002,-4.318666160106659E-001,-8.844119310379028E-001,
2.756666666666667E+009,1.355058103799820E-001,-5.342792253941298E-003,-4.589251577854157E-001,-8.642936348915100E-001,1.355058103799820E-001,-5.342792253941298E-003,-4.589251577854157E-001,-8.642936348915100E-001,
2.768333333333334E+009,1.181368008255959E-001,-5.467225238680840E-002,-4.875628650188446E-001,-8.490852713584900E-001,1.181368008255959E-001,-5.467225238680840E-002,-4.875628650188446E-001,-8.490852713584900E-001,
2.780000000000000E+009,7.373504340648651E-002,-7.860800623893738E-002,-5.207553505897522E-001,-8.354608416557312E-001,7.373504340648651E-002,-7.860800623893738E-002,-5.207553505897522E-001,-8.354608416557312E-001,
2.791666666666667E+009,2.862492389976978E-002,-6.488577276468277E-002,-5.493400692939758E-001,-8.168209791183472E-001,2.862492389976978E-002,-6.488577276468277E-002,-5.493400692939758E-001,-8.168209791183472E-001,
2.803333333333334E+009,1.447779964655638E-002,-2.413400262594223E-002,-5.774394869804382E-001,-7.967103719711304E-001,1.447779964655638E-002,-2.413400262594223E-002,-5.774394869804382E-001,-7.967103719711304E-001,
2.815000000000000E+009,3.450487926602364E-002,2.044236101210117E-002,-6.074663400650024E-001,-7.771124839782715E-001,3.450487926602364E-002,2.044236101210117E-002,-6.074663400650024E-001,-7.771124839782715E-001,
2.826666666666667E+009,8.429140597581863E-002,3.778370469808579E-002,-6.409440040588379E-001,-7.552055120468140E-001,8.429140597581863E-002,3.778370469808579E-002,-6.409440040588379E-001,-7.552055120468140E-001,
2.838333333333334E+009,1.279370933771133E-001,1.929325424134731E-002,-6.650369167327881E-001,-7.204985618591309E-001,1.279370933771133E-001,1.929325424134731E-002,-6.650369167327881E-001,-7.204985618591309E-001,
2.850000000000000E+009,1.460275053977966E-001,-2.918490953743458E-002,-6.819017529487610E-001,-6.991351246833801E-001,1.460275053977966E-001,-2.918490953743458E-002,-6.819017529487610E-001,-6.991351246833801E-001,
2.861666666666667E+009,1.243580579757690E-001,-7.536323368549347E-002,-6.945107579231262E-001,-6.820448637008667E-001,1.243580579757690E-001,-7.536323368549347E-002,-6.945107579231262E-001,-6.820448637008667E-001,
2.873333333333334E+009,7.239629328250885E-002,-9.616129100322723E-002,-7.291282415390015E-001,-6.564349532127380E-001,7.239629328250885E-002,-9.616129100322723E-002,-7.291282415390015E-001,-6.564349532127380E-001,
2.885000000000000E+009,2.800030633807182E-002,-7.896123081445694E-002,-7.506778836250305E-001,-6.371235251426697E-001,2.800030633807182E-002,-7.896123081445694E-002,-7.506778836250305E-001,-6.371235251426697E-001,
2.896666666666667E+009,1.031315419822931E-002,-3.472793102264404E-002,-7.776372432708740E-001,-6.057698726654053E-001,1.031315419822931E-002,-3.472793102264404E-002,-7.776372432708740E-001,-6.057698726654053E-001,
2.908333333333334E+009,3.658046573400497E-002,7.911211811006069E-003,-8.036459684371948E-001,-5.766945481300354E-001,3.658046573400497E-002,7.911211811006069E-003,-8.036459684371948E-001,-5.766945481300354E-001,
2.920000000000000E+009,9.124790877103806E-002,2.282474003732204E-002,-8.206565380096436E-001,-5.450973510742188E-001,9.124790877103806E-002,2.282474003732204E-002,-8.206565380096436E-001,-5.450973510742188E-001,
2.931666666666667E+009,1.421907842159271E-001,6.255288608372212E-004,-8.341915607452393E-001,-5.102127194404602E-001,1.421907842159271E-001,6.255288608372212E-004,-8.341915607452393E-001,-5.102127194404602E-001,
2.943333333333334E+009,1.563140451908112E-001,-5.044259130954742E-002,-8.503419756889343E-001,-4.789956510066986E-001,1.563140451908112E-001,-5.044259130954742E-002,-8.503419756889343E-001,-4.789956510066986E-001,
2.955000000000000E+009,1.298463642597199E-001,-9.768623113632202E-002,-8.642604351043701E-001,-4.469604492187500E-001,1.298463642597199E-001,-9.768623113632202E-002,-8.642604351043701E-001,-4.469604492187500E-001,
2.966666666666667E+009,7.628773897886276E-002,-1.174044087529182E-001,-8.780561685562134E-001,-4.312945306301117E-001,7.628773897886276E-002,-1.174044087529182E-001,-8.780561685562134E-001,-4.312945306301117E-001,
2.978333333333334E+009,2.589808963239193E-002,-9.586308896541596E-002,-8.980219364166260E-001,-4.010618329048157E-001,2.589808963239193E-002,-9.586308896541596E-002,-8.980219364166260E-001,-4.010618329048157E-001,
2.990000000000000E+009,9.406460449099541E-003,-4.770538583397865E-002,-9.159489274024963E-001,-3.600433766841888E-001,9.406460449099541E-003,-4.770538583397865E-002,-9.159489274024963E-001,-3.600433766841888E-001,
3.001666666666667E+009,3.771061822772026E-002,-4.933186806738377E-003,-9.328919649124146E-001,-3.318876922130585E-001,3.771061822772026E-002,-4.933186806738377E-003,-9.328919649124146E-001,-3.318876922130585E-001,
3.013333333333334E+009,9.757453203201294E-002,3.025951562449336E-003,-9.375615715980530E-001,-2.945896387100220E-001,9.757453203201294E-002,3.025951562449336E-003,-9.375615715980530E-001,-2.945896387100220E-001,
3.025000000000000E+009,1.477107703685761E-001,-3.095696680247784E-002,-9.331595301628113E-001,-2.638156116008759E-001,1.477107703685761E-001,-3.095696680247784E-002,-9.331595301628113E-001,-2.638156116008759E-001,
3.036666666666667E+009,1.609633415937424E-001,-8.530142158269882E-002,-9.490805268287659E-001,-2.260954082012177E-001,1.609633415937424E-001,-8.530142158269882E-002,-9.490805268287659E-001,-2.260954082012177E-001,
3.048333333333333E+009,1.280972659587860E-001,-1.379402428865433E-001,-9.503965973854065E-001,-1.988342702388763E-001,1.280972659587860E-001,-1.379402428865433E-001,-9.503965973854065E-001,-1.988342702388763E-001,
3.060000000000000E+009,6.408351659774780E-002,-1.490085721015930E-001,-9.528521299362183E-001,-1.666395217180252E-001,6.408351659774780E-002,-1.490085721015930E-001,-9.528521299362183E-001,-1.666395217180252E-001,
3.071666666666667E+009,1.021684613078833E-002,-1.152542382478714E-001,-9.656907320022583E-001,-1.376094073057175E-001,1.021684613078833E-002,-1.152542382478714E-001,-9.656907320022583E-001,-1.376094073057175E-001,
3.083333333333333E+009,-4.226404242217541E-003,-5.765984207391739E-002,-9.790473580360413E-001,-1.013295650482178E-001,-4.226404242217541E-003,-5.765984207391739E-002,-9.790473580360413E-001,-1.013295650482178E-001,
3.095000000000000E+009,3.212834894657135E-002,-1.040166895836592E-002,-9.860515594482422E-001,-6.190096214413643E-002,3.212834894657135E-002,-1.040166895836592E-002,-9.860515594482422E-001,-6.190096214413643E-002,
3.106666666666667E+009,1.011365652084351E-001,-8.285302668809891E-003,-9.854034781455994E-001,-1.812718622386456E-002,1.011365652084351E-001,-8.285302668809891E-003,-9.854034781455994E-001,-1.812718622386456E-002,
3.118333333333333E+009,1.558272391557694E-001,-5.495667085051537E-002,-9.807032942771912E-001,1.653686724603176E-002,1.558272391557694E-001,-5.495667085051537E-002,-9.807032942771912E-001,1.653686724603176E-002,
3.130000000000000E+009,1.665645837783814E-001,-1.295102536678314E-001,-9.633496403694153E-001,5.771816149353981E-002,1.665645837783814E-001,-1.295102536678314E-001,-9.633496403694153E-001,5.771816149353981E-002,
3.141666666666667E+009,1.249971464276314E-001,-1.860323548316956E-001,-9.642630219459534E-001,8.282461017370224E-002,1.249971464276314E-001,-1.860323548316956E-001,-9.642630219459534E-001,8.282461017370224E-002,
3.153333333333333E+009,5.067420005798340E-002,-1.961466223001480E-001,-9.559284448623657E-001,1.012976020574570E-001,5.067420005798340E-002,-1.961466223001480E-001,-9.559284448623657E-001,1.012976020574570E-001,
3.165000000000000E+009,-1.043429784476757E-002,-1.576179265975952E-001,-9.670945405960083E-001,1.436009258031845E-001,-1.043429784476757E-002,-1.576179265975952E-001,-9.670945405960083E-001,1.436009258031845E-001,
3.176666666666667E+009,-2.986456826329231E-002,-8.959853649139404E-002,-9.674269556999207E-001,1.689632833003998E-001,-2.986456826329231E-002,-8.959853649139404E-002,-9.674269556999207E-001,1.689632833003998E-001,
3.188333333333333E+009,7.233651354908943E-003,-3.508856520056725E-002,-9.607380032539368E-001,2.142651975154877E-001,7.233651354908943E-003,-3.508856520056725E-002,-9.607380032539368E-001,2.142651975154877E-001,
3.200000000000000E+009,7.825502753257752E-002,-3.274382278323174E-002,-9.527584910392761E-001,2.548805177211762E-001,7.825502753257752E-002,-3.274382278323174E-002,-9.527584910392761E-001,2.548805177211762E-001,
3.211666666666667E+009,1.328165680170059E-001,-8.604680746793747E-002,-9.351207613945007E-001,2.892071604728699E-001,1.328165680170059E-001,-8.604680746793747E-002,-9.351207613945007E-001,2.892071604728699E-001,
3.223333333333333E+009,1.364455670118332E-001,-1.638215184211731E-001,-9.149487018585205E-001,3.177884221076965E-001,1.364455670118332E-001,-1.638215184211731E-001,-9.149487018585205E-001,3.177884221076965E-001,
3.235000000000000E+009,8.584512025117874E-002,-2.195973545312882E-001,-9.008623361587524E-001,3.363624811172485E-001,8.584512025117874E-002,-2.195973545312882E-001,-9.008623361587524E-001,3.363624811172485E-001,
3.246666666666667E+009,9.929035790264607E-003,-2.235477864742279E-001,-8.942536115646362E-001,3.675836622714996E-001,9.929035790264607E-003,-2.235477864742279E-001,-8.942536115646362E-001,3.675836622714996E-001,
3.258333333333333E+009,-5.419724062085152E-002,-1.735379397869110E-001,-8.898042440414429E-001,3.876200616359711E-001,-5.419724062085152E-002,-1.735379397869110E-001,-8.898042440414429E-001,3.876200616359711E-001,
3.270000000000000E+009,-6.690500676631928E-002,-9.550457447767258E-002,-8.798849582672119E-001,4.336543679237366E-001,-6.690500676631928E-002,-9.550457447767258E-002,-8.798849582672119E-001,4.336543679237366E-001,
3.281666666666667E+009,-2.136176824569702E-002,-3.641959652304649E-002,-8.672891855239868E-001,4.707443714141846E-001,-2.136176824569702E-002,-3.641959652304649E-002,-8.672891855239868E-001,4.707443714141846E-001,
3.293333333333333E+009,5.295652523636818E-002,-3.543408960103989E-002,-8.456748127937317E-001,5.043334960937500E-001,5.295652523636818E-002,-3.543408960103989E-002,-8.456748127937317E-001,5.043334960937500E-001,
3.305000000000000E+009,1.071052253246307E-001,-9.672591835260391E-002,-8.114858269691467E-001,5.352874398231506E-001,1.071052253246307E-001,-9.672591835260391E-002,-8.114858269691467E-001,5.352874398231506E-001,
3.316666666666667E+009,1.042034327983856E-001,-1.811544001102448E-001,-7.882596254348755E-001,5.583993792533875E-001,1.042034327983856E-001,-1.811544001102448E-001,-7.882596254348755E-001,5.583993792533875E-001,
3.328333333333333E+009,4.589332640171051E-002,-2.392113059759140E-001,-7.672618627548218E-001,5.813575983047485E-001,4.589332640171051E-002,-2.392113059759140E-001,-7.672618627548218E-001,5.813575983047485E-001,
3.340000000000000E+009,-3.398767486214638E-002,-2.408580631017685E-001,-7.541194558143616E-001,5.905449390411377E-001,-3.398767486214638E-002,-2.408580631017685E-001,-7.541194558143616E-001,5.905449390411377E-001,
3.351666666666667E+009,-9.489255398511887E-002,-1.831447631120682E-001,-7.405764460563660E-001,6.195151805877686E-001,-9.489255398511887E-002,-1.831447631120682E-001,-7.405764460563660E-001,6.195151805877686E-001,
3.363333333333333E+009,-1.011546477675438E-001,-9.930261969566345E-002,-7.282890081405640E-001,6.485335826873779E-001,-1.011546477675438E-001,-9.930261969566345E-002,-7.282890081405640E-001,6.485335826873779E-001,
3.375000000000000E+009,-5.177417397499085E-002,-3.998299315571785E-002,-7.133677601814270E-001,6.923498511314392E-001,-5.177417397499085E-002,-3.998299315571785E-002,-7.133677601814270E-001,6.923498511314392E-001,
3.386666666666667E+009,2.097559347748756E-002,-4.077995195984840E-002,-6.673269867897034E-001,7.208576202392578E-001,2.097559347748756E-002,-4.077995195984840E-002,-6.673269867897034E-001,7.208576202392578E-001,
3.398333333333333E+009,6.762853264808655E-002,-1.044488921761513E-001,-6.385074257850647E-001,7.381206154823303E-001,6.762853264808655E-002,-1.044488921761513E-001,-6.385074257850647E-001,7.381206154823303E-001,
3.410000000000000E+009,5.423915758728981E-002,-1.849519908428192E-001,-6.062418222427368E-001,7.591239809989929E-001,5.423915758728981E-002,-1.849519908428192E-001,-6.062418222427368E-001,7.591239809989929E-001,
3.421666666666667E+009,-8.862409740686417E-003,-2.339452803134918E-001,-5.759671926498413E-001,7.627722024917603E-001,-8.862409740686417E-003,-2.339452803134918E-001,-5.759671926498413E-001,7.627722024917603E-001,
3.433333333333333E+009,-8.673048019409180E-002,-2.246670573949814E-001,-5.533574223518372E-001,7.792090177536011E-001,-8.673048019409180E-002,-2.246670573949814E-001,-5.533574223518372E-001,7.792090177536011E-001,
3.445000000000000E+009,-1.369379013776779E-001,-1.610688269138336E-001,-5.378789305686951E-001,7.976903319358826E-001,-1.369379013776779E-001,-1.610688269138336E-001,-5.378789305686951E-001,7.976903319358826E-001,
3.456666666666667E+009,-1.323271244764328E-001,-7.570853829383850E-002,-5.205221176147461E-001,8.281229138374329E-001,-1.323271244764328E-001,-7.570853829383850E-002,-5.205221176147461E-001,8.281229138374329E-001,
3.468333333333333E+009,-7.107330858707428E-002,-1.774427480995655E-002,-4.941795468330383E-001,8.531004786491394E-001,-7.107330858707428E-002,-1.774427480995655E-002,-4.941795468330383E-001,8.531004786491394E-001,
3.480000000000000E+009,7.808444555848837E-003,-2.601377479732037E-002,-4.571145176887512E-001,8.827727437019348E-001,7.808444555848837E-003,-2.601377479732037E-002,-4.571145176887512E-001,8.827727437019348E-001,
3.491666666666667E+009,4.865619912743568E-002,-9.317531436681747E-002,-4.043665230274200E-001,8.938245177268982E-001,4.865619912743568E-002,-9.317531436681747E-002,-4.043665230274200E-001,8.938245177268982E-001,
3.503333333333333E+009,2.765696495771408E-002,-1.755021363496780E-001,-3.672273755073547E-001,9.004437923431397E-001,2.765696495771408E-002,-1.755021363496780E-001,-3.672273755073547E-001,9.004437923431397E-001,
3.515000000000000E+009,-4.434804245829582E-002,-2.232232391834259E-001,-3.443372845649719E-001,8.990957140922546E-001,-4.434804245829582E-002,-2.232232391834259E-001,-3.443372845649719E-001,8.990957140922546E-001,
3.526666666666667E+009,-1.251643002033234E-001,-2.102343738079071E-001,-3.229962885379791E-001,9.036614298820496E-001,-1.251643002033234E-001,-2.102343738079071E-001,-3.229962885379791E-001,9.036614298820496E-001,
3.538333333333333E+009,-1.742376685142517E-001,-1.414584070444107E-001,-3.006621301174164E-001,9.188414812088013E-001,-1.742376685142517E-001,-1.414584070444107E-001,-3.006621301174164E-001,9.188414812088013E-001,
3.550000000000000E+009,-1.625804305076599E-001,-5.531677231192589E-002,-2.723713219165802E-001,9.381446242332459E-001,-1.625804305076599E-001,-5.531677231192589E-002,-2.723713219165802E-001,9.381446242332459E-001,
3.561666666666667E+009,-9.666870534420013E-002,1.658377470448613E-003,-2.424163520336151E-001,9.597157835960388E-001,-9.666870534420013E-002,1.658377470448613E-003,-2.424163520336151E-001,9.597157835960388E-001,
3.573333333333333E+009,-1.441601663827896E-002,-5.634894128888845E-003,-1.926355063915253E-001,9.704327583312988E-001,-1.441601663827896E-002,-5.634894128888845E-003,-1.926355063915253E-001,9.704327583312988E-001,
3.585000000000000E+009,2.967529743909836E-002,-6.939434260129929E-002,-1.437545269727707E-001,9.702288508415222E-001,2.967529743909836E-002,-6.939434260129929E-002,-1.437545269727707E-001,9.702288508415222E-001,
3.596666666666667E+009,8.515335619449616E-003,-1.478024721145630E-001,-1.053152233362198E-001,9.652686119079590E-001,8.515335619449616E-003,-1.478024721145630E-001,-1.053152233362198E-001,9.652686119079590E-001,
3.608333333333333E+009,-6.214890629053116E-002,-1.926912963390350E-001,-8.204366266727448E-002,9.609923362731934E-001,-6.214890629053116E-002,-1.926912963390350E-001,-8.204366266727448E-002,9.609923362731934E-001,
3.620000000000000E+009,-1.411380618810654E-001,-1.778161525726318E-001,-5.073782429099083E-002,9.565519094467163E-001,-1.411380618810654E-001,-1.778161525726318E-001,-5.073782429099083E-002,9.565519094467163E-001,
3.631666666666667E+009,-1.861822605133057E-001,-1.140678450465202E-001,-3.576464951038361E-002,9.604290723800659E-001,-1.861822605133057E-001,-1.140678450465202E-001,-3.576464951038361E-002,9.604290723800659E-001,
3.643333333333333E+009,-1.702257543802261E-001,-3.517974168062210E-002,-5.299645010381937E-003,9.727420806884766E-001,-1.702257543802261E-001,-3.517974168062210E-002,-5.299645010381937E-003,9.727420806884766E-001,
3.655000000000000E+009,-1.035853400826454E-001,1.480618026107550E-002,3.235299885272980E-002,9.841516613960266E-001,-1.035853400826454E-001,1.480618026107550E-002,3.235299885272980E-002,9.841516613960266E-001,
3.666666666666667E+009,-2.409953251481056E-002,4.486965481191874E-003,8.779513835906982E-002,9.836063981056213E-001,-2.409953251481056E-002,4.486965481191874E-003,8.779513835906982E-002,9.836063981056213E-001,
3.678333333333333E+009,1.602108962833881E-002,-5.917266383767128E-002,1.262391954660416E-001,9.729766845703125E-001,1.602108962833881E-002,-5.917266383767128E-002,1.262391954660416E-001,9.729766845703125E-001,
3.690000000000000E+009,-7.314231712371111E-003,-1.318419277667999E-001,1.611311137676239E-001,9.617223739624023E-001,-7.314231712371111E-003,-1.318419277667999E-001,1.611311137676239E-001,9.617223739624023E-001,
3.701666666666667E+009,-8.105685561895371E-002,-1.671847701072693E-001,1.944625228643417E-001,9.404153823852539E-001,-8.105685561895371E-002,-1.671847701072693E-001,1.944625228643417E-001,9.404153823852539E-001,
3.713333333333333E+009,-1.589117944240570E-001,-1.463391333818436E-001,2.109768390655518E-001,9.336194992065430E-001,-1.589117944240570E-001,-1.463391333818436E-001,2.109768390655518E-001,9.336194992065430E-001,
3.725000000000000E+009,-1.982912123203278E-001,-8.047698438167572E-002,2.349729239940643E-001,9.309061169624329E-001,-1.982912123203278E-001,-8.047698438167572E-002,2.349729239940643E-001,9.309061169624329E-001,
3.736666666666667E+009,-1.795967221260071E-001,-1.338645117357373E-003,2.691653370857239E-001,9.324054718017578E-001,-1.795967221260071E-001,-1.338645117357373E-003,2.691653370857239E-001,9.324054718017578E-001,
3.748333333333333E+009,-1.033053845167160E-001,4.232492670416832E-002,3.084268271923065E-001,9.421983361244202E-001,-1.033053845167160E-001,4.232492670416832E-002,3.084268271923065E-001,9.421983361244202E-001,
3.760000000000000E+009,-1.816959679126740E-002,2.344116196036339E-002,3.543858230113983E-001,9.304868578910828E-001,-1.816959679126740E-002,2.344116196036339E-002,3.543858230113983E-001,9.304868578910828E-001,
3.771666666666667E+009,2.428546361625195E-002,-4.508797451853752E-002,3.975409567356110E-001,9.058859348297119E-001,2.428546361625195E-002,-4.508797451853752E-002,3.975409567356110E-001,9.058859348297119E-001,
3.783333333333333E+009,9.668488637544215E-004,-1.200730428099632E-001,4.275752902030945E-001,8.831977248191834E-001,9.668488637544215E-004,-1.200730428099632E-001,4.275752902030945E-001,8.831977248191834E-001,
3.795000000000000E+009,-7.294978946447372E-002,-1.563533246517181E-001,4.450345635414124E-001,8.539014458656311E-001,-7.294978946447372E-002,-1.563533246517181E-001,4.450345635414124E-001,8.539014458656311E-001,
3.806666666666667E+009,-1.520592570304871E-001,-1.380786895751953E-001,4.665572345256805E-001,8.365957736968994E-001,-1.520592570304871E-001,-1.380786895751953E-001,4.665572345256805E-001,8.365957736968994E-001,
3.818333333333333E+009,-1.953965127468109E-001,-7.179070264101028E-002,4.923534095287323E-001,8.306941986083984E-001,-1.953965127468109E-001,-7.179070264101028E-002,4.923534095287323E-001,8.306941986083984E-001,
3.830000000000000E+009,-1.811191886663437E-001,3.307608654722571E-003,5.158102512359619E-001,8.202219605445862E-001,-1.811191886663437E-001,3.307608654722571E-003,5.158102512359619E-001,8.202219605445862E-001,
3.841666666666667E+009,-1.129805520176888E-001,4.504013061523438E-002,5.489232540130615E-001,8.170571327209473E-001,-1.129805520176888E-001,4.504013061523438E-002,5.489232540130615E-001,8.170571327209473E-001,
3.853333333333333E+009,-3.325741365551949E-002,2.754548750817776E-002,5.922271013259888E-001,7.945565581321716E-001,-3.325741365551949E-002,2.754548750817776E-002,5.922271013259888E-001,7.945565581321716E-001,
3.865000000000000E+009,1.010602060705423E-002,-3.768785297870636E-002,6.347334980964661E-001,7.651242017745972E-001,1.010602060705423E-002,-3.768785297870636E-002,6.347334980964661E-001,7.651242017745972E-001,
3.876666666666667E+009,-1.177242025732994E-002,-1.110171452164650E-001,6.514228582382202E-001,7.298062443733215E-001,-1.177242025732994E-002,-1.110171452164650E-001,6.514228582382202E-001,7.298062443733215E-001,
3.888333333333333E+009,-8.338792622089386E-002,-1.437980979681015E-001,6.731277704238892E-001,6.944258809089661E-001,-8.338792622089386E-002,-1.437980979681015E-001,6.731277704238892E-001,6.944258809089661E-001,
3.900000000000000E+009,-1.624201983213425E-001,-1.198057159781456E-001,6.864380240440369E-001,6.768711209297180E-001,-1.624201983213425E-001,-1.198057159781456E-001,6.864380240440369E-001,6.768711209297180E-001,
3.911666666666667E+009,-2.046897262334824E-001,-5.077955871820450E-002,6.997045874595642E-001,6.559307575225830E-001,-2.046897262334824E-001,-5.077955871820450E-002,6.997045874595642E-001,6.559307575225830E-001,
3.923333333333333E+009,-1.889228671789169E-001,2.732317708432674E-002,7.258514165878296E-001,6.436575055122376E-001,-1.889228671789169E-001,2.732317708432674E-002,7.258514165878296E-001,6.436575055122376E-001,
3.935000000000000E+009,-1.195699721574783E-001,6.928538531064987E-002,7.593171596527100E-001,6.270614266395569E-001,-1.195699721574783E-001,6.928538531064987E-002,7.593171596527100E-001,6.270614266395569E-001,
3.946666666666667E+009,-4.075093194842339E-002,5.079405382275581E-002,7.872877717018127E-001,6.027238368988037E-001,-4.075093194842339E-002,5.079405382275581E-002,7.872877717018127E-001,6.027238368988037E-001,
3.958333333333333E+009,4.193103872239590E-003,-1.701228506863117E-002,8.176389932632446E-001,5.658621788024902E-001,4.193103872239590E-003,-1.701228506863117E-002,8.176389932632446E-001,5.658621788024902E-001,
3.970000000000000E+009,-1.293819770216942E-002,-8.895760774612427E-002,8.326454162597656E-001,5.220753550529480E-001,-1.293819770216942E-002,-8.895760774612427E-002,8.326454162597656E-001,5.220753550529480E-001,
3.981666666666667E+009,-7.570507377386093E-002,-1.224949583411217E-001,8.455221652984619E-001,4.882276952266693E-001,-7.570507377386093E-002,-1.224949583411217E-001,8.455221652984619E-001,4.882276952266693E-001,
3.993333333333333E+009,-1.483875513076782E-001,-1.017844378948212E-001,8.487389683723450E-001,4.581537544727325E-001,-1.483875513076782E-001,-1.017844378948212E-001,8.487389683723450E-001,4.581537544727325E-001,
4.005000000000000E+009,-1.886996030807495E-001,-3.671415150165558E-002,8.656311631202698E-001,4.357605874538422E-001,-1.886996030807495E-001,-3.671415150165558E-002,8.656311631202698E-001,4.357605874538422E-001,
4.016666666666667E+009,-1.746926158666611E-001,3.544373437762260E-002,8.746955990791321E-001,4.166822135448456E-001,-1.746926158666611E-001,3.544373437762260E-002,8.746955990791321E-001,4.166822135448456E-001,
4.028333333333333E+009,-1.110944300889969E-001,7.213135808706284E-002,9.034774303436279E-001,3.890327811241150E-001,-1.110944300889969E-001,7.213135808706284E-002,9.034774303436279E-001,3.890327811241150E-001,
4.040000000000000E+009,-3.577597439289093E-002,4.827416315674782E-002,9.300326704978943E-001,3.615200519561768E-001,-3.577597439289093E-002,4.827416315674782E-002,9.300326704978943E-001,3.615200519561768E-001,
4.051666666666667E+009,1.231843023560941E-003,-2.241954579949379E-002,9.391937255859375E-001,3.086192309856415E-001,1.231843023560941E-003,-2.241954579949379E-002,9.391937255859375E-001,3.086192309856415E-001,
4.063333333333333E+009,-2.193144708871841E-002,-9.424117952585220E-002,9.478783011436462E-001,2.702628374099731E-001,-2.193144708871841E-002,-9.424117952585220E-002,9.478783011436462E-001,2.702628374099731E-001,
4.075000000000000E+009,-8.826328068971634E-002,-1.266514658927918E-001,9.521448612213135E-001,2.285096496343613E-001,-8.826328068971634E-002,-1.266514658927918E-001,9.521448612213135E-001,2.285096496343613E-001,
4.086666666666667E+009,-1.595493406057358E-001,-9.914327412843704E-002,9.428908824920654E-001,1.967868357896805E-001,-1.595493406057358E-001,-9.914327412843704E-002,9.428908824920654E-001,1.967868357896805E-001,
4.098333333333333E+009,-1.959231793880463E-001,-2.957351505756378E-002,9.473930597305298E-001,1.772610247135162E-001,-1.959231793880463E-001,-2.957351505756378E-002,9.473930597305298E-001,1.772610247135162E-001,
4.110000000000000E+009,-1.795605272054672E-001,4.425007849931717E-002,9.575948119163513E-001,1.455761343240738E-001,-1.795605272054672E-001,4.425007849931717E-002,9.575948119163513E-001,1.455761343240738E-001,
4.121666666666667E+009,-1.158679276704788E-001,8.031924813985825E-002,9.747952222824097E-001,1.244305148720741E-001,-1.158679276704788E-001,8.031924813985825E-002,9.747952222824097E-001,1.244305148720741E-001,
4.133333333333333E+009,-4.464881494641304E-002,5.765560641884804E-002,9.812782406806946E-001,8.640336245298386E-002,-4.464881494641304E-002,5.765560641884804E-002,9.812782406806946E-001,8.640336245298386E-002,
4.145000000000000E+009,-9.647931903600693E-003,-1.377208344638348E-002,9.909943938255310E-001,3.791021555662155E-002,-9.647931903600693E-003,-1.377208344638348E-002,9.909943938255310E-001,3.791021555662155E-002,
4.156666666666667E+009,-3.242124617099762E-002,-8.768483251333237E-002,9.948145747184753E-001,-1.632623025216162E-003,-3.242124617099762E-002,-8.768483251333237E-002,9.948145747184753E-001,-1.632623025216162E-003,
4.168333333333333E+009,-1.012464687228203E-001,-1.192813143134117E-001,9.816560149192810E-001,-3.826107084751129E-002,-1.012464687228203E-001,-1.192813143134117E-001,9.816560149192810E-001,-3.826107084751129E-002,
4.180000000000000E+009,-1.693611741065979E-001,-9.270382672548294E-002,9.730373620986939E-001,-8.055332303047180E-002,-1.693611741065979E-001,-9.270382672548294E-002,9.730373620986939E-001,-8.055332303047180E-002,
4.191666666666667E+009,-2.049804925918579E-001,-2.528973110020161E-002,9.616328477859497E-001,-1.042261347174645E-001,-2.049804925918579E-001,-2.528973110020161E-002,9.616328477859497E-001,-1.042261347174645E-001,
4.203333333333333E+009,-1.884926110506058E-001,4.813461750745773E-002,9.563094377517700E-001,-1.261609941720963E-001,-1.884926110506058E-001,4.813461750745773E-002,9.563094377517700E-001,-1.261609941720963E-001,
4.215000000000000E+009,-1.276216208934784E-001,8.823287487030029E-002,9.629033207893372E-001,-1.590885818004608E-001,-1.276216208934784E-001,8.823287487030029E-002,9.629033207893372E-001,-1.590885818004608E-001,
4.226666666666667E+009,-6.172963231801987E-002,6.776387244462967E-002,9.639991521835327E-001,-1.903284788131714E-001,-6.172963231801987E-002,6.776387244462967E-002,9.639991521835327E-001,-1.903284788131714E-001,
4.238333333333333E+009,-2.960874140262604E-002,3.773861331865192E-003,9.597372412681580E-001,-2.367440462112427E-001,-2.960874140262604E-002,3.773861331865192E-003,9.597372412681580E-001,-2.367440462112427E-001,
4.250000000000000E+009,-5.305530130863190E-002,-6.607770919799805E-002,9.534055590629578E-001,-2.788074612617493E-001,-5.305530130863190E-002,-6.607770919799805E-002,9.534055590629578E-001,-2.788074612617493E-001,
4.261666666666667E+009,-1.172273233532906E-001,-9.460509568452835E-002,9.381790161132813E-001,-3.157036304473877E-001,-1.172273233532906E-001,-9.460509568452835E-002,9.381790161132813E-001,-3.157036304473877E-001,
4.273333333333333E+009,-1.840269714593887E-001,-7.193122059106827E-002,9.126786589622498E-001,-3.447155356407166E-001,-1.840269714593887E-001,-7.193122059106827E-002,9.126786589622498E-001,-3.447155356407166E-001,
4.285000000000000E+009,-2.158108502626419E-001,-4.451554734259844E-003,8.985970616340637E-001,-3.739202320575714E-001,-2.158108502626419E-001,-4.451554734259844E-003,8.985970616340637E-001,-3.739202320575714E-001,
4.296666666666666E+009,-1.965057253837585E-001,6.804718822240830E-002,8.837723135948181E-001,-3.878135383129120E-001,-1.965057253837585E-001,6.804718822240830E-002,8.837723135948181E-001,-3.878135383129120E-001,
4.308333333333333E+009,-1.347367018461227E-001,1.076793819665909E-001,8.795887827873230E-001,-4.200809299945831E-001,-1.347367018461227E-001,1.076793819665909E-001,8.795887827873230E-001,-4.200809299945831E-001,
4.320000000000000E+009,-6.969945877790451E-002,9.170137345790863E-002,8.730754852294922E-001,-4.525002539157867E-001,-6.969945877790451E-002,9.170137345790863E-002,8.730754852294922E-001,-4.525002539157867E-001,
4.331666666666666E+009,-3.719669207930565E-002,3.136413544416428E-002,8.609337210655212E-001,-4.898425638675690E-001,-3.719669207930565E-002,3.136413544416428E-002,8.609337210655212E-001,-4.898425638675690E-001,
4.343333333333333E+009,-6.059068813920021E-002,-3.622910752892494E-002,8.395144343376160E-001,-5.337381362915039E-001,-6.059068813920021E-002,-3.622910752892494E-002,8.395144343376160E-001,-5.337381362915039E-001,
4.355000000000000E+009,-1.241161823272705E-001,-6.712318956851959E-002,8.135786056518555E-001,-5.623297691345215E-001,-1.241161823272705E-001,-6.712318956851959E-002,8.135786056518555E-001,-5.623297691345215E-001,
4.366666666666666E+009,-1.901233643293381E-001,-4.389915242791176E-002,7.798869609832764E-001,-5.939965844154358E-001,-1.901233643293381E-001,-4.389915242791176E-002,7.798869609832764E-001,-5.939965844154358E-001,
4.378333333333333E+009,-2.184395641088486E-001,1.936164498329163E-002,7.527493834495544E-001,-6.055006980895996E-001,-2.184395641088486E-001,1.936164498329163E-002,7.527493834495544E-001,-6.055006980895996E-001,
4.390000000000000E+009,-1.985282450914383E-001,8.642006665468216E-002,7.375298738479614E-001,-6.274365782737732E-001,-1.985282450914383E-001,8.642006665468216E-002,7.375298738479614E-001,-6.274365782737732E-001,
4.401666666666666E+009,-1.396781504154205E-001,1.229859963059425E-001,7.198001742362976E-001,-6.516870856285095E-001,-1.396781504154205E-001,1.229859963059425E-001,7.198001742362976E-001,-6.516870856285095E-001,
4.413333333333333E+009,-7.283138483762741E-002,1.086091846227646E-001,7.068269252777100E-001,-6.773355007171631E-001,-7.283138483762741E-002,1.086091846227646E-001,7.068269252777100E-001,-6.773355007171631E-001,
4.425000000000000E+009,-4.085631296038628E-002,4.791159555315971E-002,6.838814020156860E-001,-7.083210945129395E-001,-4.085631296038628E-002,4.791159555315971E-002,6.838814020156860E-001,-7.083210945129395E-001,
4.436666666666666E+009,-6.561625748872757E-002,-1.750563830137253E-002,6.493065953254700E-001,-7.351011633872986E-001,-6.561625748872757E-002,-1.750563830137253E-002,6.493065953254700E-001,-7.351011633872986E-001,
4.448333333333333E+009,-1.341479122638702E-001,-4.887277632951737E-002,6.180371642112732E-001,-7.639195322990418E-001,-1.341479122638702E-001,-4.887277632951737E-002,6.180371642112732E-001,-7.639195322990418E-001,
4.460000000000000E+009,-2.051798403263092E-001,-2.276705577969551E-002,5.855340361595154E-001,-7.856367826461792E-001,-2.051798403263092E-001,-2.276705577969551E-002,5.855340361595154E-001,-7.856367826461792E-001,
4.471666666666666E+009,-2.409642934799194E-001,4.506221786141396E-002,5.519849061965942E-001,-7.953872680664063E-001,-2.409642934799194E-001,4.506221786141396E-002,5.519849061965942E-001,-7.953872680664063E-001,
4.483333333333333E+009,-2.240537106990814E-001,1.170339807868004E-001,5.252584815025330E-001,-8.146230578422546E-001,-2.240537106990814E-001,1.170339807868004E-001,5.252584815025330E-001,-8.146230578422546E-001,
4.495000000000000E+009,-1.640678048133850E-001,1.633613556623459E-001,5.061835050582886E-001,-8.216639757156372E-001,-1.640678048133850E-001,1.633613556623459E-001,5.061835050582886E-001,-8.216639757156372E-001,
4.506666666666666E+009,-9.338447451591492E-002,1.578178852796555E-001,4.831479787826538E-001,-8.434967398643494E-001,-9.338447451591492E-002,1.578178852796555E-001,4.831479787826538E-001,-8.434967398643494E-001,
4.518333333333333E+009,-5.307358503341675E-002,1.085146889090538E-001,4.531440436840057E-001,-8.569088578224182E-001,-5.307358503341675E-002,1.085146889090538E-001,4.531440436840057E-001,-8.569088578224182E-001,
4.530000000000000E+009,-6.434363871812820E-002,4.961919412016869E-002,4.259234368801117E-001,-8.858000636100769E-001,-6.434363871812820E-002,4.961919412016869E-002,4.259234368801117E-001,-8.858000636100769E-001,
4.541666666666666E+009,-1.187654063105583E-001,1.909890212118626E-002,3.852757811546326E-001,-9.000918865203857E-001,-1.187654063105583E-001,1.909890212118626E-002,3.852757811546326E-001,-9.000918865203857E-001,
4.553333333333333E+009,-1.792252510786057E-001,4.116564616560936E-002,3.435273170471191E-001,-9.132640957832336E-001,-1.792252510786057E-001,4.116564616560936E-002,3.435273170471191E-001,-9.132640957832336E-001,
4.565000000000000E+009,-2.060467153787613E-001,1.054826751351357E-001,3.071145117282867E-001,-9.173167347908020E-001,-2.060467153787613E-001,1.054826751351357E-001,3.071145117282867E-001,-9.173167347908020E-001,
4.576666666666666E+009,-1.833277493715286E-001,1.690737307071686E-001,2.822158932685852E-001,-9.206477999687195E-001,-1.833277493715286E-001,1.690737307071686E-001,2.822158932685852E-001,-9.206477999687195E-001,
4.588333333333333E+009,-1.201951131224632E-001,2.035317569971085E-001,2.567914724349976E-001,-9.274836182594299E-001,-1.201951131224632E-001,2.035317569971085E-001,2.567914724349976E-001,-9.274836182594299E-001,
4.600000000000000E+009,-4.946255683898926E-002,1.893740594387054E-001,2.268188297748566E-001,-9.444420337677002E-001,-4.946255683898926E-002,1.893740594387054E-001,2.268188297748566E-001,-9.444420337677002E-001,
4.611666666666666E+009,-1.080236490815878E-002,1.298003494739533E-001,1.942305564880371E-001,-9.615653157234192E-001,-1.080236490815878E-002,1.298003494739533E-001,1.942305564880371E-001,-9.615653157234192E-001,
4.623333333333333E+009,-2.624222449958324E-002,6.078711152076721E-002,1.611479520797730E-001,-9.641162157058716E-001,-2.624222449958324E-002,6.078711152076721E-002,1.611479520797730E-001,-9.641162157058716E-001,
4.635000000000000E+009,-8.699597418308258E-002,2.771180123090744E-002,1.210119128227234E-001,-9.772648811340332E-001,-8.699597418308258E-002,2.771180123090744E-002,1.210119128227234E-001,-9.772648811340332E-001,
4.646666666666666E+009,-1.507588177919388E-001,5.133469775319099E-002,8.289713412523270E-002,-9.794382452964783E-001,-1.507588177919388E-001,5.133469775319099E-002,8.289713412523270E-002,-9.794382452964783E-001,
4.658333333333333E+009,-1.815813779830933E-001,1.148397475481033E-001,4.178804904222488E-002,-9.724661707878113E-001,-1.815813779830933E-001,1.148397475481033E-001,4.178804904222488E-002,-9.724661707878113E-001,
4.670000000000000E+009,-1.576220393180847E-001,1.832686215639114E-001,7.264345884323120E-003,-9.618376493453980E-001,-1.576220393180847E-001,1.832686215639114E-001,7.264345884323120E-003,-9.618376493453980E-001,
4.681666666666666E+009,-9.432297199964523E-002,2.179516255855560E-001,-1.979401707649231E-002,-9.642066955566406E-001,-9.432297199964523E-002,2.179516255855560E-001,-1.979401707649231E-002,-9.642066955566406E-001,
4.693333333333333E+009,-2.969842031598091E-002,1.999201178550720E-001,-4.246552288532257E-002,-9.670173525810242E-001,-2.969842031598091E-002,1.999201178550720E-001,-4.246552288532257E-002,-9.670173525810242E-001,
4.705000000000000E+009,3.786759683862329E-003,1.404733359813690E-001,-7.286271452903748E-002,-9.718247652053833E-001,3.786759683862329E-003,1.404733359813690E-001,-7.286271452903748E-002,-9.718247652053833E-001,
4.716666666666666E+009,-1.492008846253157E-002,7.676413655281067E-002,-1.145014241337776E-001,-9.726628065109253E-001,-1.492008846253157E-002,7.676413655281067E-002,-1.145014241337776E-001,-9.726628065109253E-001,
4.728333333333333E+009,-7.661344110965729E-002,5.082333087921143E-002,-1.472802013158798E-001,-9.682471156120300E-001,-7.661344110965729E-002,5.082333087921143E-002,-1.472802013158798E-001,-9.682471156120300E-001,
4.740000000000000E+009,-1.386687606573105E-001,8.053056150674820E-002,-1.979804188013077E-001,-9.689608812332153E-001,-1.386687606573105E-001,8.053056150674820E-002,-1.979804188013077E-001,-9.689608812332153E-001,
4.751666666666666E+009,-1.586404442787170E-001,1.448309272527695E-001,-2.318504899740219E-001,-9.468911886215210E-001,-1.586404442787170E-001,1.448309272527695E-001,-2.318504899740219E-001,-9.468911886215210E-001,
4.763333333333333E+009,-1.254638135433197E-001,2.098257541656494E-001,-2.618668079376221E-001,-9.264056682586670E-001,-1.254638135433197E-001,2.098257541656494E-001,-2.618668079376221E-001,-9.264056682586670E-001,
4.775000000000000E+009,-5.656721070408821E-002,2.376630604267120E-001,-2.794801890850067E-001,-9.214172363281250E-001,-5.656721070408821E-002,2.376630604267120E-001,-2.794801890850067E-001,-9.214172363281250E-001,
4.786666666666666E+009,1.044170372188091E-002,2.136279195547104E-001,-3.027092814445496E-001,-9.158222675323486E-001,1.044170372188091E-002,2.136279195547104E-001,-3.027092814445496E-001,-9.158222675323486E-001,
4.798333333333333E+009,3.858652338385582E-002,1.514645516872406E-001,-3.415221571922302E-001,-9.095209836959839E-001,3.858652338385582E-002,1.514645516872406E-001,-3.415221571922302E-001,-9.095209836959839E-001,
4.810000000000000E+009,1.180062908679247E-002,8.923909813165665E-002,-3.828308880329132E-001,-8.921645879745483E-001,1.180062908679247E-002,8.923909813165665E-002,-3.828308880329132E-001,-8.921645879745483E-001,
4.821666666666666E+009,-5.394976213574410E-002,6.487458199262619E-002,-4.188674986362457E-001,-8.919106721878052E-001,-5.394976213574410E-002,6.487458199262619E-002,-4.188674986362457E-001,-8.919106721878052E-001,
4.833333333333333E+009,-1.148464828729630E-001,1.018676757812500E-001,-4.486563205718994E-001,-8.625272512435913E-001,-1.148464828729630E-001,1.018676757812500E-001,-4.486563205718994E-001,-8.625272512435913E-001,
4.845000000000000E+009,-1.316678076982498E-001,1.711414158344269E-001,-4.814911484718323E-001,-8.430559039115906E-001,-1.316678076982498E-001,1.711414158344269E-001,-4.814911484718323E-001,-8.430559039115906E-001,
4.856666666666666E+009,-8.863808214664459E-002,2.317440211772919E-001,-4.993112981319428E-001,-8.191549181938171E-001,-8.863808214664459E-002,2.317440211772919E-001,-4.993112981319428E-001,-8.191549181938171E-001,
4.868333333333333E+009,-1.270394958555698E-002,2.526431381702423E-001,-5.266311764717102E-001,-8.037072420120239E-001,-1.270394958555698E-002,2.526431381702423E-001,-5.266311764717102E-001,-8.037072420120239E-001,
4.880000000000000E+009,5.828925594687462E-002,2.227579653263092E-001,-5.438919067382813E-001,-7.890384197235107E-001,5.828925594687462E-002,2.227579653263092E-001,-5.438919067382813E-001,-7.890384197235107E-001,
4.891666666666666E+009,9.033633023500443E-002,1.559503525495529E-001,-5.835469961166382E-001,-7.823245525360107E-001,9.033633023500443E-002,1.559503525495529E-001,-5.835469961166382E-001,-7.823245525360107E-001,
4.903333333333333E+009,5.995941907167435E-002,8.957922458648682E-002,-6.025820374488831E-001,-7.664372324943543E-001,5.995941907167435E-002,8.957922458648682E-002,-6.025820374488831E-001,-7.664372324943543E-001,
4.915000000000000E+009,-5.544205661863089E-003,6.579090654850006E-002,-6.465428471565247E-001,-7.396688461303711E-001,-5.544205661863089E-003,6.579090654850006E-002,-6.465428471565247E-001,-7.396688461303711E-001,
4.926666666666666E+009,-6.948612630367279E-002,9.583523124456406E-002,-6.758013963699341E-001,-7.036985754966736E-001,-6.948612630367279E-002,9.583523124456406E-002,-6.758013963699341E-001,-7.036985754966736E-001,
4.938333333333333E+009,-8.716322481632233E-002,1.608454585075378E-001,-6.917656064033508E-001,-6.747081279754639E-001,-8.716322481632233E-002,1.608454585075378E-001,-6.917656064033508E-001,-6.747081279754639E-001,
4.950000000000000E+009,-5.010206624865532E-002,2.177986353635788E-001,-7.138814330101013E-001,-6.468700170516968E-001,-5.010206624865532E-002,2.177986353635788E-001,-7.138814330101013E-001,-6.468700170516968E-001,
4.961666666666666E+009,1.645784080028534E-002,2.308569103479385E-001,-7.284462451934815E-001,-6.297715902328491E-001,1.645784080028534E-002,2.308569103479385E-001,-7.284462451934815E-001,-6.297715902328491E-001,
4.973333333333333E+009,7.896336168050766E-002,2.030022591352463E-001,-7.445356845855713E-001,-6.052585840225220E-001,7.896336168050766E-002,2.030022591352463E-001,-7.445356845855713E-001,-6.052585840225220E-001,
4.985000000000000E+009,1.021245867013931E-001,1.400398761034012E-001,-7.730510830879211E-001,-5.865566134452820E-001,1.021245867013931E-001,1.400398761034012E-001,-7.730510830879211E-001,-5.865566134452820E-001,
4.996666666666666E+009,7.483159750699997E-002,8.257860690355301E-002,-8.062410950660706E-001,-5.704440474510193E-001,7.483159750699997E-002,8.257860690355301E-002,-8.062410950660706E-001,-5.704440474510193E-001,
5.008333333333333E+009,1.347224786877632E-002,6.734844297170639E-002,-8.240965008735657E-001,-5.339952111244202E-001,1.347224786877632E-002,6.734844297170639E-002,-8.240965008735657E-001,-5.339952111244202E-001,
5.020000000000000E+009,-4.084098711609840E-002,9.892805665731430E-002,-8.420914411544800E-001,-4.909189939498901E-001,-4.084098711609840E-002,9.892805665731430E-002,-8.420914411544800E-001,-4.909189939498901E-001,
5.031666666666666E+009,-5.342815443873406E-002,1.601064801216126E-001,-8.566425442695618E-001,-4.525667130947113E-001,-5.342815443873406E-002,1.601064801216126E-001,-8.566425442695618E-001,-4.525667130947113E-001,
5.043333333333333E+009,-1.775801740586758E-002,2.074544429779053E-001,-8.666017055511475E-001,-4.238088130950928E-001,-1.775801740586758E-002,2.074544429779053E-001,-8.666017055511475E-001,-4.238088130950928E-001,
5.055000000000000E+009,4.467662423849106E-002,2.194763720035553E-001,-8.728824853897095E-001,-3.971192538738251E-001,4.467662423849106E-002,2.194763720035553E-001,-8.728824853897095E-001,-3.971192538738251E-001,
5.066666666666666E+009,1.030861064791679E-001,1.854581385850906E-001,-8.815869092941284E-001,-3.746275901794434E-001,1.030861064791679E-001,1.854581385850906E-001,-8.815869092941284E-001,-3.746275901794434E-001,
5.078333333333333E+009,1.190359815955162E-001,1.260462403297424E-001,-8.945776224136353E-001,-3.523457348346710E-001,1.190359815955162E-001,1.260462403297424E-001,-8.945776224136353E-001,-3.523457348346710E-001,
5.090000000000000E+009,9.244627505540848E-002,7.327076047658920E-002,-9.215108752250671E-001,-3.123551905155182E-001,9.244627505540848E-002,7.327076047658920E-002,-9.215108752250671E-001,-3.123551905155182E-001,
5.101666666666666E+009,3.866173326969147E-002,5.767079442739487E-002,-9.453429579734802E-001,-2.766434252262116E-001,3.866173326969147E-002,5.767079442739487E-002,-9.453429579734802E-001,-2.766434252262116E-001,
5.113333333333333E+009,-1.237471308559179E-002,8.860189467668533E-002,-9.544177055358887E-001,-2.423643618822098E-001,-1.237471308559179E-002,8.860189467668533E-002,-9.544177055358887E-001,-2.423643618822098E-001,
5.125000000000000E+009,-2.414958924055100E-002,1.419941186904907E-001,-9.559883475303650E-001,-1.983219236135483E-001,-2.414958924055100E-002,1.419941186904907E-001,-9.559883475303650E-001,-1.983219236135483E-001,
5.136666666666666E+009,5.333512555807829E-003,1.869914382696152E-001,-9.469241499900818E-001,-1.655593812465668E-001,5.333512555807829E-003,1.869914382696152E-001,-9.469241499900818E-001,-1.655593812465668E-001,
5.148333333333333E+009,5.743573233485222E-002,1.984168440103531E-001,-9.538876414299011E-001,-1.448868811130524E-001,5.743573233485222E-002,1.984168440103531E-001,-9.538876414299011E-001,-1.448868811130524E-001,
5.160000000000000E+009,1.038395538926125E-001,1.701958030462265E-001,-9.533346295356751E-001,-1.182952225208283E-001,1.038395538926125E-001,1.701958030462265E-001,-9.533346295356751E-001,-1.182952225208283E-001,
5.171666666666666E+009,1.223349049687386E-001,1.171297207474709E-001,-9.616482853889465E-001,-8.127962052822113E-002,1.223349049687386E-001,1.171297207474709E-001,-9.616482853889465E-001,-8.127962052822113E-002,
5.183333333333333E+009,1.041253358125687E-001,7.141666859388351E-002,-9.769549965858460E-001,-4.522050917148590E-002,1.041253358125687E-001,7.141666859388351E-002,-9.769549965858460E-001,-4.522050917148590E-002,
5.195000000000000E+009,5.651882663369179E-002,5.467071384191513E-002,-9.806278944015503E-001,-1.273422967642546E-002,5.651882663369179E-002,5.467071384191513E-002,-9.806278944015503E-001,-1.273422967642546E-002,
5.206666666666666E+009,1.297511346638203E-002,8.018513023853302E-002,-9.804831147193909E-001,2.481846325099468E-002,1.297511346638203E-002,8.018513023853302E-002,-9.804831147193909E-001,2.481846325099468E-002,
5.218333333333333E+009,-1.401646179147065E-003,1.271538883447647E-001,-9.684805870056152E-001,7.657960802316666E-002,-1.401646179147065E-003,1.271538883447647E-001,-9.684805870056152E-001,7.657960802316666E-002,
5.230000000000000E+009,2.214593254029751E-002,1.716359704732895E-001,-9.566893577575684E-001,1.072200164198875E-001,2.214593254029751E-002,1.716359704732895E-001,-9.566893577575684E-001,1.072200164198875E-001,
5.241666666666666E+009,6.471332907676697E-002,1.830763965845108E-001,-9.645468592643738E-001,1.305250674486160E-001,6.471332907676697E-002,1.830763965845108E-001,-9.645468592643738E-001,1.305250674486160E-001,
5.253333333333333E+009,1.127922087907791E-001,1.630141884088516E-001,-9.455294609069824E-001,1.472484469413757E-001,1.127922087907791E-001,1.630141884088516E-001,-9.455294609069824E-001,1.472484469413757E-001,
5.265000000000000E+009,1.309557855129242E-001,1.190052703022957E-001,-9.515078067779541E-001,1.917847394943237E-001,1.309557855129242E-001,1.190052703022957E-001,-9.515078067779541E-001,1.917847394943237E-001,
5.276666666666666E+009,1.188418641686440E-001,7.147955894470215E-002,-9.471357464790344E-001,2.139770686626434E-001,1.188418641686440E-001,7.147955894470215E-002,-9.471357464790344E-001,2.139770686626434E-001,
5.288333333333333E+009,7.747223228216171E-002,4.798978939652443E-002,-9.346023797988892E-001,2.539202570915222E-001,7.747223228216171E-002,4.798978939652443E-002,-9.346023797988892E-001,2.539202570915222E-001,
5.300000000000000E+009,3.665846958756447E-002,6.439507752656937E-002,-9.377370476722717E-001,3.049442172050476E-001,3.665846958756447E-002,6.439507752656937E-002,-9.377370476722717E-001,3.049442172050476E-001,
5.311666666666666E+009,1.488440576940775E-002,1.067585051059723E-001,-9.192422032356262E-001,3.384791016578674E-001,1.488440576940775E-002,1.067585051059723E-001,-9.192422032356262E-001,3.384791016578674E-001,
5.323333333333333E+009,2.523604966700077E-002,1.507502794265747E-001,-8.953840732574463E-001,3.636138141155243E-001,2.523604966700077E-002,1.507502794265747E-001,-8.953840732574463E-001,3.636138141155243E-001,
5.335000000000000E+009,6.528276950120926E-002,1.734590679407120E-001,-8.815112709999085E-001,3.937185406684876E-001,6.528276950120926E-002,1.734590679407120E-001,-8.815112709999085E-001,3.937185406684876E-001,
5.346666666666666E+009,1.088736504316330E-001,1.630701720714569E-001,-8.637987971305847E-001,4.267776012420654E-001,1.088736504316330E-001,1.630701720714569E-001,-8.637987971305847E-001,4.267776012420654E-001,
5.358333333333333E+009,1.340869218111038E-001,1.260519772768021E-001,-8.544602990150452E-001,4.461601972579956E-001,1.340869218111038E-001,1.260519772768021E-001,-8.544602990150452E-001,4.461601972579956E-001,
5.370000000000000E+009,1.319803595542908E-001,8.163141459226608E-002,-8.460649251937866E-001,4.777667224407196E-001,1.319803595542908E-001,8.163141459226608E-002,-8.460649251937866E-001,4.777667224407196E-001,
5.381666666666666E+009,9.917176514863968E-002,5.660470947623253E-002,-8.278401494026184E-001,5.148629546165466E-001,9.917176514863968E-002,5.660470947623253E-002,-8.278401494026184E-001,5.148629546165466E-001,
5.393333333333333E+009,5.957855284214020E-002,6.251689791679382E-002,-8.154976367950440E-001,5.471885800361633E-001,5.957855284214020E-002,6.251689791679382E-002,-8.154976367950440E-001,5.471885800361633E-001,
5.405000000000000E+009,3.731822967529297E-002,9.832417964935303E-002,-7.877640128135681E-001,5.857893228530884E-001,3.731822967529297E-002,9.832417964935303E-002,-7.877640128135681E-001,5.857893228530884E-001,
5.416666666666666E+009,4.839677363634110E-002,1.414657980203629E-001,-7.580597400665283E-001,6.075496077537537E-001,4.839677363634110E-002,1.414657980203629E-001,-7.580597400665283E-001,6.075496077537537E-001,
5.428333333333333E+009,8.289051800966263E-002,1.668501347303391E-001,-7.322818040847778E-001,6.258486509323120E-001,8.289051800966263E-002,1.668501347303391E-001,-7.322818040847778E-001,6.258486509323120E-001,
5.440000000000000E+009,1.254925578832626E-001,1.607822477817535E-001,-7.075063586235046E-001,6.512253880500794E-001,1.254925578832626E-001,1.607822477817535E-001,-7.075063586235046E-001,6.512253880500794E-001,
5.451666666666666E+009,1.541314721107483E-001,1.250883638858795E-001,-6.905548572540283E-001,6.625994443893433E-001,1.541314721107483E-001,1.250883638858795E-001,-6.905548572540283E-001,6.625994443893433E-001,
5.463333333333333E+009,1.518930792808533E-001,8.059817552566528E-002,-6.715914011001587E-001,6.807962656021118E-001,1.518930792808533E-001,8.059817552566528E-002,-6.715914011001587E-001,6.807962656021118E-001,
5.475000000000000E+009,1.189917996525765E-001,4.980685189366341E-002,-6.490609645843506E-001,7.240971326828003E-001,1.189917996525765E-001,4.980685189366341E-002,-6.490609645843506E-001,7.240971326828003E-001,
5.486666666666666E+009,7.631540298461914E-002,5.626777186989784E-002,-6.353285908699036E-001,7.476421594619751E-001,7.631540298461914E-002,5.626777186989784E-002,-6.353285908699036E-001,7.476421594619751E-001,
5.498333333333333E+009,5.465057119727135E-002,9.338387101888657E-002,-5.937159061431885E-001,7.715678811073303E-001,5.465057119727135E-002,9.338387101888657E-002,-5.937159061431885E-001,7.715678811073303E-001,
5.510000000000000E+009,6.689590215682983E-002,1.399672478437424E-001,-5.572096109390259E-001,7.927164435386658E-001,6.689590215682983E-002,1.399672478437424E-001,-5.572096109390259E-001,7.927164435386658E-001,
5.521666666666666E+009,1.090825498104096E-001,1.673227846622467E-001,-5.281513929367065E-001,8.048400282859802E-001,1.090825498104096E-001,1.673227846622467E-001,-5.281513929367065E-001,8.048400282859802E-001,
5.533333333333333E+009,1.626051366329193E-001,1.589795202016830E-001,-5.034073591232300E-001,8.216361999511719E-001,1.626051366329193E-001,1.589795202016830E-001,-5.034073591232300E-001,8.216361999511719E-001,
5.545000000000000E+009,1.927909851074219E-001,1.196843385696411E-001,-4.749671220779419E-001,8.288176655769348E-001,1.927909851074219E-001,1.196843385696411E-001,-4.749671220779419E-001,8.288176655769348E-001,
5.556666666666666E+009,1.917524933815002E-001,6.861942261457443E-002,-4.574249982833862E-001,8.482002615928650E-001,1.917524933815002E-001,6.861942261457443E-002,-4.574249982833862E-001,8.482002615928650E-001,
5.568333333333333E+009,1.549087762832642E-001,3.222053870558739E-002,-4.248709380626679E-001,8.671175241470337E-001,1.549087762832642E-001,3.222053870558739E-002,-4.248709380626679E-001,8.671175241470337E-001,
5.580000000000000E+009,1.070440858602524E-001,3.532927483320236E-002,-3.945353925228119E-001,8.856448531150818E-001,1.070440858602524E-001,3.532927483320236E-002,-3.945353925228119E-001,8.856448531150818E-001,
5.591666666666666E+009,7.958905398845673E-002,7.532302290201187E-002,-3.629483282566071E-001,9.070264101028442E-001,7.958905398845673E-002,7.532302290201187E-002,-3.629483282566071E-001,9.070264101028442E-001,
5.603333333333333E+009,9.458393603563309E-002,1.247705519199371E-001,-3.164411485195160E-001,9.205709099769592E-001,9.458393603563309E-002,1.247705519199371E-001,-3.164411485195160E-001,9.205709099769592E-001,
5.615000000000000E+009,1.400451064109802E-001,1.532411724328995E-001,-2.758340835571289E-001,9.208800792694092E-001,1.400451064109802E-001,1.532411724328995E-001,-2.758340835571289E-001,9.208800792694092E-001,
5.626666666666666E+009,1.938115954399109E-001,1.415100097656250E-001,-2.483029514551163E-001,9.205569624900818E-001,1.938115954399109E-001,1.415100097656250E-001,-2.483029514551163E-001,9.205569624900818E-001,
5.638333333333333E+009,2.291935384273529E-001,9.618906676769257E-002,-2.227388769388199E-001,9.184183478355408E-001,2.291935384273529E-001,9.618906676769257E-002,-2.227388769388199E-001,9.184183478355408E-001,
5.650000000000000E+009,2.237629294395447E-001,4.008121415972710E-002,-2.040621042251587E-001,9.347287416458130E-001,2.237629294395447E-001,4.008121415972710E-002,-2.040621042251587E-001,9.347287416458130E-001,
5.661666666666666E+009,1.859387457370758E-001,1.431325217708945E-004,-1.761280447244644E-001,9.452056288719177E-001,1.859387457370758E-001,1.431325217708945E-004,-1.761280447244644E-001,9.452056288719177E-001,
5.673333333333333E+009,1.328524649143219E-001,-8.470709435641766E-004,-1.386704146862030E-001,9.665268063545227E-001,1.328524649143219E-001,-8.470709435641766E-004,-1.386704146862030E-001,9.665268063545227E-001,
5.685000000000000E+009,1.003339514136314E-001,3.740103170275688E-002,-9.502915292978287E-002,9.712969064712524E-001,1.003339514136314E-001,3.740103170275688E-002,-9.502915292978287E-002,9.712969064712524E-001,
5.696666666666666E+009,1.095389947295189E-001,8.828552067279816E-002,-5.006396770477295E-002,9.690530300140381E-001,1.095389947295189E-001,8.828552067279816E-002,-5.006396770477295E-002,9.690530300140381E-001,
5.708333333333333E+009,1.536869257688522E-001,1.173446774482727E-001,-1.570583507418633E-002,9.600731730461121E-001,1.536869257688522E-001,1.173446774482727E-001,-1.570583507418633E-002,9.600731730461121E-001,
5.720000000000000E+009,2.053270936012268E-001,1.078290864825249E-001,1.427926123142242E-002,9.569800496101379E-001,2.053270936012268E-001,1.078290864825249E-001,1.427926123142242E-002,9.569800496101379E-001,
5.731666666666666E+009,2.377050966024399E-001,6.679058074951172E-002,4.434544220566750E-002,9.495698809623718E-001,2.377050966024399E-001,6.679058074951172E-002,4.434544220566750E-002,9.495698809623718E-001,
5.743333333333333E+009,2.359139919281006E-001,1.672986336052418E-002,7.164888828992844E-002,9.538359642028809E-001,2.359139919281006E-001,1.672986336052418E-002,7.164888828992844E-002,9.538359642028809E-001,
5.755000000000000E+009,2.038359642028809E-001,-1.795881986618042E-002,9.771613776683807E-002,9.597954750061035E-001,2.038359642028809E-001,-1.795881986618042E-002,9.771613776683807E-002,9.597954750061035E-001,
5.766666666666666E+009,1.580305546522141E-001,-2.028896100819111E-002,1.371521949768066E-001,9.596184492111206E-001,1.580305546522141E-001,-2.028896100819111E-002,1.371521949768066E-001,9.596184492111206E-001,
5.778333333333333E+009,1.309838891029358E-001,1.021587383002043E-002,1.747767478227615E-001,9.595767855644226E-001,1.309838891029358E-001,1.021587383002043E-002,1.747767478227615E-001,9.595767855644226E-001,
5.790000000000000E+009,1.384370326995850E-001,5.039633437991142E-002,2.192293107509613E-001,9.378986954689026E-001,1.384370326995850E-001,5.039633437991142E-002,2.192293107509613E-001,9.378986954689026E-001,
5.801666666666666E+009,1.747873127460480E-001,7.070562243461609E-002,2.476118654012680E-001,9.289473295211792E-001,1.747873127460480E-001,7.070562243461609E-002,2.476118654012680E-001,9.289473295211792E-001,
5.813333333333333E+009,2.154036909341812E-001,6.269102543592453E-002,2.803148329257965E-001,9.131206274032593E-001,2.154036909341812E-001,6.269102543592453E-002,2.803148329257965E-001,9.131206274032593E-001,
5.825000000000000E+009,2.357041537761688E-001,2.709795907139778E-002,3.060556352138519E-001,9.014487862586975E-001,2.357041537761688E-001,2.709795907139778E-002,3.060556352138519E-001,9.014487862586975E-001,
5.836666666666666E+009,2.344265878200531E-001,-9.139269590377808E-003,3.370897173881531E-001,8.906755447387695E-001,2.344265878200531E-001,-9.139269590377808E-003,3.370897173881531E-001,8.906755447387695E-001,
5.848333333333333E+009,2.125204205513001E-001,-3.015941381454468E-002,3.591633737087250E-001,8.836035728454590E-001,2.125204205513001E-001,-3.015941381454468E-002,3.591633737087250E-001,8.836035728454590E-001,
5.860000000000000E+009,1.860259473323822E-001,-2.924135141074657E-002,3.885966241359711E-001,8.778291344642639E-001,1.860259473323822E-001,-2.924135141074657E-002,3.885966241359711E-001,8.778291344642639E-001,
5.871666666666666E+009,1.801844686269760E-001,-1.176784373819828E-002,4.311197698116303E-001,8.665174841880798E-001,1.801844686269760E-001,-1.176784373819828E-002,4.311197698116303E-001,8.665174841880798E-001,
5.883333333333333E+009,1.941710710525513E-001,4.776519723236561E-003,4.618729054927826E-001,8.444934487342835E-001,1.941710710525513E-001,4.776519723236561E-003,4.618729054927826E-001,8.444934487342835E-001,
5.895000000000000E+009,2.231903672218323E-001,-2.198471222072840E-003,4.929366707801819E-001,8.169888257980347E-001,2.231903672218323E-001,-2.198471222072840E-003,4.929366707801819E-001,8.169888257980347E-001,
5.906666666666666E+009,2.472847104072571E-001,-2.999062277376652E-002,5.215870738029480E-001,7.981625199317932E-001,2.472847104072571E-001,-2.999062277376652E-002,5.215870738029480E-001,7.981625199317932E-001,
5.918333333333333E+009,2.496926486492157E-001,-6.803470104932785E-002,5.416832566261292E-001,7.807024121284485E-001,2.496926486492157E-001,-6.803470104932785E-002,5.416832566261292E-001,7.807024121284485E-001,
5.930000000000000E+009,2.238235920667648E-001,-1.013119965791702E-001,5.677854418754578E-001,7.596972584724426E-001,2.238235920667648E-001,-1.013119965791702E-001,5.677854418754578E-001,7.596972584724426E-001,
5.941666666666666E+009,1.853474229574204E-001,-1.138663738965988E-001,5.900174975395203E-001,7.637605071067810E-001,1.853474229574204E-001,-1.138663738965988E-001,5.900174975395203E-001,7.637605071067810E-001,
5.953333333333333E+009,1.505432277917862E-001,-1.017065346240997E-001,6.148456335067749E-001,7.404699921607971E-001,1.505432277917862E-001,-1.017065346240997E-001,6.148456335067749E-001,7.404699921607971E-001,
5.965000000000000E+009,1.364806741476059E-001,-7.338301092386246E-002,6.471645236015320E-001,7.171896696090698E-001,1.364806741476059E-001,-7.338301092386246E-002,6.471645236015320E-001,7.171896696090698E-001,
5.976666666666666E+009,1.471766680479050E-001,-4.671543836593628E-002,6.831740140914917E-001,6.773833632469177E-001,1.471766680479050E-001,-4.671543836593628E-002,6.831740140914917E-001,6.773833632469177E-001,
5.988333333333333E+009,1.763088405132294E-001,-3.917464986443520E-002,7.003768682479858E-001,6.559277176856995E-001,1.763088405132294E-001,-3.917464986443520E-002,7.003768682479858E-001,6.559277176856995E-001,
6.000000000000000E+009,1.987309902906418E-001,-5.512508749961853E-002,7.261102795600891E-001,6.425293087959290E-001,1.987309902906418E-001,-5.512508749961853E-002,7.261102795600891E-001,6.425293087959290E-001,
