% Version 1.00
%
%freq[Hz],re:Trc1_S11,im:Trc1_S11,re:Trc2_S21,im:Trc2_S21,re:Trc3_S11,im:Trc3_S11,re:Trc4_S21,im:Trc4_S21,
2.500000000000000E+009,5.660502240061760E-002,-1.525527387857437E-001,2.599268853664398E-001,-9.426757693290710E-001,5.660502240061760E-002,-1.525527387857437E-001,2.599268853664398E-001,-9.426757693290710E-001,
2.511666666666667E+009,9.500828571617603E-003,-1.506081223487854E-001,2.230460196733475E-001,-9.543616175651550E-001,9.500828571617603E-003,-1.506081223487854E-001,2.230460196733475E-001,-9.543616175651550E-001,
2.523333333333334E+009,-2.160431258380413E-002,-1.157190352678299E-001,2.064462453126907E-001,-9.689237475395203E-001,-2.160431258380413E-002,-1.157190352678299E-001,2.064462453126907E-001,-9.689237475395203E-001,
2.535000000000000E+009,-1.786605641245842E-002,-7.087872922420502E-002,1.524543762207031E-001,-9.758905172348023E-001,-1.786605641245842E-002,-7.087872922420502E-002,1.524543762207031E-001,-9.758905172348023E-001,
2.546666666666667E+009,1.725473813712597E-002,-4.554000496864319E-002,1.150461360812187E-001,-9.875155687332153E-001,1.725473813712597E-002,-4.554000496864319E-002,1.150461360812187E-001,-9.875155687332153E-001,
2.558333333333334E+009,6.044739857316017E-002,-5.775243416428566E-002,8.220239728689194E-002,-9.823343753814697E-001,6.044739857316017E-002,-5.775243416428566E-002,8.220239728689194E-002,-9.823343753814697E-001,
2.570000000000000E+009,8.069906383752823E-002,-9.899464994668961E-002,3.813963010907173E-002,-9.736967086791992E-001,8.069906383752823E-002,-9.899464994668961E-002,3.813963010907173E-002,-9.736967086791992E-001,
2.581666666666667E+009,6.423803418874741E-002,-1.447431296110153E-001,5.572039168328047E-003,-9.694512486457825E-001,6.423803418874741E-002,-1.447431296110153E-001,5.572039168328047E-003,-9.694512486457825E-001,
2.593333333333334E+009,2.150035649538040E-002,-1.699882447719574E-001,-2.404772490262985E-002,-9.701007604598999E-001,2.150035649538040E-002,-1.699882447719574E-001,-2.404772490262985E-002,-9.701007604598999E-001,
2.605000000000000E+009,-2.668085135519505E-002,-1.563112288713455E-001,-5.091445893049240E-002,-9.759516716003418E-001,-2.668085135519505E-002,-1.563112288713455E-001,-5.091445893049240E-002,-9.759516716003418E-001,
2.616666666666667E+009,-5.198557674884796E-002,-1.141964420676231E-001,-8.723049610853195E-002,-9.763818383216858E-001,-5.198557674884796E-002,-1.141964420676231E-001,-8.723049610853195E-002,-9.763818383216858E-001,
2.628333333333334E+009,-4.414015635848045E-002,-6.562627106904984E-002,-1.277021467685700E-001,-9.770051240921021E-001,-4.414015635848045E-002,-6.562627106904984E-002,-1.277021467685700E-001,-9.770051240921021E-001,
2.640000000000000E+009,-6.582655943930149E-003,-4.292556270956993E-002,-1.619237214326859E-001,-9.798728227615356E-001,-6.582655943930149E-003,-4.292556270956993E-002,-1.619237214326859E-001,-9.798728227615356E-001,
2.651666666666667E+009,3.674392774701119E-002,-5.713230371475220E-002,-2.006752043962479E-001,-9.652640223503113E-001,3.674392774701119E-002,-5.713230371475220E-002,-2.006752043962479E-001,-9.652640223503113E-001,
2.663333333333334E+009,5.444914102554321E-002,-9.858173131942749E-002,-2.337105423212051E-001,-9.549711942672730E-001,5.444914102554321E-002,-9.858173131942749E-002,-2.337105423212051E-001,-9.549711942672730E-001,
2.675000000000000E+009,3.525561094284058E-002,-1.424534916877747E-001,-2.658513188362122E-001,-9.396400451660156E-001,3.525561094284058E-002,-1.424534916877747E-001,-2.658513188362122E-001,-9.396400451660156E-001,
2.686666666666667E+009,-8.574201725423336E-003,-1.596638709306717E-001,-2.914840281009674E-001,-9.337787032127380E-001,-8.574201725423336E-003,-1.596638709306717E-001,-2.914840281009674E-001,-9.337787032127380E-001,
2.698333333333334E+009,-5.245438590645790E-002,-1.419364959001541E-001,-3.158333897590637E-001,-9.207303524017334E-001,-5.245438590645790E-002,-1.419364959001541E-001,-3.158333897590637E-001,-9.207303524017334E-001,
2.710000000000000E+009,-7.063259929418564E-002,-9.773679822683334E-002,-3.547309041023254E-001,-9.213596582412720E-001,-7.063259929418564E-002,-9.773679822683334E-002,-3.547309041023254E-001,-9.213596582412720E-001,
2.721666666666667E+009,-5.231569334864616E-002,-5.257703363895416E-002,-3.929350674152374E-001,-9.059434533119202E-001,-5.231569334864616E-002,-5.257703363895416E-002,-3.929350674152374E-001,-9.059434533119202E-001,
2.733333333333334E+009,-9.231173433363438E-003,-3.367977216839790E-002,-4.235573112964630E-001,-8.938080072402954E-001,-9.231173433363438E-003,-3.367977216839790E-002,-4.235573112964630E-001,-8.938080072402954E-001,
2.745000000000000E+009,3.219173103570938E-002,-5.317761749029160E-002,-4.628337323665619E-001,-8.749476075172424E-001,3.219173103570938E-002,-5.317761749029160E-002,-4.628337323665619E-001,-8.749476075172424E-001,
2.756666666666667E+009,4.681095480918884E-002,-9.751311689615250E-002,-4.933173358440399E-001,-8.492130637168884E-001,4.681095480918884E-002,-9.751311689615250E-002,-4.933173358440399E-001,-8.492130637168884E-001,
2.768333333333334E+009,2.416718192398548E-002,-1.423865109682083E-001,-5.202705860137940E-001,-8.272899985313416E-001,2.416718192398548E-002,-1.423865109682083E-001,-5.202705860137940E-001,-8.272899985313416E-001,
2.780000000000000E+009,-2.126943506300449E-002,-1.589132994413376E-001,-5.493701100349426E-001,-8.090526461601257E-001,-2.126943506300449E-002,-1.589132994413376E-001,-5.493701100349426E-001,-8.090526461601257E-001,
2.791666666666667E+009,-6.519431620836258E-002,-1.397664397954941E-001,-5.700872540473938E-001,-7.905320525169373E-001,-6.519431620836258E-002,-1.397664397954941E-001,-5.700872540473938E-001,-7.905320525169373E-001,
2.803333333333334E+009,-7.969934493303299E-002,-9.703189134597778E-002,-5.955536365509033E-001,-7.741165757179260E-001,-7.969934493303299E-002,-9.703189134597778E-002,-5.955536365509033E-001,-7.741165757179260E-001,
2.815000000000000E+009,-6.199649348855019E-002,-5.352846160531044E-002,-6.262630224227905E-001,-7.606389522552490E-001,-6.199649348855019E-002,-5.352846160531044E-002,-6.262630224227905E-001,-7.606389522552490E-001,
2.826666666666667E+009,-1.727912761271000E-002,-3.864536806941032E-002,-6.632135510444641E-001,-7.409030795097351E-001,-1.727912761271000E-002,-3.864536806941032E-002,-6.632135510444641E-001,-7.409030795097351E-001,
2.838333333333334E+009,2.024621888995171E-002,-5.924953147768974E-002,-6.925649642944336E-001,-7.035073637962341E-001,2.024621888995171E-002,-5.924953147768974E-002,-6.925649642944336E-001,-7.035073637962341E-001,
2.850000000000000E+009,3.138643130660057E-002,-1.072222962975502E-001,-7.121306657791138E-001,-6.726948618888855E-001,3.138643130660057E-002,-1.072222962975502E-001,-7.121306657791138E-001,-6.726948618888855E-001,
2.861666666666667E+009,4.788548219949007E-003,-1.485335081815720E-001,-7.212330102920532E-001,-6.490207910537720E-001,4.788548219949007E-003,-1.485335081815720E-001,-7.212330102920532E-001,-6.490207910537720E-001,
2.873333333333334E+009,-4.683135077357292E-002,-1.611384302377701E-001,-7.491177916526794E-001,-6.217179298400879E-001,-4.683135077357292E-002,-1.611384302377701E-001,-7.491177916526794E-001,-6.217179298400879E-001,
2.885000000000000E+009,-8.808908611536026E-002,-1.386131793260574E-001,-7.633410096168518E-001,-6.038376688957214E-001,-8.808908611536026E-002,-1.386131793260574E-001,-7.633410096168518E-001,-6.038376688957214E-001,
2.896666666666667E+009,-1.048104539513588E-001,-9.095785021781921E-002,-7.887797355651856E-001,-5.774559378623962E-001,-1.048104539513588E-001,-9.095785021781921E-002,-7.887797355651856E-001,-5.774559378623962E-001,
2.908333333333334E+009,-8.008243888616562E-002,-4.823726788163185E-002,-8.150296211242676E-001,-5.566092729568481E-001,-8.008243888616562E-002,-4.823726788163185E-002,-8.150296211242676E-001,-5.566092729568481E-001,
2.920000000000000E+009,-3.091924637556076E-002,-3.420810401439667E-002,-8.368602395057678E-001,-5.258554816246033E-001,-3.091924637556076E-002,-3.420810401439667E-002,-8.368602395057678E-001,-5.258554816246033E-001,
2.931666666666667E+009,1.283439714461565E-002,-5.793252587318420E-002,-8.576974272727966E-001,-4.837818145751953E-001,1.283439714461565E-002,-5.793252587318420E-002,-8.576974272727966E-001,-4.837818145751953E-001,
2.943333333333334E+009,1.932643353939056E-002,-1.069988310337067E-001,-8.753954768180847E-001,-4.444499313831329E-001,1.932643353939056E-002,-1.069988310337067E-001,-8.753954768180847E-001,-4.444499313831329E-001,
2.955000000000000E+009,-1.279839780181646E-002,-1.486603617668152E-001,-8.831016421318054E-001,-4.085400402545929E-001,-1.279839780181646E-002,-1.486603617668152E-001,-8.831016421318054E-001,-4.085400402545929E-001,
2.966666666666667E+009,-6.747439503669739E-002,-1.613873541355133E-001,-8.903931975364685E-001,-3.895404934883118E-001,-6.747439503669739E-002,-1.613873541355133E-001,-8.903931975364685E-001,-3.895404934883118E-001,
2.978333333333334E+009,-1.131651401519775E-001,-1.334182918071747E-001,-9.034721851348877E-001,-3.613911569118500E-001,-1.131651401519775E-001,-1.334182918071747E-001,-9.034721851348877E-001,-3.613911569118500E-001,
2.990000000000000E+009,-1.256341338157654E-001,-8.280056715011597E-002,-9.164826869964600E-001,-3.303632438182831E-001,-1.256341338157654E-001,-8.280056715011597E-002,-9.164826869964600E-001,-3.303632438182831E-001,
3.001666666666667E+009,-9.795199334621429E-002,-3.860084712505341E-002,-9.369809627532959E-001,-3.083403110504150E-001,-9.795199334621429E-002,-3.860084712505341E-002,-9.369809627532959E-001,-3.083403110504150E-001,
3.013333333333334E+009,-4.192309454083443E-002,-2.951554022729397E-002,-9.470422267913818E-001,-2.704411745071411E-001,-4.192309454083443E-002,-2.951554022729397E-002,-9.470422267913818E-001,-2.704411745071411E-001,
3.025000000000000E+009,1.160920714028180E-003,-6.156455352902412E-002,-9.503630995750427E-001,-2.343366742134094E-001,1.160920714028180E-003,-6.156455352902412E-002,-9.503630995750427E-001,-2.343366742134094E-001,
3.036666666666667E+009,5.312807392328978E-003,-1.131823211908341E-001,-9.649888873100281E-001,-1.849130243062973E-001,5.312807392328978E-003,-1.131823211908341E-001,-9.649888873100281E-001,-1.849130243062973E-001,
3.048333333333333E+009,-3.418056666851044E-002,-1.589896529912949E-001,-9.589936137199402E-001,-1.493884176015854E-001,-3.418056666851044E-002,-1.589896529912949E-001,-9.589936137199402E-001,-1.493884176015854E-001,
3.060000000000000E+009,-9.801218658685684E-002,-1.611243635416031E-001,-9.524849057197571E-001,-1.183903515338898E-001,-9.801218658685684E-002,-1.611243635416031E-001,-9.524849057197571E-001,-1.183903515338898E-001,
3.071666666666667E+009,-1.453548818826675E-001,-1.217280253767967E-001,-9.569926857948303E-001,-9.541407227516174E-002,-1.453548818826675E-001,-1.217280253767967E-001,-9.569926857948303E-001,-9.541407227516174E-002,
3.083333333333333E+009,-1.537623554468155E-001,-6.329407542943955E-002,-9.704787731170654E-001,-7.143341749906540E-002,-1.537623554468155E-001,-6.329407542943955E-002,-9.704787731170654E-001,-7.143341749906540E-002,
3.095000000000000E+009,-1.166922375559807E-001,-1.577698253095150E-002,-9.832462072372437E-001,-4.048646613955498E-002,-1.166922375559807E-001,-1.577698253095150E-002,-9.832462072372437E-001,-4.048646613955498E-002,
3.106666666666667E+009,-5.047095939517021E-002,-1.208255160599947E-002,-9.917343258857727E-001,4.383041989058256E-003,-5.047095939517021E-002,-1.208255160599947E-002,-9.917343258857727E-001,4.383041989058256E-003,
3.118333333333333E+009,-1.747510279528797E-003,-5.641919746994972E-002,-9.921301603317261E-001,4.881696030497551E-002,-1.747510279528797E-003,-5.641919746994972E-002,-9.921301603317261E-001,4.881696030497551E-002,
3.130000000000000E+009,-7.526107947342098E-005,-1.250015497207642E-001,-9.726207852363586E-001,1.023413017392159E-001,-7.526107947342098E-005,-1.250015497207642E-001,-9.726207852363586E-001,1.023413017392159E-001,
3.141666666666667E+009,-4.829362779855728E-002,-1.730287969112396E-001,-9.638434648513794E-001,1.347976475954056E-001,-4.829362779855728E-002,-1.730287969112396E-001,-9.638434648513794E-001,1.347976475954056E-001,
3.153333333333333E+009,-1.225848048925400E-001,-1.715439409017563E-001,-9.430174231529236E-001,1.540066748857498E-001,-1.225848048925400E-001,-1.715439409017563E-001,-9.430174231529236E-001,1.540066748857498E-001,
3.165000000000000E+009,-1.767474859952927E-001,-1.268110871315002E-001,-9.440445899963379E-001,1.881353408098221E-001,-1.767474859952927E-001,-1.268110871315002E-001,-9.440445899963379E-001,1.881353408098221E-001,
3.176666666666667E+009,-1.878711879253388E-001,-5.876267328858376E-002,-9.451897740364075E-001,2.009812742471695E-001,-1.878711879253388E-001,-5.876267328858376E-002,-9.451897740364075E-001,2.009812742471695E-001,
3.188333333333333E+009,-1.487900465726852E-001,-5.592758767306805E-003,-9.460584521293640E-001,2.365744858980179E-001,-1.487900465726852E-001,-5.592758767306805E-003,-9.460584521293640E-001,2.365744858980179E-001,
3.200000000000000E+009,-7.991803437471390E-002,-2.011862350627780E-003,-9.498351216316223E-001,2.778213620185852E-001,-7.991803437471390E-002,-2.011862350627780E-003,-9.498351216316223E-001,2.778213620185852E-001,
3.211666666666667E+009,-2.973823808133602E-002,-5.133625119924545E-002,-9.382433891296387E-001,3.224207162857056E-001,-2.973823808133602E-002,-5.133625119924545E-002,-9.382433891296387E-001,3.224207162857056E-001,
3.223333333333333E+009,-3.308379277586937E-002,-1.232946515083313E-001,-9.124279618263245E-001,3.637661635875702E-001,-3.308379277586937E-002,-1.232946515083313E-001,-9.124279618263245E-001,3.637661635875702E-001,
3.235000000000000E+009,-9.038647264242172E-002,-1.682030707597733E-001,-8.853498101234436E-001,3.889161944389343E-001,-9.038647264242172E-002,-1.682030707597733E-001,-8.853498101234436E-001,3.889161944389343E-001,
3.246666666666667E+009,-1.657680571079254E-001,-1.598499566316605E-001,-8.648924231529236E-001,4.168902039527893E-001,-1.657680571079254E-001,-1.598499566316605E-001,-8.648924231529236E-001,4.168902039527893E-001,
3.258333333333333E+009,-2.209144234657288E-001,-1.034194678068161E-001,-8.543044924736023E-001,4.251468777656555E-001,-2.209144234657288E-001,-1.034194678068161E-001,-8.543044924736023E-001,4.251468777656555E-001,
3.270000000000000E+009,-2.247316539287567E-001,-2.761958912014961E-002,-8.442151546478272E-001,4.564118087291718E-001,-2.247316539287567E-001,-2.761958912014961E-002,-8.442151546478272E-001,4.564118087291718E-001,
3.281666666666667E+009,-1.763723492622376E-001,2.715529128909111E-002,-8.431027531623840E-001,4.852361083030701E-001,-1.763723492622376E-001,2.715529128909111E-002,-8.431027531623840E-001,4.852361083030701E-001,
3.293333333333333E+009,-1.025401949882507E-001,2.872634865343571E-002,-8.333204984664917E-001,5.219342708587647E-001,-1.025401949882507E-001,2.872634865343571E-002,-8.333204984664917E-001,5.219342708587647E-001,
3.305000000000000E+009,-5.102208629250526E-002,-2.740381285548210E-002,-8.049083948135376E-001,5.637518763542175E-001,-5.102208629250526E-002,-2.740381285548210E-002,-8.049083948135376E-001,5.637518763542175E-001,
3.316666666666667E+009,-5.828530713915825E-002,-1.045306473970413E-001,-7.776248455047607E-001,6.004229784011841E-001,-5.828530713915825E-002,-1.045306473970413E-001,-7.776248455047607E-001,6.004229784011841E-001,
3.328333333333333E+009,-1.208487823605537E-001,-1.504499167203903E-001,-7.402023673057556E-001,6.301694512367249E-001,-1.208487823605537E-001,-1.504499167203903E-001,-7.402023673057556E-001,6.301694512367249E-001,
3.340000000000000E+009,-2.002899795770645E-001,-1.388964802026749E-001,-7.159350514411926E-001,6.330783963203430E-001,-2.002899795770645E-001,-1.388964802026749E-001,-7.159350514411926E-001,6.330783963203430E-001,
3.351666666666667E+009,-2.521906793117523E-001,-7.385244965553284E-002,-6.933999061584473E-001,6.503484845161438E-001,-2.521906793117523E-001,-7.385244965553284E-002,-6.933999061584473E-001,6.503484845161438E-001,
3.363333333333333E+009,-2.502798736095429E-001,6.735474802553654E-003,-6.835269927978516E-001,6.645640730857849E-001,-2.502798736095429E-001,6.735474802553654E-003,-6.835269927978516E-001,6.645640730857849E-001,
3.375000000000000E+009,-1.982218325138092E-001,6.062584370374680E-002,-6.792579293251038E-001,7.012553811073303E-001,-1.982218325138092E-001,6.062584370374680E-002,-6.792579293251038E-001,7.012553811073303E-001,
3.386666666666667E+009,-1.256166249513626E-001,6.024936586618424E-002,-6.447871923446655E-001,7.325657010078430E-001,-1.256166249513626E-001,6.024936586618424E-002,-6.447871923446655E-001,7.325657010078430E-001,
3.398333333333333E+009,-7.884498685598373E-002,3.639229908003472E-005,-6.214481592178345E-001,7.620013356208801E-001,-7.884498685598373E-002,3.639229908003472E-005,-6.214481592178345E-001,7.620013356208801E-001,
3.410000000000000E+009,-9.457410126924515E-002,-7.321511954069138E-002,-5.823542475700378E-001,7.947829365730286E-001,-9.457410126924515E-002,-7.321511954069138E-002,-5.823542475700378E-001,7.947829365730286E-001,
3.421666666666667E+009,-1.598057150840759E-001,-1.089559867978096E-001,-5.385516881942749E-001,8.011919260025024E-001,-1.598057150840759E-001,-1.089559867978096E-001,-5.385516881942749E-001,8.011919260025024E-001,
3.433333333333333E+009,-2.318931668996811E-001,-8.622191846370697E-002,-5.020509958267212E-001,8.092762231826782E-001,-2.318931668996811E-001,-8.622191846370697E-002,-5.020509958267212E-001,8.092762231826782E-001,
3.445000000000000E+009,-2.727708220481873E-001,-1.603666879236698E-002,-4.820508956909180E-001,8.132914900779724E-001,-2.727708220481873E-001,-1.603666879236698E-002,-4.820508956909180E-001,8.132914900779724E-001,
3.456666666666667E+009,-2.603575587272644E-001,6.513177603483200E-002,-4.704001247882843E-001,8.302768468856812E-001,-2.603575587272644E-001,6.513177603483200E-002,-4.704001247882843E-001,8.302768468856812E-001,
3.468333333333333E+009,-1.977155059576035E-001,1.174577251076698E-001,-4.569494724273682E-001,8.471385240554810E-001,-1.977155059576035E-001,1.174577251076698E-001,-4.569494724273682E-001,8.471385240554810E-001,
3.480000000000000E+009,-1.213325634598732E-001,1.064890399575234E-001,-4.330078065395355E-001,8.851408958435059E-001,-1.213325634598732E-001,1.064890399575234E-001,-4.330078065395355E-001,8.851408958435059E-001,
3.491666666666667E+009,-7.932548224925995E-002,4.270258173346520E-002,-3.815996050834656E-001,9.093822836875916E-001,-7.932548224925995E-002,4.270258173346520E-002,-3.815996050834656E-001,9.093822836875916E-001,
3.503333333333333E+009,-9.976320713758469E-002,-3.368324041366577E-002,-3.356126546859741E-001,9.285864233970642E-001,-9.976320713758469E-002,-3.368324041366577E-002,-3.356126546859741E-001,9.285864233970642E-001,
3.515000000000000E+009,-1.706081181764603E-001,-7.067380100488663E-002,-2.963773608207703E-001,9.284145832061768E-001,-1.706081181764603E-001,-7.067380100488663E-002,-2.963773608207703E-001,9.284145832061768E-001,
3.526666666666667E+009,-2.454585283994675E-001,-4.320342838764191E-002,-2.618196010589600E-001,9.226070642471314E-001,-2.454585283994675E-001,-4.320342838764191E-002,-2.618196010589600E-001,9.226070642471314E-001,
3.538333333333333E+009,-2.828912734985352E-001,3.396332263946533E-002,-2.356527298688889E-001,9.207473993301392E-001,-2.828912734985352E-001,3.396332263946533E-002,-2.356527298688889E-001,9.207473993301392E-001,
3.550000000000000E+009,-2.630124390125275E-001,1.171154901385307E-001,-2.179554551839829E-001,9.263650774955750E-001,-2.630124390125275E-001,1.171154901385307E-001,-2.179554551839829E-001,9.263650774955750E-001,
3.561666666666667E+009,-1.967674493789673E-001,1.678917557001114E-001,-2.027431577444077E-001,9.418412446975708E-001,-1.967674493789673E-001,1.678917557001114E-001,-2.027431577444077E-001,9.418412446975708E-001,
3.573333333333333E+009,-1.181195303797722E-001,1.593661010265350E-001,-1.679820567369461E-001,9.610088467597961E-001,-1.181195303797722E-001,1.593661010265350E-001,-1.679820567369461E-001,9.610088467597961E-001,
3.585000000000000E+009,-7.241593301296234E-002,9.699546545743942E-002,-1.209168434143066E-001,9.748781919479370E-001,-7.241593301296234E-002,9.699546545743942E-002,-1.209168434143066E-001,9.748781919479370E-001,
3.596666666666667E+009,-9.122722595930100E-002,2.096179313957691E-002,-7.311016321182251E-002,9.806544184684753E-001,-9.122722595930100E-002,2.096179313957691E-002,-7.311016321182251E-002,9.806544184684753E-001,
3.608333333333333E+009,-1.594370454549789E-001,-1.548212673515081E-002,-3.268807008862495E-002,9.777573943138123E-001,-1.594370454549789E-001,-1.548212673515081E-002,-3.268807008862495E-002,9.777573943138123E-001,
3.620000000000000E+009,-2.312152236700058E-001,1.158971339464188E-002,1.175331324338913E-002,9.612079262733460E-001,-2.312152236700058E-001,1.158971339464188E-002,1.175331324338913E-002,9.612079262733460E-001,
3.631666666666667E+009,-2.636221349239349E-001,8.426262438297272E-002,2.666286937892437E-002,9.479311108589172E-001,-2.636221349239349E-001,8.426262438297272E-002,2.666286937892437E-002,9.479311108589172E-001,
3.643333333333333E+009,-2.377838790416718E-001,1.616116762161255E-001,4.739236086606979E-002,9.488462209701538E-001,-2.377838790416718E-001,1.616116762161255E-001,4.739236086606979E-002,9.488462209701538E-001,
3.655000000000000E+009,-1.690533012151718E-001,2.069494873285294E-001,7.025004923343658E-002,9.569853544235230E-001,-1.690533012151718E-001,2.069494873285294E-001,7.025004923343658E-002,9.569853544235230E-001,
3.666666666666667E+009,-9.239114820957184E-002,1.946446746587753E-001,1.134218424558640E-001,9.654356837272644E-001,-9.239114820957184E-002,1.946446746587753E-001,1.134218424558640E-001,9.654356837272644E-001,
3.678333333333333E+009,-5.302439257502556E-002,1.316844373941422E-001,1.507726460695267E-001,9.685719609260559E-001,-5.302439257502556E-002,1.316844373941422E-001,1.507726460695267E-001,9.685719609260559E-001,
3.690000000000000E+009,-7.456179708242416E-002,6.010021641850472E-002,1.963708996772766E-001,9.671731591224670E-001,-7.456179708242416E-002,6.010021641850472E-002,1.963708996772766E-001,9.671731591224670E-001,
3.701666666666667E+009,-1.446937471628189E-001,2.940748445689678E-002,2.435042411088944E-001,9.431108832359314E-001,-1.446937471628189E-001,2.940748445689678E-002,2.435042411088944E-001,9.431108832359314E-001,
3.713333333333333E+009,-2.140179872512817E-001,5.991702526807785E-002,2.709320783615112E-001,9.242002367973328E-001,-2.140179872512817E-001,5.991702526807785E-002,2.709320783615112E-001,9.242002367973328E-001,
3.725000000000000E+009,-2.399243712425232E-001,1.324771195650101E-001,2.937235534191132E-001,9.060141444206238E-001,-2.399243712425232E-001,1.324771195650101E-001,2.937235534191132E-001,9.060141444206238E-001,
3.736666666666667E+009,-2.089028358459473E-001,2.111072540283203E-001,3.156505823135376E-001,8.942671418190002E-001,-2.089028358459473E-001,2.111072540283203E-001,3.156505823135376E-001,8.942671418190002E-001,
3.748333333333333E+009,-1.308495998382568E-001,2.518395781517029E-001,3.392517566680908E-001,9.049898982048035E-001,-1.308495998382568E-001,2.518395781517029E-001,3.392517566680908E-001,9.049898982048035E-001,
3.760000000000000E+009,-4.703738912940025E-002,2.334813177585602E-001,3.736028969287872E-001,9.049860239028931E-001,-4.703738912940025E-002,2.334813177585602E-001,3.736028969287872E-001,9.049860239028931E-001,
3.771666666666667E+009,-3.177926875650883E-003,1.647043824195862E-001,4.161061346530914E-001,8.948735594749451E-001,-3.177926875650883E-003,1.647043824195862E-001,4.161061346530914E-001,8.948735594749451E-001,
3.783333333333333E+009,-2.533306740224361E-002,8.986730873584747E-002,4.599801003932953E-001,8.820022344589233E-001,-2.533306740224361E-002,8.986730873584747E-002,4.599801003932953E-001,8.820022344589233E-001,
3.795000000000000E+009,-9.912575781345367E-002,5.473203212022781E-002,4.919672608375549E-001,8.493570089340210E-001,-9.912575781345367E-002,5.473203212022781E-002,4.919672608375549E-001,8.493570089340210E-001,
3.806666666666667E+009,-1.724104285240173E-001,7.968214154243469E-002,5.224866867065430E-001,8.183788657188416E-001,-1.724104285240173E-001,7.968214154243469E-002,5.224866867065430E-001,8.183788657188416E-001,
3.818333333333333E+009,-2.010520100593567E-001,1.521205008029938E-001,5.448897480964661E-001,7.930864095687866E-001,-2.010520100593567E-001,1.521205008029938E-001,5.448897480964661E-001,7.930864095687866E-001,
3.830000000000000E+009,-1.714491695165634E-001,2.257623523473740E-001,5.556728839874268E-001,7.731773853302002E-001,-1.714491695165634E-001,2.257623523473740E-001,5.556728839874268E-001,7.731773853302002E-001,
3.841666666666667E+009,-9.816922247409821E-002,2.613743245601654E-001,5.727871656417847E-001,7.726432085037231E-001,-9.816922247409821E-002,2.613743245601654E-001,5.727871656417847E-001,7.726432085037231E-001,
3.853333333333333E+009,-1.865052431821823E-002,2.425688207149506E-001,6.062799096107483E-001,7.614575624465942E-001,-1.865052431821823E-002,2.425688207149506E-001,6.062799096107483E-001,7.614575624465942E-001,
3.865000000000000E+009,2.410657890141010E-002,1.790260076522827E-001,6.496186256408691E-001,7.482734322547913E-001,2.410657890141010E-002,1.790260076522827E-001,6.496186256408691E-001,7.482734322547913E-001,
3.876666666666667E+009,3.067988436669111E-003,1.059770360589027E-001,6.805019378662109E-001,7.217891216278076E-001,3.067988436669111E-003,1.059770360589027E-001,6.805019378662109E-001,7.217891216278076E-001,
3.888333333333333E+009,-6.923753768205643E-002,7.441326230764389E-002,7.177439928054810E-001,6.798110604286194E-001,-6.923753768205643E-002,7.441326230764389E-002,7.177439928054810E-001,6.798110604286194E-001,
3.900000000000000E+009,-1.435023695230484E-001,1.042710170149803E-001,7.386984229087830E-001,6.474339962005615E-001,-1.435023695230484E-001,1.042710170149803E-001,7.386984229087830E-001,6.474339962005615E-001,
3.911666666666667E+009,-1.719993799924851E-001,1.774775683879852E-001,7.474785447120667E-001,6.063487529754639E-001,-1.719993799924851E-001,1.774775683879852E-001,7.474785447120667E-001,6.063487529754639E-001,
3.923333333333333E+009,-1.381577402353287E-001,2.519627213478088E-001,7.574963569641113E-001,5.831350684165955E-001,-1.381577402353287E-001,2.519627213478088E-001,7.574963569641113E-001,5.831350684165955E-001,
3.935000000000000E+009,-5.845677480101585E-002,2.850444614887238E-001,7.730505466461182E-001,5.692890882492065E-001,-5.845677480101585E-002,2.850444614887238E-001,7.730505466461182E-001,5.692890882492065E-001,
3.946666666666667E+009,2.086811698973179E-002,2.625924348831177E-001,7.912807464599609E-001,5.575699210166931E-001,2.086811698973179E-002,2.625924348831177E-001,7.912807464599609E-001,5.575699210166931E-001,
3.958333333333333E+009,6.580244004726410E-002,1.942569613456726E-001,8.248828649520874E-001,5.353758335113525E-001,6.580244004726410E-002,1.942569613456726E-001,8.248828649520874E-001,5.353758335113525E-001,
3.970000000000000E+009,4.838825762271881E-002,1.243815347552300E-001,8.507068753242493E-001,5.018524527549744E-001,4.838825762271881E-002,1.243815347552300E-001,8.507068753242493E-001,5.018524527549744E-001,
3.981666666666667E+009,-1.569124683737755E-002,9.180918335914612E-002,8.801404237747192E-001,4.625381827354431E-001,-1.569124683737755E-002,9.180918335914612E-002,8.801404237747192E-001,4.625381827354431E-001,
3.993333333333333E+009,-8.585869520902634E-002,1.171253323554993E-001,8.893690109252930E-001,4.151673018932343E-001,-8.585869520902634E-002,1.171253323554993E-001,8.893690109252930E-001,4.151673018932343E-001,
4.005000000000000E+009,-1.147750839591026E-001,1.856689006090164E-001,8.978598117828369E-001,3.778330683708191E-001,-1.147750839591026E-001,1.856689006090164E-001,8.978598117828369E-001,3.778330683708191E-001,
4.016666666666667E+009,-8.469135314226151E-002,2.533186078071594E-001,8.908766508102417E-001,3.495955765247345E-001,-8.469135314226151E-002,2.533186078071594E-001,8.908766508102417E-001,3.495955765247345E-001,
4.028333333333333E+009,-1.287506334483624E-002,2.804951071739197E-001,9.031953215599060E-001,3.282565176486969E-001,-1.287506334483624E-002,2.804951071739197E-001,9.031953215599060E-001,3.282565176486969E-001,
4.040000000000000E+009,6.572435796260834E-002,2.505307197570801E-001,9.224672317504883E-001,3.118664324283600E-001,6.572435796260834E-002,2.505307197570801E-001,9.224672317504883E-001,3.118664324283600E-001,
4.051666666666667E+009,1.039950251579285E-001,1.786752641201019E-001,9.353477358818054E-001,2.737406194210053E-001,1.039950251579285E-001,1.786752641201019E-001,9.353477358818054E-001,2.737406194210053E-001,
4.063333333333333E+009,8.147405087947846E-002,1.074241623282433E-001,9.571008682250977E-001,2.429048120975494E-001,8.147405087947846E-002,1.074241623282433E-001,9.571008682250977E-001,2.429048120975494E-001,
4.075000000000000E+009,1.347996667027473E-002,7.663264125585556E-002,9.765397906303406E-001,1.936675757169724E-001,1.347996667027473E-002,7.663264125585556E-002,9.765397906303406E-001,1.936675757169724E-001,
4.086666666666667E+009,-5.479174107313156E-002,1.102524027228355E-001,9.719642996788025E-001,1.453228294849396E-001,-5.479174107313156E-002,1.102524027228355E-001,9.719642996788025E-001,1.453228294849396E-001,
4.098333333333333E+009,-8.179251849651337E-002,1.820687502622604E-001,9.672288894653320E-001,1.118098571896553E-001,-8.179251849651337E-002,1.820687502622604E-001,9.672288894653320E-001,1.118098571896553E-001,
4.110000000000000E+009,-5.057920143008232E-002,2.502317726612091E-001,9.580125808715820E-001,7.489992678165436E-002,-5.057920143008232E-002,2.502317726612091E-001,9.580125808715820E-001,7.489992678165436E-002,
4.121666666666667E+009,2.189757302403450E-002,2.739175856113434E-001,9.597800970077515E-001,5.998259037733078E-002,2.189757302403450E-002,2.739175856113434E-001,9.597800970077515E-001,5.998259037733078E-002,
4.133333333333333E+009,9.511950612068176E-002,2.420223951339722E-001,9.590173363685608E-001,3.607050701975822E-002,9.511950612068176E-002,2.420223951339722E-001,9.590173363685608E-001,3.607050701975822E-002,
4.145000000000000E+009,1.303989887237549E-001,1.690216660499573E-001,9.747008085250855E-001,3.670854726806283E-003,1.303989887237549E-001,1.690216660499573E-001,9.747008085250855E-001,3.670854726806283E-003,
4.156666666666667E+009,1.096109673380852E-001,9.417720139026642E-002,9.912545084953308E-001,-3.194105997681618E-002,1.096109673380852E-001,9.417720139026642E-002,9.912545084953308E-001,-3.194105997681618E-002,
4.168333333333333E+009,4.189696535468102E-002,6.346496939659119E-002,9.925469160079956E-001,-8.014471828937531E-002,4.189696535468102E-002,6.346496939659119E-002,9.925469160079956E-001,-8.014471828937531E-002,
4.180000000000000E+009,-2.443509921431541E-002,9.473355114459992E-002,9.846916794776917E-001,-1.363821178674698E-001,-2.443509921431541E-002,9.473355114459992E-002,9.846916794776917E-001,-1.363821178674698E-001,
4.191666666666667E+009,-5.138647556304932E-002,1.668625175952911E-001,9.634236097335815E-001,-1.729817390441895E-001,-5.138647556304932E-002,1.668625175952911E-001,9.634236097335815E-001,-1.729817390441895E-001,
4.203333333333333E+009,-2.117346972227097E-002,2.357972115278244E-001,9.403085112571716E-001,-1.996306627988815E-001,-2.117346972227097E-002,2.357972115278244E-001,9.403085112571716E-001,-1.996306627988815E-001,
4.215000000000000E+009,4.788643494248390E-002,2.619860172271729E-001,9.303314685821533E-001,-2.223022282123566E-001,4.788643494248390E-002,2.619860172271729E-001,9.303314685821533E-001,-2.223022282123566E-001,
4.226666666666667E+009,1.125526949763298E-001,2.298110872507095E-001,9.268326759338379E-001,-2.356130778789520E-001,1.125526949763298E-001,2.298110872507095E-001,9.268326759338379E-001,-2.356130778789520E-001,
4.238333333333333E+009,1.446548700332642E-001,1.604374349117279E-001,9.297889471054077E-001,-2.692413628101349E-001,1.446548700332642E-001,1.604374349117279E-001,9.297889471054077E-001,-2.692413628101349E-001,
4.250000000000000E+009,1.219151839613915E-001,8.892650902271271E-002,9.381611943244934E-001,-3.076236546039581E-001,1.219151839613915E-001,8.892650902271271E-002,9.381611943244934E-001,-3.076236546039581E-001,
4.261666666666667E+009,5.962118878960609E-002,6.130223348736763E-002,9.349245429039002E-001,-3.548868596553803E-001,5.962118878960609E-002,6.130223348736763E-002,9.349245429039002E-001,-3.548868596553803E-001,
4.273333333333333E+009,-3.228913061320782E-003,8.859663456678391E-002,9.098980426788330E-001,-3.997954428195953E-001,-3.228913061320782E-003,8.859663456678391E-002,9.098980426788330E-001,-3.997954428195953E-001,
4.285000000000000E+009,-2.519370056688786E-002,1.605817824602127E-001,8.834310770034790E-001,-4.428697526454926E-001,-2.519370056688786E-002,1.605817824602127E-001,8.834310770034790E-001,-4.428697526454926E-001,
4.296666666666666E+009,7.717157248407602E-003,2.287973165512085E-001,8.498708605766296E-001,-4.565941095352173E-001,7.717157248407602E-003,2.287973165512085E-001,8.498708605766296E-001,-4.565941095352173E-001,
4.308333333333333E+009,7.761888951063156E-002,2.544380724430084E-001,8.310031294822693E-001,-4.766064584255219E-001,7.761888951063156E-002,2.544380724430084E-001,8.310031294822693E-001,-4.766064584255219E-001,
4.320000000000000E+009,1.417681574821472E-001,2.260283231735230E-001,8.199923634529114E-001,-4.911641776561737E-001,1.417681574821472E-001,2.260283231735230E-001,8.199923634529114E-001,-4.911641776561737E-001,
4.331666666666666E+009,1.708852946758270E-001,1.596940755844116E-001,8.183887600898743E-001,-5.135213732719421E-001,1.708852946758270E-001,1.596940755844116E-001,8.183887600898743E-001,-5.135213732719421E-001,
4.343333333333333E+009,1.464889198541641E-001,8.755318075418472E-002,8.093863129615784E-001,-5.542359352111816E-001,1.464889198541641E-001,8.755318075418472E-002,8.093863129615784E-001,-5.542359352111816E-001,
4.355000000000000E+009,8.490797132253647E-002,5.518257245421410E-002,7.959261536598206E-001,-5.934281349182129E-001,8.490797132253647E-002,5.518257245421410E-002,7.959261536598206E-001,-5.934281349182129E-001,
4.366666666666666E+009,2.208760380744934E-002,8.096201717853546E-002,7.596845626831055E-001,-6.407826542854309E-001,2.208760380744934E-002,8.096201717853546E-002,7.596845626831055E-001,-6.407826542854309E-001,
4.378333333333333E+009,3.599304240196943E-003,1.471086442470551E-001,7.200161218643189E-001,-6.625145077705383E-001,3.599304240196943E-003,1.471086442470551E-001,7.200161218643189E-001,-6.625145077705383E-001,
4.390000000000000E+009,3.724867105484009E-002,2.096967697143555E-001,6.877132654190064E-001,-6.832474470138550E-001,3.724867105484009E-002,2.096967697143555E-001,6.877132654190064E-001,-6.832474470138550E-001,
4.401666666666666E+009,1.044662520289421E-001,2.341787964105606E-001,6.575187444686890E-001,-6.936479806900024E-001,1.044662520289421E-001,2.341787964105606E-001,6.575187444686890E-001,-6.936479806900024E-001,
4.413333333333333E+009,1.700402647256851E-001,2.072173357009888E-001,6.435877084732056E-001,-7.036643624305725E-001,1.700402647256851E-001,2.072173357009888E-001,6.435877084732056E-001,-7.036643624305725E-001,
4.425000000000000E+009,1.961295008659363E-001,1.400862783193588E-001,6.317738294601440E-001,-7.200996875762940E-001,1.961295008659363E-001,1.400862783193588E-001,6.317738294601440E-001,-7.200996875762940E-001,
4.436666666666666E+009,1.694080233573914E-001,7.220797240734100E-002,6.131646037101746E-001,-7.454694509506226E-001,1.694080233573914E-001,7.220797240734100E-002,6.131646037101746E-001,-7.454694509506226E-001,
4.448333333333333E+009,1.018131226301193E-001,3.814475610852242E-002,5.925888419151306E-001,-7.872787714004517E-001,1.018131226301193E-001,3.814475610852242E-002,5.925888419151306E-001,-7.872787714004517E-001,
4.460000000000000E+009,3.299089893698692E-002,6.349777430295944E-002,5.565742254257202E-001,-8.246117234230042E-001,3.299089893698692E-002,6.349777430295944E-002,5.565742254257202E-001,-8.246117234230042E-001,
4.471666666666666E+009,6.086589768528938E-003,1.325344741344452E-001,5.080229640007019E-001,-8.444529175758362E-001,6.086589768528938E-003,1.325344741344452E-001,5.080229640007019E-001,-8.444529175758362E-001,
4.483333333333333E+009,3.729243203997612E-002,1.994643658399582E-001,4.599361121654511E-001,-8.619418144226074E-001,3.729243203997612E-002,1.994643658399582E-001,4.599361121654511E-001,-8.619418144226074E-001,
4.495000000000000E+009,1.080201938748360E-001,2.318203896284103E-001,4.297142028808594E-001,-8.536053299903870E-001,1.080201938748360E-001,2.318203896284103E-001,4.297142028808594E-001,-8.536053299903870E-001,
4.506666666666666E+009,1.793085634708405E-001,2.111791968345642E-001,4.066018462181091E-001,-8.565830588340759E-001,1.793085634708405E-001,2.111791968345642E-001,4.066018462181091E-001,-8.565830588340759E-001,
4.518333333333333E+009,2.124765217304230E-001,1.541400700807571E-001,3.879450857639313E-001,-8.578193783760071E-001,2.124765217304230E-001,1.541400700807571E-001,3.879450857639313E-001,-8.578193783760071E-001,
4.530000000000000E+009,1.968437731266022E-001,9.275004267692566E-002,3.749824166297913E-001,-8.850356340408325E-001,1.968437731266022E-001,9.275004267692566E-002,3.749824166297913E-001,-8.850356340408325E-001,
4.541666666666666E+009,1.419723629951477E-001,6.066067516803742E-002,3.432765305042267E-001,-9.097599983215332E-001,1.419723629951477E-001,6.066067516803742E-002,3.432765305042267E-001,-9.097599983215332E-001,
4.553333333333333E+009,8.228652924299240E-002,8.183525502681732E-002,2.984927892684937E-001,-9.375148415565491E-001,8.228652924299240E-002,8.183525502681732E-002,2.984927892684937E-001,-9.375148415565491E-001,
4.565000000000000E+009,6.395616382360458E-002,1.441381722688675E-001,2.459423542022705E-001,-9.472424983978272E-001,6.395616382360458E-002,1.441381722688675E-001,2.459423542022705E-001,-9.472424983978272E-001,
4.576666666666666E+009,9.957477450370789E-002,2.007417529821396E-001,2.024907022714615E-001,-9.457207918167114E-001,9.957477450370789E-002,2.007417529821396E-001,2.024907022714615E-001,-9.457207918167114E-001,
4.588333333333333E+009,1.702397763729096E-001,2.172418981790543E-001,1.676941663026810E-001,-9.320439696311951E-001,1.702397763729096E-001,2.172418981790543E-001,1.676941663026810E-001,-9.320439696311951E-001,
4.600000000000000E+009,2.392446547746658E-001,1.856420636177063E-001,1.414344608783722E-001,-9.294524788856506E-001,2.392446547746658E-001,1.856420636177063E-001,1.414344608783722E-001,-9.294524788856506E-001,
4.611666666666666E+009,2.694770991802216E-001,1.190157383680344E-001,1.246251761913300E-001,-9.344159960746765E-001,2.694770991802216E-001,1.190157383680344E-001,1.246251761913300E-001,-9.344159960746765E-001,
4.623333333333333E+009,2.501465380191803E-001,5.014817789196968E-002,1.111180558800697E-001,-9.380834102630615E-001,2.501465380191803E-001,5.014817789196968E-002,1.111180558800697E-001,-9.380834102630615E-001,
4.635000000000000E+009,1.886343061923981E-001,1.688616722822189E-002,8.216614276170731E-002,-9.641968607902527E-001,1.886343061923981E-001,1.688616722822189E-002,8.216614276170731E-002,-9.641968607902527E-001,
4.646666666666666E+009,1.242741420865059E-001,3.717305138707161E-002,4.159229621291161E-002,-9.838960170745850E-001,1.242741420865059E-001,3.717305138707161E-002,4.159229621291161E-002,-9.838960170745850E-001,
4.658333333333333E+009,9.814735502004623E-002,9.969536960124970E-002,-1.729538105428219E-002,-9.843851923942566E-001,9.814735502004623E-002,9.969536960124970E-002,-1.729538105428219E-002,-9.843851923942566E-001,
4.670000000000000E+009,1.319081634283066E-001,1.589607596397400E-001,-6.851758807897568E-002,-9.642365574836731E-001,1.319081634283066E-001,1.589607596397400E-001,-6.851758807897568E-002,-9.642365574836731E-001,
4.681666666666666E+009,2.009012103080750E-001,1.745885163545609E-001,-1.027263477444649E-001,-9.460386633872986E-001,2.009012103080750E-001,1.745885163545609E-001,-1.027263477444649E-001,-9.460386633872986E-001,
4.693333333333333E+009,2.630350887775421E-001,1.401398777961731E-001,-1.187101155519486E-001,-9.322357773780823E-001,2.630350887775421E-001,1.401398777961731E-001,-1.187101155519486E-001,-9.322357773780823E-001,
4.705000000000000E+009,2.881050109863281E-001,7.076004892587662E-002,-1.331729292869568E-001,-9.259527921676636E-001,2.881050109863281E-001,7.076004892587662E-002,-1.331729292869568E-001,-9.259527921676636E-001,
4.716666666666666E+009,2.633393704891205E-001,5.864027887582779E-003,-1.556569486856461E-001,-9.312925934791565E-001,2.633393704891205E-001,5.864027887582779E-003,-1.556569486856461E-001,-9.312925934791565E-001,
4.728333333333333E+009,2.011065930128098E-001,-2.086623199284077E-002,-1.773569434881210E-001,-9.425944089889526E-001,2.011065930128098E-001,-2.086623199284077E-002,-1.773569434881210E-001,-9.425944089889526E-001,
4.740000000000000E+009,1.394938230514526E-001,6.951312068849802E-003,-2.364965230226517E-001,-9.596946835517883E-001,1.394938230514526E-001,6.951312068849802E-003,-2.364965230226517E-001,-9.596946835517883E-001,
4.751666666666666E+009,1.224779859185219E-001,6.972358375787735E-002,-2.904910743236542E-001,-9.411030411720276E-001,1.224779859185219E-001,6.972358375787735E-002,-2.904910743236542E-001,-9.411030411720276E-001,
4.763333333333333E+009,1.628909558057785E-001,1.271841526031494E-001,-3.353420197963715E-001,-9.093487262725830E-001,1.628909558057785E-001,1.271841526031494E-001,-3.353420197963715E-001,-9.093487262725830E-001,
4.775000000000000E+009,2.350877374410629E-001,1.350369602441788E-001,-3.572093844413757E-001,-8.831119537353516E-001,2.350877374410629E-001,1.350369602441788E-001,-3.572093844413757E-001,-8.831119537353516E-001,
4.786666666666666E+009,2.938518524169922E-001,9.285455197095871E-002,-3.679367303848267E-001,-8.610950112342835E-001,2.938518524169922E-001,9.285455197095871E-002,-3.679367303848267E-001,-8.610950112342835E-001,
4.798333333333333E+009,3.119721710681915E-001,2.136876247823238E-002,-3.869988024234772E-001,-8.466193079948425E-001,3.119721710681915E-001,2.136876247823238E-002,-3.869988024234772E-001,-8.466193079948425E-001,
4.810000000000000E+009,2.793862223625183E-001,-4.300319775938988E-002,-4.084938466548920E-001,-8.375080227851868E-001,2.793862223625183E-001,-4.300319775938988E-002,-4.084938466548920E-001,-8.375080227851868E-001,
4.821666666666666E+009,2.129968106746674E-001,-6.849081069231033E-002,-4.399961531162262E-001,-8.547245860099793E-001,2.129968106746674E-001,-6.849081069231033E-002,-4.399961531162262E-001,-8.547245860099793E-001,
4.833333333333333E+009,1.512094140052795E-001,-3.248700499534607E-002,-4.801136851310730E-001,-8.418816924095154E-001,1.512094140052795E-001,-3.248700499534607E-002,-4.801136851310730E-001,-8.418816924095154E-001,
4.845000000000000E+009,1.382461935281754E-001,3.316529467701912E-002,-5.345168709754944E-001,-8.234589099884033E-001,1.382461935281754E-001,3.316529467701912E-002,-5.345168709754944E-001,-8.234589099884033E-001,
4.856666666666666E+009,1.876049786806107E-001,8.570852130651474E-002,-5.667418241500855E-001,-7.834777235984802E-001,1.876049786806107E-001,8.570852130651474E-002,-5.667418241500855E-001,-7.834777235984802E-001,
4.868333333333333E+009,2.629330456256867E-001,8.762725442647934E-002,-5.938903689384460E-001,-7.441741824150085E-001,2.629330456256867E-001,8.762725442647934E-002,-5.938903689384460E-001,-7.441741824150085E-001,
4.880000000000000E+009,3.221509456634522E-001,4.001116380095482E-002,-5.948180556297302E-001,-7.129274606704712E-001,3.221509456634522E-001,4.001116380095482E-002,-5.948180556297302E-001,-7.129274606704712E-001,
4.891666666666666E+009,3.397060632705689E-001,-3.764008358120918E-002,-6.130641698837280E-001,-7.003316879272461E-001,3.397060632705689E-001,-3.764008358120918E-002,-6.130641698837280E-001,-7.003316879272461E-001,
4.903333333333333E+009,2.984910607337952E-001,-1.041249558329582E-001,-6.117818355560303E-001,-6.956327557563782E-001,2.984910607337952E-001,-1.041249558329582E-001,-6.117818355560303E-001,-6.956327557563782E-001,
4.915000000000000E+009,2.308918088674545E-001,-1.290523707866669E-001,-6.487527489662170E-001,-6.891779899597168E-001,2.308918088674545E-001,-1.290523707866669E-001,-6.487527489662170E-001,-6.891779899597168E-001,
4.926666666666666E+009,1.681676805019379E-001,-1.023522093892098E-001,-6.885427236557007E-001,-6.707058548927307E-001,1.681676805019379E-001,-1.023522093892098E-001,-6.885427236557007E-001,-6.707058548927307E-001,
4.938333333333333E+009,1.512789130210877E-001,-4.054596647620201E-002,-7.252618670463562E-001,-6.436415910720825E-001,1.512789130210877E-001,-4.054596647620201E-002,-7.252618670463562E-001,-6.436415910720825E-001,
4.950000000000000E+009,1.909492313861847E-001,9.660156443715096E-003,-7.612056732177734E-001,-6.003081202507019E-001,1.909492313861847E-001,9.660156443715096E-003,-7.612056732177734E-001,-6.003081202507019E-001,
4.961666666666666E+009,2.570371329784393E-001,6.727682892233133E-003,-7.748411893844605E-001,-5.616528987884522E-001,2.570371329784393E-001,6.727682892233133E-003,-7.748411893844605E-001,-5.616528987884522E-001,
4.973333333333333E+009,3.079985082149506E-001,-3.676125034689903E-002,-7.744390368461609E-001,-5.230673551559448E-001,3.079985082149506E-001,-3.676125034689903E-002,-7.744390368461609E-001,-5.230673551559448E-001,
4.985000000000000E+009,3.139901757240295E-001,-1.068093478679657E-001,-7.790355682373047E-001,-5.029243826866150E-001,3.139901757240295E-001,-1.068093478679657E-001,-7.790355682373047E-001,-5.029243826866150E-001,
4.996666666666666E+009,2.745957970619202E-001,-1.648470014333725E-001,-7.976176142692566E-001,-4.979889094829559E-001,2.745957970619202E-001,-1.648470014333725E-001,-7.976176142692566E-001,-4.979889094829559E-001,
5.008333333333333E+009,2.087789326906204E-001,-1.813899576663971E-001,-8.089531660079956E-001,-4.813329577445984E-001,2.087789326906204E-001,-1.813899576663971E-001,-8.089531660079956E-001,-4.813329577445984E-001,
5.020000000000000E+009,1.520477831363678E-001,-1.526904553174973E-001,-8.391280770301819E-001,-4.545556902885437E-001,1.520477831363678E-001,-1.526904553174973E-001,-8.391280770301819E-001,-4.545556902885437E-001,
5.031666666666666E+009,1.389672011137009E-001,-9.511546045541763E-002,-8.735755681991577E-001,-4.164086878299713E-001,1.389672011137009E-001,-9.511546045541763E-002,-8.735755681991577E-001,-4.164086878299713E-001,
5.043333333333333E+009,1.747464090585709E-001,-5.467306450009346E-002,-8.953229188919067E-001,-3.702308237552643E-001,1.747464090585709E-001,-5.467306450009346E-002,-8.953229188919067E-001,-3.702308237552643E-001,
5.055000000000000E+009,2.358200699090958E-001,-5.684975162148476E-002,-8.977692127227783E-001,-3.238779902458191E-001,2.358200699090958E-001,-5.684975162148476E-002,-8.977692127227783E-001,-3.238779902458191E-001,
5.066666666666666E+009,2.817516624927521E-001,-1.038016825914383E-001,-8.908399939537048E-001,-2.909793257713318E-001,2.817516624927521E-001,-1.038016825914383E-001,-8.908399939537048E-001,-2.909793257713318E-001,
5.078333333333333E+009,2.797589302062988E-001,-1.686338484287262E-001,-8.811995983123779E-001,-2.687646448612213E-001,2.797589302062988E-001,-1.686338484287262E-001,-8.811995983123779E-001,-2.687646448612213E-001,
5.090000000000000E+009,2.398512661457062E-001,-2.214484363794327E-001,-8.920156955718994E-001,-2.432773560285568E-001,2.398512661457062E-001,-2.214484363794327E-001,-8.920156955718994E-001,-2.432773560285568E-001,
5.101666666666666E+009,1.788133829832077E-001,-2.357796877622604E-001,-9.144043922424316E-001,-2.278971523046494E-001,1.788133829832077E-001,-2.357796877622604E-001,-9.144043922424316E-001,-2.278971523046494E-001,
5.113333333333333E+009,1.243363171815872E-001,-2.077621519565582E-001,-9.351667165756226E-001,-2.066825777292252E-001,1.243363171815872E-001,-2.077621519565582E-001,-9.351667165756226E-001,-2.066825777292252E-001,
5.125000000000000E+009,1.087553873658180E-001,-1.567742228507996E-001,-9.530286192893982E-001,-1.627139449119568E-001,1.087553873658180E-001,-1.567742228507996E-001,-9.530286192893982E-001,-1.627139449119568E-001,
5.136666666666666E+009,1.367518752813339E-001,-1.171636953949928E-001,-9.565978050231934E-001,-1.175998002290726E-001,1.367518752813339E-001,-1.171636953949928E-001,-9.565978050231934E-001,-1.175998002290726E-001,
5.148333333333333E+009,1.858390569686890E-001,-1.160245612263680E-001,-9.611509442329407E-001,-7.760941982269287E-002,1.858390569686890E-001,-1.160245612263680E-001,-9.611509442329407E-001,-7.760941982269287E-002,
5.160000000000000E+009,2.195838838815689E-001,-1.549729108810425E-001,-9.433228373527527E-001,-4.180388525128365E-002,2.195838838815689E-001,-1.549729108810425E-001,-9.433228373527527E-001,-4.180388525128365E-002,
5.171666666666666E+009,2.213955223560333E-001,-2.128999084234238E-001,-9.310448765754700E-001,-7.775097619742155E-003,2.213955223560333E-001,-2.128999084234238E-001,-9.310448765754700E-001,-7.775097619742155E-003,
5.183333333333333E+009,1.891967356204987E-001,-2.590829730033875E-001,-9.354651570320129E-001,1.545654796063900E-002,1.891967356204987E-001,-2.590829730033875E-001,-9.354651570320129E-001,1.545654796063900E-002,
5.195000000000000E+009,1.317710280418396E-001,-2.718980014324188E-001,-9.373906254768372E-001,2.792934887111187E-002,1.317710280418396E-001,-2.718980014324188E-001,-9.373906254768372E-001,2.792934887111187E-002,
5.206666666666666E+009,8.246508985757828E-002,-2.460830360651016E-001,-9.490962624549866E-001,5.352161452174187E-002,8.246508985757828E-002,-2.460830360651016E-001,-9.490962624549866E-001,5.352161452174187E-002,
5.218333333333333E+009,6.315525621175766E-002,-2.013033330440521E-001,-9.536277055740356E-001,1.050740331411362E-001,6.315525621175766E-002,-2.013033330440521E-001,-9.536277055740356E-001,1.050740331411362E-001,
5.230000000000000E+009,8.073145896196365E-002,-1.603626310825348E-001,-9.510663151741028E-001,1.464909315109253E-001,8.073145896196365E-002,-1.603626310825348E-001,-9.510663151741028E-001,1.464909315109253E-001,
5.241666666666666E+009,1.194590330123901E-001,-1.547607481479645E-001,-9.553627967834473E-001,1.875708848237991E-001,1.194590330123901E-001,-1.547607481479645E-001,-9.553627967834473E-001,1.875708848237991E-001,
5.253333333333333E+009,1.590825468301773E-001,-1.839504837989807E-001,-9.248142838478088E-001,2.153308093547821E-001,1.590825468301773E-001,-1.839504837989807E-001,-9.248142838478088E-001,2.153308093547821E-001,
5.265000000000000E+009,1.607931107282639E-001,-2.321963906288147E-001,-9.112796187400818E-001,2.579157352447510E-001,1.607931107282639E-001,-2.321963906288147E-001,-9.112796187400818E-001,2.579157352447510E-001,
5.276666666666666E+009,1.312717348337174E-001,-2.775349318981171E-001,-8.940466642379761E-001,2.665269374847412E-001,1.312717348337174E-001,-2.775349318981171E-001,-8.940466642379761E-001,2.665269374847412E-001,
5.288333333333333E+009,8.067886531352997E-002,-2.946068644523621E-001,-8.822923898696899E-001,2.880265414714813E-001,8.067886531352997E-002,-2.946068644523621E-001,-8.822923898696899E-001,2.880265414714813E-001,
5.300000000000000E+009,3.318466991186142E-002,-2.773464620113373E-001,-8.921748995780945E-001,3.261642158031464E-001,3.318466991186142E-002,-2.773464620113373E-001,-8.921748995780945E-001,3.261642158031464E-001,
5.311666666666666E+009,5.008603911846876E-003,-2.339459210634232E-001,-8.913739919662476E-001,3.560116589069367E-001,5.008603911846876E-003,-2.339459210634232E-001,-8.913739919662476E-001,3.560116589069367E-001,
5.323333333333333E+009,1.134664379060268E-002,-1.914619356393814E-001,-8.803774118423462E-001,3.904031217098236E-001,1.134664379060268E-002,-1.914619356393814E-001,-8.803774118423462E-001,3.904031217098236E-001,
5.335000000000000E+009,4.731850698590279E-002,-1.705460846424103E-001,-8.670237064361572E-001,4.334561824798584E-001,4.731850698590279E-002,-1.705460846424103E-001,-8.670237064361572E-001,4.334561824798584E-001,
5.346666666666666E+009,8.078517764806747E-002,-1.876426935195923E-001,-8.371789455413818E-001,4.803076386451721E-001,8.078517764806747E-002,-1.876426935195923E-001,-8.371789455413818E-001,4.803076386451721E-001,
5.358333333333333E+009,9.256054461002350E-002,-2.281588315963745E-001,-8.121883869171143E-001,5.007132887840271E-001,9.256054461002350E-002,-2.281588315963745E-001,-8.121883869171143E-001,5.007132887840271E-001,
5.370000000000000E+009,7.363332062959671E-002,-2.701607942581177E-001,-7.902799248695374E-001,5.242193341255188E-001,7.363332062959671E-002,-2.701607942581177E-001,-7.902799248695374E-001,5.242193341255188E-001,
5.381666666666666E+009,3.033429570496082E-002,-2.900108993053436E-001,-7.701875567436218E-001,5.419359207153320E-001,3.033429570496082E-002,-2.900108993053436E-001,-7.701875567436218E-001,5.419359207153320E-001,
5.393333333333333E+009,-1.875236444175243E-002,-2.755805850028992E-001,-7.638053894042969E-001,5.625020861625671E-001,-1.875236444175243E-002,-2.755805850028992E-001,-7.638053894042969E-001,5.625020861625671E-001,
5.405000000000000E+009,-4.691848903894424E-002,-2.366449534893036E-001,-7.534394860267639E-001,5.967672467231751E-001,-4.691848903894424E-002,-2.366449534893036E-001,-7.534394860267639E-001,5.967672467231751E-001,
5.416666666666666E+009,-4.152365773916245E-002,-1.925841122865677E-001,-7.357589006423950E-001,6.267276406288147E-001,-4.152365773916245E-002,-1.925841122865677E-001,-7.357589006423950E-001,6.267276406288147E-001,
5.428333333333333E+009,-1.131231244653463E-002,-1.663060486316681E-001,-7.099907994270325E-001,6.591262221336365E-001,-1.131231244653463E-002,-1.663060486316681E-001,-7.099907994270325E-001,6.591262221336365E-001,
5.440000000000000E+009,2.514151297509670E-002,-1.775404810905457E-001,-6.733054518699646E-001,6.970780491828919E-001,2.514151297509670E-002,-1.775404810905457E-001,-6.733054518699646E-001,6.970780491828919E-001,
5.451666666666666E+009,3.920559212565422E-002,-2.159619331359863E-001,-6.418915390968323E-001,7.096497416496277E-001,3.920559212565422E-002,-2.159619331359863E-001,-6.418915390968323E-001,7.096497416496277E-001,
5.463333333333333E+009,2.193067036569119E-002,-2.567496001720429E-001,-6.107562780380249E-001,7.162878513336182E-001,2.193067036569119E-002,-2.567496001720429E-001,-6.107562780380249E-001,7.162878513336182E-001,
5.475000000000000E+009,-2.401679567992687E-002,-2.804688811302185E-001,-5.851817131042481E-001,7.396571040153503E-001,-2.401679567992687E-002,-2.804688811302185E-001,-5.851817131042481E-001,7.396571040153503E-001,
5.486666666666666E+009,-7.217318564653397E-002,-2.657193243503571E-001,-5.818733572959900E-001,7.510414719581604E-001,-7.217318564653397E-002,-2.657193243503571E-001,-5.818733572959900E-001,7.510414719581604E-001,
5.498333333333333E+009,-1.011866033077240E-001,-2.211951166391373E-001,-5.573365688323975E-001,7.734407782554627E-001,-1.011866033077240E-001,-2.211951166391373E-001,-5.573365688323975E-001,7.734407782554627E-001,
5.510000000000000E+009,-9.425564110279083E-002,-1.709870100021362E-001,-5.322684049606323E-001,8.064057826995850E-001,-9.425564110279083E-002,-1.709870100021362E-001,-5.322684049606323E-001,8.064057826995850E-001,
5.521666666666666E+009,-5.473216250538826E-002,-1.409535259008408E-001,-5.043005943298340E-001,8.353536128997803E-001,-5.473216250538826E-002,-1.409535259008408E-001,-5.043005943298340E-001,8.353536128997803E-001,
5.533333333333333E+009,-9.650687687098980E-003,-1.522048264741898E-001,-4.652181565761566E-001,8.658924102783203E-001,-9.650687687098980E-003,-1.522048264741898E-001,-4.652181565761566E-001,8.658924102783203E-001,
5.545000000000000E+009,1.155592128634453E-002,-1.933455914258957E-001,-4.159173965454102E-001,8.705956339836121E-001,1.155592128634453E-002,-1.933455914258957E-001,-4.159173965454102E-001,8.705956339836121E-001,
5.556666666666666E+009,-6.740156095474958E-003,-2.417767643928528E-001,-3.845723271369934E-001,8.784912824630737E-001,-6.740156095474958E-003,-2.417767643928528E-001,-3.845723271369934E-001,8.784912824630737E-001,
5.568333333333333E+009,-5.691912770271301E-002,-2.659079432487488E-001,-3.516419231891632E-001,8.759638071060181E-001,-5.691912770271301E-002,-2.659079432487488E-001,-3.516419231891632E-001,8.759638071060181E-001,
5.580000000000000E+009,-1.127761080861092E-001,-2.530263960361481E-001,-3.330019116401672E-001,8.809539675712585E-001,-1.127761080861092E-001,-2.530263960361481E-001,-3.330019116401672E-001,8.809539675712585E-001,
5.591666666666666E+009,-1.421145647764206E-001,-2.043077498674393E-001,-3.197362720966339E-001,8.987569212913513E-001,-1.421145647764206E-001,-2.043077498674393E-001,-3.197362720966339E-001,8.987569212913513E-001,
5.603333333333333E+009,-1.305358111858368E-001,-1.503937542438507E-001,-2.860712409019470E-001,9.266133308410645E-001,-1.305358111858368E-001,-1.503937542438507E-001,-2.860712409019470E-001,9.266133308410645E-001,
5.615000000000000E+009,-8.689106255769730E-002,-1.192745715379715E-001,-2.441083490848541E-001,9.443716406822205E-001,-8.689106255769730E-002,-1.192745715379715E-001,-2.441083490848541E-001,9.443716406822205E-001,
5.626666666666666E+009,-3.690507635474205E-002,-1.312524080276489E-001,-2.013232409954071E-001,9.563355445861816E-001,-3.690507635474205E-002,-1.312524080276489E-001,-2.013232409954071E-001,9.563355445861816E-001,
5.638333333333333E+009,-1.251690369099379E-002,-1.794545650482178E-001,-1.550108939409256E-001,9.522022008895874E-001,-1.251690369099379E-002,-1.794545650482178E-001,-1.550108939409256E-001,9.522022008895874E-001,
5.650000000000000E+009,-3.415365889668465E-002,-2.296218127012253E-001,-1.213132739067078E-001,9.509459733963013E-001,-3.415365889668465E-002,-2.296218127012253E-001,-1.213132739067078E-001,9.509459733963013E-001,
5.661666666666666E+009,-8.713009953498840E-002,-2.558064460754395E-001,-9.464117139577866E-002,9.406002163887024E-001,-8.713009953498840E-002,-2.558064460754395E-001,-9.464117139577866E-002,9.406002163887024E-001,
5.673333333333333E+009,-1.466257572174072E-001,-2.417657971382141E-001,-6.924502551555634E-002,9.451981186866760E-001,-1.466257572174072E-001,-2.417657971382141E-001,-6.924502551555634E-002,9.451981186866760E-001,
5.685000000000000E+009,-1.784923076629639E-001,-1.929836124181747E-001,-4.892595112323761E-002,9.481202363967896E-001,-1.784923076629639E-001,-1.929836124181747E-001,-4.892595112323761E-002,9.481202363967896E-001,
5.696666666666666E+009,-1.719829440116882E-001,-1.370370090007782E-001,-1.697715558111668E-002,9.605237841606140E-001,-1.719829440116882E-001,-1.370370090007782E-001,-1.697715558111668E-002,9.605237841606140E-001,
5.708333333333333E+009,-1.279191225767136E-001,-1.038846001029015E-001,2.253271080553532E-002,9.690701365470886E-001,-1.279191225767136E-001,-1.038846001029015E-001,2.253271080553532E-002,9.690701365470886E-001,
5.720000000000000E+009,-7.957854121923447E-002,-1.124818101525307E-001,6.614360213279724E-002,9.764330387115479E-001,-7.957854121923447E-002,-1.124818101525307E-001,6.614360213279724E-002,9.764330387115479E-001,
5.731666666666666E+009,-5.478060990571976E-002,-1.524507850408554E-001,1.171542033553124E-001,9.653941392898560E-001,-5.478060990571976E-002,-1.524507850408554E-001,1.171542033553124E-001,9.653941392898560E-001,
5.743333333333333E+009,-7.289359718561173E-002,-1.987291872501373E-001,1.531268507242203E-001,9.525697231292725E-001,-7.289359718561173E-002,-1.987291872501373E-001,1.531268507242203E-001,9.525697231292725E-001,
5.755000000000000E+009,-1.165703013539314E-001,-2.204923182725906E-001,1.796634793281555E-001,9.389491081237793E-001,-1.165703013539314E-001,-2.204923182725906E-001,1.796634793281555E-001,9.389491081237793E-001,
5.766666666666666E+009,-1.669883430004120E-001,-2.071660608053207E-001,2.053353637456894E-001,9.252722859382629E-001,-1.669883430004120E-001,-2.071660608053207E-001,2.053353637456894E-001,9.252722859382629E-001,
5.778333333333333E+009,-1.949811279773712E-001,-1.655393391847611E-001,2.270733118057251E-001,9.277128577232361E-001,-1.949811279773712E-001,-1.655393391847611E-001,2.270733118057251E-001,9.277128577232361E-001,
5.790000000000000E+009,-1.868708580732346E-001,-1.186310723423958E-001,2.578624486923218E-001,9.165138602256775E-001,-1.868708580732346E-001,-1.186310723423958E-001,2.578624486923218E-001,9.165138602256775E-001,
5.801666666666666E+009,-1.516349464654923E-001,-9.295985102653503E-002,2.937194705009460E-001,9.221066832542419E-001,-1.516349464654923E-001,-9.295985102653503E-002,2.937194705009460E-001,9.221066832542419E-001,
5.813333333333333E+009,-1.112719550728798E-001,-9.920985996723175E-002,3.380872309207916E-001,9.125520586967468E-001,-1.112719550728798E-001,-9.920985996723175E-002,3.380872309207916E-001,9.125520586967468E-001,
5.825000000000000E+009,-9.660162776708603E-002,-1.316838115453720E-001,3.771413266658783E-001,8.962871432304382E-001,-9.660162776708603E-002,-1.316838115453720E-001,3.771413266658783E-001,8.962871432304382E-001,
5.836666666666666E+009,-1.098402962088585E-001,-1.614379286766052E-001,4.145537018775940E-001,8.690134882926941E-001,-1.098402962088585E-001,-1.614379286766052E-001,4.145537018775940E-001,8.690134882926941E-001,
5.848333333333333E+009,-1.409829705953598E-001,-1.701337695121765E-001,4.322226643562317E-001,8.510304689407349E-001,-1.409829705953598E-001,-1.701337695121765E-001,4.322226643562317E-001,8.510304689407349E-001,
5.860000000000000E+009,-1.703877747058868E-001,-1.560478061437607E-001,4.521932303905487E-001,8.386089801788330E-001,-1.703877747058868E-001,-1.560478061437607E-001,4.521932303905487E-001,8.386089801788330E-001,
5.871666666666666E+009,-1.777207404375076E-001,-1.287120580673218E-001,4.871775805950165E-001,8.286946415901184E-001,-1.777207404375076E-001,-1.287120580673218E-001,4.871775805950165E-001,8.286946415901184E-001,
5.883333333333333E+009,-1.634300351142883E-001,-1.058803498744965E-001,5.179548263549805E-001,8.146305680274963E-001,-1.634300351142883E-001,-1.058803498744965E-001,5.179548263549805E-001,8.146305680274963E-001,
5.895000000000000E+009,-1.356487423181534E-001,-1.069850400090218E-001,5.556480288505554E-001,7.931643128395081E-001,-1.356487423181534E-001,-1.069850400090218E-001,5.556480288505554E-001,7.931643128395081E-001,
5.906666666666666E+009,-1.171159595251083E-001,-1.322982311248779E-001,5.958778858184815E-001,7.671932578086853E-001,-1.171159595251083E-001,-1.322982311248779E-001,5.958778858184815E-001,7.671932578086853E-001,
5.918333333333333E+009,-1.232764422893524E-001,-1.654909402132034E-001,6.244990229606628E-001,7.360441088676453E-001,-1.232764422893524E-001,-1.654909402132034E-001,6.244990229606628E-001,7.360441088676453E-001,
5.930000000000000E+009,-1.590157896280289E-001,-1.872746795415878E-001,6.445599198341370E-001,6.961708068847656E-001,-1.590157896280289E-001,-1.872746795415878E-001,6.445599198341370E-001,6.961708068847656E-001,
5.941666666666666E+009,-2.032729834318161E-001,-1.834144592285156E-001,6.574463248252869E-001,6.886662840843201E-001,-2.032729834318161E-001,-1.834144592285156E-001,6.574463248252869E-001,6.886662840843201E-001,
5.953333333333333E+009,-2.349115014076233E-001,-1.538645178079605E-001,6.637388467788696E-001,6.649052500724793E-001,-2.349115014076233E-001,-1.538645178079605E-001,6.637388467788696E-001,6.649052500724793E-001,
5.965000000000000E+009,-2.469164878129959E-001,-1.153580322861671E-001,6.839283704757690E-001,6.474218368530273E-001,-2.469164878129959E-001,-1.153580322861671E-001,6.839283704757690E-001,6.474218368530273E-001,
5.976666666666666E+009,-2.335014194250107E-001,-8.026288449764252E-002,7.157645821571350E-001,6.175392866134644E-001,-2.335014194250107E-001,-8.026288449764252E-002,7.157645821571350E-001,6.175392866134644E-001,
5.988333333333333E+009,-2.052796781063080E-001,-7.200080901384354E-002,7.403415441513062E-001,6.056971549987793E-001,-2.052796781063080E-001,-7.200080901384354E-002,7.403415441513062E-001,6.056971549987793E-001,
6.000000000000000E+009,-1.831883639097214E-001,-8.130569756031036E-002,7.760440111160278E-001,5.895567536354065E-001,-1.831883639097214E-001,-8.130569756031036E-002,7.760440111160278E-001,5.895567536354065E-001,
