% Version 1.00
%
%freq[Hz],re:Trc1_S11,im:Trc1_S11,re:Trc2_S21,im:Trc2_S21,re:Trc3_S11,im:Trc3_S11,re:Trc4_S21,im:Trc4_S21,
2.500000000000000E+009,1.313284318894148E-002,9.149263799190521E-002,2.235093712806702E-001,-9.611060619354248E-001,1.313284318894148E-002,9.149263799190521E-002,2.235093712806702E-001,-9.611060619354248E-001,
2.511666666666667E+009,-2.410390973091126E-002,1.002704352140427E-001,1.726834625005722E-001,-9.702746272087097E-001,-2.410390973091126E-002,1.002704352140427E-001,1.726834625005722E-001,-9.702746272087097E-001,
2.523333333333334E+009,-4.348065331578255E-002,1.399731040000916E-001,1.470690816640854E-001,-9.708931446075440E-001,-4.348065331578255E-002,1.399731040000916E-001,1.470690816640854E-001,-9.708931446075440E-001,
2.535000000000000E+009,-2.644727751612663E-002,1.829712241888046E-001,9.460546821355820E-002,-9.651734828948975E-001,-2.644727751612663E-002,1.829712241888046E-001,9.460546821355820E-002,-9.651734828948975E-001,
2.546666666666667E+009,1.948317140340805E-002,2.039890140295029E-001,6.915064901113510E-002,-9.688957333564758E-001,1.948317140340805E-002,2.039890140295029E-001,6.915064901113510E-002,-9.688957333564758E-001,
2.558333333333334E+009,6.882385909557343E-002,1.878805458545685E-001,4.838557168841362E-002,-9.656422734260559E-001,6.882385909557343E-002,1.878805458545685E-001,4.838557168841362E-002,-9.656422734260559E-001,
2.570000000000000E+009,9.621776640415192E-002,1.460895240306854E-001,1.052040047943592E-002,-9.667119979858398E-001,9.621776640415192E-002,1.460895240306854E-001,1.052040047943592E-002,-9.667119979858398E-001,
2.581666666666667E+009,8.767198771238327E-002,1.007866188883781E-001,-2.400599233806133E-002,-9.738062620162964E-001,8.767198771238327E-002,1.007866188883781E-001,-2.400599233806133E-002,-9.738062620162964E-001,
2.593333333333334E+009,5.240670964121819E-002,7.907763868570328E-002,-6.556344032287598E-002,-9.783574938774109E-001,5.240670964121819E-002,7.907763868570328E-002,-6.556344032287598E-002,-9.783574938774109E-001,
2.605000000000000E+009,1.372239831835032E-002,9.542434662580490E-002,-1.068558171391487E-001,-9.782230854034424E-001,1.372239831835032E-002,9.542434662580490E-002,-1.068558171391487E-001,-9.782230854034424E-001,
2.616666666666667E+009,1.837337738834322E-003,1.392708271741867E-001,-1.475555747747421E-001,-9.683807492256165E-001,1.837337738834322E-003,1.392708271741867E-001,-1.475555747747421E-001,-9.683807492256165E-001,
2.628333333333334E+009,2.481833286583424E-002,1.834079772233963E-001,-1.836489588022232E-001,-9.510570764541626E-001,2.481833286583424E-002,1.834079772233963E-001,-1.836489588022232E-001,-9.510570764541626E-001,
2.640000000000000E+009,6.982433795928955E-002,1.971988528966904E-001,-2.064449936151505E-001,-9.458814263343811E-001,6.982433795928955E-002,1.971988528966904E-001,-2.064449936151505E-001,-9.458814263343811E-001,
2.651666666666667E+009,1.189834773540497E-001,1.766973137855530E-001,-2.317398190498352E-001,-9.361184239387512E-001,1.189834773540497E-001,1.766973137855530E-001,-2.317398190498352E-001,-9.361184239387512E-001,
2.663333333333334E+009,1.413585841655731E-001,1.315079331398010E-001,-2.597060799598694E-001,-9.329221248626709E-001,1.413585841655731E-001,1.315079331398010E-001,-2.597060799598694E-001,-9.329221248626709E-001,
2.675000000000000E+009,1.305519640445709E-001,8.648560196161270E-002,-2.950990498065949E-001,-9.292352199554443E-001,1.305519640445709E-001,8.648560196161270E-002,-2.950990498065949E-001,-9.292352199554443E-001,
2.686666666666667E+009,9.405454248189926E-002,6.860622018575668E-002,-3.321335315704346E-001,-9.274141192436218E-001,9.405454248189926E-002,6.860622018575668E-002,-3.321335315704346E-001,-9.274141192436218E-001,
2.698333333333334E+009,6.042491644620895E-002,8.569099754095078E-002,-3.689039647579193E-001,-9.100519418716431E-001,6.042491644620895E-002,8.569099754095078E-002,-3.689039647579193E-001,-9.100519418716431E-001,
2.710000000000000E+009,5.537530407309532E-002,1.279840022325516E-001,-4.106218814849854E-001,-8.940138220787048E-001,5.537530407309532E-002,1.279840022325516E-001,-4.106218814849854E-001,-8.940138220787048E-001,
2.721666666666667E+009,8.470538258552551E-002,1.643710285425186E-001,-4.413963258266449E-001,-8.665866255760193E-001,8.470538258552551E-002,1.643710285425186E-001,-4.413963258266449E-001,-8.665866255760193E-001,
2.733333333333334E+009,1.346613317728043E-001,1.729637086391449E-001,-4.587711989879608E-001,-8.467217683792114E-001,1.346613317728043E-001,1.729637086391449E-001,-4.587711989879608E-001,-8.467217683792114E-001,
2.745000000000000E+009,1.799808889627457E-001,1.449292749166489E-001,-4.859138727188110E-001,-8.303896784782410E-001,1.799808889627457E-001,1.449292749166489E-001,-4.859138727188110E-001,-8.303896784782410E-001,
2.756666666666667E+009,1.978316754102707E-001,9.534872323274612E-002,-5.110281109809876E-001,-8.148391842842102E-001,1.978316754102707E-001,9.534872323274612E-002,-5.110281109809876E-001,-8.148391842842102E-001,
2.768333333333334E+009,1.814224272966385E-001,4.664420709013939E-002,-5.404923558235169E-001,-8.034838438034058E-001,1.814224272966385E-001,4.664420709013939E-002,-5.404923558235169E-001,-8.034838438034058E-001,
2.780000000000000E+009,1.416945010423660E-001,2.565385960042477E-002,-5.781009197235107E-001,-7.899115681648254E-001,1.416945010423660E-001,2.565385960042477E-002,-5.781009197235107E-001,-7.899115681648254E-001,
2.791666666666667E+009,1.059872359037399E-001,4.199151322245598E-002,-6.114379167556763E-001,-7.657624483108521E-001,1.059872359037399E-001,4.199151322245598E-002,-6.114379167556763E-001,-7.657624483108521E-001,
2.803333333333334E+009,1.034068390727043E-001,7.978987693786621E-002,-6.402946114540100E-001,-7.363957762718201E-001,1.034068390727043E-001,7.978987693786621E-002,-6.402946114540100E-001,-7.363957762718201E-001,
2.815000000000000E+009,1.303077489137650E-001,1.132065355777741E-001,-6.629882454872131E-001,-7.084050178527832E-001,1.303077489137650E-001,1.132065355777741E-001,-6.629882454872131E-001,-7.084050178527832E-001,
2.826666666666667E+009,1.803496330976486E-001,1.160366982221603E-001,-6.870653033256531E-001,-6.838621497154236E-001,1.803496330976486E-001,1.160366982221603E-001,-6.870653033256531E-001,-6.838621497154236E-001,
2.838333333333334E+009,2.183134704828262E-001,8.554841578006744E-002,-7.022290229797363E-001,-6.514465808868408E-001,2.183134704828262E-001,8.554841578006744E-002,-7.022290229797363E-001,-6.514465808868408E-001,
2.850000000000000E+009,2.306373268365860E-001,3.009123727679253E-002,-7.179493308067322E-001,-6.338415145874023E-001,2.306373268365860E-001,3.009123727679253E-002,-7.179493308067322E-001,-6.338415145874023E-001,
2.861666666666667E+009,2.069949656724930E-001,-1.693778298795223E-002,-7.328101992607117E-001,-6.213316321372986E-001,2.069949656724930E-001,-1.693778298795223E-002,-7.328101992607117E-001,-6.213316321372986E-001,
2.873333333333334E+009,1.584771573543549E-001,-3.651737794280052E-002,-7.704885601997376E-001,-5.955615043640137E-001,1.584771573543549E-001,-3.651737794280052E-002,-7.704885601997376E-001,-5.955615043640137E-001,
2.885000000000000E+009,1.228981241583824E-001,-1.822377927601337E-002,-7.956644296646118E-001,-5.699255466461182E-001,1.228981241583824E-001,-1.822377927601337E-002,-7.956644296646118E-001,-5.699255466461182E-001,
2.896666666666667E+009,1.160335764288902E-001,2.166406810283661E-002,-8.220804333686829E-001,-5.311249494552612E-001,1.160335764288902E-001,2.166406810283661E-002,-8.220804333686829E-001,-5.311249494552612E-001,
2.908333333333334E+009,1.487246453762054E-001,5.289699882268906E-002,-8.412636518478394E-001,-4.948689639568329E-001,1.487246453762054E-001,5.289699882268906E-002,-8.412636518478394E-001,-4.948689639568329E-001,
2.920000000000000E+009,2.013576477766037E-001,5.355890840291977E-002,-8.498151302337647E-001,-4.614377915859222E-001,2.013576477766037E-001,5.355890840291977E-002,-8.498151302337647E-001,-4.614377915859222E-001,
2.931666666666667E+009,2.421675920486450E-001,2.002312615513802E-002,-8.559060096740723E-001,-4.270297586917877E-001,2.421675920486450E-001,2.002312615513802E-002,-8.559060096740723E-001,-4.270297586917877E-001,
2.943333333333334E+009,2.451326102018356E-001,-3.733097016811371E-002,-8.671125173568726E-001,-4.004541337490082E-001,2.451326102018356E-001,-3.733097016811371E-002,-8.671125173568726E-001,-4.004541337490082E-001,
2.955000000000000E+009,2.130567729473114E-001,-8.448377996683121E-002,-8.804475069046021E-001,-3.757266402244568E-001,2.130567729473114E-001,-8.448377996683121E-002,-8.804475069046021E-001,-3.757266402244568E-001,
2.966666666666667E+009,1.610651761293411E-001,-1.037073433399200E-001,-8.986927866935730E-001,-3.582124412059784E-001,1.610651761293411E-001,-1.037073433399200E-001,-8.986927866935730E-001,-3.582124412059784E-001,
2.978333333333334E+009,1.173392236232758E-001,-8.284038305282593E-002,-9.207726716995239E-001,-3.221068978309631E-001,1.173392236232758E-001,-8.284038305282593E-002,-9.207726716995239E-001,-3.221068978309631E-001,
2.990000000000000E+009,1.102100610733032E-001,-4.026866704225540E-002,-9.360573887825012E-001,-2.788622975349426E-001,1.102100610733032E-001,-4.026866704225540E-002,-9.360573887825012E-001,-2.788622975349426E-001,
3.001666666666667E+009,1.440998762845993E-001,-8.845025673508644E-003,-9.479933977127075E-001,-2.438621819019318E-001,1.440998762845993E-001,-8.845025673508644E-003,-9.479933977127075E-001,-2.438621819019318E-001,
3.013333333333334E+009,1.985836327075958E-001,-1.477590855211020E-002,-9.437863826751709E-001,-2.022024244070053E-001,1.985836327075958E-001,-1.477590855211020E-002,-9.437863826751709E-001,-2.022024244070053E-001,
3.025000000000000E+009,2.351002544164658E-001,-5.843214690685272E-002,-9.317670464515686E-001,-1.784240752458572E-001,2.351002544164658E-001,-5.843214690685272E-002,-9.317670464515686E-001,-1.784240752458572E-001,
3.036666666666667E+009,2.344488948583603E-001,-1.143501698970795E-001,-9.428741335868835E-001,-1.461988985538483E-001,2.344488948583603E-001,-1.143501698970795E-001,-9.428741335868835E-001,-1.461988985538483E-001,
3.048333333333333E+009,1.921988427639008E-001,-1.659704446792603E-001,-9.456791281700134E-001,-1.182147487998009E-001,1.921988427639008E-001,-1.659704446792603E-001,-9.456791281700134E-001,-1.182147487998009E-001,
3.060000000000000E+009,1.272935569286346E-001,-1.739096641540527E-001,-9.497769474983215E-001,-8.903452008962631E-002,1.272935569286346E-001,-1.739096641540527E-001,-9.497769474983215E-001,-8.903452008962631E-002,
3.071666666666667E+009,7.953985780477524E-002,-1.409654319286346E-001,-9.647365212440491E-001,-5.635766685009003E-002,7.953985780477524E-002,-1.409654319286346E-001,-9.647365212440491E-001,-5.635766685009003E-002,
3.083333333333333E+009,7.353492081165314E-002,-9.047546982765198E-002,-9.770117998123169E-001,-1.450620777904987E-002,7.353492081165314E-002,-9.047546982765198E-002,-9.770117998123169E-001,-1.450620777904987E-002,
3.095000000000000E+009,1.142572462558746E-001,-5.657127499580383E-002,-9.774063229560852E-001,2.940483205020428E-002,1.142572462558746E-001,-5.657127499580383E-002,-9.774063229560852E-001,2.940483205020428E-002,
3.106666666666667E+009,1.765199452638626E-001,-6.883388012647629E-002,-9.677588939666748E-001,7.283274829387665E-002,1.765199452638626E-001,-6.883388012647629E-002,-9.677588939666748E-001,7.283274829387665E-002,
3.118333333333333E+009,2.152390629053116E-001,-1.230318099260330E-001,-9.539819955825806E-001,1.031342670321465E-001,2.152390629053116E-001,-1.230318099260330E-001,-9.539819955825806E-001,1.031342670321465E-001,
3.130000000000000E+009,2.070410847663879E-001,-1.966743767261505E-001,-9.318903684616089E-001,1.387603133916855E-001,2.070410847663879E-001,-1.966743767261505E-001,-9.318903684616089E-001,1.387603133916855E-001,
3.141666666666667E+009,1.543083190917969E-001,-2.447025328874588E-001,-9.322232604026794E-001,1.579096615314484E-001,1.543083190917969E-001,-2.447025328874588E-001,-9.322232604026794E-001,1.579096615314484E-001,
3.153333333333333E+009,7.651132345199585E-002,-2.483952939510346E-001,-9.260104298591614E-001,1.760764867067337E-001,7.651132345199585E-002,-2.483952939510346E-001,-9.260104298591614E-001,1.760764867067337E-001,
3.165000000000000E+009,2.063404396176338E-002,-2.086133360862732E-001,-9.386219978332520E-001,2.197363823652268E-001,2.063404396176338E-002,-2.086133360862732E-001,-9.386219978332520E-001,2.197363823652268E-001,
3.176666666666667E+009,8.432962931692600E-003,-1.468117833137512E-001,-9.405462741851807E-001,2.486138492822647E-001,8.432962931692600E-003,-1.468117833137512E-001,-9.405462741851807E-001,2.486138492822647E-001,
3.188333333333333E+009,4.837736114859581E-002,-1.051507368683815E-001,-9.289939999580383E-001,2.979484796524048E-001,4.837736114859581E-002,-1.051507368683815E-001,-9.289939999580383E-001,2.979484796524048E-001,
3.200000000000000E+009,1.120506376028061E-001,-1.163381785154343E-001,-9.130076169967651E-001,3.383554816246033E-001,1.120506376028061E-001,-1.163381785154343E-001,-9.130076169967651E-001,3.383554816246033E-001,
3.211666666666667E+009,1.491150259971619E-001,-1.757389754056931E-001,-8.876601457595825E-001,3.688418269157410E-001,1.491150259971619E-001,-1.757389754056931E-001,-8.876601457595825E-001,3.688418269157410E-001,
3.223333333333333E+009,1.333093345165253E-001,-2.478971034288406E-001,-8.604826331138611E-001,3.913110494613648E-001,1.333093345165253E-001,-2.478971034288406E-001,-8.604826331138611E-001,3.913110494613648E-001,
3.235000000000000E+009,7.007088512182236E-002,-2.920779287815094E-001,-8.458335399627686E-001,4.050500988960266E-001,7.007088512182236E-002,-2.920779287815094E-001,-8.458335399627686E-001,4.050500988960266E-001,
3.246666666666667E+009,-8.961782790720463E-003,-2.849317491054535E-001,-8.399167060852051E-001,4.318120777606964E-001,-8.961782790720463E-003,-2.849317491054535E-001,-8.399167060852051E-001,4.318120777606964E-001,
3.258333333333333E+009,-6.909052282571793E-002,-2.314522415399551E-001,-8.377900719642639E-001,4.525329768657684E-001,-6.909052282571793E-002,-2.314522415399551E-001,-8.377900719642639E-001,4.525329768657684E-001,
3.270000000000000E+009,-7.529027760028839E-002,-1.598580628633499E-001,-8.290412425994873E-001,4.998988807201386E-001,-7.529027760028839E-002,-1.598580628633499E-001,-8.290412425994873E-001,4.998988807201386E-001,
3.281666666666667E+009,-2.738262899219990E-002,-1.136435493826866E-001,-8.151524662971497E-001,5.392965078353882E-001,-2.738262899219990E-002,-1.136435493826866E-001,-8.151524662971497E-001,5.392965078353882E-001,
3.293333333333333E+009,3.914023190736771E-002,-1.253538727760315E-001,-7.867026329040527E-001,5.741508603096008E-001,3.914023190736771E-002,-1.253538727760315E-001,-7.867026329040527E-001,5.741508603096008E-001,
3.305000000000000E+009,7.587420940399170E-002,-1.910407394170761E-001,-7.443037033081055E-001,6.021901965141296E-001,7.587420940399170E-002,-1.910407394170761E-001,-7.443037033081055E-001,6.021901965141296E-001,
3.316666666666667E+009,5.481271445751190E-002,-2.666641771793366E-001,-7.159606218338013E-001,6.175032854080200E-001,5.481271445751190E-002,-2.666641771793366E-001,-7.159606218338013E-001,6.175032854080200E-001,
3.328333333333333E+009,-1.582137495279312E-002,-3.078760206699371E-001,-6.906825900077820E-001,6.344176530838013E-001,-1.582137495279312E-002,-3.078760206699371E-001,-6.906825900077820E-001,6.344176530838013E-001,
3.340000000000000E+009,-9.742398560047150E-002,-2.946100234985352E-001,-6.794629096984863E-001,6.371663808822632E-001,-9.742398560047150E-002,-2.946100234985352E-001,-6.794629096984863E-001,6.371663808822632E-001,
3.351666666666667E+009,-1.543610394001007E-001,-2.307905405759811E-001,-6.685094833374023E-001,6.630686521530151E-001,-1.543610394001007E-001,-2.307905405759811E-001,-6.685094833374023E-001,6.630686521530151E-001,
3.363333333333333E+009,-1.562804132699966E-001,-1.512716859579086E-001,-6.597223281860352E-001,6.926391720771790E-001,-1.562804132699966E-001,-1.512716859579086E-001,-6.597223281860352E-001,6.926391720771790E-001,
3.375000000000000E+009,-1.067030578851700E-001,-1.028433367609978E-001,-6.439931988716126E-001,7.403028607368469E-001,-1.067030578851700E-001,-1.028433367609978E-001,-6.439931988716126E-001,7.403028607368469E-001,
3.386666666666667E+009,-4.283050075173378E-002,-1.142623275518417E-001,-5.918887257575989E-001,7.701855897903442E-001,-4.283050075173378E-002,-1.142623275518417E-001,-5.918887257575989E-001,7.701855897903442E-001,
3.398333333333333E+009,-1.201235689222813E-002,-1.803774386644363E-001,-5.546323060989380E-001,7.862004041671753E-001,-1.201235689222813E-002,-1.803774386644363E-001,-5.546323060989380E-001,7.862004041671753E-001,
3.410000000000000E+009,-4.222929850220680E-002,-2.501610815525055E-001,-5.151942372322083E-001,8.008835911750794E-001,-4.222929850220680E-002,-2.501610815525055E-001,-5.151942372322083E-001,8.008835911750794E-001,
3.421666666666667E+009,-1.143247932195664E-001,-2.785542607307434E-001,-4.843194484710693E-001,7.968069911003113E-001,-1.143247932195664E-001,-2.785542607307434E-001,-4.843194484710693E-001,7.968069911003113E-001,
3.433333333333333E+009,-1.896223872900009E-001,-2.500367462635040E-001,-4.638386666774750E-001,8.025355339050293E-001,-1.896223872900009E-001,-2.500367462635040E-001,-4.638386666774750E-001,8.025355339050293E-001,
3.445000000000000E+009,-2.328139841556549E-001,-1.786177754402161E-001,-4.533639252185822E-001,8.166140913963318E-001,-2.328139841556549E-001,-1.786177754402161E-001,-4.533639252185822E-001,8.166140913963318E-001,
3.456666666666667E+009,-2.235088497400284E-001,-9.646553546190262E-002,-4.404908120632172E-001,8.476253747940064E-001,-2.235088497400284E-001,-9.646553546190262E-002,-4.404908120632172E-001,8.476253747940064E-001,
3.468333333333333E+009,-1.649282574653626E-001,-4.760903120040894E-002,-4.148461818695068E-001,8.759704828262329E-001,-1.649282574653626E-001,-4.760903120040894E-002,-4.148461818695068E-001,8.759704828262329E-001,
3.480000000000000E+009,-9.552043676376343E-002,-6.578466296195984E-002,-3.728247880935669E-001,9.095528721809387E-001,-9.552043676376343E-002,-6.578466296195984E-002,-3.728247880935669E-001,9.095528721809387E-001,
3.491666666666667E+009,-7.089406251907349E-002,-1.339549869298935E-001,-3.118833005428314E-001,9.185948371887207E-001,-7.089406251907349E-002,-1.339549869298935E-001,-3.118833005428314E-001,9.185948371887207E-001,
3.503333333333333E+009,-1.068870648741722E-001,-2.043192535638809E-001,-2.672498822212219E-001,9.180945158004761E-001,-1.068870648741722E-001,-2.043192535638809E-001,-2.672498822212219E-001,9.180945158004761E-001,
3.515000000000000E+009,-1.846723258495331E-001,-2.296544760465622E-001,-2.408877462148666E-001,9.084135890007019E-001,-1.846723258495331E-001,-2.296544760465622E-001,-2.408877462148666E-001,9.084135890007019E-001,
3.526666666666667E+009,-2.599274814128876E-001,-1.949816048145294E-001,-2.211602628231049E-001,9.036173820495606E-001,-2.599274814128876E-001,-1.949816048145294E-001,-2.211602628231049E-001,9.036173820495606E-001,
3.538333333333333E+009,-2.978527247905731E-001,-1.144329831004143E-001,-2.052689492702484E-001,9.119125008583069E-001,-2.978527247905731E-001,-1.144329831004143E-001,-2.052689492702484E-001,9.119125008583069E-001,
3.550000000000000E+009,-2.789115011692047E-001,-2.895780093967915E-002,-1.855345368385315E-001,9.283586144447327E-001,-2.789115011692047E-001,-2.895780093967915E-002,-1.855345368385315E-001,9.283586144447327E-001,
3.561666666666667E+009,-2.147633582353592E-001,2.145807072520256E-002,-1.598452329635620E-001,9.539579749107361E-001,-2.147633582353592E-001,2.145807072520256E-002,-1.598452329635620E-001,9.539579749107361E-001,
3.573333333333333E+009,-1.423516869544983E-001,7.846544496715069E-003,-1.098047494888306E-001,9.691195487976074E-001,-1.423516869544983E-001,7.846544496715069E-003,-1.098047494888306E-001,9.691195487976074E-001,
3.585000000000000E+009,-1.120564490556717E-001,-5.553542450070381E-002,-5.261544883251190E-002,9.699419140815735E-001,-1.120564490556717E-001,-5.553542450070381E-002,-5.261544883251190E-002,9.699419140815735E-001,
3.596666666666667E+009,-1.464357227087021E-001,-1.235455051064491E-001,-7.487671915441752E-003,9.588413834571838E-001,-1.464357227087021E-001,-1.235455051064491E-001,-7.487671915441752E-003,9.588413834571838E-001,
3.608333333333333E+009,-2.215534895658493E-001,-1.462658047676086E-001,2.128701284527779E-002,9.464573264122009E-001,-2.215534895658493E-001,-1.462658047676086E-001,2.128701284527779E-002,9.464573264122009E-001,
3.620000000000000E+009,-2.919831871986389E-001,-1.091900914907455E-001,5.048559978604317E-002,9.306858181953430E-001,-2.919831871986389E-001,-1.091900914907455E-001,5.048559978604317E-002,9.306858181953430E-001,
3.631666666666667E+009,-3.222460746765137E-001,-3.208050876855850E-002,5.847867950797081E-002,9.271344542503357E-001,-3.222460746765137E-001,-3.208050876855850E-002,5.847867950797081E-002,9.271344542503357E-001,
3.643333333333333E+009,-2.943687140941620E-001,4.849898815155029E-002,8.093024790287018E-002,9.355992674827576E-001,-2.943687140941620E-001,4.849898815155029E-002,8.093024790287018E-002,9.355992674827576E-001,
3.655000000000000E+009,-2.268446832895279E-001,9.446533769369125E-002,1.098584309220314E-001,9.518089890480042E-001,-2.268446832895279E-001,9.446533769369125E-002,1.098584309220314E-001,9.518089890480042E-001,
3.666666666666667E+009,-1.549431234598160E-001,8.067913353443146E-002,1.642341464757919E-001,9.563130736351013E-001,-1.549431234598160E-001,8.067913353443146E-002,1.642341464757919E-001,9.563130736351013E-001,
3.678333333333333E+009,-1.275074034929276E-001,1.880454830825329E-002,2.095356136560440E-001,9.490998983383179E-001,-1.275074034929276E-001,1.880454830825329E-002,2.095356136560440E-001,9.490998983383179E-001,
3.690000000000000E+009,-1.612751036882401E-001,-4.307698458433151E-002,2.538470923900604E-001,9.331755638122559E-001,-1.612751036882401E-001,-4.307698458433151E-002,2.538470923900604E-001,9.331755638122559E-001,
3.701666666666667E+009,-2.357625961303711E-001,-5.846314504742622E-002,2.899740934371948E-001,9.004991650581360E-001,-2.357625961303711E-001,-5.846314504742622E-002,2.899740934371948E-001,9.004991650581360E-001,
3.713333333333333E+009,-3.017352521419525E-001,-1.699887961149216E-002,3.053320944309235E-001,8.825545907020569E-001,-3.017352521419525E-001,-1.699887961149216E-002,3.053320944309235E-001,8.825545907020569E-001,
3.725000000000000E+009,-3.223388195037842E-001,6.048954278230667E-002,3.192633390426636E-001,8.724624514579773E-001,-3.223388195037842E-001,6.048954278230667E-002,3.192633390426636E-001,8.724624514579773E-001,
3.736666666666667E+009,-2.880924940109253E-001,1.417270600795746E-001,3.417361080646515E-001,8.698500394821167E-001,-2.880924940109253E-001,1.417270600795746E-001,3.417361080646515E-001,8.698500394821167E-001,
3.748333333333333E+009,-2.084584832191467E-001,1.828258335590363E-001,3.732003569602966E-001,8.863346576690674E-001,-2.084584832191467E-001,1.828258335590363E-001,3.732003569602966E-001,8.863346576690674E-001,
3.760000000000000E+009,-1.276936978101730E-001,1.637300103902817E-001,4.174040555953980E-001,8.850257396697998E-001,-1.276936978101730E-001,1.637300103902817E-001,4.174040555953980E-001,8.850257396697998E-001,
3.771666666666667E+009,-9.306532889604569E-002,9.790576249361038E-002,4.672247469425201E-001,8.657417297363281E-001,-9.306532889604569E-002,9.790576249361038E-002,4.672247469425201E-001,8.657417297363281E-001,
3.783333333333333E+009,-1.263641119003296E-001,3.343383967876434E-002,5.082315802574158E-001,8.379867672920227E-001,-1.263641119003296E-001,3.343383967876434E-002,5.082315802574158E-001,8.379867672920227E-001,
3.795000000000000E+009,-2.025332599878311E-001,1.525996904820204E-002,5.323429107666016E-001,7.968441843986511E-001,-2.025332599878311E-001,1.525996904820204E-002,5.323429107666016E-001,7.968441843986511E-001,
3.806666666666667E+009,-2.687204182147980E-001,5.333421751856804E-002,5.494543910026550E-001,7.657122611999512E-001,-2.687204182147980E-001,5.333421751856804E-002,5.494543910026550E-001,7.657122611999512E-001,
3.818333333333333E+009,-2.879050672054291E-001,1.308044940233231E-001,5.663345456123352E-001,7.469230294227600E-001,-2.879050672054291E-001,1.308044940233231E-001,5.663345456123352E-001,7.469230294227600E-001,
3.830000000000000E+009,-2.519199550151825E-001,2.051527202129364E-001,5.757645964622498E-001,7.348009347915649E-001,-2.519199550151825E-001,2.051527202129364E-001,5.757645964622498E-001,7.348009347915649E-001,
3.841666666666667E+009,-1.750683337450028E-001,2.396914660930634E-001,5.966346263885498E-001,7.391945123672485E-001,-1.750683337450028E-001,2.396914660930634E-001,5.966346263885498E-001,7.391945123672485E-001,
3.853333333333333E+009,-9.642355889081955E-002,2.208429574966431E-001,6.380087733268738E-001,7.277585864067078E-001,-9.642355889081955E-002,2.208429574966431E-001,6.380087733268738E-001,7.277585864067078E-001,
3.865000000000000E+009,-5.869343131780624E-002,1.595484465360642E-001,6.868841052055359E-001,7.067484259605408E-001,-5.869343131780624E-002,1.595484465360642E-001,6.868841052055359E-001,7.067484259605408E-001,
3.876666666666667E+009,-8.705116063356400E-002,9.640116989612579E-002,7.150630950927734E-001,6.701533794403076E-001,-8.705116063356400E-002,9.640116989612579E-002,7.150630950927734E-001,6.701533794403076E-001,
3.888333333333333E+009,-1.603557169437408E-001,8.034545183181763E-002,7.446427941322327E-001,6.226937770843506E-001,-1.603557169437408E-001,8.034545183181763E-002,7.446427941322327E-001,6.226937770843506E-001,
3.900000000000000E+009,-2.260674387216568E-001,1.235832124948502E-001,7.551509141921997E-001,5.883665680885315E-001,-2.260674387216568E-001,1.235832124948502E-001,7.551509141921997E-001,5.883665680885315E-001,
3.911666666666667E+009,-2.422043234109879E-001,2.019008249044418E-001,7.558810114860535E-001,5.543591380119324E-001,-2.422043234109879E-001,2.019008249044418E-001,7.558810114860535E-001,5.543591380119324E-001,
3.923333333333333E+009,-1.980084180831909E-001,2.745100557804108E-001,7.651847004890442E-001,5.378903746604919E-001,-1.980084180831909E-001,2.745100557804108E-001,7.651847004890442E-001,5.378903746604919E-001,
3.935000000000000E+009,-1.123882755637169E-001,3.041622638702393E-001,7.851756215095520E-001,5.281998515129089E-001,-1.123882755637169E-001,3.041622638702393E-001,7.851756215095520E-001,5.281998515129089E-001,
3.946666666666667E+009,-3.221950307488442E-002,2.784184813499451E-001,8.091173171997070E-001,5.153169035911560E-001,-3.221950307488442E-002,2.784184813499451E-001,8.091173171997070E-001,5.153169035911560E-001,
3.958333333333333E+009,1.017583440989256E-002,2.110046595335007E-001,8.453436493873596E-001,4.887198805809021E-001,1.017583440989256E-002,2.110046595335007E-001,8.453436493873596E-001,4.887198805809021E-001,
3.970000000000000E+009,-1.096501853317022E-002,1.483062356710434E-001,8.711823821067810E-001,4.473377168178558E-001,-1.096501853317022E-002,1.483062356710434E-001,8.711823821067810E-001,4.473377168178558E-001,
3.981666666666667E+009,-7.439727336168289E-002,1.284825801849365E-001,8.947240114212036E-001,4.007601439952850E-001,-7.439727336168289E-002,1.284825801849365E-001,8.947240114212036E-001,4.007601439952850E-001,
3.993333333333333E+009,-1.352573484182358E-001,1.651387065649033E-001,8.948989510536194E-001,3.542572259902954E-001,-1.352573484182358E-001,1.651387065649033E-001,8.948989510536194E-001,3.542572259902954E-001,
4.005000000000000E+009,-1.507005393505096E-001,2.373104691505432E-001,8.970272541046143E-001,3.196979761123657E-001,-1.507005393505096E-001,2.373104691505432E-001,8.970272541046143E-001,3.196979761123657E-001,
4.016666666666667E+009,-1.095304191112518E-001,3.012374043464661E-001,8.878999948501587E-001,2.987313866615295E-001,-1.095304191112518E-001,3.012374043464661E-001,8.878999948501587E-001,2.987313866615295E-001,
4.028333333333333E+009,-3.154399991035461E-002,3.219312131404877E-001,9.013282656669617E-001,2.797888219356537E-001,-3.154399991035461E-002,3.219312131404877E-001,9.013282656669617E-001,2.797888219356537E-001,
4.040000000000000E+009,4.866667464375496E-002,2.868819832801819E-001,9.233996272087097E-001,2.639159262180328E-001,4.866667464375496E-002,2.868819832801819E-001,9.233996272087097E-001,2.639159262180328E-001,
4.051666666666667E+009,8.494742959737778E-002,2.140026092529297E-001,9.385602474212647E-001,2.239648848772049E-001,8.494742959737778E-002,2.140026092529297E-001,9.385602474212647E-001,2.239648848772049E-001,
4.063333333333333E+009,6.076473742723465E-002,1.481413096189499E-001,9.612317085266113E-001,1.870653778314591E-001,6.076473742723465E-002,1.481413096189499E-001,9.612317085266113E-001,1.870653778314591E-001,
4.075000000000000E+009,-3.832525340840221E-003,1.281494796276093E-001,9.755977392196655E-001,1.314692646265030E-001,-3.832525340840221E-003,1.281494796276093E-001,9.755977392196655E-001,1.314692646265030E-001,
4.086666666666667E+009,-6.162643805146217E-002,1.712073534727097E-001,9.628188610076904E-001,8.310201019048691E-002,-6.162643805146217E-002,1.712073534727097E-001,9.628188610076904E-001,8.310201019048691E-002,
4.098333333333333E+009,-7.391842454671860E-002,2.438518255949020E-001,9.515415430068970E-001,5.306123569607735E-002,-7.391842454671860E-002,2.438518255949020E-001,9.515415430068970E-001,5.306123569607735E-002,
4.110000000000000E+009,-3.081991709768772E-002,3.052721321582794E-001,9.394026994705200E-001,2.042724750936031E-002,-3.081991709768772E-002,3.052721321582794E-001,9.394026994705200E-001,2.042724750936031E-002,
4.121666666666667E+009,4.663590714335442E-002,3.189606070518494E-001,9.416385889053345E-001,9.370053187012672E-003,4.663590714335442E-002,3.189606070518494E-001,9.416385889053345E-001,9.370053187012672E-003,
4.133333333333333E+009,1.198564693331718E-001,2.786429822444916E-001,9.415649771690369E-001,-1.125639863312244E-002,1.198564693331718E-001,2.786429822444916E-001,9.415649771690369E-001,-1.125639863312244E-002,
4.145000000000000E+009,1.529030352830887E-001,2.025551497936249E-001,9.577161073684692E-001,-4.367038607597351E-002,1.529030352830887E-001,2.025551497936249E-001,9.577161073684692E-001,-4.367038607597351E-002,
4.156666666666667E+009,1.308650374412537E-001,1.304394155740738E-001,9.772428274154663E-001,-8.270668238401413E-002,1.308650374412537E-001,1.304394155740738E-001,9.772428274154663E-001,-8.270668238401413E-002,
4.168333333333333E+009,6.714762747287750E-002,1.069368571043015E-001,9.742636680603027E-001,-1.334735155105591E-001,6.714762747287750E-002,1.069368571043015E-001,9.742636680603027E-001,-1.334735155105591E-001,
4.180000000000000E+009,1.127295847982168E-002,1.447585970163345E-001,9.607577919960022E-001,-1.923597157001495E-001,1.127295847982168E-002,1.447585970163345E-001,9.607577919960022E-001,-1.923597157001495E-001,
4.191666666666667E+009,-9.410069324076176E-004,2.160138636827469E-001,9.338671565055847E-001,-2.276565730571747E-001,-9.410069324076176E-004,2.160138636827469E-001,9.338671565055847E-001,-2.276565730571747E-001,
4.203333333333333E+009,4.089432209730148E-002,2.759189903736115E-001,9.068087935447693E-001,-2.501242160797119E-001,4.089432209730148E-002,2.759189903736115E-001,9.068087935447693E-001,-2.501242160797119E-001,
4.215000000000000E+009,1.136298850178719E-001,2.893018126487732E-001,8.952146172523499E-001,-2.682071924209595E-001,1.136298850178719E-001,2.893018126487732E-001,8.952146172523499E-001,-2.682071924209595E-001,
4.226666666666667E+009,1.757991462945938E-001,2.474588751792908E-001,8.922478556632996E-001,-2.785918414592743E-001,1.757991462945938E-001,2.474588751792908E-001,8.922478556632996E-001,-2.785918414592743E-001,
4.238333333333333E+009,2.037836462259293E-001,1.736439615488052E-001,8.960004448890686E-001,-3.087691664695740E-001,2.037836462259293E-001,1.736439615488052E-001,8.960004448890686E-001,-3.087691664695740E-001,
4.250000000000000E+009,1.788389980792999E-001,1.034557297825813E-001,9.068391919136047E-001,-3.470002412796021E-001,1.788389980792999E-001,1.034557297825813E-001,9.068391919136047E-001,-3.470002412796021E-001,
4.261666666666667E+009,1.203651577234268E-001,7.995048165321350E-002,9.022524952888489E-001,-3.955776691436768E-001,1.203651577234268E-001,7.995048165321350E-002,9.022524952888489E-001,-3.955776691436768E-001,
4.273333333333333E+009,6.694395095109940E-002,1.096030697226524E-001,8.752788305282593E-001,-4.448016881942749E-001,6.694395095109940E-002,1.096030697226524E-001,8.752788305282593E-001,-4.448016881942749E-001,
4.285000000000000E+009,5.832854658365250E-002,1.788259297609329E-001,8.441205620765686E-001,-4.867657721042633E-001,5.832854658365250E-002,1.788259297609329E-001,8.441205620765686E-001,-4.867657721042633E-001,
4.296666666666666E+009,1.016887947916985E-001,2.366259843111038E-001,8.066598176956177E-001,-4.987407624721527E-001,1.016887947916985E-001,2.366259843111038E-001,8.066598176956177E-001,-4.987407624721527E-001,
4.308333333333333E+009,1.746911406517029E-001,2.476357966661453E-001,7.826361060142517E-001,-5.152429938316345E-001,1.746911406517029E-001,2.476357966661453E-001,7.826361060142517E-001,-5.152429938316345E-001,
4.320000000000000E+009,2.346484959125519E-001,2.070264518260956E-001,7.708766460418701E-001,-5.235514044761658E-001,2.346484959125519E-001,2.070264518260956E-001,7.708766460418701E-001,-5.235514044761658E-001,
4.331666666666666E+009,2.569231092929840E-001,1.344237774610519E-001,7.684730887413025E-001,-5.405220985412598E-001,2.569231092929840E-001,1.344237774610519E-001,7.684730887413025E-001,-5.405220985412598E-001,
4.343333333333333E+009,2.280407696962357E-001,6.207808852195740E-002,7.640693783760071E-001,-5.787632465362549E-001,2.280407696962357E-001,6.207808852195740E-002,7.640693783760071E-001,-5.787632465362549E-001,
4.355000000000000E+009,1.681918799877167E-001,3.177944943308830E-002,7.526515722274780E-001,-6.174036860466003E-001,1.681918799877167E-001,3.177944943308830E-002,7.526515722274780E-001,-6.174036860466003E-001,
4.366666666666666E+009,1.123255491256714E-001,5.730864033102989E-002,7.178966999053955E-001,-6.672717928886414E-001,1.123255491256714E-001,5.730864033102989E-002,7.178966999053955E-001,-6.672717928886414E-001,
4.378333333333333E+009,1.031720116734505E-001,1.186964660882950E-001,6.766346096992493E-001,-6.925257444381714E-001,1.031720116734505E-001,1.186964660882950E-001,6.766346096992493E-001,-6.925257444381714E-001,
4.390000000000000E+009,1.445629000663757E-001,1.703232675790787E-001,6.379319429397583E-001,-7.128718495368958E-001,1.445629000663757E-001,1.703232675790787E-001,6.379319429397583E-001,-7.128718495368958E-001,
4.401666666666666E+009,2.134056538343430E-001,1.804047673940659E-001,6.029699444770813E-001,-7.193721532821655E-001,2.134056538343430E-001,1.804047673940659E-001,6.029699444770813E-001,-7.193721532821655E-001,
4.413333333333333E+009,2.731243669986725E-001,1.405346393585205E-001,5.871067047119141E-001,-7.238352298736572E-001,2.731243669986725E-001,1.405346393585205E-001,5.871067047119141E-001,-7.238352298736572E-001,
4.425000000000000E+009,2.901986241340637E-001,6.733860820531845E-002,5.765060186386108E-001,-7.347661852836609E-001,2.901986241340637E-001,6.733860820531845E-002,5.765060186386108E-001,-7.347661852836609E-001,
4.436666666666666E+009,2.568821609020233E-001,-1.074475352652371E-003,5.625975131988525E-001,-7.529617547988892E-001,2.568821609020233E-001,-1.074475352652371E-003,5.625975131988525E-001,-7.529617547988892E-001,
4.448333333333333E+009,1.890573054552078E-001,-3.440975770354271E-002,5.464037656784058E-001,-7.939055562019348E-001,1.890573054552078E-001,-3.440975770354271E-002,5.464037656784058E-001,-7.939055562019348E-001,
4.460000000000000E+009,1.246922984719276E-001,-1.078056823462248E-002,5.159555077552795E-001,-8.358775973320007E-001,1.246922984719276E-001,-1.078056823462248E-002,5.159555077552795E-001,-8.358775973320007E-001,
4.471666666666666E+009,1.043003872036934E-001,5.299263447523117E-002,4.664006233215332E-001,-8.598626255989075E-001,1.043003872036934E-001,5.299263447523117E-002,4.664006233215332E-001,-8.598626255989075E-001,
4.483333333333333E+009,1.407654136419296E-001,1.088015288114548E-001,4.109559357166290E-001,-8.786031007766724E-001,1.407654136419296E-001,1.088015288114548E-001,4.109559357166290E-001,-8.786031007766724E-001,
4.495000000000000E+009,2.120226621627808E-001,1.264551430940628E-001,3.740600049495697E-001,-8.698048591613770E-001,2.120226621627808E-001,1.264551430940628E-001,3.740600049495697E-001,-8.698048591613770E-001,
4.506666666666666E+009,2.765584588050842E-001,9.113091975450516E-002,3.457965850830078E-001,-8.677480220794678E-001,2.765584588050842E-001,9.113091975450516E-002,3.457965850830078E-001,-8.677480220794678E-001,
4.518333333333333E+009,2.983602881431580E-001,2.698433399200440E-002,3.292134106159210E-001,-8.595618605613709E-001,2.983602881431580E-001,2.698433399200440E-002,3.292134106159210E-001,-8.595618605613709E-001,
4.530000000000000E+009,2.726988494396210E-001,-3.605545684695244E-002,3.206319212913513E-001,-8.792504072189331E-001,2.726988494396210E-001,-3.605545684695244E-002,3.206319212913513E-001,-8.792504072189331E-001,
4.541666666666666E+009,2.144515514373779E-001,-6.832632422447205E-002,2.951202392578125E-001,-9.039043784141541E-001,2.144515514373779E-001,-6.832632422447205E-002,2.951202392578125E-001,-9.039043784141541E-001,
4.553333333333333E+009,1.555639803409576E-001,-4.883766919374466E-002,2.570708692073822E-001,-9.350311756134033E-001,1.555639803409576E-001,-4.883766919374466E-002,2.570708692073822E-001,-9.350311756134033E-001,
4.565000000000000E+009,1.398868560791016E-001,7.406724616885185E-003,2.061957269906998E-001,-9.529300332069397E-001,1.398868560791016E-001,7.406724616885185E-003,2.061957269906998E-001,-9.529300332069397E-001,
4.576666666666666E+009,1.776341348886490E-001,5.293812602758408E-002,1.525077223777771E-001,-9.539476037025452E-001,1.776341348886490E-001,5.293812602758408E-002,1.525077223777771E-001,-9.539476037025452E-001,
4.588333333333333E+009,2.447106689214706E-001,5.602229386568070E-002,1.100635677576065E-001,-9.367961883544922E-001,2.447106689214706E-001,5.602229386568070E-002,1.100635677576065E-001,-9.367961883544922E-001,
4.600000000000000E+009,3.027788996696472E-001,1.064366940408945E-002,7.969445735216141E-002,-9.261353015899658E-001,3.027788996696472E-001,1.064366940408945E-002,7.969445735216141E-002,-9.261353015899658E-001,
4.611666666666666E+009,3.183801472187042E-001,-6.273975223302841E-002,6.241823732852936E-002,-9.212850928306580E-001,3.183801472187042E-001,-6.273975223302841E-002,6.241823732852936E-002,-9.212850928306580E-001,
4.623333333333333E+009,2.862103283405304E-001,-1.311551630496979E-001,5.480185896158218E-002,-9.187518954277039E-001,2.862103283405304E-001,-1.311551630496979E-001,5.480185896158218E-002,-9.187518954277039E-001,
4.635000000000000E+009,2.185365259647369E-001,-1.612813174724579E-001,3.479693457484245E-002,-9.412359595298767E-001,2.185365259647369E-001,-1.612813174724579E-001,3.479693457484245E-002,-9.412359595298767E-001,
4.646666666666666E+009,1.516058892011643E-001,-1.414503306150436E-001,2.870673080906272E-003,-9.665049314498901E-001,1.516058892011643E-001,-1.414503306150436E-001,2.870673080906272E-003,-9.665049314498901E-001,
4.658333333333333E+009,1.251650750637054E-001,-8.343551307916641E-002,-5.291263014078140E-002,-9.751421809196472E-001,1.251650750637054E-001,-8.343551307916641E-002,-5.291263014078140E-002,-9.751421809196472E-001,
4.670000000000000E+009,1.565072238445282E-001,-3.216969966888428E-002,-1.113131418824196E-001,-9.619458913803101E-001,1.565072238445282E-001,-3.216969966888428E-002,-1.113131418824196E-001,-9.619458913803101E-001,
4.681666666666666E+009,2.199436724185944E-001,-2.800209075212479E-002,-1.563437581062317E-001,-9.425550103187561E-001,2.199436724185944E-001,-2.800209075212479E-002,-1.563437581062317E-001,-9.425550103187561E-001,
4.693333333333333E+009,2.714571654796600E-001,-7.431191205978394E-002,-1.798496246337891E-001,-9.201866984367371E-001,2.714571654796600E-001,-7.431191205978394E-002,-1.798496246337891E-001,-9.201866984367371E-001,
4.705000000000000E+009,2.786368131637573E-001,-1.487901955842972E-001,-1.935910880565643E-001,-9.012172222137451E-001,2.786368131637573E-001,-1.487901955842972E-001,-1.935910880565643E-001,-9.012172222137451E-001,
4.716666666666666E+009,2.381622046232224E-001,-2.100289016962051E-001,-2.094780802726746E-001,-8.976598978042603E-001,2.381622046232224E-001,-2.100289016962051E-001,-2.094780802726746E-001,-8.976598978042603E-001,
4.728333333333333E+009,1.683914214372635E-001,-2.309373617172241E-001,-2.200174331665039E-001,-9.068937301635742E-001,1.683914214372635E-001,-2.309373617172241E-001,-2.200174331665039E-001,-9.068937301635742E-001,
4.740000000000000E+009,1.030102893710136E-001,-2.023954689502716E-001,-2.693512439727783E-001,-9.296686649322510E-001,1.030102893710136E-001,-2.023954689502716E-001,-2.693512439727783E-001,-9.296686649322510E-001,
4.751666666666666E+009,8.315417170524597E-002,-1.426149606704712E-001,-3.196704983711243E-001,-9.240025877952576E-001,8.315417170524597E-002,-1.426149606704712E-001,-3.196704983711243E-001,-9.240025877952576E-001,
4.763333333333333E+009,1.194233000278473E-001,-9.074614942073822E-002,-3.759711980819702E-001,-9.008795619010925E-001,1.194233000278473E-001,-9.074614942073822E-002,-3.759711980819702E-001,-9.008795619010925E-001,
4.775000000000000E+009,1.832489371299744E-001,-9.173469245433807E-002,-4.105382561683655E-001,-8.730314373970032E-001,1.832489371299744E-001,-9.173469245433807E-002,-4.105382561683655E-001,-8.730314373970032E-001,
4.786666666666666E+009,2.290826439857483E-001,-1.421937644481659E-001,-4.298562705516815E-001,-8.405370712280273E-001,2.290826439857483E-001,-1.421937644481659E-001,-4.298562705516815E-001,-8.405370712280273E-001,
4.798333333333333E+009,2.277934700250626E-001,-2.172437757253647E-001,-4.476582407951355E-001,-8.111330866813660E-001,2.277934700250626E-001,-2.172437757253647E-001,-4.476582407951355E-001,-8.111330866813660E-001,
4.810000000000000E+009,1.768882274627686E-001,-2.751316726207733E-001,-4.596115052700043E-001,-7.920056581497192E-001,1.768882274627686E-001,-2.751316726207733E-001,-4.596115052700043E-001,-7.920056581497192E-001,
4.821666666666666E+009,1.013724058866501E-001,-2.901806533336639E-001,-4.780880212783814E-001,-8.045772314071655E-001,1.013724058866501E-001,-2.901806533336639E-001,-4.780880212783814E-001,-8.045772314071655E-001,
4.833333333333333E+009,3.719899430871010E-002,-2.483566105365753E-001,-5.052533745765686E-001,-8.011653423309326E-001,3.719899430871010E-002,-2.483566105365753E-001,-5.052533745765686E-001,-8.011653423309326E-001,
4.845000000000000E+009,1.919088140130043E-002,-1.838846206665039E-001,-5.572395920753479E-001,-7.965421080589294E-001,1.919088140130043E-002,-1.838846206665039E-001,-5.572395920753479E-001,-7.965421080589294E-001,
4.856666666666666E+009,6.310515105724335E-002,-1.342724263668060E-001,-6.022665500640869E-001,-7.688500881195068E-001,6.310515105724335E-002,-1.342724263668060E-001,-6.022665500640869E-001,-7.688500881195068E-001,
4.868333333333333E+009,1.308355033397675E-001,-1.373734623193741E-001,-6.443995833396912E-001,-7.262005805969238E-001,1.308355033397675E-001,-1.373734623193741E-001,-6.443995833396912E-001,-7.262005805969238E-001,
4.880000000000000E+009,1.753582954406738E-001,-1.924284249544144E-001,-6.588913202285767E-001,-6.807817220687866E-001,1.753582954406738E-001,-1.924284249544144E-001,-6.588913202285767E-001,-6.807817220687866E-001,
4.891666666666666E+009,1.689171791076660E-001,-2.705833017826080E-001,-6.744443178176880E-001,-6.503087282180786E-001,1.689171791076660E-001,-2.705833017826080E-001,-6.744443178176880E-001,-6.503087282180786E-001,
4.903333333333333E+009,1.083040386438370E-001,-3.246334195137024E-001,-6.601083874702454E-001,-6.352818608283997E-001,1.083040386438370E-001,-3.246334195137024E-001,-6.601083874702454E-001,-6.352818608283997E-001,
4.915000000000000E+009,3.026710078120232E-002,-3.335043489933014E-001,-6.814951300621033E-001,-6.248269677162170E-001,3.026710078120232E-002,-3.335043489933014E-001,-6.814951300621033E-001,-6.248269677162170E-001,
4.926666666666666E+009,-3.597834706306458E-002,-2.977110743522644E-001,-7.080101370811462E-001,-6.130702495574951E-001,-3.597834706306458E-002,-2.977110743522644E-001,-7.080101370811462E-001,-6.130702495574951E-001,
4.938333333333333E+009,-5.544501170516014E-002,-2.318908423185349E-001,-7.403720617294312E-001,-6.008110046386719E-001,-5.544501170516014E-002,-2.318908423185349E-001,-7.403720617294312E-001,-6.008110046386719E-001,
4.950000000000000E+009,-2.116416767239571E-002,-1.810019165277481E-001,-7.876316905021668E-001,-5.709488391876221E-001,-2.116416767239571E-002,-1.810019165277481E-001,-7.876316905021668E-001,-5.709488391876221E-001,
4.961666666666666E+009,3.588387742638588E-002,-1.841758936643601E-001,-8.177737593650818E-001,-5.279677510261536E-001,3.588387742638588E-002,-1.841758936643601E-001,-8.177737593650818E-001,-5.279677510261536E-001,
4.973333333333333E+009,7.271956652402878E-002,-2.306489646434784E-001,-8.262873888015747E-001,-4.753740429878235E-001,7.271956652402878E-002,-2.306489646434784E-001,-8.262873888015747E-001,-4.753740429878235E-001,
4.985000000000000E+009,5.906512215733528E-002,-2.960723340511322E-001,-8.298778533935547E-001,-4.378272891044617E-001,5.906512215733528E-002,-2.960723340511322E-001,-8.298778533935547E-001,-4.378272891044617E-001,
4.996666666666666E+009,8.445551502518356E-004,-3.375807404518127E-001,-8.343307971954346E-001,-4.178746938705444E-001,8.445551502518356E-004,-3.375807404518127E-001,-8.343307971954346E-001,-4.178746938705444E-001,
5.008333333333333E+009,-7.379928976297379E-002,-3.349701166152954E-001,-8.299260139465332E-001,-4.037680327892304E-001,-7.379928976297379E-002,-3.349701166152954E-001,-8.299260139465332E-001,-4.037680327892304E-001,
5.020000000000000E+009,-1.303295791149139E-001,-2.916289269924164E-001,-8.441790938377380E-001,-3.852814137935638E-001,-1.303295791149139E-001,-2.916289269924164E-001,-8.441790938377380E-001,-3.852814137935638E-001,
5.031666666666666E+009,-1.452382206916809E-001,-2.279354035854340E-001,-8.757593035697937E-001,-3.630434572696686E-001,-1.452382206916809E-001,-2.279354035854340E-001,-8.757593035697937E-001,-3.630434572696686E-001,
5.043333333333333E+009,-1.136959418654442E-001,-1.824980974197388E-001,-9.058864116668701E-001,-3.293265700340271E-001,-1.136959418654442E-001,-1.824980974197388E-001,-9.058864116668701E-001,-3.293265700340271E-001,
5.055000000000000E+009,-6.296018511056900E-002,-1.821842640638351E-001,-9.262340068817139E-001,-2.793101370334625E-001,-6.296018511056900E-002,-1.821842640638351E-001,-9.262340068817139E-001,-2.793101370334625E-001,
5.066666666666666E+009,-2.939849719405174E-002,-2.258170843124390E-001,-9.295737147331238E-001,-2.287636995315552E-001,-2.939849719405174E-002,-2.258170843124390E-001,-9.295737147331238E-001,-2.287636995315552E-001,
5.078333333333333E+009,-4.745300114154816E-002,-2.817376554012299E-001,-9.161939620971680E-001,-1.922103911638260E-001,-4.745300114154816E-002,-2.817376554012299E-001,-9.161939620971680E-001,-1.922103911638260E-001,
5.090000000000000E+009,-1.042975038290024E-001,-3.165630102157593E-001,-9.124187827110291E-001,-1.532794088125229E-001,-1.042975038290024E-001,-3.165630102157593E-001,-9.124187827110291E-001,-1.532794088125229E-001,
5.101666666666666E+009,-1.712430119514465E-001,-3.065367937088013E-001,-9.152020215988159E-001,-1.356732100248337E-001,-1.712430119514465E-001,-3.065367937088013E-001,-9.152020215988159E-001,-1.356732100248337E-001,
5.113333333333333E+009,-2.237293571233749E-001,-2.606006860733032E-001,-9.215408563613892E-001,-1.244598031044006E-001,-2.237293571233749E-001,-2.606006860733032E-001,-9.215408563613892E-001,-1.244598031044006E-001,
5.125000000000000E+009,-2.350156754255295E-001,-1.992931514978409E-001,-9.346101880073547E-001,-9.801126271486282E-002,-2.350156754255295E-001,-1.992931514978409E-001,-9.346101880073547E-001,-9.801126271486282E-002,
5.136666666666666E+009,-2.094913274049759E-001,-1.530298590660095E-001,-9.464957714080811E-001,-6.319662928581238E-002,-2.094913274049759E-001,-1.530298590660095E-001,-9.464957714080811E-001,-6.319662928581238E-002,
5.148333333333333E+009,-1.671324372291565E-001,-1.455538570880890E-001,-9.650689959526062E-001,-2.408664114773274E-002,-1.671324372291565E-001,-1.455538570880890E-001,-9.650689959526062E-001,-2.408664114773274E-002,
5.160000000000000E+009,-1.416340768337250E-001,-1.762435734272003E-001,-9.584949612617493E-001,2.393983863294125E-002,-1.416340768337250E-001,-1.762435734272003E-001,-9.584949612617493E-001,2.393983863294125E-002,
5.171666666666666E+009,-1.520512998104096E-001,-2.224701941013336E-001,-9.420075416564941E-001,7.410752773284912E-002,-1.520512998104096E-001,-2.224701941013336E-001,-9.420075416564941E-001,7.410752773284912E-002,
5.183333333333333E+009,-1.979378610849381E-001,-2.479926645755768E-001,-9.321874380111694E-001,1.117940545082092E-001,-1.979378610849381E-001,-2.479926645755768E-001,-9.321874380111694E-001,1.117940545082092E-001,
5.195000000000000E+009,-2.566916346549988E-001,-2.358097434043884E-001,-9.171779155731201E-001,1.255604028701782E-001,-2.566916346549988E-001,-2.358097434043884E-001,-9.171779155731201E-001,1.255604028701782E-001,
5.206666666666666E+009,-2.998182773590088E-001,-1.889139413833618E-001,-9.130693674087524E-001,1.408431828022003E-001,-2.998182773590088E-001,-1.889139413833618E-001,-9.130693674087524E-001,1.408431828022003E-001,
5.218333333333333E+009,-3.108902871608734E-001,-1.307518780231476E-001,-9.081321954727173E-001,1.753266453742981E-001,-3.108902871608734E-001,-1.307518780231476E-001,-9.081321954727173E-001,1.753266453742981E-001,
5.230000000000000E+009,-2.897502481937408E-001,-7.911975681781769E-002,-9.128238558769226E-001,2.035299837589264E-001,-2.897502481937408E-001,-7.911975681781769E-002,-9.128238558769226E-001,2.035299837589264E-001,
5.241666666666666E+009,-2.518266141414642E-001,-6.649608165025711E-002,-9.324113130569458E-001,2.402765005826950E-001,-2.518266141414642E-001,-6.649608165025711E-002,-9.324113130569458E-001,2.402765005826950E-001,
5.253333333333333E+009,-2.178282886743546E-001,-8.547692745923996E-002,-9.109402894973755E-001,2.765178680419922E-001,-2.178282886743546E-001,-8.547692745923996E-002,-9.109402894973755E-001,2.765178680419922E-001,
5.265000000000000E+009,-2.224148064851761E-001,-1.209178492426872E-001,-8.982404470443726E-001,3.345401585102081E-001,-2.224148064851761E-001,-1.209178492426872E-001,-8.982404470443726E-001,3.345401585102081E-001,
5.276666666666666E+009,-2.570923268795013E-001,-1.450313478708267E-001,-8.684766292572022E-001,3.556031286716461E-001,-2.570923268795013E-001,-1.450313478708267E-001,-8.684766292572022E-001,3.556031286716461E-001,
5.288333333333333E+009,-3.070930540561676E-001,-1.389804929494858E-001,-8.369020819664002E-001,3.797348737716675E-001,-3.070930540561676E-001,-1.389804929494858E-001,-8.369020819664002E-001,3.797348737716675E-001,
5.300000000000000E+009,-3.459716439247131E-001,-9.728080779314041E-002,-8.279867768287659E-001,4.088483750820160E-001,-3.459716439247131E-001,-9.728080779314041E-002,-8.279867768287659E-001,4.088483750820160E-001,
5.311666666666666E+009,-3.606225848197937E-001,-3.742907196283341E-002,-8.191329836845398E-001,4.241551756858826E-001,-3.606225848197937E-001,-3.742907196283341E-002,-8.191329836845398E-001,4.241551756858826E-001,
5.323333333333333E+009,-3.450029790401459E-001,1.289279758930206E-002,-8.098993897438049E-001,4.411579966545105E-001,-3.450029790401459E-001,1.289279758930206E-002,-8.098993897438049E-001,4.411579966545105E-001,
5.335000000000000E+009,-3.052444458007813E-001,4.010812938213348E-002,-8.112283349037170E-001,4.769443571567535E-001,-3.052444458007813E-001,4.010812938213348E-002,-8.112283349037170E-001,4.769443571567535E-001,
5.346666666666666E+009,-2.693045437335968E-001,3.622717037796974E-002,-7.928273677825928E-001,5.238875150680542E-001,-2.693045437335968E-001,3.622717037796974E-002,-7.928273677825928E-001,5.238875150680542E-001,
5.358333333333333E+009,-2.567846775054932E-001,8.652722463011742E-003,-7.715066075325012E-001,5.575085282325745E-001,-2.567846775054932E-001,8.652722463011742E-003,-7.715066075325012E-001,5.575085282325745E-001,
5.370000000000000E+009,-2.737629711627960E-001,-1.585605740547180E-002,-7.395561337471008E-001,5.919546484947205E-001,-2.737629711627960E-001,-1.585605740547180E-002,-7.395561337471008E-001,5.919546484947205E-001,
5.381666666666666E+009,-3.155788779258728E-001,-1.439644768834114E-002,-7.036571502685547E-001,6.156430840492249E-001,-3.155788779258728E-001,-1.439644768834114E-002,-7.036571502685547E-001,6.156430840492249E-001,
5.393333333333333E+009,-3.472220599651337E-001,2.136476151645184E-002,-6.792312264442444E-001,6.259741187095642E-001,-3.472220599651337E-001,2.136476151645184E-002,-6.792312264442444E-001,6.259741187095642E-001,
5.405000000000000E+009,-3.573511838912964E-001,7.594647258520126E-002,-6.578410267829895E-001,6.438609957695007E-001,-3.573511838912964E-001,7.594647258520126E-002,-6.578410267829895E-001,6.438609957695007E-001,
5.416666666666666E+009,-3.364445865154266E-001,1.276347190141678E-001,-6.433679461479187E-001,6.549392342567444E-001,-3.364445865154266E-001,1.276347190141678E-001,-6.433679461479187E-001,6.549392342567444E-001,
5.428333333333333E+009,-2.965184748172760E-001,1.576717495918274E-001,-6.338272690773010E-001,6.752039194107056E-001,-2.965184748172760E-001,1.576717495918274E-001,-6.338272690773010E-001,6.752039194107056E-001,
5.440000000000000E+009,-2.565085589885712E-001,1.550438255071640E-001,-6.114648580551148E-001,7.129420042037964E-001,-2.565085589885712E-001,1.550438255071640E-001,-6.114648580551148E-001,7.129420042037964E-001,
5.451666666666666E+009,-2.367621809244156E-001,1.313932985067368E-001,-5.865158438682556E-001,7.393214702606201E-001,-2.367621809244156E-001,1.313932985067368E-001,-5.865158438682556E-001,7.393214702606201E-001,
5.463333333333333E+009,-2.489379644393921E-001,1.045448631048203E-001,-5.495663285255432E-001,7.605220675468445E-001,-2.489379644393921E-001,1.045448631048203E-001,-5.495663285255432E-001,7.605220675468445E-001,
5.475000000000000E+009,-2.865978777408600E-001,1.016176715493202E-001,-5.048923492431641E-001,7.904142141342163E-001,-2.865978777408600E-001,1.016176715493202E-001,-5.048923492431641E-001,7.904142141342163E-001,
5.486666666666666E+009,-3.188595473766327E-001,1.339361518621445E-001,-4.823881387710571E-001,7.923787832260132E-001,-3.188595473766327E-001,1.339361518621445E-001,-4.823881387710571E-001,7.923787832260132E-001,
5.498333333333333E+009,-3.191955089569092E-001,1.919971406459808E-001,-4.476995468139648E-001,7.925295233726502E-001,-3.191955089569092E-001,1.919971406459808E-001,-4.476995468139648E-001,7.925295233726502E-001,
5.510000000000000E+009,-2.902104258537293E-001,2.448503822088242E-001,-4.285282790660858E-001,8.001478314399719E-001,-2.902104258537293E-001,2.448503822088242E-001,-4.285282790660858E-001,8.001478314399719E-001,
5.521666666666666E+009,-2.380301952362061E-001,2.732051908969879E-001,-4.175183475017548E-001,8.160094618797302E-001,-2.380301952362061E-001,2.732051908969879E-001,-4.175183475017548E-001,8.160094618797302E-001,
5.533333333333333E+009,-1.842388361692429E-001,2.706105113029480E-001,-4.001580476760864E-001,8.474846482276917E-001,-1.842388361692429E-001,2.706105113029480E-001,-4.001580476760864E-001,8.474846482276917E-001,
5.545000000000000E+009,-1.562775820493698E-001,2.355566620826721E-001,-3.650026321411133E-001,8.704118132591248E-001,-1.562775820493698E-001,2.355566620826721E-001,-3.650026321411133E-001,8.704118132591248E-001,
5.556666666666666E+009,-1.645255684852600E-001,2.000015079975128E-001,-3.249825537204742E-001,8.945608139038086E-001,-1.645255684852600E-001,2.000015079975128E-001,-3.249825537204742E-001,8.945608139038086E-001,
5.568333333333333E+009,-2.023696303367615E-001,1.895392686128616E-001,-2.727508544921875E-001,8.995684385299683E-001,-2.023696303367615E-001,1.895392686128616E-001,-2.727508544921875E-001,8.995684385299683E-001,
5.580000000000000E+009,-2.372397035360336E-001,2.220276594161987E-001,-2.314932346343994E-001,8.929868936538696E-001,-2.372397035360336E-001,2.220276594161987E-001,-2.314932346343994E-001,8.929868936538696E-001,
5.591666666666666E+009,-2.401582002639771E-001,2.765790224075317E-001,-2.098775207996368E-001,8.904872536659241E-001,-2.401582002639771E-001,2.765790224075317E-001,-2.098775207996368E-001,8.904872536659241E-001,
5.603333333333333E+009,-2.031197845935822E-001,3.274771571159363E-001,-1.817873418331146E-001,8.892886638641357E-001,-2.031197845935822E-001,3.274771571159363E-001,-1.817873418331146E-001,8.892886638641357E-001,
5.615000000000000E+009,-1.457873582839966E-001,3.526800274848938E-001,-1.624233871698380E-001,8.938113451004028E-001,-1.457873582839966E-001,3.526800274848938E-001,-1.624233871698380E-001,8.938113451004028E-001,
5.626666666666666E+009,-8.729939162731171E-002,3.410252034664154E-001,-1.447643488645554E-001,9.089134931564331E-001,-8.729939162731171E-002,3.410252034664154E-001,-1.447643488645554E-001,9.089134931564331E-001,
5.638333333333333E+009,-5.169904977083206E-002,2.998130917549133E-001,-1.115031316876411E-001,9.236013889312744E-001,-5.169904977083206E-002,2.998130917549133E-001,-1.115031316876411E-001,9.236013889312744E-001,
5.650000000000000E+009,-6.009110808372498E-002,2.556157112121582E-001,-7.394855469465256E-002,9.470031857490540E-001,-6.009110808372498E-002,2.556157112121582E-001,-7.394855469465256E-002,9.470031857490540E-001,
5.661666666666666E+009,-9.615304321050644E-002,2.397100776433945E-001,-2.461562678217888E-002,9.448342919349670E-001,-9.615304321050644E-002,2.397100776433945E-001,-2.461562678217888E-002,9.448342919349670E-001,
5.673333333333333E+009,-1.329088807106018E-001,2.650519013404846E-001,2.412443794310093E-002,9.387516975402832E-001,-1.329088807106018E-001,2.650519013404846E-001,2.412443794310093E-002,9.387516975402832E-001,
5.685000000000000E+009,-1.359602659940720E-001,3.172261416912079E-001,5.757125467061997E-002,9.187654256820679E-001,-1.359602659940720E-001,3.172261416912079E-001,5.757125467061997E-002,9.187654256820679E-001,
5.696666666666666E+009,-1.003832891583443E-001,3.667184710502625E-001,8.219239115715027E-002,9.021042585372925E-001,-1.003832891583443E-001,3.667184710502625E-001,8.219239115715027E-002,9.021042585372925E-001,
5.708333333333333E+009,-4.145524650812149E-002,3.848592638969421E-001,9.334869682788849E-002,8.950675129890442E-001,-4.145524650812149E-002,3.848592638969421E-001,9.334869682788849E-002,8.950675129890442E-001,
5.720000000000000E+009,1.658881083130837E-002,3.704341053962708E-001,1.113692224025726E-001,9.041637778282166E-001,1.658881083130837E-002,3.704341053962708E-001,1.113692224025726E-001,9.041637778282166E-001,
5.731666666666666E+009,5.319947749376297E-002,3.291695713996887E-001,1.455630809068680E-001,9.116572737693787E-001,5.319947749376297E-002,3.291695713996887E-001,1.455630809068680E-001,9.116572737693787E-001,
5.743333333333333E+009,5.101613327860832E-002,2.901262938976288E-001,1.874923408031464E-001,9.240577220916748E-001,5.101613327860832E-002,2.901262938976288E-001,1.874923408031464E-001,9.240577220916748E-001,
5.755000000000000E+009,2.367232367396355E-002,2.703586220741272E-001,2.315828353166580E-001,9.194887280464172E-001,2.367232367396355E-002,2.703586220741272E-001,2.315828353166580E-001,9.194887280464172E-001,
5.766666666666666E+009,-5.745080299675465E-003,2.860661149024963E-001,2.774335443973541E-001,8.974430561065674E-001,-5.745080299675465E-003,2.860661149024963E-001,2.774335443973541E-001,8.974430561065674E-001,
5.778333333333333E+009,-6.103774067014456E-003,3.256011605262756E-001,3.085646033287048E-001,8.753219842910767E-001,-6.103774067014456E-003,3.256011605262756E-001,3.085646033287048E-001,8.753219842910767E-001,
5.790000000000000E+009,2.682656608521938E-002,3.617270290851593E-001,3.337174057960510E-001,8.435242176055908E-001,2.682656608521938E-002,3.617270290851593E-001,3.337174057960510E-001,8.435242176055908E-001,
5.801666666666666E+009,7.874067872762680E-002,3.698382973670960E-001,3.441585302352905E-001,8.336548209190369E-001,7.874067872762680E-002,3.698382973670960E-001,3.441585302352905E-001,8.336548209190369E-001,
5.813333333333333E+009,1.270864307880402E-001,3.525771498680115E-001,3.664221763610840E-001,8.281396627426148E-001,1.270864307880402E-001,3.525771498680115E-001,3.664221763610840E-001,8.281396627426148E-001,
5.825000000000000E+009,1.527759134769440E-001,3.130643963813782E-001,3.931643962860107E-001,8.265936374664307E-001,1.527759134769440E-001,3.130643963813782E-001,3.931643962860107E-001,8.265936374664307E-001,
5.836666666666666E+009,1.566170156002045E-001,2.816910147666931E-001,4.301861822605133E-001,8.195107579231262E-001,1.566170156002045E-001,2.816910147666931E-001,4.301861822605133E-001,8.195107579231262E-001,
5.848333333333333E+009,1.444314718246460E-001,2.676422894001007E-001,4.618137776851654E-001,8.068728446960449E-001,1.444314718246460E-001,2.676422894001007E-001,4.618137776851654E-001,8.068728446960449E-001,
5.860000000000000E+009,1.335840672254562E-001,2.745428979396820E-001,4.929009974002838E-001,7.892093658447266E-001,1.335840672254562E-001,2.745428979396820E-001,4.929009974002838E-001,7.892093658447266E-001,
5.871666666666666E+009,1.453550457954407E-001,2.921631336212158E-001,5.256133079528809E-001,7.635660767555237E-001,1.453550457954407E-001,2.921631336212158E-001,5.256133079528809E-001,7.635660767555237E-001,
5.883333333333333E+009,1.752191632986069E-001,3.003045320510864E-001,5.436197519302368E-001,7.377871870994568E-001,1.752191632986069E-001,3.003045320510864E-001,5.436197519302368E-001,7.377871870994568E-001,
5.895000000000000E+009,2.161829322576523E-001,2.831417322158814E-001,5.633649230003357E-001,7.157842516899109E-001,2.161829322576523E-001,2.831417322158814E-001,5.633649230003357E-001,7.157842516899109E-001,
5.906666666666666E+009,2.454990297555924E-001,2.487029582262039E-001,5.891338586807251E-001,7.061872482299805E-001,2.454990297555924E-001,2.487029582262039E-001,5.891338586807251E-001,7.061872482299805E-001,
5.918333333333333E+009,2.522759735584259E-001,2.070284485816956E-001,6.152846217155457E-001,6.943179368972778E-001,2.522759735584259E-001,2.070284485816956E-001,6.152846217155457E-001,6.943179368972778E-001,
5.930000000000000E+009,2.311161011457443E-001,1.765087544918060E-001,6.497076153755188E-001,6.711260676383972E-001,2.311161011457443E-001,1.765087544918060E-001,6.497076153755188E-001,6.711260676383972E-001,
5.941666666666666E+009,2.028843611478806E-001,1.695332080125809E-001,6.812623739242554E-001,6.627456545829773E-001,2.028843611478806E-001,1.695332080125809E-001,6.812623739242554E-001,6.627456545829773E-001,
5.953333333333333E+009,1.872439831495285E-001,1.846062541007996E-001,7.059300541877747E-001,6.251810193061829E-001,1.872439831495285E-001,1.846062541007996E-001,7.059300541877747E-001,6.251810193061829E-001,
5.965000000000000E+009,1.942089796066284E-001,2.103223055601120E-001,7.264593243598938E-001,5.871030688285828E-001,1.942089796066284E-001,2.103223055601120E-001,7.264593243598938E-001,5.871030688285828E-001,
5.976666666666666E+009,2.234784364700317E-001,2.240127325057983E-001,7.441607713699341E-001,5.417934656143189E-001,2.234784364700317E-001,2.240127325057983E-001,7.441607713699341E-001,5.417934656143189E-001,
5.988333333333333E+009,2.606430947780609E-001,2.163658291101456E-001,7.493525147438049E-001,5.225077271461487E-001,2.606430947780609E-001,2.163658291101456E-001,7.493525147438049E-001,5.225077271461487E-001,
6.000000000000000E+009,2.882632017135620E-001,1.849121302366257E-001,7.690253257751465E-001,5.156471729278565E-001,2.882632017135620E-001,1.849121302366257E-001,7.690253257751465E-001,5.156471729278565E-001,
