% Version 1.00
%
%freq[Hz],re:Trc1_S11,im:Trc1_S11,re:Trc2_S21,im:Trc2_S21,re:Trc3_S11,im:Trc3_S11,re:Trc4_S21,im:Trc4_S21,
2.500000000000000E+009,8.260980248451233E-002,-1.547211408615112E-001,2.442208081483841E-001,-9.391827583312988E-001,8.260980248451233E-002,-1.547211408615112E-001,2.442208081483841E-001,-9.391827583312988E-001,
2.511666666666667E+009,3.638118505477905E-002,-1.531251966953278E-001,2.077626734972000E-001,-9.544909000396729E-001,3.638118505477905E-002,-1.531251966953278E-001,2.077626734972000E-001,-9.544909000396729E-001,
2.523333333333334E+009,6.812986917793751E-003,-1.184064298868179E-001,1.883618831634522E-001,-9.665774106979370E-001,6.812986917793751E-003,-1.184064298868179E-001,1.883618831634522E-001,-9.665774106979370E-001,
2.535000000000000E+009,1.298144366592169E-002,-7.482745498418808E-002,1.332629919052124E-001,-9.748496413230896E-001,1.298144366592169E-002,-7.482745498418808E-002,1.332629919052124E-001,-9.748496413230896E-001,
2.546666666666667E+009,4.950907453894615E-002,-5.193821713328362E-002,9.515704959630966E-002,-9.851748347282410E-001,4.950907453894615E-002,-5.193821713328362E-002,9.515704959630966E-002,-9.851748347282410E-001,
2.558333333333334E+009,9.251795709133148E-002,-6.652431935071945E-002,6.298912316560745E-002,-9.789918065071106E-001,9.251795709133148E-002,-6.652431935071945E-002,6.298912316560745E-002,-9.789918065071106E-001,
2.570000000000000E+009,1.107109934091568E-001,-1.092576757073402E-001,2.162350155413151E-002,-9.688401818275452E-001,1.107109934091568E-001,-1.092576757073402E-001,2.162350155413151E-002,-9.688401818275452E-001,
2.581666666666667E+009,9.213878959417343E-002,-1.547710746526718E-001,-1.120804063975811E-002,-9.631282687187195E-001,9.213878959417343E-002,-1.547710746526718E-001,-1.120804063975811E-002,-9.631282687187195E-001,
2.593333333333334E+009,4.831270873546600E-002,-1.777984201908112E-001,-3.999266028404236E-002,-9.624108076095581E-001,4.831270873546600E-002,-1.777984201908112E-001,-3.999266028404236E-002,-9.624108076095581E-001,
2.605000000000000E+009,5.091303028166294E-004,-1.635386347770691E-001,-6.636263430118561E-002,-9.694250226020813E-001,5.091303028166294E-004,-1.635386347770691E-001,-6.636263430118561E-002,-9.694250226020813E-001,
2.616666666666667E+009,-2.325350791215897E-002,-1.226498261094093E-001,-1.032567396759987E-001,-9.724638462066650E-001,-2.325350791215897E-002,-1.226498261094093E-001,-1.032567396759987E-001,-9.724638462066650E-001,
2.628333333333334E+009,-1.339588686823845E-002,-7.585725933313370E-002,-1.458368599414825E-001,-9.715531468391419E-001,-1.339588686823845E-002,-7.585725933313370E-002,-1.458368599414825E-001,-9.715531468391419E-001,
2.640000000000000E+009,2.525156363844872E-002,-5.591219663619995E-002,-1.812838912010193E-001,-9.721749424934387E-001,2.525156363844872E-002,-5.591219663619995E-002,-1.812838912010193E-001,-9.721749424934387E-001,
2.651666666666667E+009,6.825703382492065E-002,-7.270903885364533E-002,-2.193053960800171E-001,-9.562161564826965E-001,6.825703382492065E-002,-7.270903885364533E-002,-2.193053960800171E-001,-9.562161564826965E-001,
2.663333333333334E+009,8.356128633022308E-002,-1.150313243269920E-001,-2.520112395286560E-001,-9.425318241119385E-001,8.356128633022308E-002,-1.150313243269920E-001,-2.520112395286560E-001,-9.425318241119385E-001,
2.675000000000000E+009,6.289917975664139E-002,-1.586612164974213E-001,-2.808447182178497E-001,-9.286884069442749E-001,6.289917975664139E-002,-1.586612164974213E-001,-2.808447182178497E-001,-9.286884069442749E-001,
2.686666666666667E+009,1.852775923907757E-002,-1.742533445358276E-001,-3.061612844467163E-001,-9.232455492019653E-001,1.852775923907757E-002,-1.742533445358276E-001,-3.061612844467163E-001,-9.232455492019653E-001,
2.698333333333334E+009,-2.556044422090054E-002,-1.557567119598389E-001,-3.324840068817139E-001,-9.131364226341248E-001,-2.556044422090054E-002,-1.557567119598389E-001,-3.324840068817139E-001,-9.131364226341248E-001,
2.710000000000000E+009,-4.186828806996346E-002,-1.119905486702919E-001,-3.707762658596039E-001,-9.114553332328796E-001,-4.186828806996346E-002,-1.119905486702919E-001,-3.707762658596039E-001,-9.114553332328796E-001,
2.721666666666667E+009,-2.218100801110268E-002,-6.902945041656494E-002,-4.102760851383209E-001,-8.966228365898132E-001,-2.218100801110268E-002,-6.902945041656494E-002,-4.102760851383209E-001,-8.966228365898132E-001,
2.733333333333334E+009,2.137759886682034E-002,-5.339328944683075E-002,-4.413381814956665E-001,-8.803626298904419E-001,2.137759886682034E-002,-5.339328944683075E-002,-4.413381814956665E-001,-8.803626298904419E-001,
2.745000000000000E+009,6.174581125378609E-002,-7.615347951650620E-002,-4.803157746791840E-001,-8.584558963775635E-001,6.174581125378609E-002,-7.615347951650620E-002,-4.803157746791840E-001,-8.584558963775635E-001,
2.756666666666667E+009,7.414034008979797E-002,-1.213375926017761E-001,-5.080262422561646E-001,-8.316004872322083E-001,7.414034008979797E-002,-1.213375926017761E-001,-5.080262422561646E-001,-8.316004872322083E-001,
2.768333333333334E+009,4.992131888866425E-002,-1.655207127332687E-001,-5.319898724555969E-001,-8.102330565452576E-001,4.992131888866425E-002,-1.655207127332687E-001,-5.319898724555969E-001,-8.102330565452576E-001,
2.780000000000000E+009,3.480634652078152E-003,-1.804374307394028E-001,-5.604174733161926E-001,-7.926914095878601E-001,3.480634652078152E-003,-1.804374307394028E-001,-5.604174733161926E-001,-7.926914095878601E-001,
2.791666666666667E+009,-4.030754789710045E-002,-1.599465310573578E-001,-5.826561450958252E-001,-7.750691175460815E-001,-4.030754789710045E-002,-1.599465310573578E-001,-5.826561450958252E-001,-7.750691175460815E-001,
2.803333333333334E+009,-5.380532518029213E-002,-1.178292483091354E-001,-6.076101660728455E-001,-7.589775919914246E-001,-5.380532518029213E-002,-1.178292483091354E-001,-6.076101660728455E-001,-7.589775919914246E-001,
2.815000000000000E+009,-3.500579670071602E-002,-7.648538053035736E-002,-6.397067904472351E-001,-7.449788451194763E-001,-3.500579670071602E-002,-7.648538053035736E-002,-6.397067904472351E-001,-7.449788451194763E-001,
2.826666666666667E+009,9.620407596230507E-003,-6.459763646125794E-002,-6.761131286621094E-001,-7.217927575111389E-001,9.620407596230507E-003,-6.459763646125794E-002,-6.761131286621094E-001,-7.217927575111389E-001,
2.838333333333334E+009,4.527073353528976E-002,-8.857037127017975E-002,-7.053039669990540E-001,-6.803597211837769E-001,4.527073353528976E-002,-8.857037127017975E-002,-7.053039669990540E-001,-6.803597211837769E-001,
2.850000000000000E+009,5.430262908339500E-002,-1.372082680463791E-001,-7.206714749336243E-001,-6.533468365669251E-001,5.430262908339500E-002,-1.372082680463791E-001,-7.206714749336243E-001,-6.533468365669251E-001,
2.861666666666667E+009,2.640551328659058E-002,-1.774855405092239E-001,-7.283928990364075E-001,-6.307194828987122E-001,2.640551328659058E-002,-1.774855405092239E-001,-7.283928990364075E-001,-6.307194828987122E-001,
2.873333333333334E+009,-2.612313814461231E-002,-1.882356852293015E-001,-7.564094662666321E-001,-6.017339229583740E-001,-2.612313814461231E-002,-1.882356852293015E-001,-7.564094662666321E-001,-6.017339229583740E-001,
2.885000000000000E+009,-6.645423918962479E-002,-1.639903187751770E-001,-7.714627385139465E-001,-5.864744782447815E-001,-6.645423918962479E-002,-1.639903187751770E-001,-7.714627385139465E-001,-5.864744782447815E-001,
2.896666666666667E+009,-8.157116174697876E-002,-1.171804443001747E-001,-7.954844832420349E-001,-5.612292289733887E-001,-8.157116174697876E-002,-1.171804443001747E-001,-7.954844832420349E-001,-5.612292289733887E-001,
2.908333333333334E+009,-5.673154816031456E-002,-7.618007808923721E-002,-8.239605426788330E-001,-5.368976593017578E-001,-5.673154816031456E-002,-7.618007808923721E-002,-8.239605426788330E-001,-5.368976593017578E-001,
2.920000000000000E+009,-8.513802662491798E-003,-6.530422717332840E-002,-8.459804058074951E-001,-5.030472874641419E-001,-8.513802662491798E-003,-6.530422717332840E-002,-8.459804058074951E-001,-5.030472874641419E-001,
2.931666666666667E+009,3.337724134325981E-002,-9.197568148374558E-002,-8.637669682502747E-001,-4.614318609237671E-001,3.337724134325981E-002,-9.197568148374558E-002,-8.637669682502747E-001,-4.614318609237671E-001,
2.943333333333334E+009,3.677081689238548E-002,-1.417906880378723E-001,-8.781186342239380E-001,-4.234555959701538E-001,3.677081689238548E-002,-1.417906880378723E-001,-8.781186342239380E-001,-4.234555959701538E-001,
2.955000000000000E+009,2.735709305852652E-003,-1.828590929508209E-001,-8.845009803771973E-001,-3.853184878826141E-001,2.735709305852652E-003,-1.828590929508209E-001,-8.845009803771973E-001,-3.853184878826141E-001,
2.966666666666667E+009,-5.164359509944916E-002,-1.940063685178757E-001,-8.915442824363709E-001,-3.679081201553345E-001,-5.164359509944916E-002,-1.940063685178757E-001,-8.915442824363709E-001,-3.679081201553345E-001,
2.978333333333334E+009,-9.604857861995697E-002,-1.648321151733398E-001,-9.036606550216675E-001,-3.416151702404022E-001,-9.604857861995697E-002,-1.648321151733398E-001,-9.036606550216675E-001,-3.416151702404022E-001,
2.990000000000000E+009,-1.069960817694664E-001,-1.139794290065765E-001,-9.191337227821350E-001,-3.108196258544922E-001,-1.069960817694664E-001,-1.139794290065765E-001,-9.191337227821350E-001,-3.108196258544922E-001,
3.001666666666667E+009,-7.855585962533951E-002,-7.168564200401306E-002,-9.408149719238281E-001,-2.862896025180817E-001,-7.855585962533951E-002,-7.168564200401306E-002,-9.408149719238281E-001,-2.862896025180817E-001,
3.013333333333334E+009,-2.405782975256443E-002,-6.554792821407318E-002,-9.502849578857422E-001,-2.468878626823425E-001,-2.405782975256443E-002,-6.554792821407318E-002,-9.502849578857422E-001,-2.468878626823425E-001,
3.025000000000000E+009,1.573849469423294E-002,-9.990187734365463E-002,-9.494388103485107E-001,-2.110047340393066E-001,1.573849469423294E-002,-9.990187734365463E-002,-9.494388103485107E-001,-2.110047340393066E-001,
3.036666666666667E+009,1.632377319037914E-002,-1.519470810890198E-001,-9.612206816673279E-001,-1.622701138257980E-001,1.632377319037914E-002,-1.519470810890198E-001,-9.612206816673279E-001,-1.622701138257980E-001,
3.048333333333333E+009,-2.511810325086117E-002,-1.962847858667374E-001,-9.543099403381348E-001,-1.286563575267792E-001,-2.511810325086117E-002,-1.962847858667374E-001,-9.543099403381348E-001,-1.286563575267792E-001,
3.060000000000000E+009,-8.865119516849518E-002,-1.968841403722763E-001,-9.462924599647522E-001,-9.878878295421600E-002,-8.865119516849518E-002,-1.968841403722763E-001,-9.462924599647522E-001,-9.878878295421600E-002,
3.071666666666667E+009,-1.341661810874939E-001,-1.569374203681946E-001,-9.531617164611816E-001,-7.722288370132446E-002,-1.341661810874939E-001,-1.569374203681946E-001,-9.531617164611816E-001,-7.722288370132446E-002,
3.083333333333333E+009,-1.406338512897492E-001,-9.904360026121140E-002,-9.665457010269165E-001,-5.055012926459312E-002,-1.406338512897492E-001,-9.904360026121140E-002,-9.665457010269165E-001,-5.055012926459312E-002,
3.095000000000000E+009,-1.026517152786255E-001,-5.372845381498337E-002,-9.797779917716980E-001,-1.604452915489674E-002,-1.026517152786255E-001,-5.372845381498337E-002,-9.797779917716980E-001,-1.604452915489674E-002,
3.106666666666667E+009,-3.793947026133537E-002,-5.296367034316063E-002,-9.866597652435303E-001,3.001323342323303E-002,-3.793947026133537E-002,-5.296367034316063E-002,-9.866597652435303E-001,3.001323342323303E-002,
3.118333333333333E+009,6.470271851867437E-003,-9.965714812278748E-002,-9.845672845840454E-001,7.449229061603546E-002,6.470271851867437E-003,-9.965714812278748E-002,-9.845672845840454E-001,7.449229061603546E-002,
3.130000000000000E+009,3.052595304325223E-003,-1.675353050231934E-001,-9.599969387054443E-001,1.249363049864769E-001,3.052595304325223E-003,-1.675353050231934E-001,-9.599969387054443E-001,1.249363049864769E-001,
3.141666666666667E+009,-4.742411524057388E-002,-2.125229984521866E-001,-9.502364993095398E-001,1.543244570493698E-001,-4.742411524057388E-002,-2.125229984521866E-001,-9.502364993095398E-001,1.543244570493698E-001,
3.153333333333333E+009,-1.206557974219322E-001,-2.088847458362579E-001,-9.307007193565369E-001,1.709732860326767E-001,-1.206557974219322E-001,-2.088847458362579E-001,-9.307007193565369E-001,1.709732860326767E-001,
3.165000000000000E+009,-1.722448468208313E-001,-1.638147085905075E-001,-9.324792623519898E-001,2.038117349147797E-001,-1.722448468208313E-001,-1.638147085905075E-001,-9.324792623519898E-001,2.038117349147797E-001,
3.176666666666667E+009,-1.814022660255432E-001,-9.673167765140533E-002,-9.358804225921631E-001,2.178658545017242E-001,-1.814022660255432E-001,-9.673167765140533E-002,-9.358804225921631E-001,2.178658545017242E-001,
3.188333333333333E+009,-1.413656771183014E-001,-4.568982869386673E-002,-9.376342296600342E-001,2.572128176689148E-001,-1.413656771183014E-001,-4.568982869386673E-002,-9.376342296600342E-001,2.572128176689148E-001,
3.200000000000000E+009,-7.398468255996704E-002,-4.522998631000519E-002,-9.385330080986023E-001,2.990189194679260E-001,-7.398468255996704E-002,-4.522998631000519E-002,-9.385330080986023E-001,2.990189194679260E-001,
3.211666666666667E+009,-2.833139151334763E-002,-9.630711376667023E-002,-9.231611490249634E-001,3.437530696392059E-001,-2.833139151334763E-002,-9.630711376667023E-002,-9.231611490249634E-001,3.437530696392059E-001,
3.223333333333333E+009,-3.694059699773789E-002,-1.666850447654724E-001,-8.954526782035828E-001,3.824009895324707E-001,-3.694059699773789E-002,-1.666850447654724E-001,-8.954526782035828E-001,3.824009895324707E-001,
3.235000000000000E+009,-9.657412767410278E-002,-2.085995525121689E-001,-8.673701882362366E-001,4.034785032272339E-001,-9.657412767410278E-002,-2.085995525121689E-001,-8.673701882362366E-001,4.034785032272339E-001,
3.246666666666667E+009,-1.710037738084793E-001,-1.982366889715195E-001,-8.470380306243897E-001,4.303860068321228E-001,-1.710037738084793E-001,-1.982366889715195E-001,-8.470380306243897E-001,4.303860068321228E-001,
3.258333333333333E+009,-2.237022072076798E-001,-1.420906037092209E-001,-8.372005224227905E-001,4.385483264923096E-001,-2.237022072076798E-001,-1.420906037092209E-001,-8.372005224227905E-001,4.385483264923096E-001,
3.270000000000000E+009,-2.254482209682465E-001,-6.822635978460312E-002,-8.310852646827698E-001,4.699389636516571E-001,-2.254482209682465E-001,-6.822635978460312E-002,-8.310852646827698E-001,4.699389636516571E-001,
3.281666666666667E+009,-1.758521795272827E-001,-1.583797112107277E-002,-8.290344476699829E-001,5.027104020118713E-001,-1.758521795272827E-001,-1.583797112107277E-002,-8.290344476699829E-001,5.027104020118713E-001,
3.293333333333333E+009,-1.037867963314056E-001,-1.724677719175816E-002,-8.169310688972473E-001,5.410339236259460E-001,-1.037867963314056E-001,-1.724677719175816E-002,-8.169310688972473E-001,5.410339236259460E-001,
3.305000000000000E+009,-5.640177428722382E-002,-7.468864321708679E-002,-7.840036749839783E-001,5.824088454246521E-001,-5.640177428722382E-002,-7.468864321708679E-002,-7.840036749839783E-001,5.824088454246521E-001,
3.316666666666667E+009,-6.909559667110443E-002,-1.490227729082108E-001,-7.534195780754089E-001,6.142451763153076E-001,-6.909559667110443E-002,-1.490227729082108E-001,-7.534195780754089E-001,6.142451763153076E-001,
3.328333333333333E+009,-1.332751214504242E-001,-1.903442442417145E-001,-7.179268598556519E-001,6.375989913940430E-001,-1.332751214504242E-001,-1.903442442417145E-001,-7.179268598556519E-001,6.375989913940430E-001,
3.340000000000000E+009,-2.111951857805252E-001,-1.772705763578415E-001,-6.936998963356018E-001,6.392225623130798E-001,-2.111951857805252E-001,-1.772705763578415E-001,-6.936998963356018E-001,6.392225623130798E-001,
3.351666666666667E+009,-2.616544365882874E-001,-1.135302186012268E-001,-6.749448776245117E-001,6.548220515251160E-001,-2.616544365882874E-001,-1.135302186012268E-001,-6.749448776245117E-001,6.548220515251160E-001,
3.363333333333333E+009,-2.584098875522614E-001,-3.516596555709839E-002,-6.682581901550293E-001,6.707078814506531E-001,-2.584098875522614E-001,-3.516596555709839E-002,-6.682581901550293E-001,6.707078814506531E-001,
3.375000000000000E+009,-2.063674628734589E-001,1.592864096164703E-002,-6.645560264587402E-001,7.114560604095459E-001,-2.063674628734589E-001,1.592864096164703E-002,-6.645560264587402E-001,7.114560604095459E-001,
3.386666666666667E+009,-1.356234550476074E-001,1.295016612857580E-002,-6.265443563461304E-001,7.448189854621887E-001,-1.356234550476074E-001,1.295016612857580E-002,-6.265443563461304E-001,7.448189854621887E-001,
3.398333333333333E+009,-9.277658164501190E-002,-4.795678704977036E-002,-5.975856781005859E-001,7.737858295440674E-001,-9.277658164501190E-002,-4.795678704977036E-002,-5.975856781005859E-001,7.737858295440674E-001,
3.410000000000000E+009,-1.126796901226044E-001,-1.182026267051697E-001,-5.549572110176086E-001,8.028394579887390E-001,-1.126796901226044E-001,-1.182026267051697E-001,-5.549572110176086E-001,8.028394579887390E-001,
3.421666666666667E+009,-1.792727410793304E-001,-1.488679051399231E-001,-5.118362903594971E-001,8.040804266929627E-001,-1.792727410793304E-001,-1.488679051399231E-001,-5.118362903594971E-001,8.040804266929627E-001,
3.433333333333333E+009,-2.503910660743713E-001,-1.235876008868218E-001,-4.805770516395569E-001,8.089164495468140E-001,-2.503910660743713E-001,-1.235876008868218E-001,-4.805770516395569E-001,8.089164495468140E-001,
3.445000000000000E+009,-2.894825935363770E-001,-5.480508506298065E-002,-4.645586311817169E-001,8.125178813934326E-001,-2.894825935363770E-001,-5.480508506298065E-002,-4.645586311817169E-001,8.125178813934326E-001,
3.456666666666667E+009,-2.768151164054871E-001,2.369232475757599E-002,-4.545144438743591E-001,8.317045569419861E-001,-2.768151164054871E-001,2.369232475757599E-002,-4.545144438743591E-001,8.317045569419861E-001,
3.468333333333333E+009,-2.149447053670883E-001,7.299152016639710E-002,-4.401752650737763E-001,8.540199995040894E-001,-2.149447053670883E-001,7.299152016639710E-002,-4.401752650737763E-001,8.540199995040894E-001,
3.480000000000000E+009,-1.405005902051926E-001,5.932087823748589E-002,-4.123593568801880E-001,8.929321765899658E-001,-1.405005902051926E-001,5.932087823748589E-002,-4.123593568801880E-001,8.929321765899658E-001,
3.491666666666667E+009,-1.026649549603462E-001,-4.720775876194239E-003,-3.559370934963226E-001,9.159665107727051E-001,-1.026649549603462E-001,-4.720775876194239E-003,-3.559370934963226E-001,9.159665107727051E-001,
3.503333333333333E+009,-1.264476925134659E-001,-7.804030925035477E-002,-3.059026598930359E-001,9.294271469116211E-001,-1.264476925134659E-001,-7.804030925035477E-002,-3.059026598930359E-001,9.294271469116211E-001,
3.515000000000000E+009,-1.979785263538361E-001,-1.092465072870255E-001,-2.691592574119568E-001,9.243713021278381E-001,-1.979785263538361E-001,-1.092465072870255E-001,-2.691592574119568E-001,9.243713021278381E-001,
3.526666666666667E+009,-2.713335752487183E-001,-7.878118008375168E-002,-2.387365996837616E-001,9.166860580444336E-001,-2.713335752487183E-001,-7.878118008375168E-002,-2.387365996837616E-001,9.166860580444336E-001,
3.538333333333333E+009,-3.074289262294769E-001,-2.606661058962345E-003,-2.164809107780457E-001,9.156323075294495E-001,-3.074289262294769E-001,-2.606661058962345E-003,-2.164809107780457E-001,9.156323075294495E-001,
3.550000000000000E+009,-2.878660857677460E-001,7.766797393560410E-002,-2.020529955625534E-001,9.234522581100464E-001,-2.878660857677460E-001,7.766797393560410E-002,-2.020529955625534E-001,9.234522581100464E-001,
3.561666666666667E+009,-2.232695817947388E-001,1.256058365106583E-001,-1.861412078142166E-001,9.438461065292358E-001,-2.232695817947388E-001,1.256058365106583E-001,-1.861412078142166E-001,9.438461065292358E-001,
3.573333333333333E+009,-1.471690237522125E-001,1.146403402090073E-001,-1.463721543550491E-001,9.629653096199036E-001,-1.471690237522125E-001,1.146403402090073E-001,-1.463721543550491E-001,9.629653096199036E-001,
3.585000000000000E+009,-1.052765846252441E-001,5.140282213687897E-002,-9.436671435832977E-002,9.746932983398438E-001,-1.052765846252441E-001,5.140282213687897E-002,-9.436671435832977E-002,9.746932983398438E-001,
3.596666666666667E+009,-1.280963867902756E-001,-2.158647216856480E-002,-4.359298199415207E-002,9.757133722305298E-001,-1.280963867902756E-001,-2.158647216856480E-002,-4.359298199415207E-002,9.757133722305298E-001,
3.608333333333333E+009,-1.964930444955826E-001,-5.276838317513466E-002,-6.139599718153477E-003,9.669830799102783E-001,-1.964930444955826E-001,-5.276838317513466E-002,-6.139599718153477E-003,9.669830799102783E-001,
3.620000000000000E+009,-2.662503719329834E-001,-2.214966528117657E-002,3.199048340320587E-002,9.485415220260620E-001,-2.662503719329834E-001,-2.214966528117657E-002,3.199048340320587E-002,9.485415220260620E-001,
3.631666666666667E+009,-2.976794540882111E-001,5.057680979371071E-002,4.473604634404182E-002,9.375860095024109E-001,-2.976794540882111E-001,5.057680979371071E-002,4.473604634404182E-002,9.375860095024109E-001,
3.643333333333333E+009,-2.720335721969605E-001,1.264832466840744E-001,6.397172063589096E-002,9.399114251136780E-001,-2.720335721969605E-001,1.264832466840744E-001,6.397172063589096E-002,9.399114251136780E-001,
3.655000000000000E+009,-2.056245952844620E-001,1.698403209447861E-001,8.572249114513397E-002,9.525653123855591E-001,-2.056245952844620E-001,1.698403209447861E-001,8.572249114513397E-002,9.525653123855591E-001,
3.666666666666667E+009,-1.312974542379379E-001,1.554999053478241E-001,1.331743299961090E-001,9.612159729003906E-001,-1.312974542379379E-001,1.554999053478241E-001,1.331743299961090E-001,9.612159729003906E-001,
3.678333333333333E+009,-9.573973715305328E-002,9.203458577394486E-002,1.760249733924866E-001,9.619185328483582E-001,-9.573973715305328E-002,9.203458577394486E-002,1.760249733924866E-001,9.619185328483582E-001,
3.690000000000000E+009,-1.209350228309631E-001,2.236143313348293E-002,2.230242192745209E-001,9.553245306015015E-001,-1.209350228309631E-001,2.236143313348293E-002,2.230242192745209E-001,9.553245306015015E-001,
3.701666666666667E+009,-1.906672418117523E-001,-2.874052384868264E-003,2.671795487403870E-001,9.264801144599915E-001,-1.906672418117523E-001,-2.874052384868264E-003,2.671795487403870E-001,9.264801144599915E-001,
3.713333333333333E+009,-2.573894858360291E-001,3.110105916857719E-002,2.897645235061646E-001,9.061497449874878E-001,-2.573894858360291E-001,3.110105916857719E-002,2.897645235061646E-001,9.061497449874878E-001,
3.725000000000000E+009,-2.812871038913727E-001,1.034654453396797E-001,3.071181476116180E-001,8.897256851196289E-001,-2.812871038913727E-001,1.034654453396797E-001,3.071181476116180E-001,8.897256851196289E-001,
3.736666666666667E+009,-2.519853413105011E-001,1.807776838541031E-001,3.271050155162811E-001,8.824523687362671E-001,-2.519853413105011E-001,1.807776838541031E-001,3.271050155162811E-001,8.824523687362671E-001,
3.748333333333333E+009,-1.765676885843277E-001,2.205514609813690E-001,3.531721830368042E-001,8.969330191612244E-001,-1.765676885843277E-001,2.205514609813690E-001,3.531721830368042E-001,8.969330191612244E-001,
3.760000000000000E+009,-9.611405432224274E-002,2.015493959188461E-001,3.922347128391266E-001,8.973610401153565E-001,-9.611405432224274E-002,2.015493959188461E-001,3.922347128391266E-001,8.973610401153565E-001,
3.771666666666667E+009,-5.633438751101494E-002,1.331021338701248E-001,4.394106268882752E-001,8.843718171119690E-001,-5.633438751101494E-002,1.331021338701248E-001,4.394106268882752E-001,8.843718171119690E-001,
3.783333333333333E+009,-8.277595043182373E-002,6.001558154821396E-002,4.825689196586609E-001,8.642884492874146E-001,-8.277595043182373E-002,6.001558154821396E-002,4.825689196586609E-001,8.642884492874146E-001,
3.795000000000000E+009,-1.569466292858124E-001,2.998288162052631E-002,5.116256475448608E-001,8.261651992797852E-001,-1.569466292858124E-001,2.998288162052631E-002,5.116256475448608E-001,8.261651992797852E-001,
3.806666666666667E+009,-2.269206643104553E-001,5.944554880261421E-002,5.362574458122253E-001,7.942034602165222E-001,-2.269206643104553E-001,5.944554880261421E-002,5.362574458122253E-001,7.942034602165222E-001,
3.818333333333333E+009,-2.519874274730682E-001,1.324507296085358E-001,5.552070736885071E-001,7.719104290008545E-001,-2.519874274730682E-001,1.324507296085358E-001,5.552070736885071E-001,7.719104290008545E-001,
3.830000000000000E+009,-2.221671193838120E-001,2.054369151592255E-001,5.641523003578186E-001,7.556393146514893E-001,-2.221671193838120E-001,2.054369151592255E-001,5.641523003578186E-001,7.556393146514893E-001,
3.841666666666667E+009,-1.504967063665390E-001,2.401607036590576E-001,5.830997228622437E-001,7.583649754524231E-001,-1.504967063665390E-001,2.401607036590576E-001,5.830997228622437E-001,7.583649754524231E-001,
3.853333333333333E+009,-7.433290034532547E-002,2.211304754018784E-001,6.207318902015686E-001,7.482625246047974E-001,-7.433290034532547E-002,2.211304754018784E-001,6.207318902015686E-001,7.482625246047974E-001,
3.865000000000000E+009,-3.581457585096359E-002,1.578272581100464E-001,6.678686738014221E-001,7.314125299453735E-001,-3.581457585096359E-002,1.578272581100464E-001,6.678686738014221E-001,7.314125299453735E-001,
3.876666666666667E+009,-6.123145669698715E-002,8.721046149730682E-002,6.988345980644226E-001,6.988204121589661E-001,-6.123145669698715E-002,8.721046149730682E-002,6.988345980644226E-001,6.988204121589661E-001,
3.888333333333333E+009,-1.346133351325989E-001,6.021298840641975E-002,7.311125397682190E-001,6.534518003463745E-001,-1.346133351325989E-001,6.021298840641975E-002,7.311125397682190E-001,6.534518003463745E-001,
3.900000000000000E+009,-2.056716829538345E-001,9.355214983224869E-002,7.458552122116089E-001,6.192830801010132E-001,-2.056716829538345E-001,9.355214983224869E-002,7.458552122116089E-001,6.192830801010132E-001,
3.911666666666667E+009,-2.308419495820999E-001,1.685869842767716E-001,7.508570551872253E-001,5.827867984771729E-001,-2.308419495820999E-001,1.685869842767716E-001,7.508570551872253E-001,5.827867984771729E-001,
3.923333333333333E+009,-1.961775720119476E-001,2.424931079149246E-001,7.595501542091370E-001,5.651968121528626E-001,-1.961775720119476E-001,2.424931079149246E-001,7.595501542091370E-001,5.651968121528626E-001,
3.935000000000000E+009,-1.176603212952614E-001,2.760429084300995E-001,7.780249118804932E-001,5.547731518745422E-001,-1.176603212952614E-001,2.760429084300995E-001,7.780249118804932E-001,5.547731518745422E-001,
3.946666666666667E+009,-4.001701250672340E-002,2.541563808917999E-001,8.019710779190064E-001,5.435242652893066E-001,-4.001701250672340E-002,2.541563808917999E-001,8.019710779190064E-001,5.435242652893066E-001,
3.958333333333333E+009,1.852829591371119E-003,1.868703961372376E-001,8.382907509803772E-001,5.177220702171326E-001,1.852829591371119E-003,1.868703961372376E-001,8.382907509803772E-001,5.177220702171326E-001,
3.970000000000000E+009,-1.954926364123821E-002,1.193110719323158E-001,8.636617064476013E-001,4.770809113979340E-001,-1.954926364123821E-002,1.193110719323158E-001,8.636617064476013E-001,4.770809113979340E-001,
3.981666666666667E+009,-8.533780276775360E-002,9.120508283376694E-002,8.886300325393677E-001,4.318759739398956E-001,-8.533780276775360E-002,9.120508283376694E-002,8.886300325393677E-001,4.318759739398956E-001,
3.993333333333333E+009,-1.528695076704025E-001,1.206235662102699E-001,8.913379907608032E-001,3.855068385601044E-001,-1.528695076704025E-001,1.206235662102699E-001,8.913379907608032E-001,3.855068385601044E-001,
4.005000000000000E+009,-1.773861348628998E-001,1.903392076492310E-001,8.971399664878845E-001,3.507208824157715E-001,-1.773861348628998E-001,1.903392076492310E-001,8.971399664878845E-001,3.507208824157715E-001,
4.016666666666667E+009,-1.461331695318222E-001,2.574066817760468E-001,8.906561732292175E-001,3.297170698642731E-001,-1.461331695318222E-001,2.574066817760468E-001,8.906561732292175E-001,3.297170698642731E-001,
4.028333333333333E+009,-7.483250647783279E-002,2.842924892902374E-001,9.049559235572815E-001,3.100712597370148E-001,-7.483250647783279E-002,2.842924892902374E-001,9.049559235572815E-001,3.100712597370148E-001,
4.040000000000000E+009,2.043318934738636E-003,2.557383179664612E-001,9.290853142738342E-001,2.936103940010071E-001,2.043318934738636E-003,2.557383179664612E-001,9.290853142738342E-001,2.936103940010071E-001,
4.051666666666667E+009,3.780857846140862E-002,1.854195594787598E-001,9.459466338157654E-001,2.517674565315247E-001,3.780857846140862E-002,1.854195594787598E-001,9.459466338157654E-001,2.517674565315247E-001,
4.063333333333333E+009,1.188665349036455E-002,1.170801371335983E-001,9.666907787322998E-001,2.135686725378037E-001,1.188665349036455E-002,1.170801371335983E-001,9.666907787322998E-001,2.135686725378037E-001,
4.075000000000000E+009,-5.767503380775452E-002,9.174234420061112E-002,9.799909591674805E-001,1.594838500022888E-001,-5.767503380775452E-002,9.174234420061112E-002,9.799909591674805E-001,1.594838500022888E-001,
4.086666666666667E+009,-1.237268224358559E-001,1.300136297941208E-001,9.670996069908142E-001,1.126483902335167E-001,-1.237268224358559E-001,1.300136297941208E-001,9.670996069908142E-001,1.126483902335167E-001,
4.098333333333333E+009,-1.448489874601364E-001,2.024756520986557E-001,9.580642580986023E-001,8.332832902669907E-002,-1.448489874601364E-001,2.024756520986557E-001,9.580642580986023E-001,8.332832902669907E-002,
4.110000000000000E+009,-1.107795163989067E-001,2.693119049072266E-001,9.496785998344421E-001,5.217976495623589E-002,-1.107795163989067E-001,2.693119049072266E-001,9.496785998344421E-001,5.217976495623589E-002,
4.121666666666667E+009,-3.900302201509476E-002,2.920367121696472E-001,9.547020792961121E-001,3.950881958007813E-002,-3.900302201509476E-002,2.920367121696472E-001,9.547020792961121E-001,3.950881958007813E-002,
4.133333333333333E+009,3.275934234261513E-002,2.609684765338898E-001,9.591256976127625E-001,1.518234796822071E-002,3.275934234261513E-002,2.609684765338898E-001,9.591256976127625E-001,1.518234796822071E-002,
4.145000000000000E+009,6.612432003021240E-002,1.889736950397492E-001,9.769150018692017E-001,-2.170244231820107E-002,6.612432003021240E-002,1.889736950397492E-001,9.769150018692017E-001,-2.170244231820107E-002,
4.156666666666667E+009,4.249086976051331E-002,1.177072376012802E-001,9.944067001342773E-001,-6.463856250047684E-002,4.249086976051331E-002,1.177072376012802E-001,9.944067001342773E-001,-6.463856250047684E-002,
4.168333333333333E+009,-2.676758728921413E-002,9.338299930095673E-002,9.878276586532593E-001,-1.157016381621361E-001,-2.676758728921413E-002,9.338299930095673E-002,9.878276586532593E-001,-1.157016381621361E-001,
4.180000000000000E+009,-9.076633304357529E-002,1.306824535131455E-001,9.724317193031311E-001,-1.711481213569641E-001,-9.076633304357529E-002,1.306824535131455E-001,9.724317193031311E-001,-1.711481213569641E-001,
4.191666666666667E+009,-1.121609881520271E-001,2.039263993501663E-001,9.468768835067749E-001,-2.029696404933929E-001,-1.121609881520271E-001,2.039263993501663E-001,9.468768835067749E-001,-2.029696404933929E-001,
4.203333333333333E+009,-7.795184850692749E-002,2.708170115947723E-001,9.235329627990723E-001,-2.231014668941498E-001,-7.795184850692749E-002,2.708170115947723E-001,9.235329627990723E-001,-2.231014668941498E-001,
4.215000000000000E+009,-8.433517068624497E-003,2.952204048633575E-001,9.174031615257263E-001,-2.425279468297958E-001,-8.433517068624497E-003,2.952204048633575E-001,9.174031615257263E-001,-2.425279468297958E-001,
4.226666666666667E+009,5.496411398053169E-002,2.626250982284546E-001,9.183383584022522E-001,-2.567730247974396E-001,5.496411398053169E-002,2.626250982284546E-001,9.183383584022522E-001,-2.567730247974396E-001,
4.238333333333333E+009,8.549811691045761E-002,1.949082165956497E-001,9.231722950935364E-001,-2.948027551174164E-001,8.549811691045761E-002,1.949082165956497E-001,9.231722950935364E-001,-2.948027551174164E-001,
4.250000000000000E+009,6.041400507092476E-002,1.263894289731979E-001,9.297857284545898E-001,-3.386161029338837E-001,6.041400507092476E-002,1.263894289731979E-001,9.297857284545898E-001,-3.386161029338837E-001,
4.261666666666667E+009,-2.331307390704751E-003,1.052634268999100E-001,9.197967648506165E-001,-3.882859647274017E-001,-2.331307390704751E-003,1.052634268999100E-001,9.197967648506165E-001,-3.882859647274017E-001,
4.273333333333333E+009,-6.196902692317963E-002,1.378975808620453E-001,8.878382444381714E-001,-4.317834079265595E-001,-6.196902692317963E-002,1.378975808620453E-001,8.878382444381714E-001,-4.317834079265595E-001,
4.285000000000000E+009,-7.825586944818497E-002,2.110709995031357E-001,8.577603697776794E-001,-4.678095579147339E-001,-7.825586944818497E-002,2.110709995031357E-001,8.577603697776794E-001,-4.678095579147339E-001,
4.296666666666666E+009,-4.166908562183380E-002,2.768339812755585E-001,8.259688615798950E-001,-4.760352671146393E-001,-4.166908562183380E-002,2.768339812755585E-001,8.259688615798950E-001,-4.760352671146393E-001,
4.308333333333333E+009,2.887992747128010E-002,3.000133633613586E-001,8.093901276588440E-001,-4.933293163776398E-001,2.887992747128010E-002,3.000133633613586E-001,8.093901276588440E-001,-4.933293163776398E-001,
4.320000000000000E+009,9.184586256742477E-002,2.723808288574219E-001,8.033309578895569E-001,-5.095688700675964E-001,9.184586256742477E-002,2.723808288574219E-001,8.033309578895569E-001,-5.095688700675964E-001,
4.331666666666666E+009,1.195542961359024E-001,2.071235179901123E-001,8.017969131469727E-001,-5.361399650573731E-001,1.195542961359024E-001,2.071235179901123E-001,8.017969131469727E-001,-5.361399650573731E-001,
4.343333333333333E+009,9.447608888149262E-002,1.380239576101303E-001,7.907931804656982E-001,-5.822936892509460E-001,9.447608888149262E-002,1.380239576101303E-001,7.907931804656982E-001,-5.822936892509460E-001,
4.355000000000000E+009,3.272503241896629E-002,1.115272939205170E-001,7.700205445289612E-001,-6.236792802810669E-001,3.272503241896629E-002,1.115272939205170E-001,7.700205445289612E-001,-6.236792802810669E-001,
4.366666666666666E+009,-2.616471983492374E-002,1.428616791963577E-001,7.279844284057617E-001,-6.674200296401978E-001,-2.616471983492374E-002,1.428616791963577E-001,7.279844284057617E-001,-6.674200296401978E-001,
4.378333333333333E+009,-3.875574842095375E-002,2.100398689508438E-001,6.852692365646362E-001,-6.820542812347412E-001,-3.875574842095375E-002,2.100398689508438E-001,6.852692365646362E-001,-6.820542812347412E-001,
4.390000000000000E+009,-6.759754032827914E-004,2.695139646530151E-001,6.538809537887573E-001,-6.973713636398315E-001,-6.759754032827914E-004,2.695139646530151E-001,6.538809537887573E-001,-6.973713636398315E-001,
4.401666666666666E+009,6.684106588363648E-002,2.906414270401001E-001,6.287789344787598E-001,-7.038433551788330E-001,6.684106588363648E-002,2.906414270401001E-001,6.287789344787598E-001,-7.038433551788330E-001,
4.413333333333333E+009,1.309601366519928E-001,2.631481885910034E-001,6.201634407043457E-001,-7.142075300216675E-001,1.309601366519928E-001,2.631481885910034E-001,6.201634407043457E-001,-7.142075300216675E-001,
4.425000000000000E+009,1.556052118539810E-001,1.979850083589554E-001,6.098191142082214E-001,-7.359601855278015E-001,1.556052118539810E-001,1.979850083589554E-001,6.098191142082214E-001,-7.359601855278015E-001,
4.436666666666666E+009,1.276428550481796E-001,1.332624852657318E-001,5.883690118789673E-001,-7.658192515373230E-001,1.276428550481796E-001,1.332624852657318E-001,5.883690118789673E-001,-7.658192515373230E-001,
4.448333333333333E+009,6.060751527547836E-002,1.051908805966377E-001,5.603472590446472E-001,-8.093655705451965E-001,6.060751527547836E-002,1.051908805966377E-001,5.603472590446472E-001,-8.093655705451965E-001,
4.460000000000000E+009,-3.619472961872816E-003,1.367072910070419E-001,5.177373290061951E-001,-8.436642289161682E-001,-3.619472961872816E-003,1.367072910070419E-001,5.177373290061951E-001,-8.436642289161682E-001,
4.471666666666666E+009,-2.332430891692638E-002,2.074775397777557E-001,4.651526808738709E-001,-8.541958332061768E-001,-2.332430891692638E-002,2.074775397777557E-001,4.651526808738709E-001,-8.541958332061768E-001,
4.483333333333333E+009,1.362480036914349E-002,2.706754207611084E-001,4.191352427005768E-001,-8.640203475952148E-001,1.362480036914349E-002,2.706754207611084E-001,4.191352427005768E-001,-8.640203475952148E-001,
4.495000000000000E+009,8.514535427093506E-002,2.982021868228912E-001,3.945823013782501E-001,-8.526971340179443E-001,8.514535427093506E-002,2.982021868228912E-001,3.945823013782501E-001,-8.526971340179443E-001,
4.506666666666666E+009,1.551575064659119E-001,2.759567797183991E-001,3.768724501132965E-001,-8.565051555633545E-001,1.551575064659119E-001,2.759567797183991E-001,3.768724501132965E-001,-8.565051555633545E-001,
4.518333333333333E+009,1.871640086174011E-001,2.202415615320206E-001,3.602637052536011E-001,-8.606325984001160E-001,1.871640086174011E-001,2.202415615320206E-001,3.602637052536011E-001,-8.606325984001160E-001,
4.530000000000000E+009,1.708134114742279E-001,1.618981361389160E-001,3.449550569057465E-001,-8.910310268402100E-001,1.708134114742279E-001,1.618981361389160E-001,3.449550569057465E-001,-8.910310268402100E-001,
4.541666666666666E+009,1.174070686101914E-001,1.348264366388321E-001,3.085914850234985E-001,-9.178071618080139E-001,1.174070686101914E-001,1.348264366388321E-001,3.085914850234985E-001,-9.178071618080139E-001,
4.553333333333333E+009,6.247238069772720E-002,1.599367260932922E-001,2.576307356357575E-001,-9.407326579093933E-001,6.247238069772720E-002,1.599367260932922E-001,2.576307356357575E-001,-9.407326579093933E-001,
4.565000000000000E+009,5.072482675313950E-002,2.231534123420715E-001,2.047770619392395E-001,-9.427366852760315E-001,5.072482675313950E-002,2.231534123420715E-001,2.047770619392395E-001,-9.427366852760315E-001,
4.576666666666666E+009,9.048268944025040E-002,2.752580940723419E-001,1.647572368383408E-001,-9.346646666526794E-001,9.048268944025040E-002,2.752580940723419E-001,1.647572368383408E-001,-9.346646666526794E-001,
4.588333333333333E+009,1.613206267356873E-001,2.868678867816925E-001,1.361221671104431E-001,-9.201470017433167E-001,1.613206267356873E-001,2.868678867816925E-001,1.361221671104431E-001,-9.201470017433167E-001,
4.600000000000000E+009,2.281056642532349E-001,2.539328932762146E-001,1.152557358145714E-001,-9.189232587814331E-001,2.281056642532349E-001,2.539328932762146E-001,1.152557358145714E-001,-9.189232587814331E-001,
4.611666666666666E+009,2.573379576206207E-001,1.888196915388107E-001,1.000412851572037E-001,-9.282088875770569E-001,2.573379576206207E-001,1.888196915388107E-001,1.000412851572037E-001,-9.282088875770569E-001,
4.623333333333333E+009,2.377449423074722E-001,1.235178038477898E-001,8.365038782358170E-002,-9.368339776992798E-001,2.377449423074722E-001,1.235178038477898E-001,8.365038782358170E-002,-9.368339776992798E-001,
4.635000000000000E+009,1.777107715606690E-001,9.448812901973724E-002,4.821931570768356E-002,-9.635637998580933E-001,1.777107715606690E-001,9.448812901973724E-002,4.821931570768356E-002,-9.635637998580933E-001,
4.646666666666666E+009,1.187951639294624E-001,1.187949478626251E-001,1.545080915093422E-003,-9.779531955718994E-001,1.187951639294624E-001,1.187949478626251E-001,1.545080915093422E-003,-9.779531955718994E-001,
4.658333333333333E+009,9.937506169080734E-002,1.819166541099548E-001,-5.652084946632385E-002,-9.690383672714233E-001,9.937506169080734E-002,1.819166541099548E-001,-5.652084946632385E-002,-9.690383672714233E-001,
4.670000000000000E+009,1.378441154956818E-001,2.367336899042130E-001,-1.018084511160851E-001,-9.430624842643738E-001,1.378441154956818E-001,2.367336899042130E-001,-1.018084511160851E-001,-9.430624842643738E-001,
4.681666666666666E+009,2.076194584369659E-001,2.468565255403519E-001,-1.298269182443619E-001,-9.244905710220337E-001,2.076194584369659E-001,2.468565255403519E-001,-1.298269182443619E-001,-9.244905710220337E-001,
4.693333333333333E+009,2.665746212005615E-001,2.111677676439285E-001,-1.408798992633820E-001,-9.135370850563049E-001,2.665746212005615E-001,2.111677676439285E-001,-1.408798992633820E-001,-9.135370850563049E-001,
4.705000000000000E+009,2.903939187526703E-001,1.434464901685715E-001,-1.537106484174728E-001,-9.121105670928955E-001,2.903939187526703E-001,1.434464901685715E-001,-1.537106484174728E-001,-9.121105670928955E-001,
4.716666666666666E+009,2.664686143398285E-001,8.092561364173889E-002,-1.805741637945175E-001,-9.212244153022766E-001,2.664686143398285E-001,8.092561364173889E-002,-1.805741637945175E-001,-9.212244153022766E-001,
4.728333333333333E+009,2.064770460128784E-001,5.818338319659233E-002,-2.093790918588638E-001,-9.314718246459961E-001,2.064770460128784E-001,5.818338319659233E-002,-2.093790918588638E-001,-9.314718246459961E-001,
4.740000000000000E+009,1.503621041774750E-001,8.934145420789719E-002,-2.727086842060089E-001,-9.421238899230957E-001,1.503621041774750E-001,8.934145420789719E-002,-2.727086842060089E-001,-9.421238899230957E-001,
4.751666666666666E+009,1.409497857093811E-001,1.516541987657547E-001,-3.245840072631836E-001,-9.154766201972961E-001,1.409497857093811E-001,1.516541987657547E-001,-3.245840072631836E-001,-9.154766201972961E-001,
4.763333333333333E+009,1.853970885276794E-001,2.037780433893204E-001,-3.629055321216583E-001,-8.782951831817627E-001,1.853970885276794E-001,2.037780433893204E-001,-3.629055321216583E-001,-8.782951831817627E-001,
4.775000000000000E+009,2.570210993289948E-001,2.061831653118134E-001,-3.766375482082367E-001,-8.534133434295654E-001,2.570210993289948E-001,2.061831653118134E-001,-3.766375482082367E-001,-8.534133434295654E-001,
4.786666666666666E+009,3.126492202281952E-001,1.623105257749558E-001,-3.826041221618652E-001,-8.349905610084534E-001,3.126492202281952E-001,1.623105257749558E-001,-3.826041221618652E-001,-8.349905610084534E-001,
4.798333333333333E+009,3.290372788906097E-001,9.271475672721863E-002,-4.018288552761078E-001,-8.260459899902344E-001,3.290372788906097E-001,9.271475672721863E-002,-4.018288552761078E-001,-8.260459899902344E-001,
4.810000000000000E+009,2.973599433898926E-001,3.097516298294067E-002,-4.275614321231842E-001,-8.203379511833191E-001,2.973599433898926E-001,3.097516298294067E-002,-4.275614321231842E-001,-8.203379511833191E-001,
4.821666666666666E+009,2.339624762535095E-001,9.118241257965565E-003,-4.657938778400421E-001,-8.372300863265991E-001,2.339624762535095E-001,9.118241257965565E-003,-4.657938778400421E-001,-8.372300863265991E-001,
4.833333333333333E+009,1.774028986692429E-001,4.710502550005913E-002,-5.078887939453125E-001,-8.177150487899780E-001,1.774028986692429E-001,4.710502550005913E-002,-5.078887939453125E-001,-8.177150487899780E-001,
4.845000000000000E+009,1.724325567483902E-001,1.115406081080437E-001,-5.598999261856079E-001,-7.902194857597351E-001,1.724325567483902E-001,1.115406081080437E-001,-5.598999261856079E-001,-7.902194857597351E-001,
4.856666666666666E+009,2.255632877349854E-001,1.580626070499420E-001,-5.844060182571411E-001,-7.471296191215515E-001,2.255632877349854E-001,1.580626070499420E-001,-5.844060182571411E-001,-7.471296191215515E-001,
4.868333333333333E+009,2.991052269935608E-001,1.543437689542770E-001,-6.011045575141907E-001,-7.093635797500610E-001,2.991052269935608E-001,1.543437689542770E-001,-6.011045575141907E-001,-7.093635797500610E-001,
4.880000000000000E+009,3.544371724128723E-001,1.048710495233536E-001,-5.997525453567505E-001,-6.848086714744568E-001,3.544371724128723E-001,1.048710495233536E-001,-5.997525453567505E-001,-6.848086714744568E-001,
4.891666666666666E+009,3.708017766475678E-001,2.949606068432331E-002,-6.179589629173279E-001,-6.780474185943604E-001,3.708017766475678E-001,2.949606068432331E-002,-6.179589629173279E-001,-6.780474185943604E-001,
4.903333333333333E+009,3.304570913314819E-001,-3.441740944981575E-002,-6.212628483772278E-001,-6.766203045845032E-001,3.304570913314819E-001,-3.441740944981575E-002,-6.212628483772278E-001,-6.766203045845032E-001,
4.915000000000000E+009,2.658481895923615E-001,-5.674869567155838E-002,-6.639723181724548E-001,-6.680313944816589E-001,2.658481895923615E-001,-5.674869567155838E-002,-6.639723181724548E-001,-6.680313944816589E-001,
4.926666666666666E+009,2.084648460149765E-001,-2.806433103978634E-002,-7.083072066307068E-001,-6.431851387023926E-001,2.084648460149765E-001,-2.806433103978634E-002,-7.083072066307068E-001,-6.431851387023926E-001,
4.938333333333333E+009,1.983423978090286E-001,3.249688819050789E-002,-7.415894865989685E-001,-6.082804203033447E-001,1.983423978090286E-001,3.249688819050789E-002,-7.415894865989685E-001,-6.082804203033447E-001,
4.950000000000000E+009,2.421670556068420E-001,7.721006125211716E-002,-7.683252096176148E-001,-5.623674392700195E-001,2.421670556068420E-001,7.721006125211716E-002,-7.683252096176148E-001,-5.623674392700195E-001,
4.961666666666666E+009,3.072712719440460E-001,6.922256946563721E-002,-7.758882045745850E-001,-5.253558754920960E-001,3.072712719440460E-001,6.922256946563721E-002,-7.758882045745850E-001,-5.253558754920960E-001,
4.973333333333333E+009,3.548650443553925E-001,2.392066828906536E-002,-7.715489268302918E-001,-4.938017427921295E-001,3.548650443553925E-001,2.392066828906536E-002,-7.715489268302918E-001,-4.938017427921295E-001,
4.985000000000000E+009,3.588627278804779E-001,-4.464555904269218E-002,-7.780920863151550E-001,-4.792054593563080E-001,3.588627278804779E-001,-4.464555904269218E-002,-7.780920863151550E-001,-4.792054593563080E-001,
4.996666666666666E+009,3.212963044643402E-001,-1.003272086381912E-001,-8.018562197685242E-001,-4.767402410507202E-001,3.212963044643402E-001,-1.003272086381912E-001,-8.018562197685242E-001,-4.767402410507202E-001,
5.008333333333333E+009,2.586873769760132E-001,-1.154814064502716E-001,-8.195922970771790E-001,-4.592195749282837E-001,2.586873769760132E-001,-1.154814064502716E-001,-8.195922970771790E-001,-4.592195749282837E-001,
5.020000000000000E+009,2.063156217336655E-001,-8.601889759302139E-002,-8.501548171043396E-001,-4.253803789615631E-001,2.063156217336655E-001,-8.601889759302139E-002,-8.501548171043396E-001,-4.253803789615631E-001,
5.031666666666666E+009,1.990111321210861E-001,-3.027522750198841E-002,-8.803596496582031E-001,-3.807201087474823E-001,1.990111321210861E-001,-3.027522750198841E-002,-8.803596496582031E-001,-3.807201087474823E-001,
5.043333333333333E+009,2.394163906574249E-001,4.777207039296627E-003,-8.948333859443665E-001,-3.315641880035400E-001,2.394163906574249E-001,4.777207039296627E-003,-8.948333859443665E-001,-3.315641880035400E-001,
5.055000000000000E+009,2.999241054058075E-001,-2.118945121765137E-003,-8.900858163833618E-001,-2.897663712501526E-001,2.999241054058075E-001,-2.118945121765137E-003,-8.900858163833618E-001,-2.897663712501526E-001,
5.066666666666666E+009,3.430715501308441E-001,-5.068088322877884E-002,-8.809499740600586E-001,-2.635399997234345E-001,3.430715501308441E-001,-5.068088322877884E-002,-8.809499740600586E-001,-2.635399997234345E-001,
5.078333333333333E+009,3.391901552677155E-001,-1.149586066603661E-001,-8.740011453628540E-001,-2.468237131834030E-001,3.391901552677155E-001,-1.149586066603661E-001,-8.740011453628540E-001,-2.468237131834030E-001,
5.090000000000000E+009,3.011803328990936E-001,-1.660728603601456E-001,-8.894792795181274E-001,-2.232035696506500E-001,3.011803328990936E-001,-1.660728603601456E-001,-8.894792795181274E-001,-2.232035696506500E-001,
5.101666666666666E+009,2.423149198293686E-001,-1.795591115951538E-001,-9.161252975463867E-001,-2.046495229005814E-001,2.423149198293686E-001,-1.795591115951538E-001,-9.161252975463867E-001,-2.046495229005814E-001,
5.113333333333333E+009,1.918466389179230E-001,-1.510330885648727E-001,-9.381188750267029E-001,-1.781771332025528E-001,1.918466389179230E-001,-1.510330885648727E-001,-9.381188750267029E-001,-1.781771332025528E-001,
5.125000000000000E+009,1.807790398597717E-001,-1.024669706821442E-001,-9.529972672462463E-001,-1.279645413160324E-001,1.807790398597717E-001,-1.024669706821442E-001,-9.529972672462463E-001,-1.279645413160324E-001,
5.136666666666666E+009,2.126879990100861E-001,-6.753982603549957E-002,-9.492707848548889E-001,-8.013439923524857E-002,2.126879990100861E-001,-6.753982603549957E-002,-9.492707848548889E-001,-8.013439923524857E-002,
5.148333333333333E+009,2.622780203819275E-001,-7.126406580209732E-002,-9.473997950553894E-001,-4.431750252842903E-002,2.622780203819275E-001,-7.126406580209732E-002,-9.473997950553894E-001,-4.431750252842903E-002,
5.160000000000000E+009,2.941161990165710E-001,-1.126045435667038E-001,-9.282300472259522E-001,-1.529077813029289E-002,2.941161990165710E-001,-1.126045435667038E-001,-9.282300472259522E-001,-1.529077813029289E-002,
5.171666666666666E+009,2.942315042018890E-001,-1.705607324838638E-001,-9.180896878242493E-001,1.474547944962978E-002,2.942315042018890E-001,-1.705607324838638E-001,-9.180896878242493E-001,1.474547944962978E-002,
5.183333333333333E+009,2.639361917972565E-001,-2.151003032922745E-001,-9.265391230583191E-001,3.515902534127235E-002,2.639361917972565E-001,-2.151003032922745E-001,-9.265391230583191E-001,3.515902534127235E-002,
5.195000000000000E+009,2.085105627775192E-001,-2.279421091079712E-001,-9.328014850616455E-001,5.106985196471214E-002,2.085105627775192E-001,-2.279421091079712E-001,-9.328014850616455E-001,5.106985196471214E-002,
5.206666666666666E+009,1.621734648942947E-001,-2.022893428802490E-001,-9.451847672462463E-001,8.075412362813950E-002,1.621734648942947E-001,-2.022893428802490E-001,-9.451847672462463E-001,8.075412362813950E-002,
5.218333333333333E+009,1.468248963356018E-001,-1.594978123903275E-001,-9.454747438430786E-001,1.372253745794296E-001,1.468248963356018E-001,-1.594978123903275E-001,-9.454747438430786E-001,1.372253745794296E-001,
5.230000000000000E+009,1.681167483329773E-001,-1.233883425593376E-001,-9.372767806053162E-001,1.806142479181290E-001,1.681167483329773E-001,-1.233883425593376E-001,-9.372767806053162E-001,1.806142479181290E-001,
5.241666666666666E+009,2.075797468423843E-001,-1.232070103287697E-001,-9.362749457359314E-001,2.192934155464172E-001,2.075797468423843E-001,-1.232070103287697E-001,-9.362749457359314E-001,2.192934155464172E-001,
5.253333333333333E+009,2.454673647880554E-001,-1.556128263473511E-001,-9.045137763023377E-001,2.403175085783005E-001,2.454673647880554E-001,-1.556128263473511E-001,-9.045137763023377E-001,2.403175085783005E-001,
5.265000000000000E+009,2.459784895181656E-001,-2.040489315986633E-001,-8.921983242034912E-001,2.762896716594696E-001,2.459784895181656E-001,-2.040489315986633E-001,-8.921983242034912E-001,2.762896716594696E-001,
5.276666666666666E+009,2.163152247667313E-001,-2.495063394308090E-001,-8.787348866462708E-001,2.842674851417542E-001,2.163152247667313E-001,-2.495063394308090E-001,-8.787348866462708E-001,2.842674851417542E-001,
5.288333333333333E+009,1.671714782714844E-001,-2.663104236125946E-001,-8.702707886695862E-001,3.069282174110413E-001,1.671714782714844E-001,-2.663104236125946E-001,-8.702707886695862E-001,3.069282174110413E-001,
5.300000000000000E+009,1.230034157633781E-001,-2.493119686841965E-001,-8.821745514869690E-001,3.502875566482544E-001,1.230034157633781E-001,-2.493119686841965E-001,-8.821745514869690E-001,3.502875566482544E-001,
5.311666666666666E+009,9.797386825084686E-002,-2.078601866960526E-001,-8.781939148902893E-001,3.846299052238464E-001,9.797386825084686E-002,-2.078601866960526E-001,-8.781939148902893E-001,3.846299052238464E-001,
5.323333333333333E+009,1.079304739832878E-001,-1.685446351766586E-001,-8.615159392356873E-001,4.215959310531616E-001,1.079304739832878E-001,-1.685446351766586E-001,-8.615159392356873E-001,4.215959310531616E-001,
5.335000000000000E+009,1.447272300720215E-001,-1.531018018722534E-001,-8.416819572448731E-001,4.624235332012177E-001,1.447272300720215E-001,-1.531018018722534E-001,-8.416819572448731E-001,4.624235332012177E-001,
5.346666666666666E+009,1.777027994394302E-001,-1.755428463220596E-001,-8.087989687919617E-001,5.026839375495911E-001,1.777027994394302E-001,-1.755428463220596E-001,-8.087989687919617E-001,5.026839375495911E-001,
5.358333333333333E+009,1.870220750570297E-001,-2.180182784795761E-001,-7.849644422531128E-001,5.180183053016663E-001,1.870220750570297E-001,-2.180182784795761E-001,-7.849644422531128E-001,5.180183053016663E-001,
5.370000000000000E+009,1.676185578107834E-001,-2.606415450572968E-001,-7.672088146209717E-001,5.385200977325440E-001,1.676185578107834E-001,-2.606415450572968E-001,-7.672088146209717E-001,5.385200977325440E-001,
5.381666666666666E+009,1.251639425754547E-001,-2.794565558433533E-001,-7.512388229370117E-001,5.576110482215881E-001,1.251639425754547E-001,-2.794565558433533E-001,-7.512388229370117E-001,5.576110482215881E-001,
5.393333333333333E+009,7.778504490852356E-002,-2.674329876899719E-001,-7.473980188369751E-001,5.824698209762573E-001,7.778504490852356E-002,-2.674329876899719E-001,-7.473980188369751E-001,5.824698209762573E-001,
5.405000000000000E+009,5.240761116147041E-002,-2.298058569431305E-001,-7.335267663002014E-001,6.202611327171326E-001,5.240761116147041E-002,-2.298058569431305E-001,-7.335267663002014E-001,6.202611327171326E-001,
5.416666666666666E+009,6.063023209571838E-002,-1.891520619392395E-001,-7.100006937980652E-001,6.527442336082459E-001,6.063023209571838E-002,-1.891520619392395E-001,-7.100006937980652E-001,6.527442336082459E-001,
5.428333333333333E+009,9.143249690532684E-002,-1.684105992317200E-001,-6.785922050476074E-001,6.830031871795654E-001,9.143249690532684E-002,-1.684105992317200E-001,-6.785922050476074E-001,6.830031871795654E-001,
5.440000000000000E+009,1.268703490495682E-001,-1.846832782030106E-001,-6.385220289230347E-001,7.149514555931091E-001,1.268703490495682E-001,-1.846832782030106E-001,-6.385220289230347E-001,7.149514555931091E-001,
5.451666666666666E+009,1.387321501970291E-001,-2.264350801706314E-001,-6.088203787803650E-001,7.203679084777832E-001,1.387321501970291E-001,-2.264350801706314E-001,-6.088203787803650E-001,7.203679084777832E-001,
5.463333333333333E+009,1.197315603494644E-001,-2.675377130508423E-001,-5.821027755737305E-001,7.241255044937134E-001,1.197315603494644E-001,-2.675377130508423E-001,-5.821027755737305E-001,7.241255044937134E-001,
5.475000000000000E+009,7.454138994216919E-002,-2.910247743129730E-001,-5.603033304214478E-001,7.498502731323242E-001,7.454138994216919E-002,-2.910247743129730E-001,-5.603033304214478E-001,7.498502731323242E-001,
5.486666666666666E+009,2.835550531744957E-002,-2.772450149059296E-001,-5.585636496543884E-001,7.654544115066528E-001,2.835550531744957E-002,-2.772450149059296E-001,-5.585636496543884E-001,7.654544115066528E-001,
5.498333333333333E+009,1.388353528454900E-003,-2.354101389646530E-001,-5.312376618385315E-001,7.921677827835083E-001,1.388353528454900E-003,-2.354101389646530E-001,-5.312376618385315E-001,7.921677827835083E-001,
5.510000000000000E+009,1.128788571804762E-002,-1.890893727540970E-001,-5.002326965332031E-001,8.260944485664368E-001,1.128788571804762E-002,-1.890893727540970E-001,-5.002326965332031E-001,8.260944485664368E-001,
5.521666666666666E+009,5.134939402341843E-002,-1.648328155279160E-001,-4.648508429527283E-001,8.521927595138550E-001,5.134939402341843E-002,-1.648328155279160E-001,-4.648508429527283E-001,8.521927595138550E-001,
5.533333333333333E+009,9.420978277921677E-002,-1.832576245069504E-001,-4.224846959114075E-001,8.736009001731873E-001,9.420978277921677E-002,-1.832576245069504E-001,-4.224846959114075E-001,8.736009001731873E-001,
5.545000000000000E+009,1.104859784245491E-001,-2.271890342235565E-001,-3.771912157535553E-001,8.721290230751038E-001,1.104859784245491E-001,-2.271890342235565E-001,-3.771912157535553E-001,8.721290230751038E-001,
5.556666666666666E+009,8.979485183954239E-002,-2.758334875106812E-001,-3.515118956565857E-001,8.763709664344788E-001,8.979485183954239E-002,-2.758334875106812E-001,-3.515118956565857E-001,8.763709664344788E-001,
5.568333333333333E+009,3.878132998943329E-002,-2.996722459793091E-001,-3.227562606334686E-001,8.752914071083069E-001,3.878132998943329E-002,-2.996722459793091E-001,-3.227562606334686E-001,8.752914071083069E-001,
5.580000000000000E+009,-1.491357851773500E-002,-2.875477671623230E-001,-3.074788749217987E-001,8.857880830764771E-001,-1.491357851773500E-002,-2.875477671623230E-001,-3.074788749217987E-001,8.857880830764771E-001,
5.591666666666666E+009,-4.245485737919807E-002,-2.406770437955856E-001,-2.907733321189880E-001,9.092025756835938E-001,-4.245485737919807E-002,-2.406770437955856E-001,-2.907733321189880E-001,9.092025756835938E-001,
5.603333333333333E+009,-2.777290716767311E-002,-1.908118575811386E-001,-2.494396120309830E-001,9.376963376998901E-001,-2.777290716767311E-002,-1.908118575811386E-001,-2.494396120309830E-001,9.376963376998901E-001,
5.615000000000000E+009,1.657562516629696E-002,-1.653822064399719E-001,-2.014768719673157E-001,9.506375193595886E-001,1.657562516629696E-002,-1.653822064399719E-001,-2.014768719673157E-001,9.506375193595886E-001,
5.626666666666666E+009,6.253379583358765E-002,-1.840703189373016E-001,-1.560462266206741E-001,9.527741074562073E-001,6.253379583358765E-002,-1.840703189373016E-001,-1.560462266206741E-001,9.527741074562073E-001,
5.638333333333333E+009,8.123732358217239E-002,-2.357234656810761E-001,-1.135712191462517E-001,9.418101906776428E-001,8.123732358217239E-002,-2.357234656810761E-001,-1.135712191462517E-001,9.418101906776428E-001,
5.650000000000000E+009,5.504162982106209E-002,-2.854372859001160E-001,-8.719518780708313E-002,9.373208284378052E-001,5.504162982106209E-002,-2.854372859001160E-001,-8.719518780708313E-002,9.373208284378052E-001,
5.661666666666666E+009,1.553373760543764E-003,-3.111037909984589E-001,-6.618344038724899E-002,9.292963147163391E-001,1.553373760543764E-003,-3.111037909984589E-001,-6.618344038724899E-002,9.292963147163391E-001,
5.673333333333333E+009,-5.695249512791634E-002,-2.979744970798492E-001,-4.310707002878189E-002,9.401552081108093E-001,-5.695249512791634E-002,-2.979744970798492E-001,-4.310707002878189E-002,9.401552081108093E-001,
5.685000000000000E+009,-8.783062547445297E-002,-2.502999007701874E-001,-1.808834820985794E-002,9.478145241737366E-001,-8.783062547445297E-002,-2.502999007701874E-001,-1.808834820985794E-002,9.478145241737366E-001,
5.696666666666666E+009,-7.850292325019836E-002,-1.987068504095078E-001,1.981938630342484E-002,9.610476493835449E-001,-7.850292325019836E-002,-1.987068504095078E-001,1.981938630342484E-002,9.610476493835449E-001,
5.708333333333333E+009,-3.375023975968361E-002,-1.715090125799179E-001,6.358908861875534E-002,9.655396938323975E-001,-3.375023975968361E-002,-1.715090125799179E-001,6.358908861875534E-002,9.655396938323975E-001,
5.720000000000000E+009,1.082332897931337E-002,-1.864805370569229E-001,1.120254173874855E-001,9.633508324623108E-001,1.082332897931337E-002,-1.864805370569229E-001,1.120254173874855E-001,9.633508324623108E-001,
5.731666666666666E+009,2.845283038914204E-002,-2.291623651981354E-001,1.565040051937103E-001,9.440449476242065E-001,2.845283038914204E-002,-2.291623651981354E-001,1.565040051937103E-001,9.440449476242065E-001,
5.743333333333333E+009,5.927446763962507E-003,-2.751112878322601E-001,1.865001767873764E-001,9.279730916023254E-001,5.927446763962507E-003,-2.751112878322601E-001,1.865001767873764E-001,9.279730916023254E-001,
5.755000000000000E+009,-3.920736163854599E-002,-2.957929670810700E-001,2.066620737314224E-001,9.177202582359314E-001,-3.920736163854599E-002,-2.957929670810700E-001,2.066620737314224E-001,9.177202582359314E-001,
5.766666666666666E+009,-8.909988403320313E-002,-2.827973067760468E-001,2.301757931709290E-001,9.096052646636963E-001,-8.909988403320313E-002,-2.827973067760468E-001,2.301757931709290E-001,9.096052646636963E-001,
5.778333333333333E+009,-1.158565804362297E-001,-2.437057942152023E-001,2.544721066951752E-001,9.154909849166870E-001,-1.158565804362297E-001,-2.437057942152023E-001,2.544721066951752E-001,9.154909849166870E-001,
5.790000000000000E+009,-1.073338463902473E-001,-1.995767951011658E-001,2.921250164508820E-001,9.040319323539734E-001,-1.073338463902473E-001,-1.995767951011658E-001,2.921250164508820E-001,9.040319323539734E-001,
5.801666666666666E+009,-7.275881618261337E-002,-1.803290396928787E-001,3.316603600978851E-001,9.053968191146851E-001,-7.275881618261337E-002,-1.803290396928787E-001,3.316603600978851E-001,9.053968191146851E-001,
5.813333333333333E+009,-3.621250391006470E-002,-1.909548640251160E-001,3.766213655471802E-001,8.879005908966065E-001,-3.621250391006470E-002,-1.909548640251160E-001,3.766213655471802E-001,8.879005908966065E-001,
5.825000000000000E+009,-2.740774676203728E-002,-2.252404093742371E-001,4.107039570808411E-001,8.644202351570129E-001,-2.740774676203728E-002,-2.252404093742371E-001,4.107039570808411E-001,8.644202351570129E-001,
5.836666666666666E+009,-4.561466723680496E-002,-2.550305724143982E-001,4.421900510787964E-001,8.362828493118286E-001,-4.561466723680496E-002,-2.550305724143982E-001,4.421900510787964E-001,8.362828493118286E-001,
5.848333333333333E+009,-7.817519456148148E-002,-2.637473344802856E-001,4.559983015060425E-001,8.206965923309326E-001,-7.817519456148148E-002,-2.637473344802856E-001,4.559983015060425E-001,8.206965923309326E-001,
5.860000000000000E+009,-1.081027984619141E-001,-2.506091296672821E-001,4.753594100475311E-001,8.121352791786194E-001,-1.081027984619141E-001,-2.506091296672821E-001,4.753594100475311E-001,8.121352791786194E-001,
5.871666666666666E+009,-1.156147345900536E-001,-2.259996384382248E-001,5.133762955665588E-001,8.022980690002441E-001,-1.156147345900536E-001,-2.259996384382248E-001,5.133762955665588E-001,8.022980690002441E-001,
5.883333333333333E+009,-1.022701561450958E-001,-2.067382633686066E-001,5.456337332725525E-001,7.861306071281433E-001,-1.022701561450958E-001,-2.067382633686066E-001,5.456337332725525E-001,7.861306071281433E-001,
5.895000000000000E+009,-7.898417115211487E-002,-2.120060473680496E-001,5.835604667663574E-001,7.574349641799927E-001,-7.898417115211487E-002,-2.120060473680496E-001,5.835604667663574E-001,7.574349641799927E-001,
5.906666666666666E+009,-6.607591360807419E-002,-2.399547398090363E-001,6.196117401123047E-001,7.267736196517944E-001,-6.607591360807419E-002,-2.399547398090363E-001,6.196117401123047E-001,7.267736196517944E-001,
5.918333333333333E+009,-7.745349407196045E-002,-2.718782424926758E-001,6.398516297340393E-001,6.942227482795715E-001,-7.745349407196045E-002,-2.718782424926758E-001,6.398516297340393E-001,6.942227482795715E-001,
5.930000000000000E+009,-1.161870285868645E-001,-2.915644049644470E-001,6.549087762832642E-001,6.571616530418396E-001,-1.161870285868645E-001,-2.915644049644470E-001,6.549087762832642E-001,6.571616530418396E-001,
5.941666666666666E+009,-1.609849333763123E-001,-2.866738140583038E-001,6.659294962882996E-001,6.547087430953980E-001,-1.609849333763123E-001,-2.866738140583038E-001,6.659294962882996E-001,6.547087430953980E-001,
5.953333333333333E+009,-1.929939985275269E-001,-2.575307488441467E-001,6.729135513305664E-001,6.351061463356018E-001,-1.929939985275269E-001,-2.575307488441467E-001,6.729135513305664E-001,6.351061463356018E-001,
5.965000000000000E+009,-2.052441388368607E-001,-2.221073657274246E-001,6.967979669570923E-001,6.199728846549988E-001,-2.052441388368607E-001,-2.221073657274246E-001,6.967979669570923E-001,6.199728846549988E-001,
5.976666666666666E+009,-1.932206898927689E-001,-1.903889626264572E-001,7.312412858009338E-001,5.880560874938965E-001,-1.932206898927689E-001,-1.903889626264572E-001,7.312412858009338E-001,5.880560874938965E-001,
5.988333333333333E+009,-1.667590439319611E-001,-1.860498487949371E-001,7.570351958274841E-001,5.715683102607727E-001,-1.667590439319611E-001,-1.860498487949371E-001,7.570351958274841E-001,5.715683102607727E-001,
6.000000000000000E+009,-1.505100280046463E-001,-1.974037587642670E-001,7.907996177673340E-001,5.505551695823669E-001,-1.505100280046463E-001,-1.974037587642670E-001,7.907996177673340E-001,5.505551695823669E-001,
