% Version 1.00
%
%freq[Hz],re:Trc1_S11,im:Trc1_S11,re:Trc2_S21,im:Trc2_S21,re:Trc3_S11,im:Trc3_S11,re:Trc4_S21,im:Trc4_S21,
2.500000000000000E+009,8.166542649269104E-002,-2.029625475406647E-001,2.014057338237763E-001,-9.393344521522522E-001,8.166542649269104E-002,-2.029625475406647E-001,2.014057338237763E-001,-9.393344521522522E-001,
2.511666666666667E+009,3.463545069098473E-002,-1.987373232841492E-001,1.672403514385223E-001,-9.536924958229065E-001,3.463545069098473E-002,-1.987373232841492E-001,1.672403514385223E-001,-9.536924958229065E-001,
2.523333333333334E+009,5.789083894342184E-003,-1.625826209783554E-001,1.493666917085648E-001,-9.659537672996521E-001,5.789083894342184E-003,-1.625826209783554E-001,1.493666917085648E-001,-9.659537672996521E-001,
2.535000000000000E+009,1.232996303588152E-002,-1.209597289562225E-001,9.325622022151947E-002,-9.751682281494141E-001,1.232996303588152E-002,-1.209597289562225E-001,9.325622022151947E-002,-9.751682281494141E-001,
2.546666666666667E+009,4.698321595788002E-002,-1.020399853587151E-001,5.280157178640366E-002,-9.840360283851624E-001,4.698321595788002E-002,-1.020399853587151E-001,5.280157178640366E-002,-9.840360283851624E-001,
2.558333333333334E+009,8.556347340345383E-002,-1.201097667217255E-001,1.939851231873035E-002,-9.759977459907532E-001,8.556347340345383E-002,-1.201097667217255E-001,1.939851231873035E-002,-9.759977459907532E-001,
2.570000000000000E+009,9.691653400659561E-002,-1.635475903749466E-001,-2.392946369946003E-002,-9.616208076477051E-001,9.691653400659561E-002,-1.635475903749466E-001,-2.392946369946003E-002,-9.616208076477051E-001,
2.581666666666667E+009,7.293087989091873E-002,-2.058175653219223E-001,-5.353920161724091E-002,-9.520512819290161E-001,7.293087989091873E-002,-2.058175653219223E-001,-5.353920161724091E-002,-9.520512819290161E-001,
2.593333333333334E+009,2.680373936891556E-002,-2.246563881635666E-001,-7.946600764989853E-002,-9.501093626022339E-001,2.680373936891556E-002,-2.246563881635666E-001,-7.946600764989853E-002,-9.501093626022339E-001,
2.605000000000000E+009,-2.065220288932324E-002,-2.063864171504974E-001,-1.051568314433098E-001,-9.570620059967041E-001,-2.065220288932324E-002,-2.063864171504974E-001,-1.051568314433098E-001,-9.570620059967041E-001,
2.616666666666667E+009,-4.318555817008019E-002,-1.633877158164978E-001,-1.417708247900009E-001,-9.600151777267456E-001,-4.318555817008019E-002,-1.633877158164978E-001,-1.417708247900009E-001,-9.600151777267456E-001,
2.628333333333334E+009,-3.295495733618736E-002,-1.177294701337814E-001,-1.845002472400665E-001,-9.604580998420715E-001,-3.295495733618736E-002,-1.177294701337814E-001,-1.845002472400665E-001,-9.604580998420715E-001,
2.640000000000000E+009,3.849187400192022E-003,-1.005339547991753E-001,-2.215011417865753E-001,-9.597067236900330E-001,3.849187400192022E-003,-1.005339547991753E-001,-2.215011417865753E-001,-9.597067236900330E-001,
2.651666666666667E+009,4.218464344739914E-002,-1.194908097386360E-001,-2.599347531795502E-001,-9.413897395133972E-001,4.218464344739914E-002,-1.194908097386360E-001,-2.599347531795502E-001,-9.413897395133972E-001,
2.663333333333334E+009,5.123695358633995E-002,-1.614346206188202E-001,-2.934711575508118E-001,-9.246332645416260E-001,5.123695358633995E-002,-1.614346206188202E-001,-2.934711575508118E-001,-9.246332645416260E-001,
2.675000000000000E+009,2.507839165627956E-002,-2.010045498609543E-001,-3.202362060546875E-001,-9.081528186798096E-001,2.507839165627956E-002,-2.010045498609543E-001,-3.202362060546875E-001,-9.081528186798096E-001,
2.686666666666667E+009,-2.112261950969696E-002,-2.113209068775177E-001,-3.432539105415344E-001,-9.010221362113953E-001,-2.112261950969696E-002,-2.113209068775177E-001,-3.432539105415344E-001,-9.010221362113953E-001,
2.698333333333334E+009,-6.419586390256882E-002,-1.880547702312470E-001,-3.676535487174988E-001,-8.905630111694336E-001,-6.419586390256882E-002,-1.880547702312470E-001,-3.676535487174988E-001,-8.905630111694336E-001,
2.710000000000000E+009,-7.845672965049744E-002,-1.417208760976791E-001,-4.057043194770813E-001,-8.891628980636597E-001,-7.845672965049744E-002,-1.417208760976791E-001,-4.057043194770813E-001,-8.891628980636597E-001,
2.721666666666667E+009,-5.734702199697495E-002,-9.860658645629883E-002,-4.453415870666504E-001,-8.742654323577881E-001,-5.734702199697495E-002,-9.860658645629883E-002,-4.453415870666504E-001,-8.742654323577881E-001,
2.733333333333334E+009,-1.514158956706524E-002,-8.464056253433228E-002,-4.764848053455353E-001,-8.588646650314331E-001,-1.514158956706524E-002,-8.464056253433228E-002,-4.764848053455353E-001,-8.588646650314331E-001,
2.745000000000000E+009,2.082016505300999E-002,-1.083293408155441E-001,-5.163831114768982E-001,-8.339761495590210E-001,2.082016505300999E-002,-1.083293408155441E-001,-5.163831114768982E-001,-8.339761495590210E-001,
2.756666666666667E+009,2.735092490911484E-002,-1.518289148807526E-001,-5.447917580604553E-001,-8.046189546585083E-001,2.735092490911484E-002,-1.518289148807526E-001,-5.447917580604553E-001,-8.046189546585083E-001,
2.768333333333334E+009,-1.469171140342951E-003,-1.912499517202377E-001,-5.661209225654602E-001,-7.810239195823669E-001,-1.469171140342951E-003,-1.912499517202377E-001,-5.661209225654602E-001,-7.810239195823669E-001,
2.780000000000000E+009,-4.872781410813332E-002,-1.994656473398209E-001,-5.915259122848511E-001,-7.622846364974976E-001,-4.872781410813332E-002,-1.994656473398209E-001,-5.915259122848511E-001,-7.622846364974976E-001,
2.791666666666667E+009,-9.010193496942520E-002,-1.738670766353607E-001,-6.108635663986206E-001,-7.440440654754639E-001,-9.010193496942520E-002,-1.738670766353607E-001,-6.108635663986206E-001,-7.440440654754639E-001,
2.803333333333334E+009,-1.002113744616509E-001,-1.285533607006073E-001,-6.359089612960815E-001,-7.272894382476807E-001,-1.002113744616509E-001,-1.285533607006073E-001,-6.359089612960815E-001,-7.272894382476807E-001,
2.815000000000000E+009,-7.845591753721237E-002,-8.680286258459091E-002,-6.684978008270264E-001,-7.132202982902527E-001,-7.845591753721237E-002,-8.680286258459091E-002,-6.684978008270264E-001,-7.132202982902527E-001,
2.826666666666667E+009,-3.397050127387047E-002,-7.590264081954956E-002,-7.052441239356995E-001,-6.899440884590149E-001,-3.397050127387047E-002,-7.590264081954956E-002,-7.052441239356995E-001,-6.899440884590149E-001,
2.838333333333334E+009,-1.692474121227861E-003,-9.997592866420746E-002,-7.344720959663391E-001,-6.460192203521729E-001,-1.692474121227861E-003,-9.997592866420746E-002,-7.344720959663391E-001,-6.460192203521729E-001,
2.850000000000000E+009,2.563411137089133E-003,-1.462856829166412E-001,-7.505754828453064E-001,-6.165997385978699E-001,2.563411137089133E-003,-1.462856829166412E-001,-7.505754828453064E-001,-6.165997385978699E-001,
2.861666666666667E+009,-2.887233905494213E-002,-1.810949146747589E-001,-7.564998865127564E-001,-5.926206707954407E-001,-2.887233905494213E-002,-1.810949146747589E-001,-7.564998865127564E-001,-5.926206707954407E-001,
2.873333333333334E+009,-8.067517727613449E-002,-1.848851442337036E-001,-7.809095382690430E-001,-5.629337430000305E-001,-8.067517727613449E-002,-1.848851442337036E-001,-7.809095382690430E-001,-5.629337430000305E-001,
2.885000000000000E+009,-1.175639033317566E-001,-1.556574553251267E-001,-7.941302061080933E-001,-5.460572838783264E-001,-1.175639033317566E-001,-1.556574553251267E-001,-7.941302061080933E-001,-5.460572838783264E-001,
2.896666666666667E+009,-1.274300068616867E-001,-1.059972569346428E-001,-8.169711232185364E-001,-5.196043252944946E-001,-1.274300068616867E-001,-1.059972569346428E-001,-8.169711232185364E-001,-5.196043252944946E-001,
2.908333333333334E+009,-9.766297787427902E-002,-6.546448171138763E-002,-8.441217541694641E-001,-4.968595802783966E-001,-9.766297787427902E-002,-6.546448171138763E-002,-8.441217541694641E-001,-4.968595802783966E-001,
2.920000000000000E+009,-4.792248085141182E-002,-5.624716728925705E-002,-8.654187321662903E-001,-4.639226496219635E-001,-4.792248085141182E-002,-5.624716728925705E-002,-8.654187321662903E-001,-4.639226496219635E-001,
2.931666666666667E+009,-8.321654982864857E-003,-8.376107364892960E-002,-8.842353820800781E-001,-4.189677238464356E-001,-8.321654982864857E-003,-8.376107364892960E-002,-8.842353820800781E-001,-4.189677238464356E-001,
2.943333333333334E+009,-8.585055358707905E-003,-1.312883794307709E-001,-8.981102705001831E-001,-3.783626556396484E-001,-8.585055358707905E-003,-1.312883794307709E-001,-8.981102705001831E-001,-3.783626556396484E-001,
2.955000000000000E+009,-4.536584392189980E-002,-1.664977073669434E-001,-9.023282527923584E-001,-3.397196233272553E-001,-4.536584392189980E-002,-1.664977073669434E-001,-9.023282527923584E-001,-3.397196233272553E-001,
2.966666666666667E+009,-9.903479367494583E-002,-1.703314036130905E-001,-9.075305461883545E-001,-3.212256133556366E-001,-9.903479367494583E-002,-1.703314036130905E-001,-9.075305461883545E-001,-3.212256133556366E-001,
2.978333333333334E+009,-1.380541324615479E-001,-1.359592229127884E-001,-9.166704416275024E-001,-2.948630452156067E-001,-1.380541324615479E-001,-1.359592229127884E-001,-9.166704416275024E-001,-2.948630452156067E-001,
2.990000000000000E+009,-1.419750005006790E-001,-8.368070423603058E-002,-9.301399588584900E-001,-2.635177373886108E-001,-1.419750005006790E-001,-8.368070423603058E-002,-9.301399588584900E-001,-2.635177373886108E-001,
3.001666666666667E+009,-1.074027568101883E-001,-4.350918903946877E-002,-9.511674046516419E-001,-2.396737933158875E-001,-1.074027568101883E-001,-4.350918903946877E-002,-9.511674046516419E-001,-2.396737933158875E-001,
3.013333333333334E+009,-5.034390091896057E-002,-4.105948656797409E-002,-9.607124328613281E-001,-1.993927657604218E-001,-5.034390091896057E-002,-4.105948656797409E-002,-9.607124328613281E-001,-1.993927657604218E-001,
3.025000000000000E+009,-1.202948391437531E-002,-7.745305448770523E-002,-9.597131609916687E-001,-1.602047234773636E-001,-1.202948391437531E-002,-7.745305448770523E-002,-9.597131609916687E-001,-1.602047234773636E-001,
3.036666666666667E+009,-1.426034420728684E-002,-1.279176920652390E-001,-9.705400466918945E-001,-1.113639548420906E-001,-1.426034420728684E-002,-1.279176920652390E-001,-9.705400466918945E-001,-1.113639548420906E-001,
3.048333333333333E+009,-5.799607187509537E-002,-1.665939539670944E-001,-9.616929292678833E-001,-7.515937089920044E-002,-5.799607187509537E-002,-1.665939539670944E-001,-9.616929292678833E-001,-7.515937089920044E-002,
3.060000000000000E+009,-1.196374520659447E-001,-1.598137319087982E-001,-9.513532519340515E-001,-4.430504888296127E-002,-1.196374520659447E-001,-1.598137319087982E-001,-9.513532519340515E-001,-4.430504888296127E-002,
3.071666666666667E+009,-1.580701321363449E-001,-1.152165308594704E-001,-9.553939104080200E-001,-2.270319312810898E-002,-1.580701321363449E-001,-1.152165308594704E-001,-9.553939104080200E-001,-2.270319312810898E-002,
3.083333333333333E+009,-1.555583328008652E-001,-5.727289244532585E-002,-9.673749804496765E-001,2.232958329841495E-003,-1.555583328008652E-001,-5.727289244532585E-002,-9.673749804496765E-001,2.232958329841495E-003,
3.095000000000000E+009,-1.102278456091881E-001,-1.700210757553577E-002,-9.779717922210693E-001,3.607599437236786E-002,-1.102278456091881E-001,-1.700210757553577E-002,-9.779717922210693E-001,3.607599437236786E-002,
3.106666666666667E+009,-4.325104877352715E-002,-2.323489263653755E-002,-9.828948974609375E-001,8.203043788671494E-002,-4.325104877352715E-002,-2.323489263653755E-002,-9.828948974609375E-001,8.203043788671494E-002,
3.118333333333333E+009,-1.798164565116167E-003,-7.444260269403458E-002,-9.788883328437805E-001,1.282598227262497E-001,-1.798164565116167E-003,-7.444260269403458E-002,-9.788883328437805E-001,1.282598227262497E-001,
3.130000000000000E+009,-9.448895230889320E-003,-1.420076936483383E-001,-9.532799720764160E-001,1.799776554107666E-001,-9.448895230889320E-003,-1.420076936483383E-001,-9.532799720764160E-001,1.799776554107666E-001,
3.141666666666667E+009,-6.269557774066925E-002,-1.815379709005356E-001,-9.426916241645813E-001,2.102477401494980E-001,-6.269557774066925E-002,-1.815379709005356E-001,-9.426916241645813E-001,2.102477401494980E-001,
3.153333333333333E+009,-1.336853355169296E-001,-1.706628054380417E-001,-9.217768907546997E-001,2.277623265981674E-001,-1.336853355169296E-001,-1.706628054380417E-001,-9.217768907546997E-001,2.277623265981674E-001,
3.165000000000000E+009,-1.780761033296585E-001,-1.207109540700913E-001,-9.217073321342468E-001,2.609064877033234E-001,-1.780761033296585E-001,-1.207109540700913E-001,-9.217073321342468E-001,2.609064877033234E-001,
3.176666666666667E+009,-1.771303862333298E-001,-5.476542562246323E-002,-9.210851192474365E-001,2.766875028610230E-001,-1.771303862333298E-001,-5.476542562246323E-002,-9.210851192474365E-001,2.766875028610230E-001,
3.188333333333333E+009,-1.290395855903626E-001,-1.127857062965632E-002,-9.182808995246887E-001,3.158904314041138E-001,-1.290395855903626E-001,-1.127857062965632E-002,-9.182808995246887E-001,3.158904314041138E-001,
3.200000000000000E+009,-6.013021990656853E-002,-2.070227824151516E-002,-9.165669679641724E-001,3.579995930194855E-001,-6.013021990656853E-002,-2.070227824151516E-002,-9.165669679641724E-001,3.579995930194855E-001,
3.211666666666667E+009,-1.894505508244038E-002,-7.860730588436127E-002,-8.996210098266602E-001,3.999252319335938E-001,-1.894505508244038E-002,-7.860730588436127E-002,-8.996210098266602E-001,3.999252319335938E-001,
3.223333333333333E+009,-3.384050726890564E-002,-1.491623520851135E-001,-8.711301088333130E-001,4.376645684242249E-001,-3.384050726890564E-002,-1.491623520851135E-001,-8.711301088333130E-001,4.376645684242249E-001,
3.235000000000000E+009,-9.723682701587677E-002,-1.852580755949020E-001,-8.419780731201172E-001,4.588332474231720E-001,-9.723682701587677E-002,-1.852580755949020E-001,-8.419780731201172E-001,4.588332474231720E-001,
3.246666666666667E+009,-1.691592037677765E-001,-1.668924987316132E-001,-8.216395378112793E-001,4.847795069217682E-001,-1.691592037677765E-001,-1.668924987316132E-001,-8.216395378112793E-001,4.847795069217682E-001,
3.258333333333333E+009,-2.137880027294159E-001,-1.060310900211334E-001,-8.103312849998474E-001,4.941394627094269E-001,-2.137880027294159E-001,-1.060310900211334E-001,-8.103312849998474E-001,4.941394627094269E-001,
3.270000000000000E+009,-2.047070115804672E-001,-3.431566059589386E-002,-7.989796400070190E-001,5.274491906166077E-001,-2.047070115804672E-001,-3.431566059589386E-002,-7.989796400070190E-001,5.274491906166077E-001,
3.281666666666667E+009,-1.478644162416458E-001,7.652929984033108E-003,-7.926305532455444E-001,5.589833855628967E-001,-1.478644162416458E-001,7.652929984033108E-003,-7.926305532455444E-001,5.589833855628967E-001,
3.293333333333333E+009,-7.614555209875107E-002,-6.667166948318481E-003,-7.763079404830933E-001,5.945389866828919E-001,-7.614555209875107E-002,-6.667166948318481E-003,-7.763079404830933E-001,5.945389866828919E-001,
3.305000000000000E+009,-3.673112392425537E-002,-7.275284081697464E-002,-7.408674955368042E-001,6.322129964828491E-001,-3.673112392425537E-002,-7.275284081697464E-002,-7.408674955368042E-001,6.322129964828491E-001,
3.316666666666667E+009,-5.841794982552528E-002,-1.477914750576019E-001,-7.080388069152832E-001,6.627218723297119E-001,-5.841794982552528E-002,-1.477914750576019E-001,-7.080388069152832E-001,6.627218723297119E-001,
3.328333333333333E+009,-1.275078207254410E-001,-1.827764809131622E-001,-6.699571609497070E-001,6.867434978485107E-001,-1.275078207254410E-001,-1.827764809131622E-001,-6.699571609497070E-001,6.867434978485107E-001,
3.340000000000000E+009,-2.031042128801346E-001,-1.612098962068558E-001,-6.498994231224060E-001,6.863675117492676E-001,-2.031042128801346E-001,-1.612098962068558E-001,-6.498994231224060E-001,6.863675117492676E-001,
3.351666666666667E+009,-2.454418241977692E-001,-9.258668124675751E-002,-6.287873387336731E-001,7.044322490692139E-001,-2.454418241977692E-001,-9.258668124675751E-002,-6.287873387336731E-001,7.044322490692139E-001,
3.363333333333333E+009,-2.317431718111038E-001,-1.692700013518333E-002,-6.175446510314941E-001,7.222847342491150E-001,-2.317431718111038E-001,-1.692700013518333E-002,-6.175446510314941E-001,7.222847342491150E-001,
3.375000000000000E+009,-1.731122136116028E-001,2.286353334784508E-002,-6.062281131744385E-001,7.624308466911316E-001,-1.731122136116028E-001,2.286353334784508E-002,-6.062281131744385E-001,7.624308466911316E-001,
3.386666666666667E+009,-1.051298528909683E-001,5.389359779655933E-003,-5.632179975509644E-001,7.902940511703491E-001,-1.051298528909683E-001,5.389359779655933E-003,-5.632179975509644E-001,7.902940511703491E-001,
3.398333333333333E+009,-7.377964258193970E-002,-6.395729631185532E-002,-5.319454669952393E-001,8.138854503631592E-001,-7.377964258193970E-002,-6.395729631185532E-002,-5.319454669952393E-001,8.138854503631592E-001,
3.410000000000000E+009,-1.055841073393822E-001,-1.328342109918594E-001,-4.888287484645844E-001,8.368747234344482E-001,-1.055841073393822E-001,-1.328342109918594E-001,-4.888287484645844E-001,8.368747234344482E-001,
3.421666666666667E+009,-1.772997528314591E-001,-1.558176279067993E-001,-4.486502110958099E-001,8.344073891639710E-001,-1.772997528314591E-001,-1.558176279067993E-001,-4.486502110958099E-001,8.344073891639710E-001,
3.433333333333333E+009,-2.451225072145462E-001,-1.224227920174599E-001,-4.186901748180389E-001,8.399777412414551E-001,-2.451225072145462E-001,-1.224227920174599E-001,-4.186901748180389E-001,8.399777412414551E-001,
3.445000000000000E+009,-2.755032479763031E-001,-4.965705797076225E-002,-4.001994132995606E-001,8.459255695343018E-001,-2.755032479763031E-001,-4.965705797076225E-002,-4.001994132995606E-001,8.459255695343018E-001,
3.456666666666667E+009,-2.532573938369751E-001,2.428227476775646E-002,-3.851008415222168E-001,8.668566942214966E-001,-2.532573938369751E-001,2.428227476775646E-002,-3.851008415222168E-001,8.668566942214966E-001,
3.468333333333333E+009,-1.871255338191986E-001,6.116849929094315E-002,-3.644121885299683E-001,8.877322673797607E-001,-1.871255338191986E-001,6.116849929094315E-002,-3.644121885299683E-001,8.877322673797607E-001,
3.480000000000000E+009,-1.187080815434456E-001,3.295894712209702E-002,-3.287553787231445E-001,9.209227561950684E-001,-1.187080815434456E-001,3.295894712209702E-002,-3.287553787231445E-001,9.209227561950684E-001,
3.491666666666667E+009,-9.668090194463730E-002,-3.875026479363442E-002,-2.723178267478943E-001,9.347280859947205E-001,-9.668090194463730E-002,-3.875026479363442E-002,-2.723178267478943E-001,9.347280859947205E-001,
3.503333333333333E+009,-1.355911642313004E-001,-1.074296236038208E-001,-2.249254882335663E-001,9.398429989814758E-001,-1.355911642313004E-001,-1.074296236038208E-001,-2.249254882335663E-001,9.398429989814758E-001,
3.515000000000000E+009,-2.132527232170105E-001,-1.271561980247498E-001,-1.910290271043778E-001,9.313620328903198E-001,-2.132527232170105E-001,-1.271561980247498E-001,-1.910290271043778E-001,9.313620328903198E-001,
3.526666666666667E+009,-2.824777960777283E-001,-8.688592165708542E-002,-1.657109707593918E-001,9.234856963157654E-001,-2.824777960777283E-001,-8.688592165708542E-002,-1.657109707593918E-001,9.234856963157654E-001,
3.538333333333333E+009,-3.089116215705872E-001,-6.849741563200951E-003,-1.438814252614975E-001,9.242562651634216E-001,-3.089116215705872E-001,-6.849741563200951E-003,-1.438814252614975E-001,9.242562651634216E-001,
3.550000000000000E+009,-2.795895636081696E-001,6.931244581937790E-002,-1.236337870359421E-001,9.337577819824219E-001,-2.795895636081696E-001,6.931244581937790E-002,-1.236337870359421E-001,9.337577819824219E-001,
3.561666666666667E+009,-2.118147760629654E-001,1.050964668393135E-001,-1.008509024977684E-001,9.530546069145203E-001,-2.118147760629654E-001,1.050964668393135E-001,-1.008509024977684E-001,9.530546069145203E-001,
3.573333333333333E+009,-1.433951705694199E-001,8.020555227994919E-002,-5.538677796721458E-002,9.660733938217163E-001,-1.433951705694199E-001,8.020555227994919E-002,-5.538677796721458E-002,9.660733938217163E-001,
3.585000000000000E+009,-1.193332448601723E-001,1.174265518784523E-002,-5.142486770637333E-004,9.669566154479981E-001,-1.193332448601723E-001,1.174265518784523E-002,-5.142486770637333E-004,9.669566154479981E-001,
3.596666666666667E+009,-1.590306162834168E-001,-5.397288501262665E-002,4.579572007060051E-002,9.589541554450989E-001,-1.590306162834168E-001,-5.397288501262665E-002,4.579572007060051E-002,9.589541554450989E-001,
3.608333333333333E+009,-2.342786937952042E-001,-7.047621905803680E-002,7.921171933412552E-002,9.450261592864990E-001,-2.342786937952042E-001,-7.047621905803680E-002,7.921171933412552E-002,9.450261592864990E-001,
3.620000000000000E+009,-2.995487153530121E-001,-2.785340696573257E-002,1.120803877711296E-001,9.252877235412598E-001,-2.995487153530121E-001,-2.785340696573257E-002,1.120803877711296E-001,9.252877235412598E-001,
3.631666666666667E+009,-3.205863833427429E-001,4.855748638510704E-002,1.211895942687988E-001,9.178129434585571E-001,-3.205863833427429E-001,4.855748638510704E-002,1.211895942687988E-001,9.178129434585571E-001,
3.643333333333333E+009,-2.857462465763092E-001,1.200756505131722E-001,1.424355059862137E-001,9.213863611221314E-001,-2.857462465763092E-001,1.200756505131722E-001,1.424355059862137E-001,9.213863611221314E-001,
3.655000000000000E+009,-2.174020558595657E-001,1.529287695884705E-001,1.706735342741013E-001,9.327016472816467E-001,-2.174020558595657E-001,1.529287695884705E-001,1.706735342741013E-001,9.327016472816467E-001,
3.666666666666667E+009,-1.524633914232254E-001,1.280339807271957E-001,2.217199057340622E-001,9.347243905067444E-001,-1.524633914232254E-001,1.280339807271957E-001,2.217199057340622E-001,9.347243905067444E-001,
3.678333333333333E+009,-1.346265673637390E-001,6.262610107660294E-002,2.654952704906464E-001,9.260003566741943E-001,-1.346265673637390E-001,6.262610107660294E-002,2.654952704906464E-001,9.260003566741943E-001,
3.690000000000000E+009,-1.753811091184616E-001,4.708514083176851E-003,3.096002340316773E-001,9.088563919067383E-001,-1.753811091184616E-001,4.708514083176851E-003,3.096002340316773E-001,9.088563919067383E-001,
3.701666666666667E+009,-2.496815770864487E-001,-2.875221427530050E-003,3.453125357627869E-001,8.735728263854981E-001,-2.496815770864487E-001,-2.875221427530050E-003,3.453125357627869E-001,8.735728263854981E-001,
3.713333333333333E+009,-3.096399307250977E-001,4.425073415040970E-002,3.616409003734589E-001,8.534703254699707E-001,-3.096399307250977E-001,4.425073415040970E-002,3.616409003734589E-001,8.534703254699707E-001,
3.725000000000000E+009,-3.216038942337036E-001,1.205548420548439E-001,3.752314150333405E-001,8.390535116195679E-001,-3.216038942337036E-001,1.205548420548439E-001,3.752314150333405E-001,8.390535116195679E-001,
3.736666666666667E+009,-2.827550470829010E-001,1.933508962392807E-001,3.958073556423187E-001,8.343060612678528E-001,-2.827550470829010E-001,1.933508962392807E-001,3.958073556423187E-001,8.343060612678528E-001,
3.748333333333333E+009,-2.056959569454193E-001,2.229707837104797E-001,4.275882244110107E-001,8.478373885154724E-001,-2.056959569454193E-001,2.229707837104797E-001,4.275882244110107E-001,8.478373885154724E-001,
3.760000000000000E+009,-1.345713883638382E-001,1.949826031923294E-001,4.703712761402130E-001,8.434697985649109E-001,-1.345713883638382E-001,1.949826031923294E-001,4.703712761402130E-001,8.434697985649109E-001,
3.771666666666667E+009,-1.124092116951942E-001,1.277980357408524E-001,5.182880163192749E-001,8.210101127624512E-001,-1.124092116951942E-001,1.277980357408524E-001,5.182880163192749E-001,8.210101127624512E-001,
3.783333333333333E+009,-1.543858796358109E-001,7.003533840179443E-002,5.576738715171814E-001,7.901000380516052E-001,-1.543858796358109E-001,7.003533840179443E-002,5.576738715171814E-001,7.901000380516052E-001,
3.795000000000000E+009,-2.310006618499756E-001,6.185569986701012E-002,5.784417390823364E-001,7.462015748023987E-001,-2.310006618499756E-001,6.185569986701012E-002,5.784417390823364E-001,7.462015748023987E-001,
3.806666666666667E+009,-2.900518476963043E-001,1.076228693127632E-001,5.929493308067322E-001,7.122911214828491E-001,-2.900518476963043E-001,1.076228693127632E-001,5.929493308067322E-001,7.122911214828491E-001,
3.818333333333333E+009,-2.993047535419464E-001,1.849414557218552E-001,6.056094169616699E-001,6.919163465499878E-001,-2.993047535419464E-001,1.849414557218552E-001,6.056094169616699E-001,6.919163465499878E-001,
3.830000000000000E+009,-2.580194175243378E-001,2.526602447032929E-001,6.128073334693909E-001,6.802495121955872E-001,-2.580194175243378E-001,2.526602447032929E-001,6.128073334693909E-001,6.802495121955872E-001,
3.841666666666667E+009,-1.838408261537552E-001,2.777417898178101E-001,6.341184377670288E-001,6.842308044433594E-001,-1.838408261537552E-001,2.777417898178101E-001,6.341184377670288E-001,6.842308044433594E-001,
3.853333333333333E+009,-1.149091944098473E-001,2.522775232791901E-001,6.749660968780518E-001,6.708088517189026E-001,-1.149091944098473E-001,2.522775232791901E-001,6.749660968780518E-001,6.708088517189026E-001,
3.865000000000000E+009,-9.014822542667389E-002,1.917489320039749E-001,7.227612733840942E-001,6.466463208198547E-001,-9.014822542667389E-002,1.917489320039749E-001,7.227612733840942E-001,6.466463208198547E-001,
3.876666666666667E+009,-1.271930187940598E-001,1.373215615749359E-001,7.487456202507019E-001,6.061767935752869E-001,-1.271930187940598E-001,1.373215615749359E-001,7.487456202507019E-001,6.061767935752869E-001,
3.888333333333333E+009,-2.000045478343964E-001,1.336636841297150E-001,7.733787298202515E-001,5.538761019706726E-001,-2.000045478343964E-001,1.336636841297150E-001,7.733787298202515E-001,5.538761019706726E-001,
3.900000000000000E+009,-2.567666471004486E-001,1.842650771141052E-001,7.773127555847168E-001,5.183934569358826E-001,-2.567666471004486E-001,1.842650771141052E-001,7.773127555847168E-001,5.183934569358826E-001,
3.911666666666667E+009,-2.615897655487061E-001,2.623136639595032E-001,7.731510996818543E-001,4.848602414131165E-001,-2.615897655487061E-001,2.623136639595032E-001,7.731510996818543E-001,4.848602414131165E-001,
3.923333333333333E+009,-2.111768126487732E-001,3.289189040660858E-001,7.791230678558350E-001,4.699998199939728E-001,-2.111768126487732E-001,3.289189040660858E-001,7.791230678558350E-001,4.699998199939728E-001,
3.935000000000000E+009,-1.273492425680161E-001,3.503656089305878E-001,7.982868552207947E-001,4.627525210380554E-001,-1.273492425680161E-001,3.503656089305878E-001,7.982868552207947E-001,4.627525210380554E-001,
3.946666666666667E+009,-5.568953603506088E-002,3.210969269275665E-001,8.244114518165588E-001,4.499491751194000E-001,-5.568953603506088E-002,3.210969269275665E-001,8.244114518165588E-001,4.499491751194000E-001,
3.958333333333333E+009,-2.371260523796082E-002,2.559162378311157E-001,8.625096678733826E-001,4.172127544879913E-001,-2.371260523796082E-002,2.559162378311157E-001,8.625096678733826E-001,4.172127544879913E-001,
3.970000000000000E+009,-5.346312746405602E-002,2.028503268957138E-001,8.843295574188232E-001,3.718101382255554E-001,-5.346312746405602E-002,2.028503268957138E-001,8.843295574188232E-001,3.718101382255554E-001,
3.981666666666667E+009,-1.156119853258133E-001,1.950580775737763E-001,9.007061719894409E-001,3.215466141700745E-001,-1.156119853258133E-001,1.950580775737763E-001,9.007061719894409E-001,3.215466141700745E-001,
3.993333333333333E+009,-1.658269315958023E-001,2.397470772266388E-001,8.921093940734863E-001,2.741077542304993E-001,-1.658269315958023E-001,2.397470772266388E-001,8.921093940734863E-001,2.741077542304993E-001,
4.005000000000000E+009,-1.690889447927475E-001,3.112527132034302E-001,8.884614109992981E-001,2.432608753442764E-001,-1.690889447927475E-001,3.112527132034302E-001,8.884614109992981E-001,2.432608753442764E-001,
4.016666666666667E+009,-1.210117042064667E-001,3.681002557277679E-001,8.774504065513611E-001,2.268186360597611E-001,-1.210117042064667E-001,3.681002557277679E-001,8.774504065513611E-001,2.268186360597611E-001,
4.028333333333333E+009,-4.502683505415916E-002,3.813275694847107E-001,8.901143074035645E-001,2.117816209793091E-001,-4.502683505415916E-002,3.813275694847107E-001,8.901143074035645E-001,2.117816209793091E-001,
4.040000000000000E+009,2.813246846199036E-002,3.440569341182709E-001,9.158567190170288E-001,1.968132406473160E-001,2.813246846199036E-002,3.440569341182709E-001,9.158567190170288E-001,1.968132406473160E-001,
4.051666666666667E+009,5.616901442408562E-002,2.752992212772369E-001,9.337792396545410E-001,1.522824466228485E-001,5.616901442408562E-002,2.752992212772369E-001,9.337792396545410E-001,1.522824466228485E-001,
4.063333333333333E+009,2.661342732608318E-002,2.195320129394531E-001,9.521205425262451E-001,1.073174700140953E-001,2.661342732608318E-002,2.195320129394531E-001,9.521205425262451E-001,1.073174700140953E-001,
4.075000000000000E+009,-3.527982532978058E-002,2.124309092760086E-001,9.574523568153381E-001,4.868471994996071E-002,-3.527982532978058E-002,2.124309092760086E-001,9.574523568153381E-001,4.868471994996071E-002,
4.086666666666667E+009,-7.997181266546249E-002,2.630645334720612E-001,9.336503148078919E-001,1.919170375913382E-003,-7.997181266546249E-002,2.630645334720612E-001,9.336503148078919E-001,1.919170375913382E-003,
4.098333333333333E+009,-7.724546641111374E-002,3.319685757160187E-001,9.150659441947937E-001,-2.423169091343880E-002,-7.724546641111374E-002,3.319685757160187E-001,9.150659441947937E-001,-2.423169091343880E-002,
4.110000000000000E+009,-2.733216248452663E-002,3.826825022697449E-001,8.990005850791931E-001,-4.660286754369736E-002,-2.733216248452663E-002,3.826825022697449E-001,8.990005850791931E-001,-4.660286754369736E-002,
4.121666666666667E+009,4.889913648366928E-002,3.872945904731751E-001,9.031412601470947E-001,-5.296568199992180E-002,4.889913648366928E-002,3.872945904731751E-001,9.031412601470947E-001,-5.296568199992180E-002,
4.133333333333333E+009,1.157632842659950E-001,3.442707359790802E-001,9.092711210250855E-001,-7.339611649513245E-002,1.157632842659950E-001,3.442707359790802E-001,9.092711210250855E-001,-7.339611649513245E-002,
4.145000000000000E+009,1.408604234457016E-001,2.718235552310944E-001,9.282419681549072E-001,-1.086284592747688E-001,1.408604234457016E-001,2.718235552310944E-001,9.282419681549072E-001,-1.086284592747688E-001,
4.156666666666667E+009,1.149619072675705E-001,2.089976221323013E-001,9.450266957283020E-001,-1.564446091651917E-001,1.149619072675705E-001,2.089976221323013E-001,9.450266957283020E-001,-1.564446091651917E-001,
4.168333333333333E+009,5.600448697805405E-002,1.975293606519699E-001,9.332387447357178E-001,-2.123486399650574E-001,5.600448697805405E-002,1.975293606519699E-001,9.332387447357178E-001,-2.123486399650574E-001,
4.180000000000000E+009,1.292867120355368E-002,2.418931424617767E-001,9.059512615203857E-001,-2.672975063323975E-001,1.292867120355368E-002,2.418931424617767E-001,9.059512615203857E-001,-2.672975063323975E-001,
4.191666666666667E+009,1.617121137678623E-002,3.076606392860413E-001,8.707305192947388E-001,-2.953098118305206E-001,1.617121137678623E-002,3.076606392860413E-001,8.707305192947388E-001,-2.953098118305206E-001,
4.203333333333333E+009,6.552218645811081E-002,3.548964262008667E-001,8.421676754951477E-001,-3.063246905803680E-001,6.552218645811081E-002,3.548964262008667E-001,8.421676754951477E-001,-3.063246905803680E-001,
4.215000000000000E+009,1.359544098377228E-001,3.561643660068512E-001,8.334279656410217E-001,-3.163635432720184E-001,1.359544098377228E-001,3.561643660068512E-001,8.334279656410217E-001,-3.163635432720184E-001,
4.226666666666667E+009,1.908804029226303E-001,3.093990683555603E-001,8.361743688583374E-001,-3.257913291454315E-001,1.908804029226303E-001,3.093990683555603E-001,8.361743688583374E-001,-3.257913291454315E-001,
4.238333333333333E+009,2.124396711587906E-001,2.376795709133148E-001,8.428888320922852E-001,-3.601549267768860E-001,2.124396711587906E-001,2.376795709133148E-001,8.428888320922852E-001,-3.601549267768860E-001,
4.250000000000000E+009,1.836194396018982E-001,1.748044043779373E-001,8.508971929550171E-001,-4.050230085849762E-001,1.836194396018982E-001,1.748044043779373E-001,8.508971929550171E-001,-4.050230085849762E-001,
4.261666666666667E+009,1.289250701665878E-001,1.613153964281082E-001,8.378533124923706E-001,-4.588741958141327E-001,1.289250701665878E-001,1.613153964281082E-001,8.378533124923706E-001,-4.588741958141327E-001,
4.273333333333333E+009,8.783932030200958E-002,1.955578178167343E-001,7.979444265365601E-001,-5.039950013160706E-001,8.783932030200958E-002,1.955578178167343E-001,7.979444265365601E-001,-5.039950013160706E-001,
4.285000000000000E+009,9.254910051822662E-002,2.579482793807983E-001,7.589843273162842E-001,-5.351001024246216E-001,9.254910051822662E-002,2.579482793807983E-001,7.589843273162842E-001,-5.351001024246216E-001,
4.296666666666666E+009,1.417911946773529E-001,3.008917570114136E-001,7.210675477981567E-001,-5.351613163948059E-001,1.417911946773529E-001,3.008917570114136E-001,7.210675477981567E-001,-5.351613163948059E-001,
4.308333333333333E+009,2.102124691009522E-001,2.981907129287720E-001,7.026261687278748E-001,-5.426725745201111E-001,2.102124691009522E-001,2.981907129287720E-001,7.026261687278748E-001,-5.426725745201111E-001,
4.320000000000000E+009,2.608079612255096E-001,2.521725296974182E-001,6.986861228942871E-001,-5.492990016937256E-001,2.608079612255096E-001,2.521725296974182E-001,6.986861228942871E-001,-5.492990016937256E-001,
4.331666666666666E+009,2.746224403381348E-001,1.816846132278442E-001,7.012329697608948E-001,-5.708910226821899E-001,2.746224403381348E-001,1.816846132278442E-001,7.012329697608948E-001,-5.708910226821899E-001,
4.343333333333333E+009,2.413769513368607E-001,1.153780892491341E-001,6.937204003334045E-001,-6.151075959205627E-001,2.413769513368607E-001,1.153780892491341E-001,6.937204003334045E-001,-6.151075959205627E-001,
4.355000000000000E+009,1.834035962820053E-001,9.333774447441101E-002,6.738689541816711E-001,-6.585555076599121E-001,1.834035962820053E-001,9.333774447441101E-002,6.738689541816711E-001,-6.585555076599121E-001,
4.366666666666666E+009,1.370872706174851E-001,1.233167573809624E-001,6.265295743942261E-001,-7.034072279930115E-001,1.370872706174851E-001,1.233167573809624E-001,6.265295743942261E-001,-7.034072279930115E-001,
4.378333333333333E+009,1.389301270246506E-001,1.775442957878113E-001,5.773943066596985E-001,-7.168976664543152E-001,1.389301270246506E-001,1.775442957878113E-001,5.773943066596985E-001,-7.168976664543152E-001,
4.390000000000000E+009,1.833465993404388E-001,2.135824710130692E-001,5.390945672988892E-001,-7.259212136268616E-001,1.833465993404388E-001,2.135824710130692E-001,5.390945672988892E-001,-7.259212136268616E-001,
4.401666666666666E+009,2.440091818571091E-001,2.100811898708344E-001,5.113949775695801E-001,-7.223428487777710E-001,2.440091818571091E-001,2.100811898708344E-001,5.113949775695801E-001,-7.223428487777710E-001,
4.413333333333333E+009,2.909360229969025E-001,1.642510294914246E-001,5.041294097900391E-001,-7.262848615646362E-001,2.909360229969025E-001,1.642510294914246E-001,5.041294097900391E-001,-7.262848615646362E-001,
4.425000000000000E+009,2.959594130516052E-001,9.398693591356278E-002,4.985219538211823E-001,-7.417111992835999E-001,2.959594130516052E-001,9.398693591356278E-002,4.985219538211823E-001,-7.417111992835999E-001,
4.436666666666666E+009,2.554576396942139E-001,3.379620611667633E-002,4.827794432640076E-001,-7.683240771293640E-001,2.554576396942139E-001,3.379620611667633E-002,4.827794432640076E-001,-7.683240771293640E-001,
4.448333333333333E+009,1.870754063129425E-001,1.133178453892469E-002,4.573501348495483E-001,-8.131620883941650E-001,1.870754063129425E-001,1.133178453892469E-002,4.573501348495483E-001,-8.131620883941650E-001,
4.460000000000000E+009,1.304928511381149E-001,4.265137016773224E-002,4.123120605945587E-001,-8.510487675666809E-001,1.304928511381149E-001,4.265137016773224E-002,4.123120605945587E-001,-8.510487675666809E-001,
4.471666666666666E+009,1.210845783352852E-001,1.023127138614655E-001,3.546865582466126E-001,-8.609644174575806E-001,1.210845783352852E-001,1.023127138614655E-001,3.546865582466126E-001,-8.609644174575806E-001,
4.483333333333333E+009,1.609443277120590E-001,1.434912979602814E-001,3.002574145793915E-001,-8.639572262763977E-001,1.609443277120590E-001,1.434912979602814E-001,3.002574145793915E-001,-8.639572262763977E-001,
4.495000000000000E+009,2.224971801042557E-001,1.466100662946701E-001,2.722331285476685E-001,-8.460047841072083E-001,2.224971801042557E-001,1.466100662946701E-001,2.722331285476685E-001,-8.460047841072083E-001,
4.506666666666666E+009,2.699482142925263E-001,1.058745458722115E-001,2.535952925682068E-001,-8.410238623619080E-001,2.699482142925263E-001,1.058745458722115E-001,2.535952925682068E-001,-8.410238623619080E-001,
4.518333333333333E+009,2.762281298637390E-001,4.553625732660294E-002,2.418569624423981E-001,-8.384183645248413E-001,2.762281298637390E-001,4.553625732660294E-002,2.418569624423981E-001,-8.384183645248413E-001,
4.530000000000000E+009,2.402078956365585E-001,-6.575351115316153E-003,2.304605543613434E-001,-8.647264838218689E-001,2.402078956365585E-001,-6.575351115316153E-003,2.304605543613434E-001,-8.647264838218689E-001,
4.541666666666666E+009,1.791138648986816E-001,-2.491362392902374E-002,1.979879140853882E-001,-8.906155228614807E-001,1.791138648986816E-001,-2.491362392902374E-002,1.979879140853882E-001,-8.906155228614807E-001,
4.553333333333333E+009,1.257580816745758E-001,4.464476369321346E-003,1.471857875585556E-001,-9.151473641395569E-001,1.257580816745758E-001,4.464476369321346E-003,1.471857875585556E-001,-9.151473641395569E-001,
4.565000000000000E+009,1.182088032364845E-001,6.038096174597740E-002,9.063421189785004E-002,-9.178765416145325E-001,1.182088032364845E-001,6.038096174597740E-002,9.063421189785004E-002,-9.178765416145325E-001,
4.576666666666666E+009,1.558554172515869E-001,9.548392891883850E-002,4.253878444433212E-002,-9.048409461975098E-001,1.558554172515869E-001,9.548392891883850E-002,4.253878444433212E-002,-9.048409461975098E-001,
4.588333333333333E+009,2.098732888698578E-001,8.898133784532547E-002,1.082256622612476E-002,-8.814384341239929E-001,2.098732888698578E-001,8.898133784532547E-002,1.082256622612476E-002,-8.814384341239929E-001,
4.600000000000000E+009,2.475699335336685E-001,4.460652172565460E-002,-1.137781050056219E-002,-8.693356513977051E-001,2.475699335336685E-001,4.460652172565460E-002,-1.137781050056219E-002,-8.693356513977051E-001,
4.611666666666666E+009,2.447009384632111E-001,-1.673866063356400E-002,-2.489224635064602E-002,-8.692348599433899E-001,2.447009384632111E-001,-1.673866063356400E-002,-2.489224635064602E-002,-8.692348599433899E-001,
4.623333333333333E+009,2.010451853275299E-001,-6.583452969789505E-002,-3.602049872279167E-002,-8.725276589393616E-001,2.010451853275299E-001,-6.583452969789505E-002,-3.602049872279167E-002,-8.725276589393616E-001,
4.635000000000000E+009,1.317145228385925E-001,-7.348118722438812E-002,-6.563653051853180E-002,-8.948539495468140E-001,1.317145228385925E-001,-7.348118722438812E-002,-6.563653051853180E-002,-8.948539495468140E-001,
4.646666666666666E+009,7.501375675201416E-002,-3.454153239727020E-002,-1.106249839067459E-001,-9.107089638710022E-001,7.501375675201416E-002,-3.454153239727020E-002,-1.106249839067459E-001,-9.107089638710022E-001,
4.658333333333333E+009,6.190456077456474E-002,2.943707257509232E-002,-1.708132326602936E-001,-9.022820591926575E-001,6.190456077456474E-002,2.943707257509232E-002,-1.708132326602936E-001,-9.022820591926575E-001,
4.670000000000000E+009,9.848421812057495E-002,7.486391067504883E-002,-2.213518470525742E-001,-8.732331991195679E-001,9.848421812057495E-002,7.486391067504883E-002,-2.213518470525742E-001,-8.732331991195679E-001,
4.681666666666666E+009,1.516623198986054E-001,7.408747076988220E-002,-2.545268237590790E-001,-8.454865217208862E-001,1.516623198986054E-001,7.408747076988220E-002,-2.545268237590790E-001,-8.454865217208862E-001,
4.693333333333333E+009,1.830072402954102E-001,3.494834527373314E-002,-2.689046561717987E-001,-8.222292661666870E-001,1.830072402954102E-001,3.494834527373314E-002,-2.689046561717987E-001,-8.222292661666870E-001,
4.705000000000000E+009,1.743382364511490E-001,-1.797890476882458E-002,-2.787898480892181E-001,-8.077480196952820E-001,1.743382364511490E-001,-1.797890476882458E-002,-2.787898480892181E-001,-8.077480196952820E-001,
4.716666666666666E+009,1.289915293455124E-001,-4.971626400947571E-002,-2.986178398132324E-001,-8.052338957786560E-001,1.289915293455124E-001,-4.971626400947571E-002,-2.986178398132324E-001,-8.052338957786560E-001,
4.728333333333333E+009,6.730309128761292E-002,-3.958532959222794E-002,-3.182389736175537E-001,-8.105978369712830E-001,6.730309128761292E-002,-3.958532959222794E-002,-3.182389736175537E-001,-8.105978369712830E-001,
4.740000000000000E+009,2.401872910559177E-002,1.324794255197048E-002,-3.735175132751465E-001,-8.160051703453064E-001,2.401872910559177E-002,1.324794255197048E-002,-3.735175132751465E-001,-8.160051703453064E-001,
4.751666666666666E+009,2.920070663094521E-002,7.970219105482101E-002,-4.210321307182312E-001,-7.913084030151367E-001,2.920070663094521E-002,7.970219105482101E-002,-4.210321307182312E-001,-7.913084030151367E-001,
4.763333333333333E+009,7.761694490909576E-002,1.245195269584656E-001,-4.628415405750275E-001,-7.512760758399963E-001,7.761694490909576E-002,1.245195269584656E-001,-4.628415405750275E-001,-7.512760758399963E-001,
4.775000000000000E+009,1.358524560928345E-001,1.213780343532562E-001,-4.820376336574554E-001,-7.177522182464600E-001,1.358524560928345E-001,1.213780343532562E-001,-4.820376336574554E-001,-7.177522182464600E-001,
4.786666666666666E+009,1.673343181610107E-001,8.426426351070404E-002,-4.903410673141480E-001,-6.852880120277405E-001,1.673343181610107E-001,8.426426351070404E-002,-4.903410673141480E-001,-6.852880120277405E-001,
4.798333333333333E+009,1.586071997880936E-001,4.070718958973885E-002,-5.024114847183228E-001,-6.582477092742920E-001,1.586071997880936E-001,4.070718958973885E-002,-5.024114847183228E-001,-6.582477092742920E-001,
4.810000000000000E+009,1.180598884820938E-001,2.115204371511936E-002,-5.135269165039063E-001,-6.374187469482422E-001,1.180598884820938E-001,2.115204371511936E-002,-5.135269165039063E-001,-6.374187469482422E-001,
4.821666666666666E+009,7.135265320539475E-002,3.976009786128998E-002,-5.358272790908814E-001,-6.424739360809326E-001,7.135265320539475E-002,3.976009786128998E-002,-5.358272790908814E-001,-6.424739360809326E-001,
4.833333333333333E+009,4.870244860649109E-002,9.826787561178207E-002,-5.595311522483826E-001,-6.233153343200684E-001,4.870244860649109E-002,9.826787561178207E-002,-5.595311522483826E-001,-6.233153343200684E-001,
4.845000000000000E+009,7.173855602741242E-002,1.601626276969910E-001,-5.994868278503418E-001,-6.005503535270691E-001,7.173855602741242E-002,1.601626276969910E-001,-5.994868278503418E-001,-6.005503535270691E-001,
4.856666666666666E+009,1.352563202381134E-001,1.923776715993881E-001,-6.234030723571777E-001,-5.616360902786255E-001,1.352563202381134E-001,1.923776715993881E-001,-6.234030723571777E-001,-5.616360902786255E-001,
4.868333333333333E+009,2.016158699989319E-001,1.803222447633743E-001,-6.423451304435730E-001,-5.159414410591126E-001,2.016158699989319E-001,1.803222447633743E-001,-6.423451304435730E-001,-5.159414410591126E-001,
4.880000000000000E+009,2.396115660667419E-001,1.402130722999573E-001,-6.386311054229736E-001,-4.779889583587647E-001,2.396115660667419E-001,1.402130722999573E-001,-6.386311054229736E-001,-4.779889583587647E-001,
4.891666666666666E+009,2.424895912408829E-001,9.535975009202957E-002,-6.443091034889221E-001,-4.517430365085602E-001,2.424895912408829E-001,9.535975009202957E-002,-6.443091034889221E-001,-4.517430365085602E-001,
4.903333333333333E+009,2.114912867546082E-001,7.345560193061829E-002,-6.311603784561157E-001,-4.373656809329987E-001,2.114912867546082E-001,7.345560193061829E-002,-6.311603784561157E-001,-4.373656809329987E-001,
4.915000000000000E+009,1.822090297937393E-001,8.621133118867874E-002,-6.442306637763977E-001,-4.196363985538483E-001,1.822090297937393E-001,8.621133118867874E-002,-6.442306637763977E-001,-4.196363985538483E-001,
4.926666666666666E+009,1.733930408954620E-001,1.240374371409416E-001,-6.573084592819214E-001,-4.004848301410675E-001,1.733930408954620E-001,1.240374371409416E-001,-6.573084592819214E-001,-4.004848301410675E-001,
4.938333333333333E+009,2.019573599100113E-001,1.653202921152115E-001,-6.725668907165527E-001,-3.814716637134552E-001,2.019573599100113E-001,1.653202921152115E-001,-6.725668907165527E-001,-3.814716637134552E-001,
4.950000000000000E+009,2.590722441673279E-001,1.827008426189423E-001,-6.912656426429749E-001,-3.487207889556885E-001,2.590722441673279E-001,1.827008426189423E-001,-6.912656426429749E-001,-3.487207889556885E-001,
4.961666666666666E+009,3.193660080432892E-001,1.593312174081802E-001,-6.990163922309876E-001,-3.150785267353058E-001,3.193660080432892E-001,1.593312174081802E-001,-6.990163922309876E-001,-3.150785267353058E-001,
4.973333333333333E+009,3.576278984546661E-001,1.177120134234428E-001,-6.904178261756897E-001,-2.783503830432892E-001,3.576278984546661E-001,1.177120134234428E-001,-6.904178261756897E-001,-2.783503830432892E-001,
4.985000000000000E+009,3.632770776748657E-001,6.877998262643814E-002,-6.833612918853760E-001,-2.534449100494385E-001,3.632770776748657E-001,6.877998262643814E-002,-6.833612918853760E-001,-2.534449100494385E-001,
4.996666666666666E+009,3.483460545539856E-001,3.821024671196938E-002,-6.815564632415772E-001,-2.425037473440170E-001,3.483460545539856E-001,3.821024671196938E-002,-6.815564632415772E-001,-2.425037473440170E-001,
5.008333333333333E+009,3.293009698390961E-001,3.355367854237557E-002,-6.702669262886047E-001,-2.300199717283249E-001,3.293009698390961E-001,3.355367854237557E-002,-6.702669262886047E-001,-2.300199717283249E-001,
5.020000000000000E+009,3.236691057682037E-001,4.489072784781456E-002,-6.716160178184509E-001,-2.166298627853394E-001,3.236691057682037E-001,4.489072784781456E-002,-6.716160178184509E-001,-2.166298627853394E-001,
5.031666666666666E+009,3.444672226905823E-001,6.161917373538017E-002,-6.830611824989319E-001,-2.002345472574234E-001,3.444672226905823E-001,6.161917373538017E-002,-6.830611824989319E-001,-2.002345472574234E-001,
5.043333333333333E+009,3.857038021087647E-001,5.616720020771027E-002,-6.951022148132324E-001,-1.763066202402115E-001,3.857038021087647E-001,5.616720020771027E-002,-6.951022148132324E-001,-1.763066202402115E-001,
5.055000000000000E+009,4.322936236858368E-001,2.702763304114342E-002,-6.974802613258362E-001,-1.491240262985230E-001,4.322936236858368E-001,2.702763304114342E-002,-6.974802613258362E-001,-1.491240262985230E-001,
5.066666666666666E+009,4.622215926647186E-001,-2.417530119419098E-002,-6.906666159629822E-001,-1.244142875075340E-001,4.622215926647186E-001,-2.417530119419098E-002,-6.906666159629822E-001,-1.244142875075340E-001,
5.078333333333333E+009,4.581865072250366E-001,-8.084032684564591E-002,-6.762048602104187E-001,-1.048495993018150E-001,4.581865072250366E-001,-8.084032684564591E-002,-6.762048602104187E-001,-1.048495993018150E-001,
5.090000000000000E+009,4.382831752300263E-001,-1.242715939879417E-001,-6.706849336624146E-001,-8.527856320142746E-002,4.382831752300263E-001,-1.242715939879417E-001,-6.706849336624146E-001,-8.527856320142746E-002,
5.101666666666666E+009,4.100655615329742E-001,-1.456846594810486E-001,-6.708386540412903E-001,-8.055802434682846E-002,4.100655615329742E-001,-1.456846594810486E-001,-6.708386540412903E-001,-8.055802434682846E-002,
5.113333333333333E+009,3.887637555599213E-001,-1.474009454250336E-001,-6.736999154090881E-001,-7.869458943605423E-002,3.887637555599213E-001,-1.474009454250336E-001,-6.736999154090881E-001,-7.869458943605423E-002,
5.125000000000000E+009,3.858257532119751E-001,-1.450299620628357E-001,-6.818560361862183E-001,-6.427410244941711E-002,3.858257532119751E-001,-1.450299620628357E-001,-6.818560361862183E-001,-6.427410244941711E-002,
5.136666666666666E+009,4.020128846168518E-001,-1.503119617700577E-001,-6.880059242248535E-001,-4.877132177352905E-002,4.020128846168518E-001,-1.503119617700577E-001,-6.880059242248535E-001,-4.877132177352905E-002,
5.148333333333333E+009,4.246834516525269E-001,-1.754306554794312E-001,-7.001157402992249E-001,-2.999792061746121E-002,4.246834516525269E-001,-1.754306554794312E-001,-7.001157402992249E-001,-2.999792061746121E-002,
5.160000000000000E+009,4.334178566932678E-001,-2.194905877113342E-001,-6.948021650314331E-001,-5.614548921585083E-003,4.334178566932678E-001,-2.194905877113342E-001,-6.948021650314331E-001,-5.614548921585083E-003,
5.171666666666666E+009,4.247262775897980E-001,-2.728808820247650E-001,-6.866307258605957E-001,2.175992168486118E-002,4.247262775897980E-001,-2.728808820247650E-001,-6.866307258605957E-001,2.175992168486118E-002,
5.183333333333333E+009,4.011040925979614E-001,-3.161365687847138E-001,-6.855621933937073E-001,3.697104379534721E-002,4.011040925979614E-001,-3.161365687847138E-001,-6.855621933937073E-001,3.697104379534721E-002,
5.195000000000000E+009,3.573793172836304E-001,-3.394614160060883E-001,-6.794570684432983E-001,4.071267694234848E-002,3.573793172836304E-001,-3.394614160060883E-001,-6.794570684432983E-001,4.071267694234848E-002,
5.206666666666666E+009,3.196604847908020E-001,-3.408431112766266E-001,-6.834337711334229E-001,4.631453379988670E-002,3.196604847908020E-001,-3.408431112766266E-001,-6.834337711334229E-001,4.631453379988670E-002,
5.218333333333333E+009,2.961154878139496E-001,-3.356905281543732E-001,-6.892973780632019E-001,6.856468319892883E-002,2.961154878139496E-001,-3.356905281543732E-001,-6.892973780632019E-001,6.856468319892883E-002,
5.230000000000000E+009,2.880952060222626E-001,-3.294202387332916E-001,-6.974669694900513E-001,8.478378504514694E-002,2.880952060222626E-001,-3.294202387332916E-001,-6.974669694900513E-001,8.478378504514694E-002,
5.241666666666666E+009,2.908637821674347E-001,-3.390976190567017E-001,-7.163616418838501E-001,1.078888624906540E-001,2.908637821674347E-001,-3.390976190567017E-001,-7.163616418838501E-001,1.078888624906540E-001,
5.253333333333333E+009,3.008840084075928E-001,-3.666445612907410E-001,-7.086014747619629E-001,1.301096975803375E-001,3.008840084075928E-001,-3.666445612907410E-001,-7.086014747619629E-001,1.301096975803375E-001,
5.265000000000000E+009,2.871012687683106E-001,-4.023045003414154E-001,-7.069565057754517E-001,1.653319746255875E-001,2.871012687683106E-001,-4.023045003414154E-001,-7.069565057754517E-001,1.653319746255875E-001,
5.276666666666666E+009,2.530143260955811E-001,-4.404448568820953E-001,-6.944038867950440E-001,1.777308136224747E-001,2.530143260955811E-001,-4.404448568820953E-001,-6.944038867950440E-001,1.777308136224747E-001,
5.288333333333333E+009,2.077182680368424E-001,-4.586227238178253E-001,-6.839591860771179E-001,1.925956606864929E-001,2.077182680368424E-001,-4.586227238178253E-001,-6.839591860771179E-001,1.925956606864929E-001,
5.300000000000000E+009,1.629774123430252E-001,-4.576004743576050E-001,-6.928145289421082E-001,2.157415449619293E-001,1.629774123430252E-001,-4.576004743576050E-001,-6.928145289421082E-001,2.157415449619293E-001,
5.311666666666666E+009,1.256751865148544E-001,-4.378252029418945E-001,-6.964718699455261E-001,2.269846647977829E-001,1.256751865148544E-001,-4.378252029418945E-001,-6.964718699455261E-001,2.269846647977829E-001,
5.323333333333333E+009,1.080691814422607E-001,-4.166395068168640E-001,-6.991771459579468E-001,2.456407546997070E-001,1.080691814422607E-001,-4.166395068168640E-001,-6.991771459579468E-001,2.456407546997070E-001,
5.335000000000000E+009,1.101086437702179E-001,-4.008012712001801E-001,-7.057873010635376E-001,2.736960947513580E-001,1.101086437702179E-001,-4.008012712001801E-001,-7.057873010635376E-001,2.736960947513580E-001,
5.346666666666666E+009,1.107435077428818E-001,-4.082797467708588E-001,-6.992385387420654E-001,3.157075047492981E-001,1.107435077428818E-001,-4.082797467708588E-001,-6.992385387420654E-001,3.157075047492981E-001,
5.358333333333333E+009,1.052476614713669E-001,-4.299715757369995E-001,-6.905516386032105E-001,3.412977457046509E-001,1.052476614713669E-001,-4.299715757369995E-001,-6.905516386032105E-001,3.412977457046509E-001,
5.370000000000000E+009,8.178322017192841E-002,-4.566736221313477E-001,-6.780431270599365E-001,3.696404695510864E-001,8.178322017192841E-002,-4.566736221313477E-001,-6.780431270599365E-001,3.696404695510864E-001,
5.381666666666666E+009,4.300422966480255E-002,-4.702925682067871E-001,-6.634556055068970E-001,3.882008492946625E-001,4.300422966480255E-002,-4.702925682067871E-001,-6.634556055068970E-001,3.882008492946625E-001,
5.393333333333333E+009,-7.545602973550558E-003,-4.597848355770111E-001,-6.589142084121704E-001,4.056994915008545E-001,-7.545602973550558E-003,-4.597848355770111E-001,-6.589142084121704E-001,4.056994915008545E-001,
5.405000000000000E+009,-4.390496015548706E-002,-4.316307306289673E-001,-6.550731062889099E-001,4.292745590209961E-001,-4.390496015548706E-002,-4.316307306289673E-001,-6.550731062889099E-001,4.292745590209961E-001,
5.416666666666666E+009,-5.959939211606979E-002,-3.955777883529663E-001,-6.497800946235657E-001,4.506815969944000E-001,-5.959939211606979E-002,-3.955777883529663E-001,-6.497800946235657E-001,4.506815969944000E-001,
5.428333333333333E+009,-5.643056705594063E-002,-3.639678061008453E-001,-6.431965827941895E-001,4.781357347965241E-001,-5.643056705594063E-002,-3.639678061008453E-001,-6.431965827941895E-001,4.781357347965241E-001,
5.440000000000000E+009,-4.250244423747063E-002,-3.577802777290344E-001,-6.271000504493713E-001,5.174068808555603E-001,-4.250244423747063E-002,-3.577802777290344E-001,-6.271000504493713E-001,5.174068808555603E-001,
5.451666666666666E+009,-3.881916403770447E-002,-3.729431629180908E-001,-6.102802753448486E-001,5.391635894775391E-001,-3.881916403770447E-002,-3.729431629180908E-001,-6.102802753448486E-001,5.391635894775391E-001,
5.463333333333333E+009,-5.286514386534691E-002,-3.946134150028229E-001,-5.871378183364868E-001,5.575837492942810E-001,-5.286514386534691E-002,-3.946134150028229E-001,-5.871378183364868E-001,5.575837492942810E-001,
5.475000000000000E+009,-9.149216860532761E-002,-4.096645712852478E-001,-5.646518468856812E-001,5.874446034431458E-001,-9.149216860532761E-002,-4.096645712852478E-001,-5.646518468856812E-001,5.874446034431458E-001,
5.486666666666666E+009,-1.347510963678360E-001,-3.962447345256805E-001,-5.601415634155273E-001,5.998030304908752E-001,-1.347510963678360E-001,-3.962447345256805E-001,-5.601415634155273E-001,5.998030304908752E-001,
5.498333333333333E+009,-1.700811982154846E-001,-3.557819724082947E-001,-5.403465032577515E-001,6.202387809753418E-001,-1.700811982154846E-001,-3.557819724082947E-001,-5.403465032577515E-001,6.202387809753418E-001,
5.510000000000000E+009,-1.786155402660370E-001,-3.070099949836731E-001,-5.258187055587769E-001,6.487132310867310E-001,-1.786155402660370E-001,-3.070099949836731E-001,-5.258187055587769E-001,6.487132310867310E-001,
5.521666666666666E+009,-1.582777649164200E-001,-2.663418650627136E-001,-5.113597512245178E-001,6.773130893707275E-001,-1.582777649164200E-001,-2.663418650627136E-001,-5.113597512245178E-001,6.773130893707275E-001,
5.533333333333333E+009,-1.274465918540955E-001,-2.554643154144287E-001,-4.892932474613190E-001,7.114048004150391E-001,-1.274465918540955E-001,-2.554643154144287E-001,-4.892932474613190E-001,7.114048004150391E-001,
5.545000000000000E+009,-1.048449948430061E-001,-2.717514038085938E-001,-4.530040919780731E-001,7.314265370368958E-001,-1.048449948430061E-001,-2.717514038085938E-001,-4.530040919780731E-001,7.314265370368958E-001,
5.556666666666666E+009,-1.126633062958717E-001,-3.018140494823456E-001,-4.254605472087860E-001,7.507004737854004E-001,-1.126633062958717E-001,-3.018140494823456E-001,-4.254605472087860E-001,7.507004737854004E-001,
5.568333333333333E+009,-1.493345797061920E-001,-3.185171186923981E-001,-3.909590244293213E-001,7.589699625968933E-001,-1.493345797061920E-001,-3.185171186923981E-001,-3.909590244293213E-001,7.589699625968933E-001,
5.580000000000000E+009,-1.972859352827072E-001,-3.072310984134674E-001,-3.711771667003632E-001,7.698972821235657E-001,-1.972859352827072E-001,-3.072310984134674E-001,-3.711771667003632E-001,7.698972821235657E-001,
5.591666666666666E+009,-2.254354357719421E-001,-2.625023424625397E-001,-3.575098216533661E-001,7.873165011405945E-001,-2.254354357719421E-001,-2.625023424625397E-001,-3.575098216533661E-001,7.873165011405945E-001,
5.603333333333333E+009,-2.221311926841736E-001,-2.085348367691040E-001,-3.275754451751709E-001,8.145992755889893E-001,-2.221311926841736E-001,-2.085348367691040E-001,-3.275754451751709E-001,8.145992755889893E-001,
5.615000000000000E+009,-1.885647177696228E-001,-1.677931696176529E-001,-2.962324321269989E-001,8.344889879226685E-001,-1.885647177696228E-001,-1.677931696176529E-001,-2.962324321269989E-001,8.344889879226685E-001,
5.626666666666666E+009,-1.430229991674423E-001,-1.609165221452713E-001,-2.615566551685333E-001,8.525931835174561E-001,-1.430229991674423E-001,-1.609165221452713E-001,-2.615566551685333E-001,8.525931835174561E-001,
5.638333333333333E+009,-1.118798926472664E-001,-1.891890615224838E-001,-2.200142592191696E-001,8.610117435455322E-001,-1.118798926472664E-001,-1.891890615224838E-001,-2.200142592191696E-001,8.610117435455322E-001,
5.650000000000000E+009,-1.170351803302765E-001,-2.272111475467682E-001,-1.887591928243637E-001,8.698968291282654E-001,-1.170351803302765E-001,-2.272111475467682E-001,-1.887591928243637E-001,8.698968291282654E-001,
5.661666666666666E+009,-1.541702747344971E-001,-2.508232891559601E-001,-1.583304405212402E-001,8.690397739410400E-001,-1.541702747344971E-001,-2.508232891559601E-001,-1.583304405212402E-001,8.690397739410400E-001,
5.673333333333333E+009,-2.032487243413925E-001,-2.408176213502884E-001,-1.297251135110855E-001,8.799721598625183E-001,-2.032487243413925E-001,-2.408176213502884E-001,-1.297251135110855E-001,8.799721598625183E-001,
5.685000000000000E+009,-2.319241017103195E-001,-1.971391439437866E-001,-1.049469038844109E-001,8.853549361228943E-001,-2.319241017103195E-001,-1.971391439437866E-001,-1.049469038844109E-001,8.853549361228943E-001,
5.696666666666666E+009,-2.273247539997101E-001,-1.430269330739975E-001,-7.272961735725403E-002,8.995398879051209E-001,-2.273247539997101E-001,-1.430269330739975E-001,-7.272961735725403E-002,8.995398879051209E-001,
5.708333333333333E+009,-1.858592480421066E-001,-1.053123623132706E-001,-3.702051565051079E-002,9.088939428329468E-001,-1.858592480421066E-001,-1.053123623132706E-001,-3.702051565051079E-002,9.088939428329468E-001,
5.720000000000000E+009,-1.367094069719315E-001,-1.035266071557999E-001,4.691847600042820E-003,9.189561605453491E-001,-1.367094069719315E-001,-1.035266071557999E-001,4.691847600042820E-003,9.189561605453491E-001,
5.731666666666666E+009,-1.037580296397209E-001,-1.328909546136856E-001,5.084522813558579E-002,9.137417078018189E-001,-1.037580296397209E-001,-1.328909546136856E-001,5.084522813558579E-002,9.137417078018189E-001,
5.743333333333333E+009,-1.087012961506844E-001,-1.737261265516281E-001,8.715511113405228E-002,9.084501266479492E-001,-1.087012961506844E-001,-1.737261265516281E-001,8.715511113405228E-002,9.084501266479492E-001,
5.755000000000000E+009,-1.389932334423065E-001,-1.973713040351868E-001,1.156574636697769E-001,9.020316004753113E-001,-1.389932334423065E-001,-1.973713040351868E-001,1.156574636697769E-001,9.020316004753113E-001,
5.766666666666666E+009,-1.804293096065521E-001,-1.900572329759598E-001,1.451296657323837E-001,8.941203951835632E-001,-1.804293096065521E-001,-1.900572329759598E-001,1.451296657323837E-001,8.941203951835632E-001,
5.778333333333333E+009,-2.044621556997299E-001,-1.548388153314591E-001,1.722233295440674E-001,8.985428214073181E-001,-2.044621556997299E-001,-1.548388153314591E-001,1.722233295440674E-001,8.985428214073181E-001,
5.790000000000000E+009,-1.957863122224808E-001,-1.113419383764267E-001,2.089154571294785E-001,8.896566629409790E-001,-1.957863122224808E-001,-1.113419383764267E-001,2.089154571294785E-001,8.896566629409790E-001,
5.801666666666666E+009,-1.595683395862579E-001,-8.671364188194275E-002,2.458081841468811E-001,8.939715623855591E-001,-1.595683395862579E-001,-8.671364188194275E-002,2.458081841468811E-001,8.939715623855591E-001,
5.813333333333333E+009,-1.168972328305244E-001,-9.121009707450867E-002,2.909839749336243E-001,8.838133215904236E-001,-1.168972328305244E-001,-9.121009707450867E-002,2.909839749336243E-001,8.838133215904236E-001,
5.825000000000000E+009,-9.635188430547714E-002,-1.221007332205772E-001,3.288421630859375E-001,8.685527443885803E-001,-9.635188430547714E-002,-1.221007332205772E-001,3.288421630859375E-001,8.685527443885803E-001,
5.836666666666666E+009,-1.021219193935394E-001,-1.522726565599442E-001,3.657614588737488E-001,8.454566597938538E-001,-1.021219193935394E-001,-1.522726565599442E-001,3.657614588737488E-001,8.454566597938538E-001,
5.848333333333333E+009,-1.256307661533356E-001,-1.657126843929291E-001,3.856421709060669E-001,8.309000730514526E-001,-1.256307661533356E-001,-1.657126843929291E-001,3.856421709060669E-001,8.309000730514526E-001,
5.860000000000000E+009,-1.505314111709595E-001,-1.577172279357910E-001,4.081861972808838E-001,8.227647542953491E-001,-1.505314111709595E-001,-1.577172279357910E-001,4.081861972808838E-001,8.227647542953491E-001,
5.871666666666666E+009,-1.558452844619751E-001,-1.367511302232742E-001,4.468032419681549E-001,8.139438629150391E-001,-1.558452844619751E-001,-1.367511302232742E-001,4.468032419681549E-001,8.139438629150391E-001,
5.883333333333333E+009,-1.406474113464356E-001,-1.186758503317833E-001,4.794420599937439E-001,7.997242212295532E-001,-1.406474113464356E-001,-1.186758503317833E-001,4.794420599937439E-001,7.997242212295532E-001,
5.895000000000000E+009,-1.130147427320480E-001,-1.227697730064392E-001,5.204766392707825E-001,7.744341492652893E-001,-1.130147427320480E-001,-1.227697730064392E-001,5.204766392707825E-001,7.744341492652893E-001,
5.906666666666666E+009,-9.271717071533203E-002,-1.502708792686462E-001,5.602953433990479E-001,7.481814622879028E-001,-9.271717071533203E-002,-1.502708792686462E-001,5.602953433990479E-001,7.481814622879028E-001,
5.918333333333333E+009,-9.590920060873032E-002,-1.853558719158173E-001,5.857369899749756E-001,7.173654437065125E-001,-9.590920060873032E-002,-1.853558719158173E-001,5.857369899749756E-001,7.173654437065125E-001,
5.930000000000000E+009,-1.276600360870361E-001,-2.113489359617233E-001,6.056630611419678E-001,6.806054115295410E-001,-1.276600360870361E-001,-2.113489359617233E-001,6.056630611419678E-001,6.806054115295410E-001,
5.941666666666666E+009,-1.680810302495956E-001,-2.135516405105591E-001,6.188220381736755E-001,6.756362915039063E-001,-1.680810302495956E-001,-2.135516405105591E-001,6.188220381736755E-001,6.756362915039063E-001,
5.953333333333333E+009,-1.987014561891556E-001,-1.914651840925217E-001,6.286070942878723E-001,6.541393399238586E-001,-1.987014561891556E-001,-1.914651840925217E-001,6.286070942878723E-001,6.541393399238586E-001,
5.965000000000000E+009,-2.118097990751267E-001,-1.603569686412811E-001,6.530027389526367E-001,6.379482746124268E-001,-2.118097990751267E-001,-1.603569686412811E-001,6.530027389526367E-001,6.379482746124268E-001,
5.976666666666666E+009,-2.009926289319992E-001,-1.317618191242218E-001,6.885559558868408E-001,6.077513098716736E-001,-2.009926289319992E-001,-1.317618191242218E-001,6.885559558868408E-001,6.077513098716736E-001,
5.988333333333333E+009,-1.755865216255188E-001,-1.283958107233048E-001,7.154854536056519E-001,5.923361778259277E-001,-1.755865216255188E-001,-1.283958107233048E-001,7.154854536056519E-001,5.923361778259277E-001,
6.000000000000000E+009,-1.571333110332489E-001,-1.413606852293015E-001,7.507571578025818E-001,5.716308355331421E-001,-1.571333110332489E-001,-1.413606852293015E-001,7.507571578025818E-001,5.716308355331421E-001,
