% Version 1.00
%
%freq[Hz],re:Trc1_S11,im:Trc1_S11,re:Trc2_S21,im:Trc2_S21,re:Trc3_S11,im:Trc3_S11,re:Trc4_S21,im:Trc4_S21,
2.500000000000000E+009,6.865078210830689E-002,-1.873823106288910E-001,2.294858545064926E-001,-9.422507882118225E-001,6.865078210830689E-002,-1.873823106288910E-001,2.294858545064926E-001,-9.422507882118225E-001,
2.511666666666667E+009,2.212879434227943E-002,-1.840843707323074E-001,1.950604468584061E-001,-9.572621583938599E-001,2.212879434227943E-002,-1.840843707323074E-001,1.950604468584061E-001,-9.572621583938599E-001,
2.523333333333334E+009,-8.050219155848026E-003,-1.464695036411285E-001,1.766176074743271E-001,-9.689262509346008E-001,-8.050219155848026E-003,-1.464695036411285E-001,1.766176074743271E-001,-9.689262509346008E-001,
2.535000000000000E+009,-2.477046567946672E-003,-1.009326055645943E-001,1.225262507796288E-001,-9.780297279357910E-001,-2.477046567946672E-003,-1.009326055645943E-001,1.225262507796288E-001,-9.780297279357910E-001,
2.546666666666667E+009,3.266214579343796E-002,-7.722607254981995E-002,8.443567901849747E-002,-9.894484281539917E-001,3.266214579343796E-002,-7.722607254981995E-002,8.443567901849747E-002,-9.894484281539917E-001,
2.558333333333334E+009,7.387805730104446E-002,-9.276722371578217E-002,4.973041266202927E-002,-9.829792380332947E-001,7.387805730104446E-002,-9.276722371578217E-002,4.973041266202927E-002,-9.829792380332947E-001,
2.570000000000000E+009,8.966937661170960E-002,-1.369208544492722E-001,4.753137938678265E-003,-9.708796143531799E-001,8.966937661170960E-002,-1.369208544492722E-001,4.753137938678265E-003,-9.708796143531799E-001,
2.581666666666667E+009,6.920719891786575E-002,-1.833273619413376E-001,-2.636932581663132E-002,-9.640001058578491E-001,6.920719891786575E-002,-1.833273619413376E-001,-2.636932581663132E-002,-9.640001058578491E-001,
2.593333333333334E+009,2.497027814388275E-002,-2.064676135778427E-001,-5.417898297309876E-002,-9.622258543968201E-001,2.497027814388275E-002,-2.064676135778427E-001,-5.417898297309876E-002,-9.622258543968201E-001,
2.605000000000000E+009,-2.240385487675667E-002,-1.905186921358109E-001,-8.059936761856079E-002,-9.676455855369568E-001,-2.240385487675667E-002,-1.905186921358109E-001,-8.059936761856079E-002,-9.676455855369568E-001,
2.616666666666667E+009,-4.531696811318398E-002,-1.470154672861099E-001,-1.156574636697769E-001,-9.708933234214783E-001,-4.531696811318398E-002,-1.470154672861099E-001,-1.156574636697769E-001,-9.708933234214783E-001,
2.628333333333334E+009,-3.514350950717926E-002,-9.780182689428330E-002,-1.576565057039261E-001,-9.712718129158020E-001,-3.514350950717926E-002,-9.780182689428330E-002,-1.576565057039261E-001,-9.712718129158020E-001,
2.640000000000000E+009,3.136646235361695E-003,-7.649736106395721E-002,-1.929807662963867E-001,-9.725828170776367E-001,3.136646235361695E-003,-7.649736106395721E-002,-1.929807662963867E-001,-9.725828170776367E-001,
2.651666666666667E+009,4.431549087166786E-002,-9.319958090782166E-002,-2.323843985795975E-001,-9.565230607986450E-001,4.431549087166786E-002,-9.319958090782166E-002,-2.323843985795975E-001,-9.565230607986450E-001,
2.663333333333334E+009,5.687906220555306E-002,-1.362868547439575E-001,-2.662387490272522E-001,-9.415030479431152E-001,5.687906220555306E-002,-1.362868547439575E-001,-2.662387490272522E-001,-9.415030479431152E-001,
2.675000000000000E+009,3.308219835162163E-002,-1.803369820117950E-001,-2.954711318016052E-001,-9.263108372688294E-001,3.308219835162163E-002,-1.803369820117950E-001,-2.954711318016052E-001,-9.263108372688294E-001,
2.686666666666667E+009,-1.263342332094908E-002,-1.957184225320816E-001,-3.196122348308563E-001,-9.190056920051575E-001,-1.263342332094908E-002,-1.957184225320816E-001,-3.196122348308563E-001,-9.190056920051575E-001,
2.698333333333334E+009,-5.620026960968971E-002,-1.761702895164490E-001,-3.449043631553650E-001,-9.084199666976929E-001,-5.620026960968971E-002,-1.761702895164490E-001,-3.449043631553650E-001,-9.084199666976929E-001,
2.710000000000000E+009,-7.096492499113083E-002,-1.305287629365921E-001,-3.833788037300110E-001,-9.064989686012268E-001,-7.096492499113083E-002,-1.305287629365921E-001,-3.833788037300110E-001,-9.064989686012268E-001,
2.721666666666667E+009,-4.952355474233627E-002,-8.541353046894074E-002,-4.230752587318420E-001,-8.921176195144653E-001,-4.952355474233627E-002,-8.541353046894074E-002,-4.230752587318420E-001,-8.921176195144653E-001,
2.733333333333334E+009,-4.954096395522356E-003,-6.818064302206039E-002,-4.539852440357208E-001,-8.773385882377625E-001,-4.954096395522356E-003,-6.818064302206039E-002,-4.539852440357208E-001,-8.773385882377625E-001,
2.745000000000000E+009,3.443326428532600E-002,-9.015914052724838E-002,-4.936654865741730E-001,-8.557028770446777E-001,3.443326428532600E-002,-9.015914052724838E-002,-4.936654865741730E-001,-8.557028770446777E-001,
2.756666666666667E+009,4.392907768487930E-002,-1.352103799581528E-001,-5.219815969467163E-001,-8.277510404586792E-001,4.392907768487930E-002,-1.352103799581528E-001,-5.219815969467163E-001,-8.277510404586792E-001,
2.768333333333334E+009,1.641199737787247E-002,-1.792243868112564E-001,-5.455933809280396E-001,-8.052163124084473E-001,1.641199737787247E-002,-1.792243868112564E-001,-5.455933809280396E-001,-8.052163124084473E-001,
2.780000000000000E+009,-3.217102587223053E-002,-1.935998350381851E-001,-5.727620124816895E-001,-7.862019538879395E-001,-3.217102587223053E-002,-1.935998350381851E-001,-5.727620124816895E-001,-7.862019538879395E-001,
2.791666666666667E+009,-7.584831118583679E-002,-1.724566817283630E-001,-5.931540727615356E-001,-7.685480713844299E-001,-7.584831118583679E-002,-1.724566817283630E-001,-5.931540727615356E-001,-7.685480713844299E-001,
2.803333333333334E+009,-8.734758198261261E-002,-1.290847212076187E-001,-6.174868345260620E-001,-7.522742748260498E-001,-8.734758198261261E-002,-1.290847212076187E-001,-6.174868345260620E-001,-7.522742748260498E-001,
2.815000000000000E+009,-6.583803147077560E-002,-8.627054840326309E-002,-6.505465507507324E-001,-7.382248044013977E-001,-6.583803147077560E-002,-8.627054840326309E-002,-6.505465507507324E-001,-7.382248044013977E-001,
2.826666666666667E+009,-1.923042535781860E-002,-7.322529703378677E-002,-6.879905462265015E-001,-7.148283720016480E-001,-1.923042535781860E-002,-7.322529703378677E-002,-6.879905462265015E-001,-7.148283720016480E-001,
2.838333333333334E+009,1.669480651617050E-002,-9.602254629135132E-002,-7.175285220146179E-001,-6.735949516296387E-001,1.669480651617050E-002,-9.602254629135132E-002,-7.175285220146179E-001,-6.735949516296387E-001,
2.850000000000000E+009,2.334779687225819E-002,-1.438127160072327E-001,-7.335487604141235E-001,-6.445311307907105E-001,2.334779687225819E-002,-1.438127160072327E-001,-7.335487604141235E-001,-6.445311307907105E-001,
2.861666666666667E+009,-8.197193965315819E-003,-1.829199641942978E-001,-7.415740489959717E-001,-6.205954551696777E-001,-8.197193965315819E-003,-1.829199641942978E-001,-7.415740489959717E-001,-6.205954551696777E-001,
2.873333333333334E+009,-6.357068568468094E-002,-1.921719014644623E-001,-7.677717804908752E-001,-5.917356610298157E-001,-6.357068568468094E-002,-1.921719014644623E-001,-7.677717804908752E-001,-5.917356610298157E-001,
2.885000000000000E+009,-1.049500256776810E-001,-1.675082892179489E-001,-7.811219692230225E-001,-5.757908821105957E-001,-1.049500256776810E-001,-1.675082892179489E-001,-7.811219692230225E-001,-5.757908821105957E-001,
2.896666666666667E+009,-1.187895312905312E-001,-1.201092153787613E-001,-8.047242164611816E-001,-5.494478940963745E-001,-1.187895312905312E-001,-1.201092153787613E-001,-8.047242164611816E-001,-5.494478940963745E-001,
2.908333333333334E+009,-9.079537540674210E-002,-7.872470468282700E-002,-8.338956832885742E-001,-5.245701074600220E-001,-9.079537540674210E-002,-7.872470468282700E-002,-8.338956832885742E-001,-5.245701074600220E-001,
2.920000000000000E+009,-3.892342001199722E-002,-6.806230545043945E-002,-8.550262451171875E-001,-4.932252168655396E-001,-3.892342001199722E-002,-6.806230545043945E-002,-8.550262451171875E-001,-4.932252168655396E-001,
2.931666666666667E+009,4.608150571584702E-003,-9.454397112131119E-002,-8.737232685089111E-001,-4.509741961956024E-001,4.608150571584702E-003,-9.454397112131119E-002,-8.737232685089111E-001,-4.509741961956024E-001,
2.943333333333334E+009,6.528375670313835E-003,-1.432807892560959E-001,-8.890867233276367E-001,-4.097014069557190E-001,6.528375670313835E-003,-1.432807892560959E-001,-8.890867233276367E-001,-4.097014069557190E-001,
2.955000000000000E+009,-3.058819659054279E-002,-1.816267073154450E-001,-8.934120535850525E-001,-3.740260601043701E-001,-3.058819659054279E-002,-1.816267073154450E-001,-8.934120535850525E-001,-3.740260601043701E-001,
2.966666666666667E+009,-8.839558064937592E-002,-1.898187994956970E-001,-8.999671339988709E-001,-3.566091358661652E-001,-8.839558064937592E-002,-1.898187994956970E-001,-8.999671339988709E-001,-3.566091358661652E-001,
2.978333333333334E+009,-1.342024207115173E-001,-1.583404690027237E-001,-9.101715683937073E-001,-3.285976052284241E-001,-1.342024207115173E-001,-1.583404690027237E-001,-9.101715683937073E-001,-3.285976052284241E-001,
2.990000000000000E+009,-1.445875614881516E-001,-1.071136742830277E-001,-9.249795675277710E-001,-2.968011498451233E-001,-1.445875614881516E-001,-1.071136742830277E-001,-9.249795675277710E-001,-2.968011498451233E-001,
3.001666666666667E+009,-1.132243201136589E-001,-6.613199412822723E-002,-9.460458755493164E-001,-2.739238440990448E-001,-1.132243201136589E-001,-6.613199412822723E-002,-9.460458755493164E-001,-2.739238440990448E-001,
3.013333333333334E+009,-5.544836819171906E-002,-6.158224865794182E-002,-9.565966129302979E-001,-2.337714135646820E-001,-5.544836819171906E-002,-6.158224865794182E-002,-9.565966129302979E-001,-2.337714135646820E-001,
3.025000000000000E+009,-1.354510802775621E-002,-9.744665026664734E-002,-9.576840400695801E-001,-1.954701989889145E-001,-1.354510802775621E-002,-9.744665026664734E-002,-9.576840400695801E-001,-1.954701989889145E-001,
3.036666666666667E+009,-1.269130408763886E-002,-1.494081020355225E-001,-9.688613414764404E-001,-1.466594189405441E-001,-1.269130408763886E-002,-1.494081020355225E-001,-9.688613414764404E-001,-1.466594189405441E-001,
3.048333333333333E+009,-5.693699046969414E-002,-1.909421682357788E-001,-9.610005617141724E-001,-1.118561774492264E-001,-5.693699046969414E-002,-1.909421682357788E-001,-9.610005617141724E-001,-1.118561774492264E-001,
3.060000000000000E+009,-1.232294663786888E-001,-1.865389645099640E-001,-9.512656331062317E-001,-8.187736570835114E-002,-1.232294663786888E-001,-1.865389645099640E-001,-9.512656331062317E-001,-8.187736570835114E-002,
3.071666666666667E+009,-1.699953675270081E-001,-1.423631161451340E-001,-9.559863805770874E-001,-6.040067225694656E-002,-1.699953675270081E-001,-1.423631161451340E-001,-9.559863805770874E-001,-6.040067225694656E-002,
3.083333333333333E+009,-1.757777035236359E-001,-8.260501176118851E-002,-9.685950279235840E-001,-3.581362590193749E-002,-1.757777035236359E-001,-8.260501176118851E-002,-9.685950279235840E-001,-3.581362590193749E-002,
3.095000000000000E+009,-1.354327797889710E-001,-3.831889480352402E-002,-9.824103713035584E-001,-3.549099899828434E-003,-1.354327797889710E-001,-3.831889480352402E-002,-9.824103713035584E-001,-3.549099899828434E-003,
3.106666666666667E+009,-6.799495220184326E-002,-4.065662622451782E-002,-9.894752502441406E-001,4.348662495613098E-002,-6.799495220184326E-002,-4.065662622451782E-002,-9.894752502441406E-001,4.348662495613098E-002,
3.118333333333333E+009,-2.207171358168125E-002,-9.109120815992355E-002,-9.876180887222290E-001,9.080442786216736E-002,-2.207171358168125E-002,-9.109120815992355E-002,-9.876180887222290E-001,9.080442786216736E-002,
3.130000000000000E+009,-2.608009241521359E-002,-1.606062948703766E-001,-9.632855057716370E-001,1.432452052831650E-001,-2.608009241521359E-002,-1.606062948703766E-001,-9.632855057716370E-001,1.432452052831650E-001,
3.141666666666667E+009,-7.891685515642166E-002,-2.033106684684753E-001,-9.523018002510071E-001,1.728818416595459E-001,-7.891685515642166E-002,-2.033106684684753E-001,-9.523018002510071E-001,1.728818416595459E-001,
3.153333333333333E+009,-1.542230397462845E-001,-1.942476481199265E-001,-9.309762716293335E-001,1.892557442188263E-001,-1.542230397462845E-001,-1.942476481199265E-001,-9.309762716293335E-001,1.892557442188263E-001,
3.165000000000000E+009,-2.066064029932022E-001,-1.433602720499039E-001,-9.312343597412109E-001,2.220975458621979E-001,-2.066064029932022E-001,-1.433602720499039E-001,-9.312343597412109E-001,2.220975458621979E-001,
3.176666666666667E+009,-2.140486240386963E-001,-7.322379946708679E-002,-9.334149956703186E-001,2.347028106451035E-001,-2.140486240386963E-001,-7.322379946708679E-002,-9.334149956703186E-001,2.347028106451035E-001,
3.188333333333333E+009,-1.714351624250412E-001,-2.275301888585091E-002,-9.341675043106079E-001,2.737490832805634E-001,-1.714351624250412E-001,-2.275301888585091E-002,-9.341675043106079E-001,2.737490832805634E-001,
3.200000000000000E+009,-1.018087863922119E-001,-2.621690370142460E-002,-9.359073042869568E-001,3.164246380329132E-001,-1.018087863922119E-001,-2.621690370142460E-002,-9.359073042869568E-001,3.164246380329132E-001,
3.211666666666667E+009,-5.539681389927864E-002,-8.201885223388672E-002,-9.218350052833557E-001,3.618204295635223E-001,-5.539681389927864E-002,-8.201885223388672E-002,-9.218350052833557E-001,3.618204295635223E-001,
3.223333333333333E+009,-6.521998345851898E-002,-1.547135859727860E-001,-8.931249976158142E-001,4.019117951393127E-001,-6.521998345851898E-002,-1.547135859727860E-001,-8.931249976158142E-001,4.019117951393127E-001,
3.235000000000000E+009,-1.268688589334488E-001,-1.940062195062637E-001,-8.628794550895691E-001,4.233931601047516E-001,-1.268688589334488E-001,-1.940062195062637E-001,-8.628794550895691E-001,4.233931601047516E-001,
3.246666666666667E+009,-2.020851820707321E-001,-1.768548339605331E-001,-8.412851095199585E-001,4.489220082759857E-001,-2.020851820707321E-001,-1.768548339605331E-001,-8.412851095199585E-001,4.489220082759857E-001,
3.258333333333333E+009,-2.537220716476440E-001,-1.132954806089401E-001,-8.303169012069702E-001,4.566271901130676E-001,-2.537220716476440E-001,-1.132954806089401E-001,-8.303169012069702E-001,4.566271901130676E-001,
3.270000000000000E+009,-2.531524002552033E-001,-3.471413254737854E-002,-8.223592042922974E-001,4.870609641075134E-001,-2.531524002552033E-001,-3.471413254737854E-002,-8.223592042922974E-001,4.870609641075134E-001,
3.281666666666667E+009,-2.014186382293701E-001,1.748321205377579E-002,-8.208231329917908E-001,5.177599191665649E-001,-2.014186382293701E-001,1.748321205377579E-002,-8.208231329917908E-001,5.177599191665649E-001,
3.293333333333333E+009,-1.283949464559555E-001,1.167382486164570E-002,-8.106954693794251E-001,5.544971823692322E-001,-1.283949464559555E-001,1.167382486164570E-002,-8.106954693794251E-001,5.544971823692322E-001,
3.305000000000000E+009,-8.234116435050964E-002,-5.181616172194481E-002,-7.785382866859436E-001,5.969912409782410E-001,-8.234116435050964E-002,-5.181616172194481E-002,-7.785382866859436E-001,5.969912409782410E-001,
3.316666666666667E+009,-9.825789928436279E-002,-1.305131614208221E-001,-7.458834052085877E-001,6.320086121559143E-001,-9.825789928436279E-002,-1.305131614208221E-001,-7.458834052085877E-001,6.320086121559143E-001,
3.328333333333333E+009,-1.653426289558411E-001,-1.700026988983154E-001,-7.052354812622070E-001,6.579613685607910E-001,-1.653426289558411E-001,-1.700026988983154E-001,-7.052354812622070E-001,6.579613685607910E-001,
3.340000000000000E+009,-2.430973052978516E-001,-1.497880667448044E-001,-6.831226944923401E-001,6.565527319908142E-001,-2.430973052978516E-001,-1.497880667448044E-001,-6.831226944923401E-001,6.565527319908142E-001,
3.351666666666667E+009,-2.893525660037994E-001,-7.748394459486008E-002,-6.618885397911072E-001,6.720288991928101E-001,-2.893525660037994E-001,-7.748394459486008E-002,-6.618885397911072E-001,6.720288991928101E-001,
3.363333333333333E+009,-2.803989648818970E-001,6.321141496300697E-003,-6.539646387100220E-001,6.870750188827515E-001,-2.803989648818970E-001,6.321141496300697E-003,-6.539646387100220E-001,6.870750188827515E-001,
3.375000000000000E+009,-2.243869602680206E-001,5.744863674044609E-002,-6.491535902023315E-001,7.254266738891602E-001,-2.243869602680206E-001,5.744863674044609E-002,-6.491535902023315E-001,7.254266738891602E-001,
3.386666666666667E+009,-1.532713025808334E-001,5.067962408065796E-002,-6.127873063087463E-001,7.573072314262390E-001,-1.532713025808334E-001,5.067962408065796E-002,-6.127873063087463E-001,7.573072314262390E-001,
3.398333333333333E+009,-1.139240041375160E-001,-1.537259388715029E-002,-5.855141878128052E-001,7.877131700515747E-001,-1.139240041375160E-001,-1.537259388715029E-002,-5.855141878128052E-001,7.877131700515747E-001,
3.410000000000000E+009,-1.388675570487976E-001,-8.886042237281799E-002,-5.415063500404358E-001,8.174830675125122E-001,-1.388675570487976E-001,-8.886042237281799E-002,-5.415063500404358E-001,8.174830675125122E-001,
3.421666666666667E+009,-2.087222337722778E-001,-1.184187605977058E-001,-4.968076348304749E-001,8.185001015663147E-001,-2.087222337722778E-001,-1.184187605977058E-001,-4.968076348304749E-001,8.185001015663147E-001,
3.433333333333333E+009,-2.782424390316010E-001,-8.761233091354370E-002,-4.628914594650269E-001,8.225271105766296E-001,-2.782424390316010E-001,-8.761233091354370E-002,-4.628914594650269E-001,8.225271105766296E-001,
3.445000000000000E+009,-3.115688264369965E-001,-1.189253665506840E-002,-4.450549781322479E-001,8.250824213027954E-001,-3.115688264369965E-001,-1.189253665506840E-002,-4.450549781322479E-001,8.250824213027954E-001,
3.456666666666667E+009,-2.910542190074921E-001,7.150090485811234E-002,-4.339414536952972E-001,8.425859212875366E-001,-2.910542190074921E-001,7.150090485811234E-002,-4.339414536952972E-001,8.425859212875366E-001,
3.468333333333333E+009,-2.231497764587402E-001,1.212697476148605E-001,-4.201630949974060E-001,8.625702857971191E-001,-2.231497764587402E-001,1.212697476148605E-001,-4.201630949974060E-001,8.625702857971191E-001,
3.480000000000000E+009,-1.484921276569367E-001,1.043784320354462E-001,-3.943132758140564E-001,9.008810520172119E-001,-1.484921276569367E-001,1.043784320354462E-001,-3.943132758140564E-001,9.008810520172119E-001,
3.491666666666667E+009,-1.154153496026993E-001,3.619331866502762E-002,-3.397711217403412E-001,9.246654510498047E-001,-1.154153496026993E-001,3.619331866502762E-002,-3.397711217403412E-001,9.246654510498047E-001,
3.503333333333333E+009,-1.465864181518555E-001,-3.896993771195412E-002,-2.897268533706665E-001,9.390950798988342E-001,-1.465864181518555E-001,-3.896993771195412E-002,-2.897268533706665E-001,9.390950798988342E-001,
3.515000000000000E+009,-2.232223600149155E-001,-6.803520023822784E-002,-2.511728703975678E-001,9.338910579681397E-001,-2.232223600149155E-001,-6.803520023822784E-002,-2.511728703975678E-001,9.338910579681397E-001,
3.526666666666667E+009,-2.950139343738556E-001,-3.244346752762795E-002,-2.194631397724152E-001,9.244138002395630E-001,-2.950139343738556E-001,-3.244346752762795E-002,-2.194631397724152E-001,9.244138002395630E-001,
3.538333333333333E+009,-3.233400285243988E-001,4.909949377179146E-002,-1.955185681581497E-001,9.213272333145142E-001,-3.233400285243988E-001,4.909949377179146E-002,-1.955185681581497E-001,9.213272333145142E-001,
3.550000000000000E+009,-2.935679852962494E-001,1.318396478891373E-001,-1.801064461469650E-001,9.276214838027954E-001,-2.935679852962494E-001,1.318396478891373E-001,-1.801064461469650E-001,9.276214838027954E-001,
3.561666666666667E+009,-2.210411727428436E-001,1.785695552825928E-001,-1.650444120168686E-001,9.456911087036133E-001,-2.210411727428436E-001,1.785695552825928E-001,-1.650444120168686E-001,9.456911087036133E-001,
3.573333333333333E+009,-1.430384665727615E-001,1.645467430353165E-001,-1.275967657566071E-001,9.647678136825562E-001,-1.430384665727615E-001,1.645467430353165E-001,-1.275967657566071E-001,9.647678136825562E-001,
3.585000000000000E+009,-1.052628457546234E-001,9.897986054420471E-002,-7.627601921558380E-002,9.774990081787109E-001,-1.052628457546234E-001,9.897986054420471E-002,-7.627601921558380E-002,9.774990081787109E-001,
3.596666666666667E+009,-1.356261521577835E-001,2.621194161474705E-002,-2.534616179764271E-002,9.804915189743042E-001,-1.356261521577835E-001,2.621194161474705E-002,-2.534616179764271E-002,9.804915189743042E-001,
3.608333333333333E+009,-2.094577401876450E-001,-1.481160055845976E-003,1.421302184462547E-002,9.710783362388611E-001,-2.094577401876450E-001,-1.481160055845976E-003,1.421302184462547E-002,9.710783362388611E-001,
3.620000000000000E+009,-2.784350216388702E-001,3.385874629020691E-002,5.489332601428032E-002,9.504456520080566E-001,-2.784350216388702E-001,3.385874629020691E-002,5.489332601428032E-002,9.504456520080566E-001,
3.631666666666667E+009,-3.024128675460815E-001,1.094265505671501E-001,6.801813095808029E-002,9.380843043327332E-001,-3.024128675460815E-001,1.094265505671501E-001,6.801813095808029E-002,9.380843043327332E-001,
3.643333333333333E+009,-2.664343714714050E-001,1.843076795339584E-001,8.635010570287705E-002,9.381327629089356E-001,-2.664343714714050E-001,1.843076795339584E-001,8.635010570287705E-002,9.381327629089356E-001,
3.655000000000000E+009,-1.923211514949799E-001,2.241095602512360E-001,1.062178015708923E-001,9.490016102790833E-001,-1.923211514949799E-001,2.241095602512360E-001,1.062178015708923E-001,9.490016102790833E-001,
3.666666666666667E+009,-1.158780157566071E-001,2.062280476093292E-001,1.514419019222260E-001,9.570870399475098E-001,-1.158780157566071E-001,2.062280476093292E-001,1.514419019222260E-001,9.570870399475098E-001,
3.678333333333333E+009,-8.384462445974350E-002,1.419565677642822E-001,1.921609938144684E-001,9.597552418708801E-001,-8.384462445974350E-002,1.419565677642822E-001,1.921609938144684E-001,9.597552418708801E-001,
3.690000000000000E+009,-1.154122203588486E-001,7.489889860153198E-002,2.413209527730942E-001,9.541932344436646E-001,-1.154122203588486E-001,7.489889860153198E-002,2.413209527730942E-001,9.541932344436646E-001,
3.701666666666667E+009,-1.906363219022751E-001,5.505258589982987E-002,2.881242334842682E-001,9.246953725814819E-001,-1.906363219022751E-001,5.505258589982987E-002,2.881242334842682E-001,9.246953725814819E-001,
3.713333333333333E+009,-2.571209669113159E-001,9.520699828863144E-002,3.119500577449799E-001,9.014780521392822E-001,-2.571209669113159E-001,9.520699828863144E-002,3.119500577449799E-001,9.014780521392822E-001,
3.725000000000000E+009,-2.736762762069702E-001,1.707133054733276E-001,3.294508457183838E-001,8.834640979766846E-001,-2.736762762069702E-001,1.707133054733276E-001,3.294508457183838E-001,8.834640979766846E-001,
3.736666666666667E+009,-2.322483211755753E-001,2.452674061059952E-001,3.498292267322540E-001,8.724631667137146E-001,-2.322483211755753E-001,2.452674061059952E-001,3.498292267322540E-001,8.724631667137146E-001,
3.748333333333333E+009,-1.476948261260986E-001,2.774025797843933E-001,3.738566040992737E-001,8.849328756332398E-001,-1.476948261260986E-001,2.774025797843933E-001,3.738566040992737E-001,8.849328756332398E-001,
3.760000000000000E+009,-6.435541063547134E-002,2.510404288768768E-001,4.098768830299377E-001,8.857896924018860E-001,-6.435541063547134E-002,2.510404288768768E-001,4.098768830299377E-001,8.857896924018860E-001,
3.771666666666667E+009,-2.761652879416943E-002,1.801297664642334E-001,4.554190039634705E-001,8.755850791931152E-001,-2.761652879416943E-002,1.801297664642334E-001,4.554190039634705E-001,8.755850791931152E-001,
3.783333333333333E+009,-5.886227265000343E-002,1.109631434082985E-001,5.001664757728577E-001,8.578405976295471E-001,-5.886227265000343E-002,1.109631434082985E-001,5.001664757728577E-001,8.578405976295471E-001,
3.795000000000000E+009,-1.371508985757828E-001,8.766199648380280E-002,5.327790975570679E-001,8.192940950393677E-001,-1.371508985757828E-001,8.766199648380280E-002,5.327790975570679E-001,8.192940950393677E-001,
3.806666666666667E+009,-2.071146965026856E-001,1.233529970049858E-001,5.585246682167053E-001,7.840749621391296E-001,-2.071146965026856E-001,1.233529970049858E-001,5.585246682167053E-001,7.840749621391296E-001,
3.818333333333333E+009,-2.274704128503799E-001,1.985218524932861E-001,5.773631334304810E-001,7.583645582199097E-001,-2.274704128503799E-001,1.985218524932861E-001,5.773631334304810E-001,7.583645582199097E-001,
3.830000000000000E+009,-1.891211420297623E-001,2.692738771438599E-001,5.857537388801575E-001,7.389109134674072E-001,-1.891211420297623E-001,2.692738771438599E-001,5.857537388801575E-001,7.389109134674072E-001,
3.841666666666667E+009,-1.108201295137405E-001,2.967422902584076E-001,6.011977195739746E-001,7.401914596557617E-001,-1.108201295137405E-001,2.967422902584076E-001,6.011977195739746E-001,7.401914596557617E-001,
3.853333333333333E+009,-3.138213977217674E-002,2.705671787261963E-001,6.350399851799011E-001,7.308688759803772E-001,-3.138213977217674E-002,2.705671787261963E-001,6.350399851799011E-001,7.308688759803772E-001,
3.865000000000000E+009,6.693759467452765E-003,2.040130794048309E-001,6.820213198661804E-001,7.164677977561951E-001,6.693759467452765E-003,2.040130794048309E-001,6.820213198661804E-001,7.164677977561951E-001,
3.876666666666667E+009,-2.131926268339157E-002,1.365072876214981E-001,7.144042253494263E-001,6.864331364631653E-001,-2.131926268339157E-002,1.365072876214981E-001,7.144042253494263E-001,6.864331364631653E-001,
3.888333333333333E+009,-9.699457138776779E-002,1.172568127512932E-001,7.497702240943909E-001,6.405203342437744E-001,-9.699457138776779E-002,1.172568127512932E-001,7.497702240943909E-001,6.405203342437744E-001,
3.900000000000000E+009,-1.660964637994766E-001,1.590405106544495E-001,7.664462327957153E-001,6.035627722740173E-001,-1.660964637994766E-001,1.590405106544495E-001,7.664462327957153E-001,6.035627722740173E-001,
3.911666666666667E+009,-1.841843128204346E-001,2.362178117036820E-001,7.702369689941406E-001,5.631258487701416E-001,-1.841843128204346E-001,2.362178117036820E-001,7.702369689941406E-001,5.631258487701416E-001,
3.923333333333333E+009,-1.410997211933136E-001,3.042502105236054E-001,7.758141756057739E-001,5.420181155204773E-001,-1.410997211933136E-001,3.042502105236054E-001,7.758141756057739E-001,5.420181155204773E-001,
3.935000000000000E+009,-5.759356170892716E-002,3.267191946506500E-001,7.909815907478333E-001,5.288031697273254E-001,-5.759356170892716E-002,3.267191946506500E-001,7.909815907478333E-001,5.288031697273254E-001,
3.946666666666667E+009,1.908962428569794E-002,2.952522337436676E-001,8.100776076316834E-001,5.177067518234253E-001,1.908962428569794E-002,2.952522337436676E-001,8.100776076316834E-001,5.177067518234253E-001,
3.958333333333333E+009,5.840661004185677E-002,2.237936556339264E-001,8.446344733238220E-001,4.954910576343536E-001,5.840661004185677E-002,2.237936556339264E-001,8.446344733238220E-001,4.954910576343536E-001,
3.970000000000000E+009,3.542426228523254E-002,1.585482954978943E-001,8.723170757293701E-001,4.595205485820770E-001,3.542426228523254E-002,1.585482954978943E-001,8.723170757293701E-001,4.595205485820770E-001,
3.981666666666667E+009,-3.061737306416035E-002,1.365223526954651E-001,9.005804061889648E-001,4.150305092334747E-001,-3.061737306416035E-002,1.365223526954651E-001,9.005804061889648E-001,4.150305092334747E-001,
3.993333333333333E+009,-9.525999426841736E-002,1.731297969818115E-001,9.054760932922363E-001,3.659044504165649E-001,-9.525999426841736E-002,1.731297969818115E-001,9.054760932922363E-001,3.659044504165649E-001,
4.005000000000000E+009,-1.136969774961472E-001,2.464366853237152E-001,9.102088212966919E-001,3.266156613826752E-001,-1.136969774961472E-001,2.464366853237152E-001,9.102088212966919E-001,3.266156613826752E-001,
4.016666666666667E+009,-7.469727098941803E-002,3.092027902603149E-001,8.998796939849854E-001,3.022583723068237E-001,-7.469727098941803E-002,3.092027902603149E-001,8.998796939849854E-001,3.022583723068237E-001,
4.028333333333333E+009,3.712605393957347E-004,3.263211846351624E-001,9.098325967788696E-001,2.815639078617096E-001,3.712605393957347E-004,3.263211846351624E-001,9.098325967788696E-001,2.815639078617096E-001,
4.040000000000000E+009,7.629668712615967E-002,2.865328788757324E-001,9.293611645698547E-001,2.672043442726135E-001,7.629668712615967E-002,2.865328788757324E-001,9.293611645698547E-001,2.672043442726135E-001,
4.051666666666667E+009,1.081891581416130E-001,2.105334699153900E-001,9.440418481826782E-001,2.299972176551819E-001,1.081891581416130E-001,2.105334699153900E-001,9.440418481826782E-001,2.299972176551819E-001,
4.063333333333333E+009,8.028947561979294E-002,1.430258899927139E-001,9.673504829406738E-001,1.959614753723145E-001,8.028947561979294E-002,1.430258899927139E-001,9.673504829406738E-001,1.959614753723145E-001,
4.075000000000000E+009,1.244793739169836E-002,1.226206347346306E-001,9.850842356681824E-001,1.414194703102112E-001,1.244793739169836E-002,1.226206347346306E-001,9.850842356681824E-001,1.414194703102112E-001,
4.086666666666667E+009,-4.854756966233254E-002,1.668237149715424E-001,9.743198156356812E-001,9.045875072479248E-002,-4.854756966233254E-002,1.668237149715424E-001,9.743198156356812E-001,9.045875072479248E-002,
4.098333333333333E+009,-6.370878964662552E-002,2.424089759588242E-001,9.644302129745483E-001,5.630232766270638E-002,-6.370878964662552E-002,2.424089759588242E-001,9.644302129745483E-001,5.630232766270638E-002,
4.110000000000000E+009,-2.372178807854652E-002,3.053659796714783E-001,9.511445760726929E-001,2.275682240724564E-002,-2.372178807854652E-002,3.053659796714783E-001,9.511445760726929E-001,2.275682240724564E-002,
4.121666666666667E+009,5.072510242462158E-002,3.190022110939026E-001,9.509881138801575E-001,1.009116973727942E-002,5.072510242462158E-002,3.190022110939026E-001,9.509881138801575E-001,1.009116973727942E-002,
4.133333333333333E+009,1.197867691516876E-001,2.776422500610352E-001,9.516928791999817E-001,-1.149632502347231E-002,1.197867691516876E-001,2.776422500610352E-001,9.516928791999817E-001,-1.149632502347231E-002,
4.145000000000000E+009,1.475823074579239E-001,1.999151110649109E-001,9.671790003776550E-001,-4.205301403999329E-002,1.475823074579239E-001,1.999151110649109E-001,9.671790003776550E-001,-4.205301403999329E-002,
4.156666666666667E+009,1.211888119578362E-001,1.276571154594421E-001,9.874355196952820E-001,-8.022030442953110E-002,1.211888119578362E-001,1.276571154594421E-001,9.874355196952820E-001,-8.022030442953110E-002,
4.168333333333333E+009,5.410565063357353E-002,1.051588058471680E-001,9.860665798187256E-001,-1.316429525613785E-001,5.410565063357353E-002,1.051588058471680E-001,9.860665798187256E-001,-1.316429525613785E-001,
4.180000000000000E+009,-4.292537458240986E-003,1.460362076759338E-001,9.732952117919922E-001,-1.911033391952515E-001,-4.292537458240986E-003,1.460362076759338E-001,9.732952117919922E-001,-1.911033391952515E-001,
4.191666666666667E+009,-1.845428720116615E-002,2.204330414533615E-001,9.459404349327087E-001,-2.270035743713379E-001,-1.845428720116615E-002,2.204330414533615E-001,9.459404349327087E-001,-2.270035743713379E-001,
4.203333333333333E+009,2.135687321424484E-002,2.839307487010956E-001,9.186013340950012E-001,-2.498891800642014E-001,2.135687321424484E-002,2.839307487010956E-001,9.186013340950012E-001,-2.498891800642014E-001,
4.215000000000000E+009,9.147109091281891E-002,3.002437651157379E-001,9.068815112113953E-001,-2.689377069473267E-001,9.147109091281891E-002,3.002437651157379E-001,9.068815112113953E-001,-2.689377069473267E-001,
4.226666666666667E+009,1.500672549009323E-001,2.602404952049255E-001,9.045129418373108E-001,-2.795102298259735E-001,1.500672549009323E-001,2.602404952049255E-001,9.045129418373108E-001,-2.795102298259735E-001,
4.238333333333333E+009,1.746570020914078E-001,1.877852082252502E-001,9.080375432968140E-001,-3.122130334377289E-001,1.746570020914078E-001,1.877852082252502E-001,9.080375432968140E-001,-3.122130334377289E-001,
4.250000000000000E+009,1.460149288177490E-001,1.187034398317337E-001,9.178708195686340E-001,-3.520390987396240E-001,1.460149288177490E-001,1.187034398317337E-001,9.178708195686340E-001,-3.520390987396240E-001,
4.261666666666667E+009,8.440639078617096E-002,9.830543398857117E-002,9.124577045440674E-001,-4.012843370437622E-001,8.440639078617096E-002,9.830543398857117E-002,9.124577045440674E-001,-4.012843370437622E-001,
4.273333333333333E+009,2.954986318945885E-002,1.321459263563156E-001,8.829894065856934E-001,-4.497130215167999E-001,2.954986318945885E-002,1.321459263563156E-001,8.829894065856934E-001,-4.497130215167999E-001,
4.285000000000000E+009,2.068397402763367E-002,2.057564854621887E-001,8.511398434638977E-001,-4.910355806350708E-001,2.068397402763367E-002,2.057564854621887E-001,8.511398434638977E-001,-4.910355806350708E-001,
4.296666666666666E+009,6.403708457946777E-002,2.676371335983276E-001,8.144733905792236E-001,-5.014014840126038E-001,6.403708457946777E-002,2.676371335983276E-001,8.144733905792236E-001,-5.014014840126038E-001,
4.308333333333333E+009,1.360858827829361E-001,2.824340164661408E-001,7.926806211471558E-001,-5.177104473114014E-001,1.360858827829361E-001,2.824340164661408E-001,7.926806211471558E-001,-5.177104473114014E-001,
4.320000000000000E+009,1.939859986305237E-001,2.455423623323441E-001,7.827228903770447E-001,-5.283758044242859E-001,1.939859986305237E-001,2.455423623323441E-001,7.827228903770447E-001,-5.283758044242859E-001,
4.331666666666666E+009,2.130317836999893E-001,1.761216521263123E-001,7.818747758865356E-001,-5.484360456466675E-001,2.130317836999893E-001,1.761216521263123E-001,7.818747758865356E-001,-5.484360456466675E-001,
4.343333333333333E+009,1.813870668411255E-001,1.067896634340286E-001,7.752605080604553E-001,-5.900181531906128E-001,1.813870668411255E-001,1.067896634340286E-001,7.752605080604553E-001,-5.900181531906128E-001,
4.355000000000000E+009,1.189210042357445E-001,8.081553131341934E-002,7.600212693214417E-001,-6.307885646820068E-001,1.189210042357445E-001,8.081553131341934E-002,7.600212693214417E-001,-6.307885646820068E-001,
4.366666666666666E+009,6.300262361764908E-002,1.119937002658844E-001,7.209411859512329E-001,-6.789529919624329E-001,6.300262361764908E-002,1.119937002658844E-001,7.209411859512329E-001,-6.789529919624329E-001,
4.378333333333333E+009,5.571050569415093E-002,1.778354197740555E-001,6.766995787620544E-001,-6.993904113769531E-001,5.571050569415093E-002,1.778354197740555E-001,6.766995787620544E-001,-6.993904113769531E-001,
4.390000000000000E+009,9.880004823207855E-002,2.336609661579132E-001,6.396249532699585E-001,-7.171009778976440E-001,9.880004823207855E-002,2.336609661579132E-001,6.396249532699585E-001,-7.171009778976440E-001,
4.401666666666666E+009,1.678637117147446E-001,2.489472776651382E-001,6.090825796127319E-001,-7.212677597999573E-001,1.678637117147446E-001,2.489472776651382E-001,6.090825796127319E-001,-7.212677597999573E-001,
4.413333333333333E+009,2.284115403890610E-001,2.144673317670822E-001,5.971786379814148E-001,-7.281906008720398E-001,2.284115403890610E-001,2.144673317670822E-001,5.971786379814148E-001,-7.281906008720398E-001,
4.425000000000000E+009,2.454905658960342E-001,1.455543637275696E-001,5.876627564430237E-001,-7.438772916793823E-001,2.454905658960342E-001,1.455543637275696E-001,5.876627564430237E-001,-7.438772916793823E-001,
4.436666666666666E+009,2.110588848590851E-001,8.076328039169312E-002,5.705755949020386E-001,-7.691047787666321E-001,2.110588848590851E-001,8.076328039169312E-002,5.705755949020386E-001,-7.691047787666321E-001,
4.448333333333333E+009,1.418119072914124E-001,5.278943106532097E-002,5.480768680572510E-001,-8.131197690963745E-001,1.418119072914124E-001,5.278943106532097E-002,5.480768680572510E-001,-8.131197690963745E-001,
4.460000000000000E+009,7.898685336112976E-002,8.351760357618332E-002,5.089305043220520E-001,-8.527187108993530E-001,7.898685336112976E-002,8.351760357618332E-002,5.089305043220520E-001,-8.527187108993530E-001,
4.471666666666666E+009,6.338768452405930E-002,1.521385610103607E-001,4.554507434368134E-001,-8.687813878059387E-001,6.338768452405930E-002,1.521385610103607E-001,4.554507434368134E-001,-8.687813878059387E-001,
4.483333333333333E+009,1.046697422862053E-001,2.107462286949158E-001,4.028872251510620E-001,-8.805676698684692E-001,1.046697422862053E-001,2.107462286949158E-001,4.028872251510620E-001,-8.805676698684692E-001,
4.495000000000000E+009,1.780065745115280E-001,2.319282889366150E-001,3.727938830852509E-001,-8.680495023727417E-001,1.780065745115280E-001,2.319282889366150E-001,3.727938830852509E-001,-8.680495023727417E-001,
4.506666666666666E+009,2.444898784160614E-001,2.028352618217468E-001,3.510922491550446E-001,-8.678683042526245E-001,2.444898784160614E-001,2.028352618217468E-001,3.510922491550446E-001,-8.678683042526245E-001,
4.518333333333333E+009,2.685751318931580E-001,1.443914920091629E-001,3.364433348178864E-001,-8.661383986473084E-001,2.685751318931580E-001,1.443914920091629E-001,3.364433348178864E-001,-8.661383986473084E-001,
4.530000000000000E+009,2.449383735656738E-001,8.661075681447983E-002,3.250631093978882E-001,-8.922133445739746E-001,2.449383735656738E-001,8.661075681447983E-002,3.250631093978882E-001,-8.922133445739746E-001,
4.541666666666666E+009,1.882324069738388E-001,6.042655557394028E-002,2.931501269340515E-001,-9.200606346130371E-001,1.882324069738388E-001,6.042655557394028E-002,2.931501269340515E-001,-9.200606346130371E-001,
4.553333333333333E+009,1.326934546232224E-001,8.564601093530655E-002,2.463073581457138E-001,-9.470373988151550E-001,1.326934546232224E-001,8.564601093530655E-002,2.463073581457138E-001,-9.470373988151550E-001,
4.565000000000000E+009,1.232269406318665E-001,1.467011868953705E-001,1.924095302820206E-001,-9.543148279190064E-001,1.232269406318665E-001,1.467011868953705E-001,1.924095302820206E-001,-9.543148279190064E-001,
4.576666666666666E+009,1.669654697179794E-001,1.940561532974243E-001,1.446359455585480E-001,-9.476522803306580E-001,1.669654697179794E-001,1.940561532974243E-001,1.446359455585480E-001,-9.476522803306580E-001,
4.588333333333333E+009,2.380449622869492E-001,1.991112381219864E-001,1.109545826911926E-001,-9.296377301216126E-001,2.380449622869492E-001,1.991112381219864E-001,1.109545826911926E-001,-9.296377301216126E-001,
4.600000000000000E+009,3.004886209964752E-001,1.595261543989182E-001,8.803325891494751E-002,-9.227739572525024E-001,3.004886209964752E-001,1.595261543989182E-001,8.803325891494751E-002,-9.227739572525024E-001,
4.611666666666666E+009,3.216624855995178E-001,9.189203381538391E-002,7.286520302295685E-002,-9.267981648445129E-001,3.216624855995178E-001,9.189203381538391E-002,7.286520302295685E-002,-9.267981648445129E-001,
4.623333333333333E+009,2.943174839019775E-001,2.843621000647545E-002,6.099500879645348E-002,-9.317842721939087E-001,2.943174839019775E-001,2.843621000647545E-002,6.099500879645348E-002,-9.317842721939087E-001,
4.635000000000000E+009,2.300913631916046E-001,2.781313378363848E-003,3.088741004467011E-002,-9.588568806648254E-001,2.300913631916046E-001,2.781313378363848E-003,3.088741004467011E-002,-9.588568806648254E-001,
4.646666666666666E+009,1.694607585668564E-001,2.807836048305035E-002,-1.279616262763739E-002,-9.791449904441834E-001,1.694607585668564E-001,2.807836048305035E-002,-1.279616262763739E-002,-9.791449904441834E-001,
4.658333333333333E+009,1.512083113193512E-001,9.007328748703003E-002,-7.319971174001694E-002,-9.755459427833557E-001,1.512083113193512E-001,9.007328748703003E-002,-7.319971174001694E-002,-9.755459427833557E-001,
4.670000000000000E+009,1.916289925575256E-001,1.406808197498322E-001,-1.253014206886292E-001,-9.505705237388611E-001,1.916289925575256E-001,1.406808197498322E-001,-1.253014206886292E-001,-9.505705237388611E-001,
4.681666666666666E+009,2.611120343208313E-001,1.446480005979538E-001,-1.577840745449066E-001,-9.284722805023193E-001,2.611120343208313E-001,1.446480005979538E-001,-1.577840745449066E-001,-9.284722805023193E-001,
4.693333333333333E+009,3.175366818904877E-001,1.033769622445107E-001,-1.705767214298248E-001,-9.123923182487488E-001,3.175366818904877E-001,1.033769622445107E-001,-1.705767214298248E-001,-9.123923182487488E-001,
4.705000000000000E+009,3.333842456340790E-001,3.332731872797012E-002,-1.814565211534500E-001,-9.045566320419312E-001,3.333842456340790E-001,3.332731872797012E-002,-1.814565211534500E-001,-9.045566320419312E-001,
4.716666666666666E+009,3.014675080776215E-001,-2.596228756010532E-002,-2.034788131713867E-001,-9.108170866966248E-001,3.014675080776215E-001,-2.596228756010532E-002,-2.034788131713867E-001,-9.108170866966248E-001,
4.728333333333333E+009,2.374611049890518E-001,-4.398848488926888E-002,-2.253438085317612E-001,-9.231705069541931E-001,2.374611049890518E-001,-4.398848488926888E-002,-2.253438085317612E-001,-9.231705069541931E-001,
4.740000000000000E+009,1.801115721464157E-001,-1.090693939477205E-002,-2.871114909648895E-001,-9.391946196556091E-001,1.801115721464157E-001,-1.090693939477205E-002,-2.871114909648895E-001,-9.391946196556091E-001,
4.751666666666666E+009,1.708869189023972E-001,5.057427659630776E-002,-3.419704139232636E-001,-9.177411198616028E-001,1.708869189023972E-001,5.057427659630776E-002,-3.419704139232636E-001,-9.177411198616028E-001,
4.763333333333333E+009,2.166536599397659E-001,9.911263734102249E-002,-3.875829279422760E-001,-8.804758191108704E-001,2.166536599397659E-001,9.911263734102249E-002,-3.875829279422760E-001,-8.804758191108704E-001,
4.775000000000000E+009,2.869385182857513E-001,9.541914612054825E-002,-4.063954353332520E-001,-8.507884740829468E-001,2.869385182857513E-001,9.541914612054825E-002,-4.063954353332520E-001,-8.507884740829468E-001,
4.786666666666666E+009,3.384196162223816E-001,4.656394571065903E-002,-4.133624136447907E-001,-8.260804414749146E-001,3.384196162223816E-001,4.656394571065903E-002,-4.133624136447907E-001,-8.260804414749146E-001,
4.798333333333333E+009,3.480451703071594E-001,-2.450255863368511E-002,-4.296584725379944E-001,-8.113945126533508E-001,3.480451703071594E-001,-2.450255863368511E-002,-4.296584725379944E-001,-8.113945126533508E-001,
4.810000000000000E+009,3.097558021545410E-001,-8.240777999162674E-002,-4.494934678077698E-001,-8.039851784706116E-001,3.097558021545410E-001,-8.240777999162674E-002,-4.494934678077698E-001,-8.039851784706116E-001,
4.821666666666666E+009,2.431935966014862E-001,-9.881966561079025E-002,-4.838318526744843E-001,-8.215055465698242E-001,2.431935966014862E-001,-9.881966561079025E-002,-4.838318526744843E-001,-8.215055465698242E-001,
4.833333333333333E+009,1.864572316408157E-001,-5.675426125526428E-002,-5.246769785881043E-001,-8.078958988189697E-001,1.864572316408157E-001,-5.675426125526428E-002,-5.246769785881043E-001,-8.078958988189697E-001,
4.845000000000000E+009,1.817587465047836E-001,7.486871443688870E-003,-5.791899561882019E-001,-7.851651906967163E-001,1.817587465047836E-001,7.486871443688870E-003,-5.791899561882019E-001,-7.851651906967163E-001,
4.856666666666666E+009,2.359138727188110E-001,5.051004141569138E-002,-6.104743480682373E-001,-7.416456937789917E-001,2.359138727188110E-001,5.051004141569138E-002,-6.104743480682373E-001,-7.416456937789917E-001,
4.868333333333333E+009,3.080803751945496E-001,4.035820811986923E-002,-6.313966512680054E-001,-6.970932483673096E-001,3.080803751945496E-001,4.035820811986923E-002,-6.313966512680054E-001,-6.970932483673096E-001,
4.880000000000000E+009,3.580223917961121E-001,-1.462658029049635E-002,-6.301156282424927E-001,-6.658720970153809E-001,3.580223917961121E-001,-1.462658029049635E-002,-6.301156282424927E-001,-6.658720970153809E-001,
4.891666666666666E+009,3.652065098285675E-001,-9.161896258592606E-002,-6.433860063552856E-001,-6.542696952819824E-001,3.652065098285675E-001,-9.161896258592606E-002,-6.433860063552856E-001,-6.542696952819824E-001,
4.903333333333333E+009,3.180627524852753E-001,-1.502934247255325E-001,-6.405250430107117E-001,-6.523527503013611E-001,3.180627524852753E-001,-1.502934247255325E-001,-6.405250430107117E-001,-6.523527503013611E-001,
4.915000000000000E+009,2.511234581470490E-001,-1.656108647584915E-001,-6.783366203308106E-001,-6.461245417594910E-001,2.511234581470490E-001,-1.656108647584915E-001,-6.783366203308106E-001,-6.461245417594910E-001,
4.926666666666666E+009,1.944383382797241E-001,-1.326528638601303E-001,-7.204897403717041E-001,-6.254903674125671E-001,1.944383382797241E-001,-1.326528638601303E-001,-7.204897403717041E-001,-6.254903674125671E-001,
4.938333333333333E+009,1.853715181350708E-001,-7.082336395978928E-002,-7.577369213104248E-001,-5.942875146865845E-001,1.853715181350708E-001,-7.082336395978928E-002,-7.577369213104248E-001,-5.942875146865845E-001,
4.950000000000000E+009,2.295588254928589E-001,-2.773511782288551E-002,-7.897828221321106E-001,-5.480377078056335E-001,2.295588254928589E-001,-2.773511782288551E-002,-7.897828221321106E-001,-5.480377078056335E-001,
4.961666666666666E+009,2.923837006092072E-001,-4.065937921404839E-002,-8.004671335220337E-001,-5.049579143524170E-001,2.923837006092072E-001,-4.065937921404839E-002,-8.004671335220337E-001,-5.049579143524170E-001,
4.973333333333333E+009,3.348736464977264E-001,-9.059303253889084E-002,-7.944754958152771E-001,-4.669109582901001E-001,3.348736464977264E-001,-9.059303253889084E-002,-7.944754958152771E-001,-4.669109582901001E-001,
4.985000000000000E+009,3.320749700069428E-001,-1.593437939882278E-001,-7.961688041687012E-001,-4.486600458621979E-001,3.320749700069428E-001,-1.593437939882278E-001,-7.961688041687012E-001,-4.486600458621979E-001,
4.996666666666666E+009,2.882197499275208E-001,-2.113476544618607E-001,-8.145878314971924E-001,-4.446161985397339E-001,2.882197499275208E-001,-2.113476544618607E-001,-8.145878314971924E-001,-4.446161985397339E-001,
5.008333333333333E+009,2.238311469554901E-001,-2.199936062097549E-001,-8.278651237487793E-001,-4.314352869987488E-001,2.238311469554901E-001,-2.199936062097549E-001,-8.278651237487793E-001,-4.314352869987488E-001,
5.020000000000000E+009,1.730656623840332E-001,-1.855643838644028E-001,-8.576019406318665E-001,-4.024708867073059E-001,1.730656623840332E-001,-1.855643838644028E-001,-8.576019406318665E-001,-4.024708867073059E-001,
5.031666666666666E+009,1.675015985965729E-001,-1.282857060432434E-001,-8.914394974708557E-001,-3.602541983127594E-001,1.675015985965729E-001,-1.282857060432434E-001,-8.914394974708557E-001,-3.602541983127594E-001,
5.043333333333333E+009,2.074593901634216E-001,-9.458155184984207E-002,-9.089493751525879E-001,-3.092219233512878E-001,2.074593901634216E-001,-9.458155184984207E-002,-9.089493751525879E-001,-3.092219233512878E-001,
5.055000000000000E+009,2.651016414165497E-001,-1.057559773325920E-001,-9.062166810035706E-001,-2.622621655464172E-001,2.651016414165497E-001,-1.057559773325920E-001,-9.062166810035706E-001,-2.622621655464172E-001,
5.066666666666666E+009,3.024859428405762E-001,-1.574819982051849E-001,-8.955082893371582E-001,-2.302217781543732E-001,3.024859428405762E-001,-1.574819982051849E-001,-8.955082893371582E-001,-2.302217781543732E-001,
5.078333333333333E+009,2.914287447929382E-001,-2.205204218626022E-001,-8.830319046974182E-001,-2.113840281963348E-001,2.914287447929382E-001,-2.205204218626022E-001,-8.830319046974182E-001,-2.113840281963348E-001,
5.090000000000000E+009,2.479708045721054E-001,-2.677053213119507E-001,-8.922533392906189E-001,-1.883227676153183E-001,2.479708045721054E-001,-2.677053213119507E-001,-8.922533392906189E-001,-1.883227676153183E-001,
5.101666666666666E+009,1.883796006441116E-001,-2.752173542976379E-001,-9.149928092956543E-001,-1.730381548404694E-001,1.883796006441116E-001,-2.752173542976379E-001,-9.149928092956543E-001,-1.730381548404694E-001,
5.113333333333333E+009,1.403166353702545E-001,-2.427532225847244E-001,-9.371673464775085E-001,-1.507590711116791E-001,1.403166353702545E-001,-2.427532225847244E-001,-9.371673464775085E-001,-1.507590711116791E-001,
5.125000000000000E+009,1.318853944540024E-001,-1.922245323657990E-001,-9.546551704406738E-001,-1.028002053499222E-001,1.318853944540024E-001,-1.922245323657990E-001,-9.546551704406738E-001,-1.028002053499222E-001,
5.136666666666666E+009,1.643379181623459E-001,-1.582831591367722E-001,-9.541344642639160E-001,-5.426814034581184E-002,1.643379181623459E-001,-1.582831591367722E-001,-9.541344642639160E-001,-5.426814034581184E-002,
5.148333333333333E+009,2.114015221595764E-001,-1.650458425283432E-001,-9.530943632125855E-001,-1.428921800106764E-002,2.114015221595764E-001,-1.650458425283432E-001,-9.530943632125855E-001,-1.428921800106764E-002,
5.160000000000000E+009,2.377206832170487E-001,-2.082755416631699E-001,-9.313637018203735E-001,1.906154304742813E-002,2.377206832170487E-001,-2.082755416631699E-001,-9.313637018203735E-001,1.906154304742813E-002,
5.171666666666666E+009,2.311239540576935E-001,-2.653844654560089E-001,-9.157990813255310E-001,5.063458159565926E-002,2.311239540576935E-001,-2.653844654560089E-001,-9.157990813255310E-001,5.063458159565926E-002,
5.183333333333333E+009,1.951810717582703E-001,-3.067983388900757E-001,-9.199197292327881E-001,7.032638043165207E-002,1.951810717582703E-001,-3.067983388900757E-001,-9.199197292327881E-001,7.032638043165207E-002,
5.195000000000000E+009,1.385103315114975E-001,-3.136600255966187E-001,-9.226542115211487E-001,8.285574615001679E-002,1.385103315114975E-001,-3.136600255966187E-001,-9.226542115211487E-001,8.285574615001679E-002,
5.206666666666666E+009,9.446611255407333E-002,-2.842407524585724E-001,-9.346087574958801E-001,1.079739630222321E-001,9.446611255407333E-002,-2.842407524585724E-001,-9.346087574958801E-001,1.079739630222321E-001,
5.218333333333333E+009,8.181904256343842E-002,-2.398882508277893E-001,-9.368623495101929E-001,1.620172113180161E-001,8.181904256343842E-002,-2.398882508277893E-001,-9.368623495101929E-001,1.620172113180161E-001,
5.230000000000000E+009,1.039751395583153E-001,-2.038611769676209E-001,-9.315760731697083E-001,2.064855694770813E-001,1.039751395583153E-001,-2.038611769676209E-001,-9.315760731697083E-001,2.064855694770813E-001,
5.241666666666666E+009,1.420619934797287E-001,-2.052214443683624E-001,-9.309226870536804E-001,2.491572350263596E-001,1.420619934797287E-001,-2.052214443683624E-001,-9.309226870536804E-001,2.491572350263596E-001,
5.253333333333333E+009,1.752630472183228E-001,-2.393429428339005E-001,-8.969060778617859E-001,2.731389105319977E-001,1.752630472183228E-001,-2.393429428339005E-001,-8.969060778617859E-001,2.731389105319977E-001,
5.265000000000000E+009,1.698204278945923E-001,-2.869573235511780E-001,-8.794814944267273E-001,3.102811276912689E-001,1.698204278945923E-001,-2.869573235511780E-001,-8.794814944267273E-001,3.102811276912689E-001,
5.276666666666666E+009,1.344822496175766E-001,-3.281103372573853E-001,-8.615173101425171E-001,3.170396685600281E-001,1.344822496175766E-001,-3.281103372573853E-001,-8.615173101425171E-001,3.170396685600281E-001,
5.288333333333333E+009,8.393301814794540E-002,-3.398368656635284E-001,-8.504784703254700E-001,3.344941437244415E-001,8.393301814794540E-002,-3.398368656635284E-001,-8.504784703254700E-001,3.344941437244415E-001,
5.300000000000000E+009,4.039923101663590E-002,-3.190762698650360E-001,-8.613230586051941E-001,3.742301166057587E-001,4.039923101663590E-002,-3.190762698650360E-001,-8.613230586051941E-001,3.742301166057587E-001,
5.311666666666666E+009,1.814793981611729E-002,-2.758717834949493E-001,-8.603350520133972E-001,4.053760766983032E-001,1.814793981611729E-002,-2.758717834949493E-001,-8.603350520133972E-001,4.053760766983032E-001,
5.323333333333333E+009,3.007566742599011E-002,-2.372781336307526E-001,-8.465346693992615E-001,4.422856867313385E-001,3.007566742599011E-002,-2.372781336307526E-001,-8.465346693992615E-001,4.422856867313385E-001,
5.335000000000000E+009,6.709189713001251E-002,-2.228808999061585E-001,-8.284646868705750E-001,4.856311976909638E-001,6.709189713001251E-002,-2.228808999061585E-001,-8.284646868705750E-001,4.856311976909638E-001,
5.346666666666666E+009,9.565503150224686E-002,-2.456086128950119E-001,-7.923678755760193E-001,5.296988487243652E-001,9.565503150224686E-002,-2.456086128950119E-001,-7.923678755760193E-001,5.296988487243652E-001,
5.358333333333333E+009,9.993172436952591E-002,-2.869592607021332E-001,-7.640656232833862E-001,5.454301834106445E-001,9.993172436952591E-002,-2.869592607021332E-001,-7.640656232833862E-001,5.454301834106445E-001,
5.370000000000000E+009,7.542941719293594E-002,-3.259783983230591E-001,-7.415588498115540E-001,5.640950202941895E-001,7.542941719293594E-002,-3.259783983230591E-001,-7.415588498115540E-001,5.640950202941895E-001,
5.381666666666666E+009,3.103374317288399E-002,-3.407115638256073E-001,-7.238139510154724E-001,5.788679718971252E-001,3.103374317288399E-002,-3.407115638256073E-001,-7.238139510154724E-001,5.788679718971252E-001,
5.393333333333333E+009,-1.574700698256493E-002,-3.233764469623566E-001,-7.190649509429932E-001,5.993484854698181E-001,-1.574700698256493E-002,-3.233764469623566E-001,-7.190649509429932E-001,5.993484854698181E-001,
5.405000000000000E+009,-3.881633281707764E-002,-2.843938767910004E-001,-7.078649997711182E-001,6.346859931945801E-001,-3.881633281707764E-002,-2.843938767910004E-001,-7.078649997711182E-001,6.346859931945801E-001,
5.416666666666666E+009,-2.901113964617252E-002,-2.440812885761261E-001,-6.877585649490356E-001,6.665095090866089E-001,-2.901113964617252E-002,-2.440812885761261E-001,-6.877585649490356E-001,6.665095090866089E-001,
5.428333333333333E+009,2.323593012988567E-003,-2.241129130125046E-001,-6.583393216133118E-001,6.980978846549988E-001,2.323593012988567E-003,-2.241129130125046E-001,-6.583393216133118E-001,6.980978846549988E-001,
5.440000000000000E+009,3.469619527459145E-002,-2.414136081933975E-001,-6.159059405326843E-001,7.333739995956421E-001,3.469619527459145E-002,-2.414136081933975E-001,-6.159059405326843E-001,7.333739995956421E-001,
5.451666666666666E+009,4.111086204648018E-002,-2.815615832805634E-001,-5.823562741279602E-001,7.399683594703674E-001,4.111086204648018E-002,-2.815615832805634E-001,-5.823562741279602E-001,7.399683594703674E-001,
5.463333333333333E+009,1.752720214426518E-002,-3.186739087104797E-001,-5.517262816429138E-001,7.409434914588928E-001,1.752720214426518E-002,-3.186739087104797E-001,-5.517262816429138E-001,7.409434914588928E-001,
5.475000000000000E+009,-3.024906851351261E-002,-3.366698622703552E-001,-5.275365710258484E-001,7.623192667961121E-001,-3.024906851351261E-002,-3.366698622703552E-001,-5.275365710258484E-001,7.623192667961121E-001,
5.486666666666666E+009,-7.542886584997177E-002,-3.186261951923370E-001,-5.263918638229370E-001,7.734870314598084E-001,-7.542886584997177E-002,-3.186261951923370E-001,-5.263918638229370E-001,7.734870314598084E-001,
5.498333333333333E+009,-1.002590134739876E-001,-2.739893794059753E-001,-5.027468204498291E-001,7.965111732482910E-001,-1.002590134739876E-001,-2.739893794059753E-001,-5.027468204498291E-001,7.965111732482910E-001,
5.510000000000000E+009,-8.920216560363770E-002,-2.285052835941315E-001,-4.763159155845642E-001,8.308343887329102E-001,-8.920216560363770E-002,-2.285052835941315E-001,-4.763159155845642E-001,8.308343887329102E-001,
5.521666666666666E+009,-4.893698543310165E-002,-2.058010548353195E-001,-4.429586529731751E-001,8.605356812477112E-001,-4.893698543310165E-002,-2.058010548353195E-001,-4.429586529731751E-001,8.605356812477112E-001,
5.533333333333333E+009,-9.050854481756687E-003,-2.245277315378189E-001,-3.989347517490387E-001,8.846542239189148E-001,-9.050854481756687E-003,-2.245277315378189E-001,-3.989347517490387E-001,8.846542239189148E-001,
5.545000000000000E+009,3.615452907979488E-003,-2.675389945507050E-001,-3.486829102039337E-001,8.845055699348450E-001,3.615452907979488E-003,-2.675389945507050E-001,-3.486829102039337E-001,8.845055699348450E-001,
5.556666666666666E+009,-2.258711867034435E-002,-3.116388618946075E-001,-3.174133598804474E-001,8.854041099548340E-001,-2.258711867034435E-002,-3.116388618946075E-001,-3.174133598804474E-001,8.854041099548340E-001,
5.568333333333333E+009,-7.580307871103287E-002,-3.284954726696014E-001,-2.869397401809692E-001,8.788989186286926E-001,-7.580307871103287E-002,-3.284954726696014E-001,-2.869397401809692E-001,8.788989186286926E-001,
5.580000000000000E+009,-1.293285042047501E-001,-3.107255697250366E-001,-2.729397416114807E-001,8.842005729675293E-001,-1.293285042047501E-001,-3.107255697250366E-001,-2.729397416114807E-001,8.842005729675293E-001,
5.591666666666666E+009,-1.534676402807236E-001,-2.614379227161408E-001,-2.608704268932343E-001,9.035863876342773E-001,-1.534676402807236E-001,-2.614379227161408E-001,-2.608704268932343E-001,9.035863876342773E-001,
5.603333333333333E+009,-1.379107236862183E-001,-2.122299075126648E-001,-2.236972004175186E-001,9.332013726234436E-001,-1.379107236862183E-001,-2.122299075126648E-001,-2.236972004175186E-001,9.332013726234436E-001,
5.615000000000000E+009,-9.378355741500855E-002,-1.885610073804855E-001,-1.781491488218308E-001,9.504991769790649E-001,-9.378355741500855E-002,-1.885610073804855E-001,-1.781491488218308E-001,9.504991769790649E-001,
5.626666666666666E+009,-4.979251325130463E-002,-2.079781740903854E-001,-1.307103931903839E-001,9.569166898727417E-001,-4.979251325130463E-002,-2.079781740903854E-001,-1.307103931903839E-001,9.569166898727417E-001,
5.638333333333333E+009,-3.562931343913078E-002,-2.581711113452911E-001,-8.255674690008164E-002,9.464487433433533E-001,-3.562931343913078E-002,-2.581711113452911E-001,-8.255674690008164E-002,9.464487433433533E-001,
5.650000000000000E+009,-6.566751003265381E-002,-3.025696277618408E-001,-5.144464224576950E-002,9.376719594001770E-001,-6.566751003265381E-002,-3.025696277618408E-001,-5.144464224576950E-002,9.376719594001770E-001,
5.661666666666666E+009,-1.215701997280121E-001,-3.202017843723297E-001,-2.966735884547234E-002,9.233226180076599E-001,-1.215701997280121E-001,-3.202017843723297E-001,-2.966735884547234E-002,9.233226180076599E-001,
5.673333333333333E+009,-1.783679276704788E-001,-2.998875975608826E-001,-9.437609463930130E-003,9.279645085334778E-001,-1.783679276704788E-001,-2.998875975608826E-001,-9.437609463930130E-003,9.279645085334778E-001,
5.685000000000000E+009,-2.054012566804886E-001,-2.491781264543533E-001,9.537137113511562E-003,9.333252906799316E-001,-2.054012566804886E-001,-2.491781264543533E-001,9.537137113511562E-003,9.333252906799316E-001,
5.696666666666666E+009,-1.949931383132935E-001,-1.974185258150101E-001,4.212016239762306E-002,9.480977654457092E-001,-1.949931383132935E-001,-1.974185258150101E-001,4.212016239762306E-002,9.480977654457092E-001,
5.708333333333333E+009,-1.507761031389237E-001,-1.711547225713730E-001,8.388068526983261E-002,9.574725627899170E-001,-1.507761031389237E-001,-1.711547225713730E-001,8.388068526983261E-002,9.574725627899170E-001,
5.720000000000000E+009,-1.080829724669457E-001,-1.858792454004288E-001,1.347777098417282E-001,9.589604735374451E-001,-1.080829724669457E-001,-1.858792454004288E-001,1.347777098417282E-001,9.589604735374451E-001,
5.731666666666666E+009,-9.292703121900559E-002,-2.267937064170837E-001,1.842793971300125E-001,9.396361708641052E-001,-9.292703121900559E-002,-2.267937064170837E-001,1.842793971300125E-001,9.396361708641052E-001,
5.743333333333333E+009,-1.191196739673615E-001,-2.685317099094391E-001,2.181389927864075E-001,9.194885492324829E-001,-1.191196739673615E-001,-2.685317099094391E-001,2.181389927864075E-001,9.194885492324829E-001,
5.755000000000000E+009,-1.654179692268372E-001,-2.823041081428528E-001,2.390595078468323E-001,9.032467603683472E-001,-1.654179692268372E-001,-2.823041081428528E-001,2.390595078468323E-001,9.032467603683472E-001,
5.766666666666666E+009,-2.133488059043884E-001,-2.627809643745422E-001,2.590613961219788E-001,8.899118304252625E-001,-2.133488059043884E-001,-2.627809643745422E-001,2.590613961219788E-001,8.899118304252625E-001,
5.778333333333333E+009,-2.375714331865311E-001,-2.196884304285049E-001,2.788228690624237E-001,8.937816619873047E-001,-2.375714331865311E-001,-2.196884304285049E-001,2.788228690624237E-001,8.937816619873047E-001,
5.790000000000000E+009,-2.269444614648819E-001,-1.745606213808060E-001,3.107720613479614E-001,8.846524953842163E-001,-2.269444614648819E-001,-1.745606213808060E-001,3.107720613479614E-001,8.846524953842163E-001,
5.801666666666666E+009,-1.928446590900421E-001,-1.540421843528748E-001,3.491553068161011E-001,8.893809914588928E-001,-1.928446590900421E-001,-1.540421843528748E-001,3.491553068161011E-001,8.893809914588928E-001,
5.813333333333333E+009,-1.574180275201798E-001,-1.641354560852051E-001,3.962426781654358E-001,8.749163746833801E-001,-1.574180275201798E-001,-1.641354560852051E-001,3.962426781654358E-001,8.749163746833801E-001,
5.825000000000000E+009,-1.497598737478256E-001,-1.964216083288193E-001,4.331960082054138E-001,8.523321747779846E-001,-1.497598737478256E-001,-1.964216083288193E-001,4.331960082054138E-001,8.523321747779846E-001,
5.836666666666666E+009,-1.695622950792313E-001,-2.216086834669113E-001,4.665122926235199E-001,8.204846382141113E-001,-1.695622950792313E-001,-2.216086834669113E-001,4.665122926235199E-001,8.204846382141113E-001,
5.848333333333333E+009,-2.021700292825699E-001,-2.246825098991394E-001,4.798664450645447E-001,8.013110756874085E-001,-2.021700292825699E-001,-2.246825098991394E-001,4.798664450645447E-001,8.013110756874085E-001,
5.860000000000000E+009,-2.300285995006561E-001,-2.063271850347519E-001,4.966149330139160E-001,7.903922796249390E-001,-2.300285995006561E-001,-2.063271850347519E-001,4.966149330139160E-001,7.903922796249390E-001,
5.871666666666666E+009,-2.355996668338776E-001,-1.778709143400192E-001,5.305548906326294E-001,7.793979048728943E-001,-2.355996668338776E-001,-1.778709143400192E-001,5.305548906326294E-001,7.793979048728943E-001,
5.883333333333333E+009,-2.210367619991303E-001,-1.567479521036148E-001,5.608277320861816E-001,7.657877206802368E-001,-2.210367619991303E-001,-1.567479521036148E-001,5.608277320861816E-001,7.657877206802368E-001,
5.895000000000000E+009,-1.976788789033890E-001,-1.593646258115768E-001,5.997650623321533E-001,7.401646971702576E-001,-1.976788789033890E-001,-1.593646258115768E-001,5.997650623321533E-001,7.401646971702576E-001,
5.906666666666666E+009,-1.856973618268967E-001,-1.843405663967133E-001,6.385693550109863E-001,7.090921401977539E-001,-1.856973618268967E-001,-1.843405663967133E-001,6.385693550109863E-001,7.090921401977539E-001,
5.918333333333333E+009,-1.984848529100418E-001,-2.126083225011826E-001,6.618527173995972E-001,6.738845705986023E-001,-1.984848529100418E-001,-2.126083225011826E-001,6.618527173995972E-001,6.738845705986023E-001,
5.930000000000000E+009,-2.374325096607208E-001,-2.273009568452835E-001,6.765354871749878E-001,6.317903399467468E-001,-2.374325096607208E-001,-2.273009568452835E-001,6.765354871749878E-001,6.317903399467468E-001,
5.941666666666666E+009,-2.805156111717224E-001,-2.159494757652283E-001,6.859882473945618E-001,6.245281696319580E-001,-2.805156111717224E-001,-2.159494757652283E-001,6.859882473945618E-001,6.245281696319580E-001,
5.953333333333333E+009,-3.071521520614624E-001,-1.816601455211639E-001,6.881999969482422E-001,6.035155057907105E-001,-3.071521520614624E-001,-1.816601455211639E-001,6.881999969482422E-001,6.035155057907105E-001,
5.965000000000000E+009,-3.153679072856903E-001,-1.423395723104477E-001,7.072415351867676E-001,5.879448056221008E-001,-3.153679072856903E-001,-1.423395723104477E-001,7.072415351867676E-001,5.879448056221008E-001,
5.976666666666666E+009,-2.999505102634430E-001,-1.082661971449852E-001,7.379255890846252E-001,5.595526099205017E-001,-2.999505102634430E-001,-1.082661971449852E-001,7.379255890846252E-001,5.595526099205017E-001,
5.988333333333333E+009,-2.736992537975311E-001,-1.023182272911072E-001,7.640093564987183E-001,5.457310676574707E-001,-2.736992537975311E-001,-1.023182272911072E-001,7.640093564987183E-001,5.457310676574707E-001,
6.000000000000000E+009,-2.554295361042023E-001,-1.108514890074730E-001,7.991472482681274E-001,5.259453654289246E-001,-2.554295361042023E-001,-1.108514890074730E-001,7.991472482681274E-001,5.259453654289246E-001,
