% Version 1.00
%
%freq[Hz],re:Trc1_S11,im:Trc1_S11,re:Trc2_S21,im:Trc2_S21,re:Trc3_S11,im:Trc3_S11,re:Trc4_S21,im:Trc4_S21,
2.500000000000000E+009,1.397462636232376E-001,-8.344084024429321E-002,2.327948063611984E-001,-9.465577602386475E-001,1.397462636232376E-001,-8.344084024429321E-002,2.327948063611984E-001,-9.465577602386475E-001,
2.511666666666667E+009,9.580196440219879E-002,-8.038242161273956E-002,1.936403214931488E-001,-9.649044275283814E-001,9.580196440219879E-002,-8.038242161273956E-002,1.936403214931488E-001,-9.649044275283814E-001,
2.523333333333334E+009,6.824970990419388E-002,-4.196400195360184E-002,1.687216609716415E-001,-9.759581089019775E-001,6.824970990419388E-002,-4.196400195360184E-002,1.687216609716415E-001,-9.759581089019775E-001,
2.535000000000000E+009,7.772448658943176E-002,3.989708144217730E-003,1.112860292196274E-001,-9.784873127937317E-001,7.772448658943176E-002,3.989708144217730E-003,1.112860292196274E-001,-9.784873127937317E-001,
2.546666666666667E+009,1.175543740391731E-001,2.589371986687183E-002,7.501715421676636E-002,-9.842324852943420E-001,1.175543740391731E-001,2.589371986687183E-002,7.501715421676636E-002,-9.842324852943420E-001,
2.558333333333334E+009,1.617498844861984E-001,8.672216907143593E-003,4.638902842998505E-002,-9.744921922683716E-001,1.617498844861984E-001,8.672216907143593E-003,4.638902842998505E-002,-9.744921922683716E-001,
2.570000000000000E+009,1.813406944274902E-001,-3.721425682306290E-002,5.835765507072210E-003,-9.643036127090454E-001,1.813406944274902E-001,-3.721425682306290E-002,5.835765507072210E-003,-9.643036127090454E-001,
2.581666666666667E+009,1.646207869052887E-001,-8.634742349386215E-002,-2.212146669626236E-002,-9.640091061592102E-001,1.646207869052887E-001,-8.634742349386215E-002,-2.212146669626236E-002,-9.640091061592102E-001,
2.593333333333334E+009,1.228404790163040E-001,-1.119913160800934E-001,-5.223069712519646E-002,-9.686383008956909E-001,1.228404790163040E-001,-1.119913160800934E-001,-5.223069712519646E-002,-9.686383008956909E-001,
2.605000000000000E+009,7.642740011215210E-002,-9.743154048919678E-002,-8.544980734586716E-002,-9.765738844871521E-001,7.642740011215210E-002,-9.743154048919678E-002,-8.544980734586716E-002,-9.765738844871521E-001,
2.616666666666667E+009,5.659832060337067E-002,-5.374930053949356E-002,-1.282600164413452E-001,-9.770830273628235E-001,5.659832060337067E-002,-5.374930053949356E-002,-1.282600164413452E-001,-9.770830273628235E-001,
2.628333333333334E+009,7.201783359050751E-002,-5.211574491113424E-003,-1.719808131456375E-001,-9.692780375480652E-001,7.201783359050751E-002,-5.211574491113424E-003,-1.719808131456375E-001,-9.692780375480652E-001,
2.640000000000000E+009,1.137558370828629E-001,1.378095522522926E-002,-2.049582898616791E-001,-9.640837311744690E-001,1.137558370828629E-001,1.378095522522926E-002,-2.049582898616791E-001,-9.640837311744690E-001,
2.651666666666667E+009,1.582064330577850E-001,-5.647683516144753E-003,-2.369333356618881E-001,-9.460549354553223E-001,1.582064330577850E-001,-5.647683516144753E-003,-2.369333356618881E-001,-9.460549354553223E-001,
2.663333333333334E+009,1.736000776290894E-001,-5.106022581458092E-002,-2.654115557670593E-001,-9.338096976280212E-001,1.736000776290894E-001,-5.106022581458092E-002,-2.654115557670593E-001,-9.338096976280212E-001,
2.675000000000000E+009,1.539600938558579E-001,-9.811972826719284E-002,-2.927299737930298E-001,-9.248293638229370E-001,1.539600938558579E-001,-9.811972826719284E-002,-2.927299737930298E-001,-9.248293638229370E-001,
2.686666666666667E+009,1.100424602627754E-001,-1.168551221489906E-001,-3.210401237010956E-001,-9.237244725227356E-001,1.100424602627754E-001,-1.168551221489906E-001,-3.210401237010956E-001,-9.237244725227356E-001,
2.698333333333334E+009,6.776162981987000E-002,-9.982237964868546E-002,-3.530768156051636E-001,-9.131743311882019E-001,6.776162981987000E-002,-9.982237964868546E-002,-3.530768156051636E-001,-9.131743311882019E-001,
2.710000000000000E+009,5.571399629116058E-002,-5.469163879752159E-002,-3.967349529266357E-001,-9.074501991271973E-001,5.571399629116058E-002,-5.469163879752159E-002,-3.967349529266357E-001,-9.074501991271973E-001,
2.721666666666667E+009,8.090835064649582E-002,-1.173152588307858E-002,-4.371099472045898E-001,-8.855151534080505E-001,8.090835064649582E-002,-1.173152588307858E-002,-4.371099472045898E-001,-8.855151534080505E-001,
2.733333333333334E+009,1.291718780994415E-001,2.205804223194718E-003,-4.644486308097839E-001,-8.635679483413696E-001,1.291718780994415E-001,2.205804223194718E-003,-4.644486308097839E-001,-8.635679483413696E-001,
2.745000000000000E+009,1.715941429138184E-001,-2.265768870711327E-002,-4.950993657112122E-001,-8.405466675758362E-001,1.715941429138184E-001,-2.265768870711327E-002,-4.950993657112122E-001,-8.405466675758362E-001,
2.756666666666667E+009,1.839362084865570E-001,-7.028992474079132E-002,-5.171729922294617E-001,-8.170174956321716E-001,1.839362084865570E-001,-7.028992474079132E-002,-5.171729922294617E-001,-8.170174956321716E-001,
2.768333333333334E+009,1.597449481487274E-001,-1.176948770880699E-001,-5.412225723266602E-001,-8.001700639724731E-001,1.597449481487274E-001,-1.176948770880699E-001,-5.412225723266602E-001,-8.001700639724731E-001,
2.780000000000000E+009,1.128441691398621E-001,-1.362253278493881E-001,-5.721653699874878E-001,-7.877262234687805E-001,1.128441691398621E-001,-1.362253278493881E-001,-5.721653699874878E-001,-7.877262234687805E-001,
2.791666666666667E+009,7.012119889259338E-002,-1.181649044156075E-001,-6.001058220863342E-001,-7.706167697906494E-001,7.012119889259338E-002,-1.181649044156075E-001,-6.001058220863342E-001,-7.706167697906494E-001,
2.803333333333334E+009,6.078131496906281E-002,-7.692145556211472E-002,-6.300960779190064E-001,-7.491961121559143E-001,6.078131496906281E-002,-7.692145556211472E-002,-6.300960779190064E-001,-7.491961121559143E-001,
2.815000000000000E+009,8.541333675384522E-002,-3.657801821827889E-002,-6.614472270011902E-001,-7.267677187919617E-001,8.541333675384522E-002,-3.657801821827889E-002,-6.614472270011902E-001,-7.267677187919617E-001,
2.826666666666667E+009,1.352029293775559E-001,-2.792855165898800E-002,-6.941747665405273E-001,-6.969454288482666E-001,1.352029293775559E-001,-2.792855165898800E-002,-6.941747665405273E-001,-6.969454288482666E-001,
2.838333333333334E+009,1.734713912010193E-001,-5.424971133470535E-002,-7.143275737762451E-001,-6.580260992050171E-001,1.734713912010193E-001,-5.424971133470535E-002,-7.143275737762451E-001,-6.580260992050171E-001,
2.850000000000000E+009,1.826108843088150E-001,-1.054191812872887E-001,-7.256076931953430E-001,-6.343022584915161E-001,1.826108843088150E-001,-1.054191812872887E-001,-7.256076931953430E-001,-6.343022584915161E-001,
2.861666666666667E+009,1.537363082170487E-001,-1.483590900897980E-001,-7.336193919181824E-001,-6.173949837684631E-001,1.537363082170487E-001,-1.483590900897980E-001,-7.336193919181824E-001,-6.173949837684631E-001,
2.873333333333334E+009,9.954135864973068E-002,-1.629317551851273E-001,-7.651935219764710E-001,-5.931257605552673E-001,9.954135864973068E-002,-1.629317551851273E-001,-7.651935219764710E-001,-5.931257605552673E-001,
2.885000000000000E+009,5.842117965221405E-002,-1.411892622709274E-001,-7.866408824920654E-001,-5.760719180107117E-001,5.842117965221405E-002,-1.411892622709274E-001,-7.866408824920654E-001,-5.760719180107117E-001,
2.896666666666667E+009,4.618559777736664E-002,-9.682660549879074E-002,-8.151872754096985E-001,-5.449068546295166E-001,4.618559777736664E-002,-9.682660549879074E-002,-8.151872754096985E-001,-5.449068546295166E-001,
2.908333333333334E+009,7.674694806337357E-002,-5.925839021801949E-002,-8.421953916549683E-001,-5.112223625183106E-001,7.674694806337357E-002,-5.925839021801949E-002,-8.421953916549683E-001,-5.112223625183106E-001,
2.920000000000000E+009,1.311616152524948E-001,-5.357254669070244E-002,-8.561573624610901E-001,-4.731273949146271E-001,1.311616152524948E-001,-5.357254669070244E-002,-8.561573624610901E-001,-4.731273949146271E-001,
2.931666666666667E+009,1.757945716381073E-001,-8.318831771612167E-002,-8.650066256523132E-001,-4.333228468894959E-001,1.757945716381073E-001,-8.318831771612167E-002,-8.650066256523132E-001,-4.333228468894959E-001,
2.943333333333334E+009,1.787083894014359E-001,-1.365049481391907E-001,-8.747809529304504E-001,-3.988125324249268E-001,1.787083894014359E-001,-1.365049481391907E-001,-8.747809529304504E-001,-3.988125324249268E-001,
2.955000000000000E+009,1.444722861051559E-001,-1.789647489786148E-001,-8.825806379318237E-001,-3.703747987747192E-001,1.444722861051559E-001,-1.789647489786148E-001,-8.825806379318237E-001,-3.703747987747192E-001,
2.966666666666667E+009,8.916476368904114E-002,-1.923477947711945E-001,-8.951457738876343E-001,-3.578575849533081E-001,8.916476368904114E-002,-1.923477947711945E-001,-8.951457738876343E-001,-3.578575849533081E-001,
2.978333333333334E+009,4.222362488508225E-002,-1.656385362148285E-001,-9.156442880630493E-001,-3.291062414646149E-001,4.222362488508225E-002,-1.656385362148285E-001,-9.156442880630493E-001,-3.291062414646149E-001,
2.990000000000000E+009,3.194358199834824E-002,-1.173244863748550E-001,-9.331869482994080E-001,-2.896214127540588E-001,3.194358199834824E-002,-1.173244863748550E-001,-9.331869482994080E-001,-2.896214127540588E-001,
3.001666666666667E+009,6.488069146871567E-002,-8.014990389347076E-002,-9.512361288070679E-001,-2.573726773262024E-001,6.488069146871567E-002,-8.014990389347076E-002,-9.512361288070679E-001,-2.573726773262024E-001,
3.013333333333334E+009,1.232626512646675E-001,-8.122236281633377E-002,-9.521725773811340E-001,-2.136062830686569E-001,1.232626512646675E-001,-8.122236281633377E-002,-9.521725773811340E-001,-2.136062830686569E-001,
3.025000000000000E+009,1.643894910812378E-001,-1.224967762827873E-001,-9.415786266326904E-001,-1.800619959831238E-001,1.643894910812378E-001,-1.224967762827873E-001,-9.415786266326904E-001,-1.800619959831238E-001,
3.036666666666667E+009,1.666145026683807E-001,-1.769982129335403E-001,-9.494817256927490E-001,-1.412366777658463E-001,1.666145026683807E-001,-1.769982129335403E-001,-9.494817256927490E-001,-1.412366777658463E-001,
3.048333333333333E+009,1.249094903469086E-001,-2.235414236783981E-001,-9.454957842826843E-001,-1.152101978659630E-001,1.249094903469086E-001,-2.235414236783981E-001,-9.454957842826843E-001,-1.152101978659630E-001,
3.060000000000000E+009,6.002914533019066E-002,-2.260700613260269E-001,-9.461252689361572E-001,-8.802864700555801E-002,6.002914533019066E-002,-2.260700613260269E-001,-9.461252689361572E-001,-8.802864700555801E-002,
3.071666666666667E+009,1.139151025563479E-002,-1.870262622833252E-001,-9.602749943733215E-001,-6.039904803037643E-002,1.139151025563479E-002,-1.870262622833252E-001,-9.602749943733215E-001,-6.039904803037643E-002,
3.083333333333333E+009,4.504164680838585E-003,-1.302184909582138E-001,-9.755920767784119E-001,-2.512598410248756E-002,4.504164680838585E-003,-1.302184909582138E-001,-9.755920767784119E-001,-2.512598410248756E-002,
3.095000000000000E+009,4.606383666396141E-002,-9.055391699075699E-002,-9.825289845466614E-001,1.608234271407127E-002,4.606383666396141E-002,-9.055391699075699E-002,-9.825289845466614E-001,1.608234271407127E-002,
3.106666666666667E+009,1.123448833823204E-001,-9.912154078483582E-002,-9.761729836463928E-001,6.605659425258637E-002,1.123448833823204E-001,-9.912154078483582E-002,-9.761729836463928E-001,6.605659425258637E-002,
3.118333333333333E+009,1.565757244825363E-001,-1.533099710941315E-001,-9.635664224624634E-001,1.013989672064781E-001,1.565757244825363E-001,-1.533099710941315E-001,-9.635664224624634E-001,1.013989672064781E-001,
3.130000000000000E+009,1.516841650009155E-001,-2.265838086605072E-001,-9.371033906936646E-001,1.405724734067917E-001,1.516841650009155E-001,-2.265838086605072E-001,-9.371033906936646E-001,1.405724734067917E-001,
3.141666666666667E+009,1.017565727233887E-001,-2.730513215065002E-001,-9.332702755928040E-001,1.602191627025604E-001,1.017565727233887E-001,-2.730513215065002E-001,-9.332702755928040E-001,1.602191627025604E-001,
3.153333333333333E+009,2.688208408653736E-002,-2.721414864063263E-001,-9.236437082290649E-001,1.755022108554840E-001,2.688208408653736E-002,-2.721414864063263E-001,-9.236437082290649E-001,1.755022108554840E-001,
3.165000000000000E+009,-2.747790701687336E-002,-2.277912199497223E-001,-9.353113770484924E-001,2.161816507577896E-001,-2.747790701687336E-002,-2.277912199497223E-001,-9.353113770484924E-001,2.161816507577896E-001,
3.176666666666667E+009,-3.796419501304627E-002,-1.607878357172012E-001,-9.402135610580444E-001,2.409500181674957E-001,-3.796419501304627E-002,-1.607878357172012E-001,-9.402135610580444E-001,2.409500181674957E-001,
3.188333333333333E+009,4.519524518400431E-003,-1.143055185675621E-001,-9.328343272209168E-001,2.901017665863037E-001,4.519524518400431E-003,-1.143055185675621E-001,-9.328343272209168E-001,2.901017665863037E-001,
3.200000000000000E+009,7.253473997116089E-002,-1.232512593269348E-001,-9.189433455467224E-001,3.345016539096832E-001,7.253473997116089E-002,-1.232512593269348E-001,-9.189433455467224E-001,3.345016539096832E-001,
3.211666666666667E+009,1.152208074927330E-001,-1.833934187889099E-001,-8.950378298759460E-001,3.666839301586151E-001,1.152208074927330E-001,-1.833934187889099E-001,-8.950378298759460E-001,3.666839301586151E-001,
3.223333333333333E+009,1.036077588796616E-001,-2.574553191661835E-001,-8.654876351356506E-001,3.914472758769989E-001,1.036077588796616E-001,-2.574553191661835E-001,-8.654876351356506E-001,3.914472758769989E-001,
3.235000000000000E+009,4.482388496398926E-002,-3.016155958175659E-001,-8.465634584426880E-001,4.043219983577728E-001,4.482388496398926E-002,-3.016155958175659E-001,-8.465634584426880E-001,4.043219983577728E-001,
3.246666666666667E+009,-2.954748272895813E-002,-2.935566306114197E-001,-8.400235772132874E-001,4.292876720428467E-001,-2.954748272895813E-002,-2.935566306114197E-001,-8.400235772132874E-001,4.292876720428467E-001,
3.258333333333333E+009,-8.562726527452469E-002,-2.376517206430435E-001,-8.400295972824097E-001,4.461148381233215E-001,-8.562726527452469E-002,-2.376517206430435E-001,-8.400295972824097E-001,4.461148381233215E-001,
3.270000000000000E+009,-8.885841816663742E-002,-1.620834618806839E-001,-8.327847123146057E-001,4.929230511188507E-001,-8.885841816663742E-002,-1.620834618806839E-001,-8.327847123146057E-001,4.929230511188507E-001,
3.281666666666667E+009,-3.755801916122437E-002,-1.124602630734444E-001,-8.189401626586914E-001,5.351180434226990E-001,-3.755801916122437E-002,-1.124602630734444E-001,-8.189401626586914E-001,5.351180434226990E-001,
3.293333333333333E+009,3.334914520382881E-002,-1.235154196619988E-001,-7.910965681076050E-001,5.715200304985046E-001,3.334914520382881E-002,-1.235154196619988E-001,-7.910965681076050E-001,5.715200304985046E-001,
3.305000000000000E+009,7.390571385622025E-002,-1.912533193826675E-001,-7.485466599464417E-001,5.995002985000610E-001,7.390571385622025E-002,-1.912533193826675E-001,-7.485466599464417E-001,5.995002985000610E-001,
3.316666666666667E+009,5.597211048007011E-002,-2.703839540481567E-001,-7.197955250740051E-001,6.146371960639954E-001,5.597211048007011E-002,-2.703839540481567E-001,-7.197955250740051E-001,6.146371960639954E-001,
3.328333333333333E+009,-9.989771991968155E-003,-3.146016895771027E-001,-6.948928236961365E-001,6.304035782814026E-001,-9.989771991968155E-003,-3.146016895771027E-001,-6.948928236961365E-001,6.304035782814026E-001,
3.340000000000000E+009,-8.693521469831467E-002,-3.038807809352875E-001,-6.839426159858704E-001,6.344428062438965E-001,-8.693521469831467E-002,-3.038807809352875E-001,-6.839426159858704E-001,6.344428062438965E-001,
3.351666666666667E+009,-1.392645537853241E-001,-2.406275868415833E-001,-6.756157279014587E-001,6.600574851036072E-001,-1.392645537853241E-001,-2.406275868415833E-001,-6.756157279014587E-001,6.600574851036072E-001,
3.363333333333333E+009,-1.363512277603149E-001,-1.598544567823410E-001,-6.672574281692505E-001,6.904355883598328E-001,-1.363512277603149E-001,-1.598544567823410E-001,-6.672574281692505E-001,6.904355883598328E-001,
3.375000000000000E+009,-8.214369416236877E-002,-1.100816056132317E-001,-6.492611169815064E-001,7.392718791961670E-001,-8.214369416236877E-002,-1.100816056132317E-001,-6.492611169815064E-001,7.392718791961670E-001,
3.386666666666667E+009,-1.409899443387985E-002,-1.224778741598129E-001,-5.960570573806763E-001,7.687917351722717E-001,-1.409899443387985E-002,-1.224778741598129E-001,-5.960570573806763E-001,7.687917351722717E-001,
3.398333333333333E+009,1.960872672498226E-002,-1.910519450902939E-001,-5.581405758857727E-001,7.837760448455811E-001,1.960872672498226E-002,-1.910519450902939E-001,-5.581405758857727E-001,7.837760448455811E-001,
3.410000000000000E+009,-7.969187572598457E-003,-2.649406194686890E-001,-5.204124450683594E-001,7.968600988388062E-001,-7.969187572598457E-003,-2.649406194686890E-001,-5.204124450683594E-001,7.968600988388062E-001,
3.421666666666667E+009,-7.672304660081863E-002,-2.996087372303009E-001,-4.919373393058777E-001,7.914705276489258E-001,-7.672304660081863E-002,-2.996087372303009E-001,-4.919373393058777E-001,7.914705276489258E-001,
3.433333333333333E+009,-1.494567245244980E-001,-2.773385643959045E-001,-4.737238287925720E-001,8.007261753082275E-001,-1.494567245244980E-001,-2.773385643959045E-001,-4.737238287925720E-001,8.007261753082275E-001,
3.445000000000000E+009,-1.897948831319809E-001,-2.096102088689804E-001,-4.629810154438019E-001,8.180455565452576E-001,-1.897948831319809E-001,-2.096102088689804E-001,-4.629810154438019E-001,8.180455565452576E-001,
3.456666666666667E+009,-1.761870235204697E-001,-1.290827691555023E-001,-4.477697014808655E-001,8.520833849906921E-001,-1.761870235204697E-001,-1.290827691555023E-001,-4.477697014808655E-001,8.520833849906921E-001,
3.468333333333333E+009,-1.121157333254814E-001,-8.176252245903015E-002,-4.181477725505829E-001,8.813275694847107E-001,-1.121157333254814E-001,-8.176252245903015E-002,-4.181477725505829E-001,8.813275694847107E-001,
3.480000000000000E+009,-3.854271769523621E-002,-1.023483127355576E-001,-3.722141683101654E-001,9.108710289001465E-001,-3.854271769523621E-002,-1.023483127355576E-001,-3.722141683101654E-001,9.108710289001465E-001,
3.491666666666667E+009,-1.243162527680397E-002,-1.740678995847702E-001,-3.134622871875763E-001,9.157835841178894E-001,-1.243162527680397E-002,-1.740678995847702E-001,-3.134622871875763E-001,9.157835841178894E-001,
3.503333333333333E+009,-4.743883758783341E-002,-2.481539994478226E-001,-2.734345495700836E-001,9.126297235488892E-001,-4.743883758783341E-002,-2.481539994478226E-001,-2.734345495700836E-001,9.126297235488892E-001,
3.515000000000000E+009,-1.242512688040733E-001,-2.800168991088867E-001,-2.525165677070618E-001,9.037036299705505E-001,-1.242512688040733E-001,-2.800168991088867E-001,-2.525165677070618E-001,9.037036299705505E-001,
3.526666666666667E+009,-1.986412703990936E-001,-2.540952265262604E-001,-2.374908030033112E-001,9.025382399559021E-001,-1.986412703990936E-001,-2.540952265262604E-001,-2.374908030033112E-001,9.025382399559021E-001,
3.538333333333333E+009,-2.368633896112442E-001,-1.811040490865707E-001,-2.205887138843536E-001,9.175090193748474E-001,-2.368633896112442E-001,-1.811040490865707E-001,-2.205887138843536E-001,9.175090193748474E-001,
3.550000000000000E+009,-2.163730412721634E-001,-9.964487701654434E-002,-1.945745944976807E-001,9.398525357246399E-001,-2.163730412721634E-001,-9.964487701654434E-002,-1.945745944976807E-001,9.398525357246399E-001,
3.561666666666667E+009,-1.476891934871674E-001,-5.357835441827774E-002,-1.624730080366135E-001,9.650887846946716E-001,-1.476891934871674E-001,-5.357835441827774E-002,-1.624730080366135E-001,9.650887846946716E-001,
3.573333333333333E+009,-7.200160622596741E-002,-7.271127402782440E-002,-1.056024432182312E-001,9.742938876152039E-001,-7.200160622596741E-002,-7.271127402782440E-002,-1.056024432182312E-001,9.742938876152039E-001,
3.585000000000000E+009,-4.224717244505882E-002,-1.406083256006241E-001,-4.997166246175766E-002,9.671203494071960E-001,-4.224717244505882E-002,-1.406083256006241E-001,-4.997166246175766E-002,9.671203494071960E-001,
3.596666666666667E+009,-7.682462036609650E-002,-2.115400284528732E-001,-1.170419249683619E-002,9.528616070747376E-001,-7.682462036609650E-002,-2.115400284528732E-001,-1.170419249683619E-002,9.528616070747376E-001,
3.608333333333333E+009,-1.520734429359436E-001,-2.407927215099335E-001,8.700587786734104E-003,9.413002133369446E-001,-1.520734429359436E-001,-2.407927215099335E-001,8.700587786734104E-003,9.413002133369446E-001,
3.620000000000000E+009,-2.248716503381729E-001,-2.130365222692490E-001,3.387623652815819E-002,9.326048493385315E-001,-2.248716503381729E-001,-2.130365222692490E-001,3.387623652815819E-002,9.326048493385315E-001,
3.631666666666667E+009,-2.587761878967285E-001,-1.454983800649643E-001,4.246135428547859E-002,9.373780488967896E-001,-2.587761878967285E-001,-1.454983800649643E-001,4.246135428547859E-002,9.373780488967896E-001,
3.643333333333333E+009,-2.340821921825409E-001,-7.076729834079742E-002,7.140058279037476E-002,9.525797963142395E-001,-2.340821921825409E-001,-7.076729834079742E-002,7.140058279037476E-002,9.525797963142395E-001,
3.655000000000000E+009,-1.657208055257797E-001,-3.069883398711681E-002,1.118908226490021E-001,9.665277600288391E-001,-1.657208055257797E-001,-3.069883398711681E-002,1.118908226490021E-001,9.665277600288391E-001,
3.666666666666667E+009,-9.297913312911987E-002,-5.144974216818810E-002,1.722275465726852E-001,9.634474515914917E-001,-9.297913312911987E-002,-5.144974216818810E-002,1.722275465726852E-001,9.634474515914917E-001,
3.678333333333333E+009,-6.710360199213028E-002,-1.188334599137306E-001,2.163157314062119E-001,9.448181390762329E-001,-6.710360199213028E-002,-1.188334599137306E-001,2.163157314062119E-001,9.448181390762329E-001,
3.690000000000000E+009,-1.032602638006210E-001,-1.833420991897583E-001,2.514443397521973E-001,9.241721630096436E-001,-1.032602638006210E-001,-1.833420991897583E-001,2.514443397521973E-001,9.241721630096436E-001,
3.701666666666667E+009,-1.799366474151611E-001,-2.032375484704971E-001,2.769488394260407E-001,8.955580592155457E-001,-1.799366474151611E-001,-2.032375484704971E-001,2.769488394260407E-001,8.955580592155457E-001,
3.713333333333333E+009,-2.504181265830994E-001,-1.702203899621964E-001,2.874439358711243E-001,8.868994712829590E-001,-2.504181265830994E-001,-1.702203899621964E-001,2.874439358711243E-001,8.868994712829590E-001,
3.725000000000000E+009,-2.782133519649506E-001,-1.012665703892708E-001,3.041492402553558E-001,8.865889310836792E-001,-2.782133519649506E-001,-1.012665703892708E-001,3.041492402553558E-001,8.865889310836792E-001,
3.736666666666667E+009,-2.513903379440308E-001,-2.574921399354935E-002,3.363019824028015E-001,8.933077454566956E-001,-2.513903379440308E-001,-2.574921399354935E-002,3.363019824028015E-001,8.933077454566956E-001,
3.748333333333333E+009,-1.729307621717453E-001,7.537879515439272E-003,3.793287575244904E-001,9.059764742851257E-001,-1.729307621717453E-001,7.537879515439272E-003,3.793287575244904E-001,9.059764742851257E-001,
3.760000000000000E+009,-9.534742683172226E-002,-2.214779518544674E-002,4.316492676734924E-001,8.915888667106628E-001,-9.534742683172226E-002,-2.214779518544674E-002,4.316492676734924E-001,8.915888667106628E-001,
3.771666666666667E+009,-6.837119907140732E-002,-9.419737011194229E-002,4.782820343971252E-001,8.579888343811035E-001,-6.837119907140732E-002,-9.419737011194229E-002,4.782820343971252E-001,8.579888343811035E-001,
3.783333333333333E+009,-1.076753139495850E-001,-1.610783189535141E-001,5.067273378372192E-001,8.246470689773560E-001,-1.076753139495850E-001,-1.610783189535141E-001,5.067273378372192E-001,8.246470689773560E-001,
3.795000000000000E+009,-1.865280717611313E-001,-1.808755993843079E-001,5.175613760948181E-001,7.889393568038940E-001,-1.865280717611313E-001,-1.808755993843079E-001,5.175613760948181E-001,7.889393568038940E-001,
3.806666666666667E+009,-2.582001686096191E-001,-1.481976360082626E-001,5.301602482795715E-001,7.701210379600525E-001,-2.582001686096191E-001,-1.481976360082626E-001,5.301602482795715E-001,7.701210379600525E-001,
3.818333333333333E+009,-2.882687747478485E-001,-7.635102421045303E-002,5.505999326705933E-001,7.659884691238403E-001,-2.882687747478485E-001,-7.635102421045303E-002,5.505999326705933E-001,7.659884691238403E-001,
3.830000000000000E+009,-2.634894251823425E-001,-5.005263723433018E-003,5.720359086990356E-001,7.601567506790161E-001,-2.634894251823425E-001,-5.005263723433018E-003,5.720359086990356E-001,7.601567506790161E-001,
3.841666666666667E+009,-1.917933076620102E-001,2.651275321841240E-002,6.080400943756104E-001,7.598632574081421E-001,-1.917933076620102E-001,2.651275321841240E-002,6.080400943756104E-001,7.598632574081421E-001,
3.853333333333333E+009,-1.189886257052422E-001,-9.748968295753002E-004,6.555320620536804E-001,7.344853878021240E-001,-1.189886257052422E-001,-9.748968295753002E-004,6.555320620536804E-001,7.344853878021240E-001,
3.865000000000000E+009,-9.044545143842697E-002,-6.949683278799057E-002,6.992972493171692E-001,6.970945000648499E-001,-9.044545143842697E-002,-6.949683278799057E-002,6.992972493171692E-001,6.970945000648499E-001,
3.876666666666667E+009,-1.274451017379761E-001,-1.343098282814026E-001,7.123343944549561E-001,6.545342206954956E-001,-1.274451017379761E-001,-1.343098282814026E-001,7.123343944549561E-001,6.545342206954956E-001,
3.888333333333333E+009,-2.041559368371964E-001,-1.509353518486023E-001,7.254182696342468E-001,6.132438778877258E-001,-2.041559368371964E-001,-1.509353518486023E-001,7.254182696342468E-001,6.132438778877258E-001,
3.900000000000000E+009,-2.759674191474915E-001,-1.122502386569977E-001,7.309755682945252E-001,5.956373810768127E-001,-2.759674191474915E-001,-1.122502386569977E-001,7.309755682945252E-001,5.956373810768127E-001,
3.911666666666667E+009,-3.042899966239929E-001,-3.783058747649193E-002,7.384537458419800E-001,5.779269933700562E-001,-3.042899966239929E-001,-3.783058747649193E-002,7.384537458419800E-001,5.779269933700562E-001,
3.923333333333333E+009,-2.764530777931213E-001,3.692653775215149E-002,7.636124491691589E-001,5.685150027275085E-001,-2.764530777931213E-001,3.692653775215149E-002,7.636124491691589E-001,5.685150027275085E-001,
3.935000000000000E+009,-2.025045901536942E-001,6.926499307155609E-002,8.004451990127564E-001,5.551387071609497E-001,-2.025045901536942E-001,6.926499307155609E-002,8.004451990127564E-001,5.551387071609497E-001,
3.946666666666667E+009,-1.293761134147644E-001,4.005617648363113E-002,8.334278464317322E-001,5.286139249801636E-001,-1.293761134147644E-001,4.005617648363113E-002,8.334278464317322E-001,5.286139249801636E-001,
3.958333333333333E+009,-9.839742630720139E-002,-3.141864389181137E-002,8.658932447433472E-001,4.826641082763672E-001,-9.839742630720139E-002,-3.141864389181137E-002,8.658932447433472E-001,4.826641082763672E-001,
3.970000000000000E+009,-1.316397935152054E-001,-9.542515873908997E-002,8.744224309921265E-001,4.316357672214508E-001,-1.316397935152054E-001,-9.542515873908997E-002,8.744224309921265E-001,4.316357672214508E-001,
3.981666666666667E+009,-2.000441849231720E-001,-1.128658801317215E-001,8.782553672790527E-001,3.922110497951508E-001,-2.000441849231720E-001,-1.128658801317215E-001,8.782553672790527E-001,3.922110497951508E-001,
3.993333333333333E+009,-2.662260532379150E-001,-7.665941119194031E-002,8.731002807617188E-001,3.617525100708008E-001,-2.662260532379150E-001,-7.665941119194031E-002,8.731002807617188E-001,3.617525100708008E-001,
4.005000000000000E+009,-2.929628491401672E-001,-5.807256326079369E-003,8.835717439651489E-001,3.445662558078766E-001,-2.929628491401672E-001,-5.807256326079369E-003,8.835717439651489E-001,3.445662558078766E-001,
4.016666666666667E+009,-2.673302292823792E-001,6.217082217335701E-002,8.921192884445190E-001,3.315089941024780E-001,-2.673302292823792E-001,6.217082217335701E-002,8.921192884445190E-001,3.315089941024780E-001,
4.028333333333333E+009,-1.994816511869431E-001,8.885242044925690E-002,9.230966567993164E-001,3.052015304565430E-001,-1.994816511869431E-001,8.885242044925690E-002,9.230966567993164E-001,3.052015304565430E-001,
4.040000000000000E+009,-1.300068050622940E-001,5.632742866873741E-002,9.551566243171692E-001,2.740095257759094E-001,-1.300068050622940E-001,5.632742866873741E-002,9.551566243171692E-001,2.740095257759094E-001,
4.051666666666667E+009,-1.065483689308167E-001,-1.631629653275013E-002,9.634093046188355E-001,2.143707871437073E-001,-1.065483689308167E-001,-1.631629653275013E-002,9.634093046188355E-001,2.143707871437073E-001,
4.063333333333333E+009,-1.442568302154541E-001,-7.849618792533875E-002,9.661926031112671E-001,1.675117760896683E-001,-1.442568302154541E-001,-7.849618792533875E-002,9.661926031112671E-001,1.675117760896683E-001,
4.075000000000000E+009,-2.158460021018982E-001,-9.350191801786423E-002,9.599593877792358E-001,1.230891048908234E-001,-2.158460021018982E-001,-9.350191801786423E-002,9.599593877792358E-001,1.230891048908234E-001,
4.086666666666667E+009,-2.797955870628357E-001,-4.939105734229088E-002,9.404914975166321E-001,9.401731938123703E-002,-2.797955870628357E-001,-4.939105734229088E-002,9.404914975166321E-001,9.401731938123703E-002,
4.098333333333333E+009,-3.003309965133667E-001,2.600338868796825E-002,9.394903779029846E-001,7.895945757627487E-002,-3.003309965133667E-001,2.600338868796825E-002,9.394903779029846E-001,7.895945757627487E-002,
4.110000000000000E+009,-2.710438668727875E-001,9.441891312599182E-002,9.480850696563721E-001,5.432639643549919E-002,-2.710438668727875E-001,9.441891312599182E-002,9.480850696563721E-001,5.432639643549919E-002,
4.121666666666667E+009,-2.026152163743973E-001,1.194276511669159E-001,9.694240093231201E-001,3.571243584156036E-002,-2.026152163743973E-001,1.194276511669159E-001,9.694240093231201E-001,3.571243584156036E-002,
4.133333333333333E+009,-1.366217732429504E-001,8.745740354061127E-002,9.801467657089233E-001,-6.238566711544991E-003,-1.366217732429504E-001,8.745740354061127E-002,9.801467657089233E-001,-6.238566711544991E-003,
4.145000000000000E+009,-1.148438081145287E-001,1.397216040641069E-002,9.886661171913147E-001,-6.180971115827560E-002,-1.148438081145287E-001,1.397216040641069E-002,9.886661171913147E-001,-6.180971115827560E-002,
4.156666666666667E+009,-1.512578129768372E-001,-4.983879253268242E-002,9.862011671066284E-001,-1.083448678255081E-001,-1.512578129768372E-001,-4.983879253268242E-002,9.862011671066284E-001,-1.083448678255081E-001,
4.168333333333333E+009,-2.250981032848358E-001,-6.225586682558060E-002,9.621741771697998E-001,-1.484583169221878E-001,-2.250981032848358E-001,-6.225586682558060E-002,9.621741771697998E-001,-1.484583169221878E-001,
4.180000000000000E+009,-2.845630645751953E-001,-1.822915673255920E-002,9.412858486175537E-001,-1.869138926267624E-001,-2.845630645751953E-001,-1.822915673255920E-002,9.412858486175537E-001,-1.869138926267624E-001,
4.191666666666667E+009,-3.043047189712524E-001,5.507854744791985E-002,9.251250028610230E-001,-2.014196068048477E-001,-3.043047189712524E-001,5.507854744791985E-002,9.251250028610230E-001,-2.014196068048477E-001,
4.203333333333333E+009,-2.739335894584656E-001,1.233003586530685E-001,9.189893007278442E-001,-2.170734554529190E-001,-2.739335894584656E-001,1.233003586530685E-001,9.189893007278442E-001,-2.170734554529190E-001,
4.215000000000000E+009,-2.071786820888519E-001,1.523829698562622E-001,9.279441833496094E-001,-2.486856877803803E-001,-2.071786820888519E-001,1.523829698562622E-001,9.279441833496094E-001,-2.486856877803803E-001,
4.226666666666667E+009,-1.457367241382599E-001,1.206869557499886E-001,9.321416616439819E-001,-2.808581292629242E-001,-1.457367241382599E-001,1.206869557499886E-001,9.321416616439819E-001,-2.808581292629242E-001,
4.238333333333333E+009,-1.258688420057297E-001,5.477140098810196E-002,9.264757037162781E-001,-3.338397741317749E-001,-1.258688420057297E-001,5.477140098810196E-002,9.264757037162781E-001,-3.338397741317749E-001,
4.250000000000000E+009,-1.618316024541855E-001,-5.514139775186777E-003,9.115585684776306E-001,-3.814009428024292E-001,-1.618316024541855E-001,-5.514139775186777E-003,9.115585684776306E-001,-3.814009428024292E-001,
4.261666666666667E+009,-2.300961613655090E-001,-1.501152291893959E-002,8.857994079589844E-001,-4.182396233081818E-001,-2.300961613655090E-001,-1.501152291893959E-002,8.857994079589844E-001,-4.182396233081818E-001,
4.273333333333333E+009,-2.874455749988556E-001,2.493228949606419E-002,8.518280982971191E-001,-4.401398599147797E-001,-2.874455749988556E-001,2.493228949606419E-002,8.518280982971191E-001,-4.401398599147797E-001,
4.285000000000000E+009,-3.025465905666351E-001,9.855711460113525E-002,8.327927589416504E-001,-4.604718685150147E-001,-3.025465905666351E-001,9.855711460113525E-002,8.327927589416504E-001,-4.604718685150147E-001,
4.296666666666666E+009,-2.691815793514252E-001,1.652480214834213E-001,8.203746080398560E-001,-4.670237302780151E-001,-2.691815793514252E-001,1.652480214834213E-001,8.203746080398560E-001,-4.670237302780151E-001,
4.308333333333333E+009,-2.014408409595490E-001,1.931972056627274E-001,8.182962536811829E-001,-4.963265359401703E-001,-2.014408409595490E-001,1.931972056627274E-001,8.182962536811829E-001,-4.963265359401703E-001,
4.320000000000000E+009,-1.406156867742539E-001,1.669933646917343E-001,8.144604563713074E-001,-5.313432216644287E-001,-1.406156867742539E-001,1.669933646917343E-001,8.144604563713074E-001,-5.313432216644287E-001,
4.331666666666666E+009,-1.190821975469589E-001,1.036253720521927E-001,7.999132275581360E-001,-5.738980770111084E-001,-1.190821975469589E-001,1.036253720521927E-001,7.999132275581360E-001,-5.738980770111084E-001,
4.343333333333333E+009,-1.532047986984253E-001,4.478079825639725E-002,7.690014243125916E-001,-6.226660609245300E-001,-1.532047986984253E-001,4.478079825639725E-002,7.690014243125916E-001,-6.226660609245300E-001,
4.355000000000000E+009,-2.197051048278809E-001,3.211824595928192E-002,7.320022583007813E-001,-6.496024727821350E-001,-2.197051048278809E-001,3.211824595928192E-002,7.320022583007813E-001,-6.496024727821350E-001,
4.366666666666666E+009,-2.755352556705475E-001,7.195322960615158E-002,6.894102692604065E-001,-6.718836426734924E-001,-2.755352556705475E-001,7.195322960615158E-002,6.894102692604065E-001,-6.718836426734924E-001,
4.378333333333333E+009,-2.860842347145081E-001,1.408534795045853E-001,6.599996685981751E-001,-6.729736328125000E-001,-2.860842347145081E-001,1.408534795045853E-001,6.599996685981751E-001,-6.729736328125000E-001,
4.390000000000000E+009,-2.516230642795563E-001,2.012690454721451E-001,6.468616724014282E-001,-6.868804693222046E-001,-2.516230642795563E-001,2.012690454721451E-001,6.468616724014282E-001,-6.868804693222046E-001,
4.401666666666666E+009,-1.882878690958023E-001,2.251986712217331E-001,6.338784098625183E-001,-7.064035534858704E-001,-1.882878690958023E-001,2.251986712217331E-001,6.338784098625183E-001,-7.064035534858704E-001,
4.413333333333333E+009,-1.263105720281601E-001,2.000403255224228E-001,6.245331764221191E-001,-7.346246242523193E-001,-1.263105720281601E-001,2.000403255224228E-001,6.245331764221191E-001,-7.346246242523193E-001,
4.425000000000000E+009,-1.056716516613960E-001,1.366973072290421E-001,5.987026095390320E-001,-7.711184024810791E-001,-1.056716516613960E-001,1.366973072290421E-001,5.987026095390320E-001,-7.711184024810791E-001,
4.436666666666666E+009,-1.420178115367889E-001,8.035010099411011E-002,5.568107962608337E-001,-7.999218702316284E-001,-1.420178115367889E-001,8.035010099411011E-002,5.568107962608337E-001,-7.999218702316284E-001,
4.448333333333333E+009,-2.126722186803818E-001,6.829678267240524E-002,5.139622092247009E-001,-8.251891136169434E-001,-2.126722186803818E-001,6.829678267240524E-002,5.139622092247009E-001,-8.251891136169434E-001,
4.460000000000000E+009,-2.709822058677673E-001,1.129473075270653E-001,4.718609154224396E-001,-8.373358845710754E-001,-2.709822058677673E-001,1.129473075270653E-001,4.718609154224396E-001,-8.373358845710754E-001,
4.471666666666666E+009,-2.860557436943054E-001,1.871433407068253E-001,4.370675086975098E-001,-8.342428207397461E-001,-2.860557436943054E-001,1.871433407068253E-001,4.370675086975098E-001,-8.342428207397461E-001,
4.483333333333333E+009,-2.517059743404388E-001,2.517165243625641E-001,4.136375784873962E-001,-8.440182805061340E-001,-2.517059743404388E-001,2.517165243625641E-001,4.136375784873962E-001,-8.440182805061340E-001,
4.495000000000000E+009,-1.844640225172043E-001,2.837592363357544E-001,4.010563194751740E-001,-8.472012877464294E-001,-1.844640225172043E-001,2.837592363357544E-001,4.010563194751740E-001,-8.472012877464294E-001,
4.506666666666666E+009,-1.173380240797997E-001,2.658054232597351E-001,3.829686045646668E-001,-8.696219325065613E-001,-1.173380240797997E-001,2.658054232597351E-001,3.829686045646668E-001,-8.696219325065613E-001,
4.518333333333333E+009,-8.752565085887909E-002,2.110712379217148E-001,3.541185259819031E-001,-8.859300613403320E-001,-8.752565085887909E-002,2.110712379217148E-001,3.541185259819031E-001,-8.859300613403320E-001,
4.530000000000000E+009,-1.088353544473648E-001,1.583462357521057E-001,3.186513483524323E-001,-9.168558120727539E-001,-1.088353544473648E-001,1.583462357521057E-001,3.186513483524323E-001,-9.168558120727539E-001,
4.541666666666666E+009,-1.653410047292709E-001,1.435831040143967E-001,2.692614197731018E-001,-9.269110560417175E-001,-1.653410047292709E-001,1.435831040143967E-001,2.692614197731018E-001,-9.269110560417175E-001,
4.553333333333333E+009,-2.143633663654327E-001,1.801254153251648E-001,2.220784127712250E-001,-9.292829632759094E-001,-2.143633663654327E-001,1.801254153251648E-001,2.220784127712250E-001,-9.292829632759094E-001,
4.565000000000000E+009,-2.218915522098541E-001,2.485671937465668E-001,1.872397959232330E-001,-9.201344847679138E-001,-2.218915522098541E-001,2.485671937465668E-001,1.872397959232330E-001,-9.201344847679138E-001,
4.576666666666666E+009,-1.847019046545029E-001,3.037045598030090E-001,1.683856099843979E-001,-9.170118570327759E-001,-1.847019046545029E-001,3.037045598030090E-001,1.683856099843979E-001,-9.170118570327759E-001,
4.588333333333333E+009,-1.159222498536110E-001,3.233570754528046E-001,1.481787562370300E-001,-9.213793873786926E-001,-1.159222498536110E-001,3.233570754528046E-001,1.481787562370300E-001,-9.213793873786926E-001,
4.600000000000000E+009,-5.090460553765297E-002,2.972714304924011E-001,1.227878332138062E-001,-9.402270913124085E-001,-5.090460553765297E-002,2.972714304924011E-001,1.227878332138062E-001,-9.402270913124085E-001,
4.611666666666666E+009,-2.423841878771782E-002,2.333518415689468E-001,8.981124311685562E-002,-9.615425467491150E-001,-2.423841878771782E-002,2.333518415689468E-001,8.981124311685562E-002,-9.615425467491150E-001,
4.623333333333333E+009,-5.105808749794960E-002,1.710919886827469E-001,4.925728589296341E-002,-9.655534625053406E-001,-5.105808749794960E-002,1.710919886827469E-001,4.925728589296341E-002,-9.655534625053406E-001,
4.635000000000000E+009,-1.145077571272850E-001,1.540774255990982E-001,-4.561718087643385E-004,-9.727336168289185E-001,-1.145077571272850E-001,1.540774255990982E-001,-4.561718087643385E-004,-9.727336168289185E-001,
4.646666666666666E+009,-1.654083579778671E-001,1.929448395967484E-001,-4.203596711158752E-002,-9.623592495918274E-001,-1.654083579778671E-001,1.929448395967484E-001,-4.203596711158752E-002,-9.623592495918274E-001,
4.658333333333333E+009,-1.763486564159393E-001,2.607308328151703E-001,-7.935806363821030E-002,-9.426559805870056E-001,-1.763486564159393E-001,2.607308328151703E-001,-7.935806363821030E-002,-9.426559805870056E-001,
4.670000000000000E+009,-1.351760625839233E-001,3.198984861373901E-001,-1.054771468043327E-001,-9.240255951881409E-001,-1.351760625839233E-001,3.198984861373901E-001,-1.054771468043327E-001,-9.240255951881409E-001,
4.681666666666666E+009,-6.638993322849274E-002,3.393809795379639E-001,-1.243424266576767E-001,-9.245143532752991E-001,-6.638993322849274E-002,3.393809795379639E-001,-1.243424266576767E-001,-9.245143532752991E-001,
4.693333333333333E+009,-9.145122021436691E-003,3.095834553241730E-001,-1.406733691692352E-001,-9.316496849060059E-001,-9.145122021436691E-003,3.095834553241730E-001,-1.406733691692352E-001,-9.316496849060059E-001,
4.705000000000000E+009,1.331307832151651E-002,2.469157129526138E-001,-1.732282191514969E-001,-9.408475756645203E-001,1.331307832151651E-002,2.469157129526138E-001,-1.732282191514969E-001,-9.408475756645203E-001,
4.716666666666666E+009,-1.574165746569634E-002,1.898873150348663E-001,-2.213744819164276E-001,-9.413484930992127E-001,-1.574165746569634E-002,1.898873150348663E-001,-2.213744819164276E-001,-9.413484930992127E-001,
4.728333333333333E+009,-7.817548513412476E-002,1.791382431983948E-001,-2.615112960338593E-001,-9.302576184272766E-001,-7.817548513412476E-002,1.791382431983948E-001,-2.615112960338593E-001,-9.302576184272766E-001,
4.740000000000000E+009,-1.265560239553452E-001,2.228314727544785E-001,-3.153769075870514E-001,-9.161230325698853E-001,-1.265560239553452E-001,2.228314727544785E-001,-3.153769075870514E-001,-9.161230325698853E-001,
4.751666666666666E+009,-1.256010979413986E-001,2.882922887802124E-001,-3.423104882240295E-001,-8.823207020759583E-001,-1.256010979413986E-001,2.882922887802124E-001,-3.423104882240295E-001,-8.823207020759583E-001,
4.763333333333333E+009,-7.716947048902512E-002,3.408672809600830E-001,-3.607430160045624E-001,-8.558070659637451E-001,-7.716947048902512E-002,3.408672809600830E-001,-3.607430160045624E-001,-8.558070659637451E-001,
4.775000000000000E+009,-4.242529626935720E-003,3.521471023559570E-001,-3.705593645572662E-001,-8.511469364166260E-001,-4.242529626935720E-003,3.521471023559570E-001,-3.705593645572662E-001,-8.511469364166260E-001,
4.786666666666666E+009,5.444672331213951E-002,3.160288631916046E-001,-3.885246217250824E-001,-8.505300283432007E-001,5.444672331213951E-002,3.160288631916046E-001,-3.885246217250824E-001,-8.505300283432007E-001,
4.798333333333333E+009,7.003279030323029E-002,2.524821758270264E-001,-4.289357662200928E-001,-8.488527536392212E-001,7.003279030323029E-002,2.524821758270264E-001,-4.289357662200928E-001,-8.488527536392212E-001,
4.810000000000000E+009,3.321695700287819E-002,1.987704783678055E-001,-4.752355515956879E-001,-8.306882977485657E-001,3.321695700287819E-002,1.987704783678055E-001,-4.752355515956879E-001,-8.306882977485657E-001,
4.821666666666666E+009,-3.273721784353256E-002,1.898291409015656E-001,-5.178772807121277E-001,-8.222082257270813E-001,-3.273721784353256E-002,1.898291409015656E-001,-5.178772807121277E-001,-8.222082257270813E-001,
4.833333333333333E+009,-7.878724485635757E-002,2.385811656713486E-001,-5.449515581130981E-001,-7.807107567787170E-001,-7.878724485635757E-002,2.385811656713486E-001,-5.449515581130981E-001,-7.807107567787170E-001,
4.845000000000000E+009,-7.301340252161026E-002,3.071900308132172E-001,-5.699499249458313E-001,-7.503457069396973E-001,-7.301340252161026E-002,3.071900308132172E-001,-5.699499249458313E-001,-7.503457069396973E-001,
4.856666666666666E+009,-1.530096679925919E-002,3.526681363582611E-001,-5.747507810592651E-001,-7.239119410514832E-001,-1.530096679925919E-002,3.526681363582611E-001,-5.747507810592651E-001,-7.239119410514832E-001,
4.868333333333333E+009,6.198082119226456E-002,3.551552295684815E-001,-5.912414789199829E-001,-7.102054953575134E-001,6.198082119226456E-002,3.551552295684815E-001,-5.912414789199829E-001,-7.102054953575134E-001,
4.880000000000000E+009,1.234850734472275E-001,3.129103481769562E-001,-6.053475141525269E-001,-7.012591958045960E-001,1.234850734472275E-001,3.129103481769562E-001,-6.053475141525269E-001,-7.012591958045960E-001,
4.891666666666666E+009,1.427637338638306E-001,2.448786497116089E-001,-6.478044986724854E-001,-6.982458829879761E-001,1.427637338638306E-001,2.448786497116089E-001,-6.478044986724854E-001,-6.982458829879761E-001,
4.903333333333333E+009,1.016128733754158E-001,1.866118907928467E-001,-6.732965111732483E-001,-6.837424635887146E-001,1.016128733754158E-001,1.866118907928467E-001,-6.732965111732483E-001,-6.837424635887146E-001,
4.915000000000000E+009,3.530346229672432E-002,1.772610992193222E-001,-7.212138175964356E-001,-6.472250819206238E-001,3.530346229672432E-002,1.772610992193222E-001,-7.212138175964356E-001,-6.472250819206238E-001,
4.926666666666666E+009,-1.573760807514191E-002,2.201214134693146E-001,-7.475584745407105E-001,-5.988095998764038E-001,-1.573760807514191E-002,2.201214134693146E-001,-7.475584745407105E-001,-5.988095998764038E-001,
4.938333333333333E+009,-1.373109687119722E-002,2.841961085796356E-001,-7.531311511993408E-001,-5.628459453582764E-001,-1.373109687119722E-002,2.841961085796356E-001,-7.531311511993408E-001,-5.628459453582764E-001,
4.950000000000000E+009,3.748162090778351E-002,3.266643881797791E-001,-7.624580860137940E-001,-5.324903130531311E-001,3.748162090778351E-002,3.266643881797791E-001,-7.624580860137940E-001,-5.324903130531311E-001,
4.961666666666666E+009,1.058320701122284E-001,3.228030204772949E-001,-7.695598006248474E-001,-5.192732810974121E-001,1.058320701122284E-001,3.228030204772949E-001,-7.695598006248474E-001,-5.192732810974121E-001,
4.973333333333333E+009,1.595212370157242E-001,2.842050194740295E-001,-7.812241315841675E-001,-5.023580789566040E-001,1.595212370157242E-001,2.842050194740295E-001,-7.812241315841675E-001,-5.023580789566040E-001,
4.985000000000000E+009,1.704664826393127E-001,2.203060388565064E-001,-8.119823336601257E-001,-4.869287014007568E-001,1.704664826393127E-001,2.203060388565064E-001,-8.119823336601257E-001,-4.869287014007568E-001,
4.996666666666666E+009,1.342246234416962E-001,1.710668504238129E-001,-8.512750864028931E-001,-4.680107235908508E-001,1.342246234416962E-001,1.710668504238129E-001,-8.512750864028931E-001,-4.680107235908508E-001,
5.008333333333333E+009,7.400738447904587E-002,1.694385409355164E-001,-8.706430196762085E-001,-4.236002862453461E-001,7.400738447904587E-002,1.694385409355164E-001,-8.706430196762085E-001,-4.236002862453461E-001,
5.020000000000000E+009,3.183405846357346E-002,2.107428759336472E-001,-8.821995258331299E-001,-3.712154626846314E-001,3.183405846357346E-002,2.107428759336472E-001,-8.821995258331299E-001,-3.712154626846314E-001,
5.031666666666666E+009,3.748778253793716E-002,2.694849967956543E-001,-8.854082822799683E-001,-3.268055021762848E-001,3.748778253793716E-002,2.694849967956543E-001,-8.854082822799683E-001,-3.268055021762848E-001,
5.043333333333333E+009,8.582051843404770E-002,3.027760088443756E-001,-8.845142722129822E-001,-2.978577017784119E-001,8.582051843404770E-002,3.027760088443756E-001,-8.845142722129822E-001,-2.978577017784119E-001,
5.055000000000000E+009,1.490108370780945E-001,2.983971834182739E-001,-8.814147710800171E-001,-2.777814865112305E-001,1.490108370780945E-001,2.983971834182739E-001,-8.814147710800171E-001,-2.777814865112305E-001,
5.066666666666666E+009,1.985630989074707E-001,2.534914612770081E-001,-8.875933289527893E-001,-2.626743316650391E-001,1.985630989074707E-001,2.534914612770081E-001,-8.875933289527893E-001,-2.626743316650391E-001,
5.078333333333333E+009,2.035320699214935E-001,1.930594742298126E-001,-9.041783213615418E-001,-2.432854175567627E-001,2.035320699214935E-001,1.930594742298126E-001,-9.041783213615418E-001,-2.432854175567627E-001,
5.090000000000000E+009,1.690156012773514E-001,1.484017372131348E-001,-9.337399005889893E-001,-2.016115933656693E-001,1.690156012773514E-001,1.484017372131348E-001,-9.337399005889893E-001,-2.016115933656693E-001,
5.101666666666666E+009,1.156144440174103E-001,1.445337831974030E-001,-9.576212167739868E-001,-1.575399339199066E-001,1.156144440174103E-001,1.445337831974030E-001,-9.576212167739868E-001,-1.575399339199066E-001,
5.113333333333333E+009,7.549135386943817E-002,1.849909275770187E-001,-9.607400894165039E-001,-1.148642003536224E-001,7.549135386943817E-002,1.849909275770187E-001,-9.607400894165039E-001,-1.148642003536224E-001,
5.125000000000000E+009,7.949630171060562E-002,2.366957962512970E-001,-9.511201977729797E-001,-6.831704825162888E-002,7.949630171060562E-002,2.366957962512970E-001,-9.511201977729797E-001,-6.831704825162888E-002,
5.136666666666666E+009,1.207504495978355E-001,2.692475318908691E-001,-9.318999648094177E-001,-3.862102329730988E-002,1.207504495978355E-001,2.692475318908691E-001,-9.318999648094177E-001,-3.862102329730988E-002,
5.148333333333333E+009,1.743452250957489E-001,2.653736174106598E-001,-9.326481223106384E-001,-2.312289550900459E-002,1.743452250957489E-001,2.653736174106598E-001,-9.326481223106384E-001,-2.312289550900459E-002,
5.160000000000000E+009,2.135474830865860E-001,2.260044664144516E-001,-9.292596578598023E-001,-4.043467808514834E-003,2.135474830865860E-001,2.260044664144516E-001,-9.292596578598023E-001,-4.043467808514834E-003,
5.171666666666666E+009,2.223627567291260E-001,1.711884886026382E-001,-9.382362365722656E-001,2.915103919804096E-002,2.223627567291260E-001,1.711884886026382E-001,-9.382362365722656E-001,2.915103919804096E-002,
5.183333333333333E+009,1.973143219947815E-001,1.319704502820969E-001,-9.552392363548279E-001,6.688771396875382E-002,1.973143219947815E-001,1.319704502820969E-001,-9.552392363548279E-001,6.688771396875382E-002,
5.195000000000000E+009,1.497778594493866E-001,1.251765042543411E-001,-9.592739939689636E-001,1.049923747777939E-001,1.497778594493866E-001,1.251765042543411E-001,-9.592739939689636E-001,1.049923747777939E-001,
5.206666666666666E+009,1.151966303586960E-001,1.586716473102570E-001,-9.527943134307861E-001,1.495012938976288E-001,1.151966303586960E-001,1.586716473102570E-001,-9.527943134307861E-001,1.495012938976288E-001,
5.218333333333333E+009,1.150664910674095E-001,2.050544023513794E-001,-9.287755489349365E-001,2.014959156513214E-001,1.150664910674095E-001,2.050544023513794E-001,-9.287755489349365E-001,2.014959156513214E-001,
5.230000000000000E+009,1.500559747219086E-001,2.376881688833237E-001,-9.062245488166809E-001,2.278825938701630E-001,1.500559747219086E-001,2.376881688833237E-001,-9.062245488166809E-001,2.278825938701630E-001,
5.241666666666666E+009,1.945690810680389E-001,2.343765944242477E-001,-9.081483483314514E-001,2.469849735498428E-001,1.945690810680389E-001,2.343765944242477E-001,-9.081483483314514E-001,2.469849735498428E-001,
5.253333333333333E+009,2.363372594118118E-001,2.033345103263855E-001,-8.895310759544373E-001,2.555784583091736E-001,2.363372594118118E-001,2.033345103263855E-001,-8.895310759544373E-001,2.555784583091736E-001,
5.265000000000000E+009,2.446226477622986E-001,1.554856598377228E-001,-8.936747908592224E-001,2.955835163593292E-001,2.446226477622986E-001,1.554856598377228E-001,-8.936747908592224E-001,2.955835163593292E-001,
5.276666666666666E+009,2.253339290618897E-001,1.119043976068497E-001,-8.930373787879944E-001,3.174102008342743E-001,2.253339290618897E-001,1.119043976068497E-001,-8.930373787879944E-001,3.174102008342743E-001,
5.288333333333333E+009,1.820634901523590E-001,9.773288667201996E-002,-8.800835013389587E-001,3.595806956291199E-001,1.820634901523590E-001,9.773288667201996E-002,-8.800835013389587E-001,3.595806956291199E-001,
5.300000000000000E+009,1.487237960100174E-001,1.232849881052971E-001,-8.763681650161743E-001,4.160837233066559E-001,1.487237960100174E-001,1.232849881052971E-001,-8.763681650161743E-001,4.160837233066559E-001,
5.311666666666666E+009,1.400499492883682E-001,1.665858179330826E-001,-8.482926487922669E-001,4.500771164894104E-001,1.400499492883682E-001,1.665858179330826E-001,-8.482926487922669E-001,4.500771164894104E-001,
5.323333333333333E+009,1.623811721801758E-001,2.030165642499924E-001,-8.157415390014648E-001,4.705947339534760E-001,1.623811721801758E-001,2.030165642499924E-001,-8.157415390014648E-001,4.705947339534760E-001,
5.335000000000000E+009,2.066384702920914E-001,2.109778672456741E-001,-7.936311960220337E-001,4.937166273593903E-001,2.066384702920914E-001,2.109778672456741E-001,-7.936311960220337E-001,4.937166273593903E-001,
5.346666666666666E+009,2.466315031051636E-001,1.870451420545578E-001,-7.733783721923828E-001,5.182260870933533E-001,2.466315031051636E-001,1.870451420545578E-001,-7.733783721923828E-001,5.182260870933533E-001,
5.358333333333333E+009,2.623159587383270E-001,1.438286602497101E-001,-7.659550905227661E-001,5.326240062713623E-001,2.623159587383270E-001,1.438286602497101E-001,-7.659550905227661E-001,5.326240062713623E-001,
5.370000000000000E+009,2.517912387847900E-001,1.013681143522263E-001,-7.593712806701660E-001,5.626834034919739E-001,2.517912387847900E-001,1.013681143522263E-001,-7.593712806701660E-001,5.626834034919739E-001,
5.381666666666666E+009,2.164669483900070E-001,8.407575637102127E-002,-7.397814393043518E-001,6.003842949867249E-001,2.164669483900070E-001,8.407575637102127E-002,-7.397814393043518E-001,6.003842949867249E-001,
5.393333333333333E+009,1.819238960742950E-001,9.724739938974381E-002,-7.237251996994019E-001,6.367422342300415E-001,1.819238960742950E-001,9.724739938974381E-002,-7.237251996994019E-001,6.367422342300415E-001,
5.405000000000000E+009,1.711536496877670E-001,1.348286569118500E-001,-6.867560148239136E-001,6.733318567276001E-001,1.711536496877670E-001,1.348286569118500E-001,-6.867560148239136E-001,6.733318567276001E-001,
5.416666666666666E+009,1.942120790481567E-001,1.704480051994324E-001,-6.494116783142090E-001,6.894257068634033E-001,1.942120790481567E-001,1.704480051994324E-001,-6.494116783142090E-001,6.894257068634033E-001,
5.428333333333333E+009,2.331053018569946E-001,1.812155693769455E-001,-6.182114481925964E-001,6.994818449020386E-001,2.331053018569946E-001,1.812155693769455E-001,-6.182114481925964E-001,6.994818449020386E-001,
5.440000000000000E+009,2.717615067958832E-001,1.620598435401917E-001,-5.922146439552307E-001,7.160300016403198E-001,2.717615067958832E-001,1.620598435401917E-001,-5.922146439552307E-001,7.160300016403198E-001,
5.451666666666666E+009,2.900863885879517E-001,1.184752210974693E-001,-5.779907107353210E-001,7.211341857910156E-001,2.900863885879517E-001,1.184752210974693E-001,-5.779907107353210E-001,7.211341857910156E-001,
5.463333333333333E+009,2.781764268875122E-001,7.582420855760574E-002,-5.624817609786987E-001,7.375007271766663E-001,2.781764268875122E-001,7.582420855760574E-002,-5.624817609786987E-001,7.375007271766663E-001,
5.475000000000000E+009,2.424132674932480E-001,5.272068083286285E-002,-5.377130508422852E-001,7.808755040168762E-001,2.424132674932480E-001,5.272068083286285E-002,-5.377130508422852E-001,7.808755040168762E-001,
5.486666666666666E+009,2.053192555904388E-001,6.821773946285248E-002,-5.199567079544067E-001,8.078181743621826E-001,2.053192555904388E-001,6.821773946285248E-002,-5.199567079544067E-001,8.078181743621826E-001,
5.498333333333333E+009,1.961124092340469E-001,1.062038540840149E-001,-4.705174267292023E-001,8.290843367576599E-001,1.961124092340469E-001,1.062038540840149E-001,-4.705174267292023E-001,8.290843367576599E-001,
5.510000000000000E+009,2.215551286935806E-001,1.437683999538422E-001,-4.260599911212921E-001,8.423471450805664E-001,2.215551286935806E-001,1.437683999538422E-001,-4.260599911212921E-001,8.423471450805664E-001,
5.521666666666666E+009,2.674440741539002E-001,1.544909328222275E-001,-3.934072256088257E-001,8.439604043960571E-001,2.674440741539002E-001,1.544909328222275E-001,-3.934072256088257E-001,8.439604043960571E-001,
5.533333333333333E+009,3.147831559181213E-001,1.290377080440521E-001,-3.688012659549713E-001,8.505431413650513E-001,3.147831559181213E-001,1.290377080440521E-001,-3.688012659549713E-001,8.505431413650513E-001,
5.545000000000000E+009,3.313617110252380E-001,8.322773128747940E-002,-3.451385498046875E-001,8.506192564964294E-001,3.313617110252380E-001,8.322773128747940E-002,-3.451385498046875E-001,8.506192564964294E-001,
5.556666666666666E+009,3.186316192150116E-001,3.450861945748329E-002,-3.326938450336456E-001,8.682951927185059E-001,3.186316192150116E-001,3.450861945748329E-002,-3.326938450336456E-001,8.682951927185059E-001,
5.568333333333333E+009,2.768196761608124E-001,6.658190861344338E-003,-3.020486533641815E-001,8.878191113471985E-001,2.768196761608124E-001,6.658190861344338E-003,-3.020486533641815E-001,8.878191113471985E-001,
5.580000000000000E+009,2.347165942192078E-001,1.889626309275627E-002,-2.694094777107239E-001,9.076518416404724E-001,2.347165942192078E-001,1.889626309275627E-002,-2.694094777107239E-001,9.076518416404724E-001,
5.591666666666666E+009,2.201281934976578E-001,6.101393699645996E-002,-2.287611961364746E-001,9.276440739631653E-001,2.201281934976578E-001,6.101393699645996E-002,-2.287611961364746E-001,9.276440739631653E-001,
5.603333333333333E+009,2.486814409494400E-001,1.012435555458069E-001,-1.753448843955994E-001,9.318910241127014E-001,2.486814409494400E-001,1.012435555458069E-001,-1.753448843955994E-001,9.318910241127014E-001,
5.615000000000000E+009,2.979094982147217E-001,1.118348389863968E-001,-1.331710815429688E-001,9.194939732551575E-001,2.979094982147217E-001,1.118348389863968E-001,-1.331710815429688E-001,9.194939732551575E-001,
5.626666666666666E+009,3.426914215087891E-001,8.325581252574921E-002,-1.092563420534134E-001,9.087468385696411E-001,3.426914215087891E-001,8.325581252574921E-002,-1.092563420534134E-001,9.087468385696411E-001,
5.638333333333333E+009,3.630908131599426E-001,3.115217201411724E-002,-9.158458560705185E-002,9.008910059928894E-001,3.630908131599426E-001,3.115217201411724E-002,-9.158458560705185E-002,9.008910059928894E-001,
5.650000000000000E+009,3.435167968273163E-001,-2.165526896715164E-002,-7.673948258161545E-002,9.159842133522034E-001,3.435167968273163E-001,-2.165526896715164E-002,-7.673948258161545E-002,9.159842133522034E-001,
5.661666666666666E+009,3.002340793609619E-001,-5.187010765075684E-002,-5.226815491914749E-002,9.285026788711548E-001,3.002340793609619E-001,-5.187010765075684E-002,-5.226815491914749E-002,9.285026788711548E-001,
5.673333333333333E+009,2.520170807838440E-001,-4.306811466813088E-002,-1.146653760224581E-002,9.507622122764587E-001,2.520170807838440E-001,-4.306811466813088E-002,-1.146653760224581E-002,9.507622122764587E-001,
5.685000000000000E+009,2.316562235355377E-001,-2.234995132312179E-003,3.877617046236992E-002,9.521357417106628E-001,2.316562235355377E-001,-2.234995132312179E-003,3.877617046236992E-002,9.521357417106628E-001,
5.696666666666666E+009,2.545505166053772E-001,3.962673246860504E-002,8.805989474058151E-002,9.405191540718079E-001,2.545505166053772E-001,3.962673246860504E-002,8.805989474058151E-002,9.405191540718079E-001,
5.708333333333333E+009,3.029912412166596E-001,5.209154635667801E-002,1.214548647403717E-001,9.212544560432434E-001,3.029912412166596E-001,5.209154635667801E-002,1.214548647403717E-001,9.212544560432434E-001,
5.720000000000000E+009,3.466298580169678E-001,2.578788809478283E-002,1.475984603166580E-001,9.082981348037720E-001,3.466298580169678E-001,2.578788809478283E-002,1.475984603166580E-001,9.082981348037720E-001,
5.731666666666666E+009,3.631565868854523E-001,-2.253243513405323E-002,1.695293039083481E-001,8.950152397155762E-001,3.631565868854523E-001,-2.253243513405323E-002,1.695293039083481E-001,8.950152397155762E-001,
5.743333333333333E+009,3.485563099384308E-001,-7.052022963762283E-002,1.912796199321747E-001,8.966657519340515E-001,3.485563099384308E-001,-7.052022963762283E-002,1.912796199321747E-001,8.966657519340515E-001,
5.755000000000000E+009,3.109215497970581E-001,-9.613785147666931E-002,2.150704860687256E-001,9.046960473060608E-001,3.109215497970581E-001,-9.613785147666931E-002,2.150704860687256E-001,9.046960473060608E-001,
5.766666666666666E+009,2.685061097145081E-001,-9.032040089368820E-002,2.548863291740418E-001,9.039637446403503E-001,2.685061097145081E-001,-9.032040089368820E-002,2.548863291740418E-001,9.039637446403503E-001,
5.778333333333333E+009,2.515697181224823E-001,-5.823346972465515E-002,2.956970930099487E-001,9.006214737892151E-001,2.515697181224823E-001,-5.823346972465515E-002,2.956970930099487E-001,9.006214737892151E-001,
5.790000000000000E+009,2.687615752220154E-001,-2.650739252567291E-002,3.415847122669220E-001,8.698468804359436E-001,2.687615752220154E-001,-2.650739252567291E-002,3.415847122669220E-001,8.698468804359436E-001,
5.801666666666666E+009,3.079319298267365E-001,-2.042041532695293E-002,3.684041202068329E-001,8.532955050468445E-001,3.079319298267365E-001,-2.042041532695293E-002,3.684041202068329E-001,8.532955050468445E-001,
5.813333333333333E+009,3.411808907985687E-001,-4.096993058919907E-002,3.948610723018646E-001,8.292393684387207E-001,3.411808907985687E-001,-4.096993058919907E-002,3.948610723018646E-001,8.292393684387207E-001,
5.825000000000000E+009,3.482835292816162E-001,-8.222730457782745E-002,4.134150445461273E-001,8.126064538955689E-001,3.482835292816162E-001,-8.222730457782745E-002,4.134150445461273E-001,8.126064538955689E-001,
5.836666666666666E+009,3.367299735546112E-001,-1.177932769060135E-001,4.388785064220429E-001,8.003516793251038E-001,3.367299735546112E-001,-1.177932769060135E-001,4.388785064220429E-001,8.003516793251038E-001,
5.848333333333333E+009,3.101575970649719E-001,-1.334808915853500E-001,4.572938382625580E-001,7.942111492156982E-001,3.101575970649719E-001,-1.334808915853500E-001,4.572938382625580E-001,7.942111492156982E-001,
5.860000000000000E+009,2.852774262428284E-001,-1.291258484125137E-001,4.877609908580780E-001,7.869970202445984E-001,2.852774262428284E-001,-1.291258484125137E-001,4.877609908580780E-001,7.869970202445984E-001,
5.871666666666666E+009,2.850153744220734E-001,-1.141990125179291E-001,5.301459431648254E-001,7.704443335533142E-001,2.850153744220734E-001,-1.141990125179291E-001,5.301459431648254E-001,7.704443335533142E-001,
5.883333333333333E+009,3.009554743766785E-001,-1.055952832102776E-001,5.570471286773682E-001,7.415556311607361E-001,3.009554743766785E-001,-1.055952832102776E-001,5.570471286773682E-001,7.415556311607361E-001,
5.895000000000000E+009,3.244363665580750E-001,-1.233391985297203E-001,5.810687541961670E-001,7.070659399032593E-001,3.244363665580750E-001,-1.233391985297203E-001,5.810687541961670E-001,7.070659399032593E-001,
5.906666666666666E+009,3.379735052585602E-001,-1.574276685714722E-001,6.018841266632080E-001,6.844778060913086E-001,3.379735052585602E-001,-1.574276685714722E-001,6.018841266632080E-001,6.844778060913086E-001,
5.918333333333333E+009,3.289597630500794E-001,-1.939710527658463E-001,6.147732734680176E-001,6.673681735992432E-001,3.289597630500794E-001,-1.939710527658463E-001,6.147732734680176E-001,6.673681735992432E-001,
5.930000000000000E+009,2.959053218364716E-001,-2.206712216138840E-001,6.354869008064270E-001,6.480892896652222E-001,2.959053218364716E-001,-2.206712216138840E-001,6.354869008064270E-001,6.480892896652222E-001,
5.941666666666666E+009,2.564747631549835E-001,-2.252211421728134E-001,6.580547690391541E-001,6.539486646652222E-001,2.564747631549835E-001,-2.252211421728134E-001,6.580547690391541E-001,6.539486646652222E-001,
5.953333333333333E+009,2.250447273254395E-001,-2.081929594278336E-001,6.822190284729004E-001,6.306073069572449E-001,2.250447273254395E-001,-2.081929594278336E-001,6.822190284729004E-001,6.306073069572449E-001,
5.965000000000000E+009,2.184590399265289E-001,-1.819266378879547E-001,7.147429585456848E-001,6.027563810348511E-001,2.184590399265289E-001,-1.819266378879547E-001,7.147429585456848E-001,6.027563810348511E-001,
5.976666666666666E+009,2.330952137708664E-001,-1.633852869272232E-001,7.464534640312195E-001,5.564786791801453E-001,2.330952137708664E-001,-1.633852869272232E-001,7.464534640312195E-001,5.564786791801453E-001,
5.988333333333333E+009,2.620410621166229E-001,-1.659286469221115E-001,7.580840587615967E-001,5.296979546546936E-001,2.620410621166229E-001,-1.659286469221115E-001,7.580840587615967E-001,5.296979546546936E-001,
6.000000000000000E+009,2.756935954093933E-001,-1.898318827152252E-001,7.784696221351624E-001,5.119178891181946E-001,2.756935954093933E-001,-1.898318827152252E-001,7.784696221351624E-001,5.119178891181946E-001,
