% Version 1.00
%
%freq[Hz],re:Trc1_S11,im:Trc1_S11,re:Trc2_S21,im:Trc2_S21,re:Trc3_S11,im:Trc3_S11,re:Trc4_S21,im:Trc4_S21,
2.500000000000000E+009,8.199489861726761E-002,-2.035523056983948E-001,2.024051547050476E-001,-9.396032691001892E-001,8.199489861726761E-002,-2.035523056983948E-001,2.024051547050476E-001,-9.396032691001892E-001,
2.511666666666667E+009,3.450048714876175E-002,-1.984742879867554E-001,1.676328331232071E-001,-9.516903162002564E-001,3.450048714876175E-002,-1.984742879867554E-001,1.676328331232071E-001,-9.516903162002564E-001,
2.523333333333334E+009,5.594715476036072E-003,-1.628812551498413E-001,1.481766253709793E-001,-9.656789898872376E-001,5.594715476036072E-003,-1.628812551498413E-001,1.481766253709793E-001,-9.656789898872376E-001,
2.535000000000000E+009,1.203439384698868E-002,-1.210758686065674E-001,9.288010746240616E-002,-9.712023138999939E-001,1.203439384698868E-002,-1.210758686065674E-001,9.288010746240616E-002,-9.712023138999939E-001,
2.546666666666667E+009,4.672290384769440E-002,-1.020503565669060E-001,5.261302366852760E-002,-9.812380671501160E-001,4.672290384769440E-002,-1.020503565669060E-001,5.261302366852760E-002,-9.812380671501160E-001,
2.558333333333334E+009,8.490678668022156E-002,-1.201135590672493E-001,1.832845993340015E-002,-9.731667637825012E-001,8.490678668022156E-002,-1.201135590672493E-001,1.832845993340015E-002,-9.731667637825012E-001,
2.570000000000000E+009,9.642466157674789E-002,-1.633033454418182E-001,-2.341203019022942E-002,-9.587816596031189E-001,9.642466157674789E-002,-1.633033454418182E-001,-2.341203019022942E-002,-9.587816596031189E-001,
2.581666666666667E+009,7.222269475460053E-002,-2.055730968713760E-001,-5.440550670027733E-002,-9.496645331382752E-001,7.222269475460053E-002,-2.055730968713760E-001,-5.440550670027733E-002,-9.496645331382752E-001,
2.593333333333334E+009,2.674635313451290E-002,-2.241716235876083E-001,-7.842925935983658E-002,-9.470620751380920E-001,2.674635313451290E-002,-2.241716235876083E-001,-7.842925935983658E-002,-9.470620751380920E-001,
2.605000000000000E+009,-2.061202563345432E-002,-2.059843838214874E-001,-1.056721433997154E-001,-9.550426602363586E-001,-2.061202563345432E-002,-2.059843838214874E-001,-1.056721433997154E-001,-9.550426602363586E-001,
2.616666666666667E+009,-4.318900778889656E-002,-1.635817885398865E-001,-1.405975520610809E-001,-9.588234424591065E-001,-4.318900778889656E-002,-1.635817885398865E-001,-1.405975520610809E-001,-9.588234424591065E-001,
2.628333333333334E+009,-3.350125998258591E-002,-1.177653968334198E-001,-1.845766454935074E-001,-9.585044384002686E-001,-3.350125998258591E-002,-1.177653968334198E-001,-1.845766454935074E-001,-9.585044384002686E-001,
2.640000000000000E+009,3.245334140956402E-003,-1.004650220274925E-001,-2.197729796171188E-001,-9.583598375320435E-001,3.245334140956402E-003,-1.004650220274925E-001,-2.197729796171188E-001,-9.583598375320435E-001,
2.651666666666667E+009,4.176911711692810E-002,-1.195754259824753E-001,-2.594271600246429E-001,-9.406566023826599E-001,4.176911711692810E-002,-1.195754259824753E-001,-2.594271600246429E-001,-9.406566023826599E-001,
2.663333333333334E+009,5.063571780920029E-002,-1.606638729572296E-001,-2.902724742889404E-001,-9.211642742156982E-001,5.063571780920029E-002,-1.606638729572296E-001,-2.902724742889404E-001,-9.211642742156982E-001,
2.675000000000000E+009,2.434539422392845E-002,-2.006085366010666E-001,-3.197827935218811E-001,-9.053747653961182E-001,2.434539422392845E-002,-2.006085366010666E-001,-3.197827935218811E-001,-9.053747653961182E-001,
2.686666666666667E+009,-2.135896869003773E-002,-2.106252908706665E-001,-3.415036201477051E-001,-8.994852900505066E-001,-2.135896869003773E-002,-2.106252908706665E-001,-3.415036201477051E-001,-8.994852900505066E-001,
2.698333333333334E+009,-6.449022889137268E-002,-1.875549852848053E-001,-3.672183454036713E-001,-8.900164365768433E-001,-6.449022889137268E-002,-1.875549852848053E-001,-3.672183454036713E-001,-8.900164365768433E-001,
2.710000000000000E+009,-7.840829342603684E-002,-1.413086503744125E-001,-4.038468599319458E-001,-8.877764940261841E-001,-7.840829342603684E-002,-1.413086503744125E-001,-4.038468599319458E-001,-8.877764940261841E-001,
2.721666666666667E+009,-5.785467475652695E-002,-9.829054027795792E-002,-4.439671635627747E-001,-8.734928965568543E-001,-5.785467475652695E-002,-9.829054027795792E-002,-4.439671635627747E-001,-8.734928965568543E-001,
2.733333333333334E+009,-1.570657640695572E-002,-8.440032601356506E-002,-4.759201407432556E-001,-8.574294447898865E-001,-1.570657640695572E-002,-8.440032601356506E-002,-4.759201407432556E-001,-8.574294447898865E-001,
2.745000000000000E+009,2.010731585323811E-002,-1.082567796111107E-001,-5.154710412025452E-001,-8.319106698036194E-001,2.010731585323811E-002,-1.082567796111107E-001,-5.154710412025452E-001,-8.319106698036194E-001,
2.756666666666667E+009,2.711790613830090E-002,-1.514244377613068E-001,-5.428445339202881E-001,-8.036269545555115E-001,2.711790613830090E-002,-1.514244377613068E-001,-5.428445339202881E-001,-8.036269545555115E-001,
2.768333333333334E+009,-1.791643095202744E-003,-1.903679966926575E-001,-5.637997984886169E-001,-7.805805802345276E-001,-1.791643095202744E-003,-1.903679966926575E-001,-5.637997984886169E-001,-7.805805802345276E-001,
2.780000000000000E+009,-4.901687055826187E-002,-1.983759552240372E-001,-5.914937853813171E-001,-7.595765590667725E-001,-4.901687055826187E-002,-1.983759552240372E-001,-5.914937853813171E-001,-7.595765590667725E-001,
2.791666666666667E+009,-9.024406224489212E-002,-1.730318814516068E-001,-6.094252467155457E-001,-7.418535351753235E-001,-9.024406224489212E-002,-1.730318814516068E-001,-6.094252467155457E-001,-7.418535351753235E-001,
2.803333333333334E+009,-9.982594102621079E-002,-1.280520409345627E-001,-6.329577565193176E-001,-7.262263298034668E-001,-9.982594102621079E-002,-1.280520409345627E-001,-6.329577565193176E-001,-7.262263298034668E-001,
2.815000000000000E+009,-7.893507927656174E-002,-8.632431179285049E-002,-6.655471324920654E-001,-7.123567461967468E-001,-7.893507927656174E-002,-8.632431179285049E-002,-6.655471324920654E-001,-7.123567461967468E-001,
2.826666666666667E+009,-3.444186598062515E-002,-7.542183995246887E-002,-7.039300203323364E-001,-6.885511279106140E-001,-3.444186598062515E-002,-7.542183995246887E-002,-7.039300203323364E-001,-6.885511279106140E-001,
2.838333333333334E+009,-2.024553250521421E-003,-9.955927729606628E-002,-7.329399585723877E-001,-6.462253928184509E-001,-2.024553250521421E-003,-9.955927729606628E-002,-7.329399585723877E-001,-6.462253928184509E-001,
2.850000000000000E+009,2.319244202226400E-003,-1.454017907381058E-001,-7.486422061920166E-001,-6.156122088432312E-001,2.319244202226400E-003,-1.454017907381058E-001,-7.486422061920166E-001,-6.156122088432312E-001,
2.861666666666667E+009,-2.909451723098755E-002,-1.803318411111832E-001,-7.547808289527893E-001,-5.909426212310791E-001,-2.909451723098755E-002,-1.803318411111832E-001,-7.547808289527893E-001,-5.909426212310791E-001,
2.873333333333334E+009,-8.053059875965118E-002,-1.838293224573135E-001,-7.792585492134094E-001,-5.617937445640564E-001,-8.053059875965118E-002,-1.838293224573135E-001,-7.792585492134094E-001,-5.617937445640564E-001,
2.885000000000000E+009,-1.173557043075562E-001,-1.547837406396866E-001,-7.917622923851013E-001,-5.452029705047607E-001,-1.173557043075562E-001,-1.547837406396866E-001,-7.917622923851013E-001,-5.452029705047607E-001,
2.896666666666667E+009,-1.269930750131607E-001,-1.053870245814323E-001,-8.150989413261414E-001,-5.180712342262268E-001,-1.269930750131607E-001,-1.053870245814323E-001,-8.150989413261414E-001,-5.180712342262268E-001,
2.908333333333334E+009,-9.739913791418076E-002,-6.475446373224258E-002,-8.418571352958679E-001,-4.943278431892395E-001,-9.739913791418076E-002,-6.475446373224258E-002,-8.418571352958679E-001,-4.943278431892395E-001,
2.920000000000000E+009,-4.798368364572525E-002,-5.562291294336319E-002,-8.638536930084229E-001,-4.614470005035400E-001,-4.798368364572525E-002,-5.562291294336319E-002,-8.638536930084229E-001,-4.614470005035400E-001,
2.931666666666667E+009,-8.389300666749477E-003,-8.302232623100281E-002,-8.833580017089844E-001,-4.195368289947510E-001,-8.389300666749477E-003,-8.302232623100281E-002,-8.833580017089844E-001,-4.195368289947510E-001,
2.943333333333334E+009,-8.414784446358681E-003,-1.304294914007187E-001,-8.947930932044983E-001,-3.787120282649994E-001,-8.414784446358681E-003,-1.304294914007187E-001,-8.947930932044983E-001,-3.787120282649994E-001,
2.955000000000000E+009,-4.521472752094269E-002,-1.655411720275879E-001,-9.009134769439697E-001,-3.384062647819519E-001,-4.521472752094269E-002,-1.655411720275879E-001,-9.009134769439697E-001,-3.384062647819519E-001,
2.966666666666667E+009,-9.847521781921387E-002,-1.693952679634094E-001,-9.072020649909973E-001,-3.195245563983917E-001,-9.847521781921387E-002,-1.693952679634094E-001,-9.072020649909973E-001,-3.195245563983917E-001,
2.978333333333334E+009,-1.372760385274887E-001,-1.348197907209396E-001,-9.139153361320496E-001,-2.927914559841156E-001,-1.372760385274887E-001,-1.348197907209396E-001,-9.139153361320496E-001,-2.927914559841156E-001,
2.990000000000000E+009,-1.413209438323975E-001,-8.276861906051636E-002,-9.275994300842285E-001,-2.618045508861542E-001,-1.413209438323975E-001,-8.276861906051636E-002,-9.275994300842285E-001,-2.618045508861542E-001,
3.001666666666667E+009,-1.069338247179985E-001,-4.251297563314438E-002,-9.491774439811707E-001,-2.378613501787186E-001,-1.069338247179985E-001,-4.251297563314438E-002,-9.491774439811707E-001,-2.378613501787186E-001,
3.013333333333334E+009,-4.976536706089973E-002,-4.030313715338707E-002,-9.576686024665833E-001,-2.000759690999985E-001,-4.976536706089973E-002,-4.030313715338707E-002,-9.576686024665833E-001,-2.000759690999985E-001,
3.025000000000000E+009,-1.140598580241203E-002,-7.680938392877579E-002,-9.573446512222290E-001,-1.629251986742020E-001,-1.140598580241203E-002,-7.680938392877579E-002,-9.573446512222290E-001,-1.629251986742020E-001,
3.036666666666667E+009,-1.394149661064148E-002,-1.272540986537933E-001,-9.675675630569458E-001,-1.118189543485642E-001,-1.394149661064148E-002,-1.272540986537933E-001,-9.675675630569458E-001,-1.118189543485642E-001,
3.048333333333333E+009,-5.753741785883904E-002,-1.657939851284027E-001,-9.584162235260010E-001,-7.714093476533890E-002,-5.753741785883904E-002,-1.657939851284027E-001,-9.584162235260010E-001,-7.714093476533890E-002,
3.060000000000000E+009,-1.183838546276093E-001,-1.589707732200623E-001,-9.485861063003540E-001,-4.319829121232033E-002,-1.183838546276093E-001,-1.589707732200623E-001,-9.485861063003540E-001,-4.319829121232033E-002,
3.071666666666667E+009,-1.568779349327087E-001,-1.144313439726830E-001,-9.533765912055969E-001,-2.152699977159500E-002,-1.568779349327087E-001,-1.144313439726830E-001,-9.533765912055969E-001,-2.152699977159500E-002,
3.083333333333333E+009,-1.543046534061432E-001,-5.694554373621941E-002,-9.630626440048218E-001,4.191071260720491E-003,-1.543046534061432E-001,-5.694554373621941E-002,-9.630626440048218E-001,4.191071260720491E-003,
3.095000000000000E+009,-1.093786060810089E-001,-1.671662367880344E-002,-9.752039313316345E-001,3.657303005456924E-002,-1.093786060810089E-001,-1.671662367880344E-002,-9.752039313316345E-001,3.657303005456924E-002,
3.106666666666667E+009,-4.247282817959786E-002,-2.310233563184738E-002,-9.801802039146423E-001,8.222059160470963E-002,-4.247282817959786E-002,-2.310233563184738E-002,-9.801802039146423E-001,8.222059160470963E-002,
3.118333333333333E+009,-1.081145601347089E-003,-7.382582873106003E-002,-9.765160083770752E-001,1.251945644617081E-001,-1.081145601347089E-003,-7.382582873106003E-002,-9.765160083770752E-001,1.251945644617081E-001,
3.130000000000000E+009,-8.763756603002548E-003,-1.414402723312378E-001,-9.516525268554688E-001,1.774564534425736E-001,-8.763756603002548E-003,-1.414402723312378E-001,-9.516525268554688E-001,1.774564534425736E-001,
3.141666666666667E+009,-6.157172843813896E-002,-1.811046898365021E-001,-9.405007958412170E-001,2.094163447618485E-001,-6.157172843813896E-002,-1.811046898365021E-001,-9.405007958412170E-001,2.094163447618485E-001,
3.153333333333333E+009,-1.326891928911209E-001,-1.703482121229172E-001,-9.203022718429565E-001,2.270727008581162E-001,-1.326891928911209E-001,-1.703482121229172E-001,-9.203022718429565E-001,2.270727008581162E-001,
3.165000000000000E+009,-1.765080392360687E-001,-1.201706528663635E-001,-9.188821315765381E-001,2.614639401435852E-001,-1.765080392360687E-001,-1.201706528663635E-001,-9.188821315765381E-001,2.614639401435852E-001,
3.176666666666667E+009,-1.756530255079269E-001,-5.457793548703194E-002,-9.179278612136841E-001,2.770391106605530E-001,-1.756530255079269E-001,-5.457793548703194E-002,-9.179278612136841E-001,2.770391106605530E-001,
3.188333333333333E+009,-1.278315186500549E-001,-1.101100724190474E-002,-9.170626401901245E-001,3.149466216564179E-001,-1.278315186500549E-001,-1.101100724190474E-002,-9.170626401901245E-001,3.149466216564179E-001,
3.200000000000000E+009,-5.949728190898895E-002,-2.093333192169666E-002,-9.140082001686096E-001,3.552804291248322E-001,-5.949728190898895E-002,-2.093333192169666E-002,-9.140082001686096E-001,3.552804291248322E-001,
3.211666666666667E+009,-1.855156756937504E-002,-7.873551547527313E-002,-8.986833095550537E-001,3.991052806377411E-001,-1.855156756937504E-002,-7.873551547527313E-002,-8.986833095550537E-001,3.991052806377411E-001,
3.223333333333333E+009,-3.346484526991844E-002,-1.490480452775955E-001,-8.678130507469177E-001,4.363159835338593E-001,-3.346484526991844E-002,-1.490480452775955E-001,-8.678130507469177E-001,4.363159835338593E-001,
3.235000000000000E+009,-9.665466845035553E-002,-1.850471198558807E-001,-8.407629132270813E-001,4.575610756874085E-001,-9.665466845035553E-002,-1.850471198558807E-001,-8.407629132270813E-001,4.575610756874085E-001,
3.246666666666667E+009,-1.677551269531250E-001,-1.668885797262192E-001,-8.185865879058838E-001,4.849663674831390E-001,-1.677551269531250E-001,-1.668885797262192E-001,-8.185865879058838E-001,4.849663674831390E-001,
3.258333333333333E+009,-2.126363068819046E-001,-1.061969250440598E-001,-8.068278431892395E-001,4.952904880046845E-001,-2.126363068819046E-001,-1.061969250440598E-001,-8.068278431892395E-001,4.952904880046845E-001,
3.270000000000000E+009,-2.034201174974442E-001,-3.493861481547356E-002,-7.965061068534851E-001,5.270088315010071E-001,-2.034201174974442E-001,-3.493861481547356E-002,-7.965061068534851E-001,5.270088315010071E-001,
3.281666666666667E+009,-1.464624255895615E-001,6.812121253460646E-003,-7.891067862510681E-001,5.577682256698608E-001,-1.464624255895615E-001,6.812121253460646E-003,-7.891067862510681E-001,5.577682256698608E-001,
3.293333333333333E+009,-7.553772628307343E-002,-7.363964803516865E-003,-7.736588120460510E-001,5.938720703125000E-001,-7.553772628307343E-002,-7.363964803516865E-003,-7.736588120460510E-001,5.938720703125000E-001,
3.305000000000000E+009,-3.652208298444748E-002,-7.314211130142212E-002,-7.373872995376587E-001,6.315388679504395E-001,-3.652208298444748E-002,-7.314211130142212E-002,-7.373872995376587E-001,6.315388679504395E-001,
3.316666666666667E+009,-5.837574973702431E-002,-1.476094871759415E-001,-7.053796052932739E-001,6.605287790298462E-001,-5.837574973702431E-002,-1.476094871759415E-001,-7.053796052932739E-001,6.605287790298462E-001,
3.328333333333333E+009,-1.275904178619385E-001,-1.825232058763504E-001,-6.703402400016785E-001,6.846063733100891E-001,-1.275904178619385E-001,-1.825232058763504E-001,-6.703402400016785E-001,6.846063733100891E-001,
3.340000000000000E+009,-2.023576945066452E-001,-1.611651778221130E-001,-6.469455957412720E-001,6.851355433464050E-001,-2.023576945066452E-001,-1.611651778221130E-001,-6.469455957412720E-001,6.851355433464050E-001,
3.351666666666667E+009,-2.444096207618713E-001,-9.305906295776367E-002,-6.267432570457459E-001,7.029743194580078E-001,-2.444096207618713E-001,-9.305906295776367E-002,-6.267432570457459E-001,7.029743194580078E-001,
3.363333333333333E+009,-2.307223677635193E-001,-1.813850179314613E-002,-6.153658032417297E-001,7.201954722404480E-001,-2.307223677635193E-001,-1.813850179314613E-002,-6.153658032417297E-001,7.201954722404480E-001,
3.375000000000000E+009,-1.723524183034897E-001,2.164801955223084E-002,-6.051249504089356E-001,7.597885131835938E-001,-1.723524183034897E-001,2.164801955223084E-002,-6.051249504089356E-001,7.597885131835938E-001,
3.386666666666667E+009,-1.048482358455658E-001,4.413952119648457E-003,-5.610412359237671E-001,7.879503369331360E-001,-1.048482358455658E-001,4.413952119648457E-003,-5.610412359237671E-001,7.879503369331360E-001,
3.398333333333333E+009,-7.381854206323624E-002,-6.482083350419998E-002,-5.299966931343079E-001,8.113542795181274E-001,-7.381854206323624E-002,-6.482083350419998E-002,-5.299966931343079E-001,8.113542795181274E-001,
3.410000000000000E+009,-1.057146713137627E-001,-1.330364346504211E-001,-4.855039119720459E-001,8.346173763275147E-001,-1.057146713137627E-001,-1.330364346504211E-001,-4.855039119720459E-001,8.346173763275147E-001,
3.421666666666667E+009,-1.769865751266480E-001,-1.561849266290665E-001,-4.468154311180115E-001,8.339303731918335E-001,-1.769865751266480E-001,-1.561849266290665E-001,-4.468154311180115E-001,8.339303731918335E-001,
3.433333333333333E+009,-2.447023242712021E-001,-1.222929432988167E-001,-4.170165061950684E-001,8.376675844192505E-001,-2.447023242712021E-001,-1.222929432988167E-001,-4.170165061950684E-001,8.376675844192505E-001,
3.445000000000000E+009,-2.749669551849365E-001,-5.022491142153740E-002,-3.990901410579681E-001,8.428303599357605E-001,-2.749669551849365E-001,-5.022491142153740E-002,-3.990901410579681E-001,8.428303599357605E-001,
3.456666666666667E+009,-2.523319423198700E-001,2.326157875359058E-002,-3.833757936954498E-001,8.632555007934570E-001,-2.523319423198700E-001,2.326157875359058E-002,-3.833757936954498E-001,8.632555007934570E-001,
3.468333333333333E+009,-1.865365207195282E-001,5.943068116903305E-002,-3.631922304630280E-001,8.847151994705200E-001,-1.865365207195282E-001,5.943068116903305E-002,-3.631922304630280E-001,8.847151994705200E-001,
3.480000000000000E+009,-1.188487336039543E-001,3.179676458239555E-002,-3.283065557479858E-001,9.173383712768555E-001,-1.188487336039543E-001,3.179676458239555E-002,-3.283065557479858E-001,9.173383712768555E-001,
3.491666666666667E+009,-9.708130359649658E-002,-3.958192095160484E-002,-2.702189385890961E-001,9.313430190086365E-001,-9.708130359649658E-002,-3.958192095160484E-002,-2.702189385890961E-001,9.313430190086365E-001,
3.503333333333333E+009,-1.360632777214050E-001,-1.071151494979858E-001,-2.226186990737915E-001,9.377171993255615E-001,-1.360632777214050E-001,-1.071151494979858E-001,-2.226186990737915E-001,9.377171993255615E-001,
3.515000000000000E+009,-2.134465575218201E-001,-1.270621418952942E-001,-1.904401481151581E-001,9.286986589431763E-001,-2.134465575218201E-001,-1.270621418952942E-001,-1.904401481151581E-001,9.286986589431763E-001,
3.526666666666667E+009,-2.823951840400696E-001,-8.723226934671402E-002,-1.634058803319931E-001,9.205344319343567E-001,-2.823951840400696E-001,-8.723226934671402E-002,-1.634058803319931E-001,9.205344319343567E-001,
3.538333333333333E+009,-3.080063760280609E-001,-7.587678264826536E-003,-1.424343883991242E-001,9.205840826034546E-001,-3.080063760280609E-001,-7.587678264826536E-003,-1.424343883991242E-001,9.205840826034546E-001,
3.550000000000000E+009,-2.796442508697510E-001,6.823032349348068E-002,-1.221573352813721E-001,9.312403202056885E-001,-2.796442508697510E-001,6.823032349348068E-002,-1.221573352813721E-001,9.312403202056885E-001,
3.561666666666667E+009,-2.120417207479477E-001,1.035023853182793E-001,-1.016932576894760E-001,9.497089982032776E-001,-2.120417207479477E-001,1.035023853182793E-001,-1.016932576894760E-001,9.497089982032776E-001,
3.573333333333333E+009,-1.443517357110977E-001,7.880444824695587E-002,-5.611455440521240E-002,9.620819687843323E-001,-1.443517357110977E-001,7.880444824695587E-002,-5.611455440521240E-002,9.620819687843323E-001,
3.585000000000000E+009,-1.203394308686256E-001,1.101540587842464E-002,-3.840428253170103E-004,9.635106325149536E-001,-1.203394308686256E-001,1.101540587842464E-002,-3.840428253170103E-004,9.635106325149536E-001,
3.596666666666667E+009,-1.598639637231827E-001,-5.433196946978569E-002,4.540470242500305E-002,9.557980895042419E-001,-1.598639637231827E-001,-5.433196946978569E-002,4.540470242500305E-002,9.557980895042419E-001,
3.608333333333333E+009,-2.345298379659653E-001,-7.059209793806076E-002,7.627684623003006E-002,9.422763586044312E-001,-2.345298379659653E-001,-7.059209793806076E-002,7.627684623003006E-002,9.422763586044312E-001,
3.620000000000000E+009,-2.992644309997559E-001,-2.794744074344635E-002,1.115827262401581E-001,9.221656322479248E-001,-2.992644309997559E-001,-2.794744074344635E-002,1.115827262401581E-001,9.221656322479248E-001,
3.631666666666667E+009,-3.202838003635407E-001,4.860021919012070E-002,1.212491318583489E-001,9.140848517417908E-001,-3.202838003635407E-001,4.860021919012070E-002,1.212491318583489E-001,9.140848517417908E-001,
3.643333333333333E+009,-2.860714197158814E-001,1.192596405744553E-001,1.408571004867554E-001,9.179165363311768E-001,-2.860714197158814E-001,1.192596405744553E-001,1.408571004867554E-001,9.179165363311768E-001,
3.655000000000000E+009,-2.183582633733749E-001,1.518768519163132E-001,1.696646362543106E-001,9.299260973930359E-001,-2.183582633733749E-001,1.518768519163132E-001,1.696646362543106E-001,9.299260973930359E-001,
3.666666666666667E+009,-1.536284834146500E-001,1.275051683187485E-001,2.206132113933563E-001,9.314773678779602E-001,-1.536284834146500E-001,1.275051683187485E-001,2.206132113933563E-001,9.314773678779602E-001,
3.678333333333333E+009,-1.358923763036728E-001,6.256585568189621E-002,2.649131715297699E-001,9.218509197235107E-001,-1.358923763036728E-001,6.256585568189621E-002,2.649131715297699E-001,9.218509197235107E-001,
3.690000000000000E+009,-1.765684038400650E-001,5.144420545548201E-003,3.081291913986206E-001,9.047097563743591E-001,-1.765684038400650E-001,5.144420545548201E-003,3.081291913986206E-001,9.047097563743591E-001,
3.701666666666667E+009,-2.499330341815949E-001,-2.130039036273956E-003,3.432043492794037E-001,8.705807328224182E-001,-2.499330341815949E-001,-2.130039036273956E-003,3.432043492794037E-001,8.705807328224182E-001,
3.713333333333333E+009,-3.094443976879120E-001,4.467692971229553E-002,3.601476252079010E-001,8.495618104934692E-001,-3.094443976879120E-001,4.467692971229553E-002,3.601476252079010E-001,8.495618104934692E-001,
3.725000000000000E+009,-3.219305276870728E-001,1.207036450505257E-001,3.725235760211945E-001,8.362888693809509E-001,-3.219305276870728E-001,1.207036450505257E-001,3.725235760211945E-001,8.362888693809509E-001,
3.736666666666667E+009,-2.827459871768951E-001,1.930900663137436E-001,3.939746022224426E-001,8.309254050254822E-001,-2.827459871768951E-001,1.930900663137436E-001,3.939746022224426E-001,8.309254050254822E-001,
3.748333333333333E+009,-2.066871821880341E-001,2.224546074867249E-001,4.255844652652741E-001,8.445214629173279E-001,-2.066871821880341E-001,2.224546074867249E-001,4.255844652652741E-001,8.445214629173279E-001,
3.760000000000000E+009,-1.361676007509232E-001,1.948429644107819E-001,4.687615036964417E-001,8.400294184684753E-001,-1.361676007509232E-001,1.948429644107819E-001,4.687615036964417E-001,8.400294184684753E-001,
3.771666666666667E+009,-1.138421595096588E-001,1.284735202789307E-001,5.161302685737610E-001,8.174624443054199E-001,-1.138421595096588E-001,1.284735202789307E-001,5.161302685737610E-001,8.174624443054199E-001,
3.783333333333333E+009,-1.550937891006470E-001,7.119312882423401E-002,5.558087825775147E-001,7.866323590278626E-001,-1.550937891006470E-001,7.119312882423401E-002,5.558087825775147E-001,7.866323590278626E-001,
3.795000000000000E+009,-2.312982678413391E-001,6.308916211128235E-002,5.754774808883667E-001,7.431477308273315E-001,-2.312982678413391E-001,6.308916211128235E-002,5.754774808883667E-001,7.431477308273315E-001,
3.806666666666667E+009,-2.892147898674011E-001,1.086760088801384E-001,5.887110233306885E-001,7.093906402587891E-001,-2.892147898674011E-001,1.086760088801384E-001,5.887110233306885E-001,7.093906402587891E-001,
3.818333333333333E+009,-2.990892827510834E-001,1.855851858854294E-001,6.029289960861206E-001,6.899690628051758E-001,-2.990892827510834E-001,1.855851858854294E-001,6.029289960861206E-001,6.899690628051758E-001,
3.830000000000000E+009,-2.581715285778046E-001,2.537469863891602E-001,6.109845042228699E-001,6.780026555061340E-001,-2.581715285778046E-001,2.537469863891602E-001,6.109845042228699E-001,6.780026555061340E-001,
3.841666666666667E+009,-1.844469904899597E-001,2.779078483581543E-001,6.298869252204895E-001,6.838805675506592E-001,-1.844469904899597E-001,2.779078483581543E-001,6.298869252204895E-001,6.838805675506592E-001,
3.853333333333333E+009,-1.158671155571938E-001,2.533079981803894E-001,6.715288162231445E-001,6.684695482254028E-001,-1.158671155571938E-001,2.533079981803894E-001,6.715288162231445E-001,6.684695482254028E-001,
3.865000000000000E+009,-9.083651006221771E-002,1.930816471576691E-001,7.197132706642151E-001,6.430704593658447E-001,-9.083651006221771E-002,1.930816471576691E-001,7.197132706642151E-001,6.430704593658447E-001,
3.876666666666667E+009,-1.271697878837585E-001,1.391663104295731E-001,7.459342479705811E-001,6.032522320747376E-001,-1.271697878837585E-001,1.391663104295731E-001,7.459342479705811E-001,6.032522320747376E-001,
3.888333333333333E+009,-1.989882439374924E-001,1.352715492248535E-001,7.700540423393250E-001,5.508761405944824E-001,-1.989882439374924E-001,1.352715492248535E-001,7.700540423393250E-001,5.508761405944824E-001,
3.900000000000000E+009,-2.553563714027405E-001,1.859190762042999E-001,7.748118042945862E-001,5.155375003814697E-001,-2.553563714027405E-001,1.859190762042999E-001,7.748118042945862E-001,5.155375003814697E-001,
3.911666666666667E+009,-2.602290809154511E-001,2.630105614662170E-001,7.698165178298950E-001,4.845215678215027E-001,-2.602290809154511E-001,2.630105614662170E-001,7.698165178298950E-001,4.845215678215027E-001,
3.923333333333333E+009,-2.107293456792831E-001,3.289570510387421E-001,7.757650613784790E-001,4.700529575347900E-001,-2.107293456792831E-001,3.289570510387421E-001,7.757650613784790E-001,4.700529575347900E-001,
3.935000000000000E+009,-1.272245198488236E-001,3.511008620262146E-001,7.957928180694580E-001,4.610006511211395E-001,-1.272245198488236E-001,3.511008620262146E-001,7.957928180694580E-001,4.610006511211395E-001,
3.946666666666667E+009,-5.536356195807457E-002,3.220632374286652E-001,8.205328583717346E-001,4.471169412136078E-001,-5.536356195807457E-002,3.220632374286652E-001,8.205328583717346E-001,4.471169412136078E-001,
3.958333333333333E+009,-2.354793064296246E-002,2.574640512466431E-001,8.588308095932007E-001,4.170694053173065E-001,-2.354793064296246E-002,2.574640512466431E-001,8.588308095932007E-001,4.170694053173065E-001,
3.970000000000000E+009,-5.267646536231041E-002,2.046727985143662E-001,8.810429573059082E-001,3.705137372016907E-001,-5.267646536231041E-002,2.046727985143662E-001,8.810429573059082E-001,3.705137372016907E-001,
3.981666666666667E+009,-1.139806658029556E-001,1.967650651931763E-001,8.969031572341919E-001,3.205030560493469E-001,-1.139806658029556E-001,1.967650651931763E-001,8.969031572341919E-001,3.205030560493469E-001,
3.993333333333333E+009,-1.637644469738007E-001,2.406558841466904E-001,8.876639008522034E-001,2.733475267887116E-001,-1.637644469738007E-001,2.406558841466904E-001,8.876639008522034E-001,2.733475267887116E-001,
4.005000000000000E+009,-1.669359654188156E-001,3.112739920616150E-001,8.837042450904846E-001,2.435134500265122E-001,-1.669359654188156E-001,3.112739920616150E-001,8.837042450904846E-001,2.435134500265122E-001,
4.016666666666667E+009,-1.194081678986549E-001,3.678010702133179E-001,8.725408911705017E-001,2.274761646986008E-001,-1.194081678986549E-001,3.678010702133179E-001,8.725408911705017E-001,2.274761646986008E-001,
4.028333333333333E+009,-4.401193931698799E-002,3.813821971416473E-001,8.853240013122559E-001,2.124036401510239E-001,-4.401193931698799E-002,3.813821971416473E-001,8.853240013122559E-001,2.124036401510239E-001,
4.040000000000000E+009,2.905997820198536E-002,3.444712162017822E-001,9.116836786270142E-001,1.954943835735321E-001,2.905997820198536E-002,3.444712162017822E-001,9.116836786270142E-001,1.954943835735321E-001,
4.051666666666667E+009,5.700521543622017E-002,2.761710584163666E-001,9.278021454811096E-001,1.537119746208191E-001,5.700521543622017E-002,2.761710584163666E-001,9.278021454811096E-001,1.537119746208191E-001,
4.063333333333333E+009,2.825682610273361E-002,2.205407917499542E-001,9.469146132469177E-001,1.088204607367516E-001,2.825682610273361E-002,2.205407917499542E-001,9.469146132469177E-001,1.088204607367516E-001,
4.075000000000000E+009,-3.270057588815689E-002,2.129998654127121E-001,9.532347321510315E-001,4.829914867877960E-002,-3.270057588815689E-002,2.129998654127121E-001,9.532347321510315E-001,4.829914867877960E-002,
4.086666666666667E+009,-7.732447236776352E-002,2.629196643829346E-001,9.282061457633972E-001,4.037808161228895E-003,-7.732447236776352E-002,2.629196643829346E-001,9.282061457633972E-001,4.037808161228895E-003,
4.098333333333333E+009,-7.475923746824265E-002,3.306590616703033E-001,9.097683429718018E-001,-2.253248170018196E-002,-7.475923746824265E-002,3.306590616703033E-001,9.097683429718018E-001,-2.253248170018196E-002,
4.110000000000000E+009,-2.487095631659031E-002,3.814315497875214E-001,8.943985104560852E-001,-4.562565311789513E-002,-2.487095631659031E-002,3.814315497875214E-001,8.943985104560852E-001,-4.562565311789513E-002,
4.121666666666667E+009,5.096146836876869E-002,3.856077194213867E-001,8.986257910728455E-001,-5.257120355963707E-002,5.096146836876869E-002,3.856077194213867E-001,8.986257910728455E-001,-5.257120355963707E-002,
4.133333333333333E+009,1.167929843068123E-001,3.430961072444916E-001,9.046236872673035E-001,-7.062090188264847E-002,1.167929843068123E-001,3.430961072444916E-001,9.046236872673035E-001,-7.062090188264847E-002,
4.145000000000000E+009,1.420964002609253E-001,2.710416913032532E-001,9.248479604721069E-001,-1.063771098852158E-001,1.420964002609253E-001,2.710416913032532E-001,9.248479604721069E-001,-1.063771098852158E-001,
4.156666666666667E+009,1.167421415448189E-001,2.086252421140671E-001,9.392318725585938E-001,-1.544733196496964E-001,1.167421415448189E-001,2.086252421140671E-001,9.392318725585938E-001,-1.544733196496964E-001,
4.168333333333333E+009,5.812948942184448E-002,1.963004469871521E-001,9.271844029426575E-001,-2.092398405075073E-001,5.812948942184448E-002,1.963004469871521E-001,9.271844029426575E-001,-2.092398405075073E-001,
4.180000000000000E+009,1.575593650341034E-002,2.397864907979965E-001,9.003894329071045E-001,-2.642757594585419E-001,1.575593650341034E-002,2.397864907979965E-001,9.003894329071045E-001,-2.642757594585419E-001,
4.191666666666667E+009,1.856149733066559E-002,3.045966923236847E-001,8.669277429580689E-001,-2.903309166431427E-001,1.856149733066559E-002,3.045966923236847E-001,8.669277429580689E-001,-2.903309166431427E-001,
4.203333333333333E+009,6.710740178823471E-002,3.513319492340088E-001,8.383735418319702E-001,-3.018382489681244E-001,6.710740178823471E-002,3.513319492340088E-001,8.383735418319702E-001,-3.018382489681244E-001,
4.215000000000000E+009,1.370274573564529E-001,3.529157936573029E-001,8.294600844383240E-001,-3.118584752082825E-001,1.370274573564529E-001,3.529157936573029E-001,8.294600844383240E-001,-3.118584752082825E-001,
4.226666666666667E+009,1.916937381029129E-001,3.067282438278198E-001,8.335039615631104E-001,-3.212331831455231E-001,1.916937381029129E-001,3.067282438278198E-001,8.335039615631104E-001,-3.212331831455231E-001,
4.238333333333333E+009,2.133855521678925E-001,2.354461997747421E-001,8.402642011642456E-001,-3.558293282985687E-001,2.133855521678925E-001,2.354461997747421E-001,8.402642011642456E-001,-3.558293282985687E-001,
4.250000000000000E+009,1.846606135368347E-001,1.725332438945770E-001,8.480817675590515E-001,-4.008282124996185E-001,1.846606135368347E-001,1.725332438945770E-001,8.480817675590515E-001,-4.008282124996185E-001,
4.261666666666667E+009,1.302447021007538E-001,1.585018187761307E-001,8.333272933959961E-001,-4.547684490680695E-001,1.302447021007538E-001,1.585018187761307E-001,8.333272933959961E-001,-4.547684490680695E-001,
4.273333333333333E+009,8.936141431331635E-002,1.918026357889175E-001,7.941918373107910E-001,-4.982632100582123E-001,8.936141431331635E-002,1.918026357889175E-001,7.941918373107910E-001,-4.982632100582123E-001,
4.285000000000000E+009,9.367415308952332E-002,2.532565295696259E-001,7.548006772994995E-001,-5.294587016105652E-001,9.367415308952332E-002,2.532565295696259E-001,7.548006772994995E-001,-5.294587016105652E-001,
4.296666666666666E+009,1.419300436973572E-001,2.959918081760407E-001,7.185930013656616E-001,-5.312018990516663E-001,1.419300436973572E-001,2.959918081760407E-001,7.185930013656616E-001,-5.312018990516663E-001,
4.308333333333333E+009,2.093338519334793E-001,2.936616539955139E-001,7.002254128456116E-001,-5.373860597610474E-001,2.093338519334793E-001,2.936616539955139E-001,7.002254128456116E-001,-5.373860597610474E-001,
4.320000000000000E+009,2.595179677009583E-001,2.477946281433106E-001,6.960214972496033E-001,-5.426198840141296E-001,2.595179677009583E-001,2.477946281433106E-001,6.960214972496033E-001,-5.426198840141296E-001,
4.331666666666666E+009,2.734984457492828E-001,1.777376234531403E-001,6.984845995903015E-001,-5.660323500633240E-001,2.734984457492828E-001,1.777376234531403E-001,6.984845995903015E-001,-5.660323500633240E-001,
4.343333333333333E+009,2.404614835977554E-001,1.119735538959503E-001,6.921329498291016E-001,-6.092317700386047E-001,2.404614835977554E-001,1.119735538959503E-001,6.921329498291016E-001,-6.092317700386047E-001,
4.355000000000000E+009,1.825289428234100E-001,8.934259414672852E-002,6.714031696319580E-001,-6.538553237915039E-001,1.825289428234100E-001,8.934259414672852E-002,6.714031696319580E-001,-6.538553237915039E-001,
4.366666666666666E+009,1.359604299068451E-001,1.188209354877472E-001,6.237824559211731E-001,-6.977627873420715E-001,1.359604299068451E-001,1.188209354877472E-001,6.237824559211731E-001,-6.977627873420715E-001,
4.378333333333333E+009,1.367038339376450E-001,1.723989844322205E-001,5.767438411712647E-001,-7.108474969863892E-001,1.367038339376450E-001,1.723989844322205E-001,5.767438411712647E-001,-7.108474969863892E-001,
4.390000000000000E+009,1.805181205272675E-001,2.083371430635452E-001,5.382084846496582E-001,-7.189647555351257E-001,1.805181205272675E-001,2.083371430635452E-001,5.382084846496582E-001,-7.189647555351257E-001,
4.401666666666666E+009,2.403358370065689E-001,2.051546573638916E-001,5.106408596038818E-001,-7.159437537193298E-001,2.403358370065689E-001,2.051546573638916E-001,5.106408596038818E-001,-7.159437537193298E-001,
4.413333333333333E+009,2.866013050079346E-001,1.606076508760452E-001,5.034818649291992E-001,-7.202653288841248E-001,2.866013050079346E-001,1.606076508760452E-001,5.034818649291992E-001,-7.202653288841248E-001,
4.425000000000000E+009,2.917171418666840E-001,9.086222201585770E-002,4.983264803886414E-001,-7.341952919960022E-001,2.917171418666840E-001,9.086222201585770E-002,4.983264803886414E-001,-7.341952919960022E-001,
4.436666666666666E+009,2.513794600963593E-001,3.112342767417431E-002,4.827744066715241E-001,-7.618255019187927E-001,2.513794600963593E-001,3.112342767417431E-002,4.827744066715241E-001,-7.618255019187927E-001,
4.448333333333333E+009,1.833433955907822E-001,8.913787081837654E-003,4.575806856155396E-001,-8.072676062583923E-001,1.833433955907822E-001,8.913787081837654E-003,4.575806856155396E-001,-8.072676062583923E-001,
4.460000000000000E+009,1.265540570020676E-001,3.955482318997383E-002,4.124740958213806E-001,-8.441883921623230E-001,1.265540570020676E-001,3.955482318997383E-002,4.124740958213806E-001,-8.441883921623230E-001,
4.471666666666666E+009,1.167024821043015E-001,9.898864477872849E-002,3.553217947483063E-001,-8.550048470497131E-001,1.167024821043015E-001,9.898864477872849E-002,3.553217947483063E-001,-8.550048470497131E-001,
4.483333333333333E+009,1.551064550876617E-001,1.403101384639740E-001,3.013275563716888E-001,-8.566032052040100E-001,1.551064550876617E-001,1.403101384639740E-001,3.013275563716888E-001,-8.566032052040100E-001,
4.495000000000000E+009,2.150458842515945E-001,1.439752280712128E-001,2.738299071788788E-001,-8.388749361038208E-001,2.150458842515945E-001,1.439752280712128E-001,2.738299071788788E-001,-8.388749361038208E-001,
4.506666666666666E+009,2.625729441642761E-001,1.046032011508942E-001,2.555512189865112E-001,-8.341258168220520E-001,2.625729441642761E-001,1.046032011508942E-001,2.555512189865112E-001,-8.341258168220520E-001,
4.518333333333333E+009,2.685640752315521E-001,4.545042663812637E-002,2.453615069389343E-001,-8.321322202682495E-001,2.685640752315521E-001,4.545042663812637E-002,2.453615069389343E-001,-8.321322202682495E-001,
4.530000000000000E+009,2.330723404884338E-001,-5.804726388305426E-003,2.323376983404160E-001,-8.577544093132019E-001,2.330723404884338E-001,-5.804726388305426E-003,2.323376983404160E-001,-8.577544093132019E-001,
4.541666666666666E+009,1.724036037921906E-001,-2.372846193611622E-002,2.004189342260361E-001,-8.846706151962280E-001,1.724036037921906E-001,-2.372846193611622E-002,2.004189342260361E-001,-8.846706151962280E-001,
4.553333333333333E+009,1.193398088216782E-001,5.483230110257864E-003,1.509810239076614E-001,-9.085537195205689E-001,1.193398088216782E-001,5.483230110257864E-003,1.509810239076614E-001,-9.085537195205689E-001,
4.565000000000000E+009,1.111165508627892E-001,6.144211068749428E-002,9.427908062934876E-002,-9.113439917564392E-001,1.111165508627892E-001,6.144211068749428E-002,9.427908062934876E-002,-9.113439917564392E-001,
4.576666666666666E+009,1.474422514438629E-001,9.726785868406296E-002,4.605194926261902E-002,-8.973389267921448E-001,1.474422514438629E-001,9.726785868406296E-002,4.605194926261902E-002,-8.973389267921448E-001,
4.588333333333333E+009,2.009477913379669E-001,9.186007082462311E-002,1.537520159035921E-002,-8.738120198249817E-001,2.009477913379669E-001,9.186007082462311E-002,1.537520159035921E-002,-8.738120198249817E-001,
4.600000000000000E+009,2.389100641012192E-001,4.956989362835884E-002,-7.026347797363997E-003,-8.628397583961487E-001,2.389100641012192E-001,4.956989362835884E-002,-7.026347797363997E-003,-8.628397583961487E-001,
4.611666666666666E+009,2.368870377540588E-001,-1.023973710834980E-002,-1.882515288889408E-002,-8.629868030548096E-001,2.368870377540588E-001,-1.023973710834980E-002,-1.882515288889408E-002,-8.629868030548096E-001,
4.623333333333333E+009,1.946296393871307E-001,-5.829982087016106E-002,-3.012423403561115E-002,-8.656134605407715E-001,1.946296393871307E-001,-5.829982087016106E-002,-3.012423403561115E-002,-8.656134605407715E-001,
4.635000000000000E+009,1.269443035125732E-001,-6.549590080976486E-002,-6.026984751224518E-002,-8.875222802162170E-001,1.269443035125732E-001,-6.549590080976486E-002,-6.026984751224518E-002,-8.875222802162170E-001,
4.646666666666666E+009,7.097196578979492E-002,-2.718840539455414E-002,-1.029276251792908E-001,-9.040590524673462E-001,7.097196578979492E-002,-2.718840539455414E-002,-1.029276251792908E-001,-9.040590524673462E-001,
4.658333333333333E+009,5.794568732380867E-002,3.702247142791748E-002,-1.623183637857437E-001,-8.975841403007507E-001,5.794568732380867E-002,3.702247142791748E-002,-1.623183637857437E-001,-8.975841403007507E-001,
4.670000000000000E+009,9.401016682386398E-002,8.291634917259216E-002,-2.131014019250870E-001,-8.680692911148071E-001,9.401016682386398E-002,8.291634917259216E-002,-2.131014019250870E-001,-8.680692911148071E-001,
4.681666666666666E+009,1.470018923282623E-001,8.353696763515472E-002,-2.453659474849701E-001,-8.402493596076965E-001,1.470018923282623E-001,8.353696763515472E-002,-2.453659474849701E-001,-8.402493596076965E-001,
4.693333333333333E+009,1.795056313276291E-001,4.617001488804817E-002,-2.589976191520691E-001,-8.165395855903626E-001,1.795056313276291E-001,4.617001488804817E-002,-2.589976191520691E-001,-8.165395855903626E-001,
4.705000000000000E+009,1.730533838272095E-001,-5.154712591320276E-003,-2.691181302070618E-001,-8.034258484840393E-001,1.730533838272095E-001,-5.154712591320276E-003,-2.691181302070618E-001,-8.034258484840393E-001,
4.716666666666666E+009,1.305966824293137E-001,-3.676577284932137E-002,-2.874300479888916E-001,-8.011693358421326E-001,1.305966824293137E-001,-3.676577284932137E-002,-2.874300479888916E-001,-8.011693358421326E-001,
4.728333333333333E+009,7.106427848339081E-002,-2.739683538675308E-002,-3.080813884735107E-001,-8.065065145492554E-001,7.106427848339081E-002,-2.739683538675308E-002,-3.080813884735107E-001,-8.065065145492554E-001,
4.740000000000000E+009,2.886305749416351E-002,2.394694834947586E-002,-3.624912202358246E-001,-8.145605325698853E-001,2.886305749416351E-002,2.394694834947586E-002,-3.624912202358246E-001,-8.145605325698853E-001,
4.751666666666666E+009,3.409886732697487E-002,8.918100595474243E-002,-4.090062081813812E-001,-7.890819311141968E-001,3.409886732697487E-002,8.918100595474243E-002,-4.090062081813812E-001,-7.890819311141968E-001,
4.763333333333333E+009,8.235375583171845E-002,1.342554092407227E-001,-4.507395923137665E-001,-7.497847676277161E-001,8.235375583171845E-002,1.342554092407227E-001,-4.507395923137665E-001,-7.497847676277161E-001,
4.775000000000000E+009,1.414705514907837E-001,1.319399178028107E-001,-4.700003862380981E-001,-7.159292101860046E-001,1.414705514907837E-001,1.319399178028107E-001,-4.700003862380981E-001,-7.159292101860046E-001,
4.786666666666666E+009,1.750513166189194E-001,9.598772972822189E-002,-4.759758412837982E-001,-6.852199435234070E-001,1.750513166189194E-001,9.598772972822189E-002,-4.759758412837982E-001,-6.852199435234070E-001,
4.798333333333333E+009,1.697155684232712E-001,5.190318450331688E-002,-4.868130683898926E-001,-6.598150730133057E-001,1.697155684232712E-001,5.190318450331688E-002,-4.868130683898926E-001,-6.598150730133057E-001,
4.810000000000000E+009,1.323054879903793E-001,3.053377382457256E-002,-4.981832206249237E-001,-6.411768794059753E-001,1.323054879903793E-001,3.053377382457256E-002,-4.981832206249237E-001,-6.411768794059753E-001,
4.821666666666666E+009,8.716741204261780E-002,4.574736952781677E-002,-5.204914212226868E-001,-6.473135948181152E-001,8.716741204261780E-002,4.574736952781677E-002,-5.204914212226868E-001,-6.473135948181152E-001,
4.833333333333333E+009,6.396359205245972E-002,1.005580201745033E-001,-5.457966923713684E-001,-6.304090023040772E-001,6.396359205245972E-002,1.005580201745033E-001,-5.457966923713684E-001,-6.304090023040772E-001,
4.845000000000000E+009,8.583024144172669E-002,1.606321185827255E-001,-5.865087509155273E-001,-6.082887053489685E-001,8.583024144172669E-002,1.606321185827255E-001,-5.865087509155273E-001,-6.082887053489685E-001,
4.856666666666666E+009,1.482909321784973E-001,1.929403990507126E-001,-6.100191473960877E-001,-5.710930824279785E-001,1.482909321784973E-001,1.929403990507126E-001,-6.100191473960877E-001,-5.710930824279785E-001,
4.868333333333333E+009,2.149021029472351E-001,1.808845102787018E-001,-6.290903687477112E-001,-5.247026085853577E-001,2.149021029472351E-001,1.808845102787018E-001,-6.290903687477112E-001,-5.247026085853577E-001,
4.880000000000000E+009,2.549128234386444E-001,1.399065256118774E-001,-6.261643767356873E-001,-4.891294836997986E-001,2.549128234386444E-001,1.399065256118774E-001,-6.261643767356873E-001,-4.891294836997986E-001,
4.891666666666666E+009,2.598237097263336E-001,9.299489855766296E-002,-6.308952569961548E-001,-4.654530286788940E-001,2.598237097263336E-001,9.299489855766296E-002,-6.308952569961548E-001,-4.654530286788940E-001,
4.903333333333333E+009,2.303602248430252E-001,6.697735190391541E-002,-6.192878484725952E-001,-4.529648423194885E-001,2.303602248430252E-001,6.697735190391541E-002,-6.192878484725952E-001,-4.529648423194885E-001,
4.915000000000000E+009,2.000481337308884E-001,7.460465282201767E-002,-6.333945393562317E-001,-4.375347495079041E-001,2.000481337308884E-001,7.460465282201767E-002,-6.333945393562317E-001,-4.375347495079041E-001,
4.926666666666666E+009,1.875001937150955E-001,1.090040579438210E-001,-6.500461101531982E-001,-4.207910895347595E-001,1.875001937150955E-001,1.090040579438210E-001,-6.500461101531982E-001,-4.207910895347595E-001,
4.938333333333333E+009,2.119541615247726E-001,1.497154533863068E-001,-6.682906150817871E-001,-4.015937447547913E-001,2.119541615247726E-001,1.497154533863068E-001,-6.682906150817871E-001,-4.015937447547913E-001,
4.950000000000000E+009,2.663491070270538E-001,1.675224900245667E-001,-6.883904337882996E-001,-3.684493899345398E-001,2.663491070270538E-001,1.675224900245667E-001,-6.883904337882996E-001,-3.684493899345398E-001,
4.961666666666666E+009,3.257071375846863E-001,1.450190097093582E-001,-6.968969702720642E-001,-3.351686894893646E-001,3.257071375846863E-001,1.450190097093582E-001,-6.968969702720642E-001,-3.351686894893646E-001,
4.973333333333333E+009,3.646913170814514E-001,1.026232093572617E-001,-6.902607679367065E-001,-2.981517910957336E-001,3.646913170814514E-001,1.026232093572617E-001,-6.902607679367065E-001,-2.981517910957336E-001,
4.985000000000000E+009,3.696571290493012E-001,5.168315395712853E-002,-6.839373111724854E-001,-2.744888663291931E-001,3.696571290493012E-001,5.168315395712853E-002,-6.839373111724854E-001,-2.744888663291931E-001,
4.996666666666666E+009,3.521236479282379E-001,1.826025545597076E-002,-6.840499043464661E-001,-2.646950185298920E-001,3.521236479282379E-001,1.826025545597076E-002,-6.840499043464661E-001,-2.646950185298920E-001,
5.008333333333333E+009,3.280785977840424E-001,1.128828339278698E-002,-6.751629710197449E-001,-2.529986798763275E-001,3.280785977840424E-001,1.128828339278698E-002,-6.751629710197449E-001,-2.529986798763275E-001,
5.020000000000000E+009,3.177213370800018E-001,2.325206808745861E-002,-6.811216473579407E-001,-2.379729896783829E-001,3.177213370800018E-001,2.325206808745861E-002,-6.811216473579407E-001,-2.379729896783829E-001,
5.031666666666666E+009,3.338568508625031E-001,4.273001849651337E-002,-6.951044797897339E-001,-2.210901677608490E-001,3.338568508625031E-001,4.273001849651337E-002,-6.951044797897339E-001,-2.210901677608490E-001,
5.043333333333333E+009,3.736909329891205E-001,4.103647917509079E-002,-7.088133096694946E-001,-1.954083293676376E-001,3.736909329891205E-001,4.103647917509079E-002,-7.088133096694946E-001,-1.954083293676376E-001,
5.055000000000000E+009,4.201706647872925E-001,1.446510292589665E-002,-7.120119333267212E-001,-1.649262458086014E-001,4.201706647872925E-001,1.446510292589665E-002,-7.120119333267212E-001,-1.649262458086014E-001,
5.066666666666666E+009,4.506060779094696E-001,-3.652184456586838E-002,-7.065866589546204E-001,-1.400333940982819E-001,4.506060779094696E-001,-3.652184456586838E-002,-7.065866589546204E-001,-1.400333940982819E-001,
5.078333333333333E+009,4.456407725811005E-001,-9.282710403203964E-002,-6.935342550277710E-001,-1.187343448400497E-001,4.456407725811005E-001,-9.282710403203964E-002,-6.935342550277710E-001,-1.187343448400497E-001,
5.090000000000000E+009,4.233505427837372E-001,-1.363908201456070E-001,-6.883593797683716E-001,-9.748572111129761E-002,4.233505427837372E-001,-1.363908201456070E-001,-6.883593797683716E-001,-9.748572111129761E-002,
5.101666666666666E+009,3.924650251865387E-001,-1.559109538793564E-001,-6.915018558502197E-001,-9.073767066001892E-002,3.924650251865387E-001,-1.559109538793564E-001,-6.915018558502197E-001,-9.073767066001892E-002,
5.113333333333333E+009,3.685337603092194E-001,-1.545434594154358E-001,-6.961680650711060E-001,-8.684469759464264E-002,3.685337603092194E-001,-1.545434594154358E-001,-6.961680650711060E-001,-8.684469759464264E-002,
5.125000000000000E+009,3.647182583808899E-001,-1.475635021924973E-001,-7.050915956497192E-001,-6.927616894245148E-002,3.647182583808899E-001,-1.475635021924973E-001,-7.050915956497192E-001,-6.927616894245148E-002,
5.136666666666666E+009,3.823468387126923E-001,-1.486710458993912E-001,-7.103599309921265E-001,-5.065080150961876E-002,3.823468387126923E-001,-1.486710458993912E-001,-7.103599309921265E-001,-5.065080150961876E-002,
5.148333333333333E+009,4.066501259803772E-001,-1.715599894523621E-001,-7.212639451026917E-001,-2.924286015331745E-002,4.066501259803772E-001,-1.715599894523621E-001,-7.212639451026917E-001,-2.924286015331745E-002,
5.160000000000000E+009,4.174472689628601E-001,-2.152338325977325E-001,-7.145876288414002E-001,-2.393001690506935E-003,4.174472689628601E-001,-2.152338325977325E-001,-7.145876288414002E-001,-2.393001690506935E-003,
5.171666666666666E+009,4.097969830036163E-001,-2.678815424442291E-001,-7.055244445800781E-001,2.486199326813221E-002,4.097969830036163E-001,-2.678815424442291E-001,-7.055244445800781E-001,2.486199326813221E-002,
5.183333333333333E+009,3.852409422397614E-001,-3.105281591415405E-001,-7.052134275436401E-001,4.210334643721581E-002,3.852409422397614E-001,-3.105281591415405E-001,-7.052134275436401E-001,4.210334643721581E-002,
5.195000000000000E+009,3.413445055484772E-001,-3.319365978240967E-001,-6.990717649459839E-001,4.570648819208145E-002,3.413445055484772E-001,-3.319365978240967E-001,-6.990717649459839E-001,4.570648819208145E-002,
5.206666666666666E+009,3.042337000370026E-001,-3.309038877487183E-001,-7.026913762092590E-001,5.438730865716934E-002,3.042337000370026E-001,-3.309038877487183E-001,-7.026913762092590E-001,5.438730865716934E-002,
5.218333333333333E+009,2.820228934288025E-001,-3.221672773361206E-001,-7.077991962432861E-001,7.811525464057922E-002,2.820228934288025E-001,-3.221672773361206E-001,-7.077991962432861E-001,7.811525464057922E-002,
5.230000000000000E+009,2.767454087734222E-001,-3.138568103313446E-001,-7.152736783027649E-001,9.660300612449646E-002,2.767454087734222E-001,-3.138568103313446E-001,-7.152736783027649E-001,9.660300612449646E-002,
5.241666666666666E+009,2.829819023609161E-001,-3.233596384525299E-001,-7.312993407249451E-001,1.224153116345406E-001,2.829819023609161E-001,-3.233596384525299E-001,-7.312993407249451E-001,1.224153116345406E-001,
5.253333333333333E+009,2.954850196838379E-001,-3.510986566543579E-001,-7.214697599411011E-001,1.439327001571655E-001,2.954850196838379E-001,-3.510986566543579E-001,-7.214697599411011E-001,1.439327001571655E-001,
5.265000000000000E+009,2.825841903686523E-001,-3.879544138908386E-001,-7.164807319641113E-001,1.804863661527634E-001,2.825841903686523E-001,-3.879544138908386E-001,-7.164807319641113E-001,1.804863661527634E-001,
5.276666666666666E+009,2.492523938417435E-001,-4.268574118614197E-001,-7.047592401504517E-001,1.917972713708878E-001,2.492523938417435E-001,-4.268574118614197E-001,-7.047592401504517E-001,1.917972713708878E-001,
5.288333333333333E+009,2.042018771171570E-001,-4.444795548915863E-001,-6.912282109260559E-001,2.070281952619553E-001,2.042018771171570E-001,-4.444795548915863E-001,-6.912282109260559E-001,2.070281952619553E-001,
5.300000000000000E+009,1.606750786304474E-001,-4.430794715881348E-001,-6.999202966690064E-001,2.320120930671692E-001,1.606750786304474E-001,-4.430794715881348E-001,-6.999202966690064E-001,2.320120930671692E-001,
5.311666666666666E+009,1.249486431479454E-001,-4.216406941413879E-001,-7.031574845314026E-001,2.437986731529236E-001,1.249486431479454E-001,-4.216406941413879E-001,-7.031574845314026E-001,2.437986731529236E-001,
5.323333333333333E+009,1.101146563887596E-001,-4.000167548656464E-001,-7.050970792770386E-001,2.625100910663605E-001,1.101146563887596E-001,-4.000167548656464E-001,-7.050970792770386E-001,2.625100910663605E-001,
5.335000000000000E+009,1.151092797517777E-001,-3.854008018970490E-001,-7.087275981903076E-001,2.920138835906982E-001,1.151092797517777E-001,-3.854008018970490E-001,-7.087275981903076E-001,2.920138835906982E-001,
5.346666666666666E+009,1.180614680051804E-001,-3.951902389526367E-001,-6.994564533233643E-001,3.328804075717926E-001,1.180614680051804E-001,-3.951902389526367E-001,-6.994564533233643E-001,3.328804075717926E-001,
5.358333333333333E+009,1.125238165259361E-001,-4.179344177246094E-001,-6.886869668960571E-001,3.557280600070953E-001,1.125238165259361E-001,-4.179344177246094E-001,-6.886869668960571E-001,3.557280600070953E-001,
5.370000000000000E+009,8.916097134351730E-002,-4.464083015918732E-001,-6.752728819847107E-001,3.838254511356354E-001,8.916097134351730E-002,-4.464083015918732E-001,-6.752728819847107E-001,3.838254511356354E-001,
5.381666666666666E+009,4.965534061193466E-002,-4.606158137321472E-001,-6.613115072250366E-001,4.019353985786438E-001,4.965534061193466E-002,-4.606158137321472E-001,-6.613115072250366E-001,4.019353985786438E-001,
5.393333333333333E+009,1.595634385012090E-004,-4.502073824405670E-001,-6.557022929191589E-001,4.188539385795593E-001,1.595634385012090E-004,-4.502073824405670E-001,-6.557022929191589E-001,4.188539385795593E-001,
5.405000000000000E+009,-3.541983664035797E-002,-4.220359921455383E-001,-6.510367393493652E-001,4.440037310123444E-001,-3.541983664035797E-002,-4.220359921455383E-001,-6.510367393493652E-001,4.440037310123444E-001,
5.416666666666666E+009,-4.903991520404816E-002,-3.866795897483826E-001,-6.445712447166443E-001,4.644859135150909E-001,-4.903991520404816E-002,-3.866795897483826E-001,-6.445712447166443E-001,4.644859135150909E-001,
5.428333333333333E+009,-4.468310251832008E-002,-3.572529852390289E-001,-6.360136270523071E-001,4.909386634826660E-001,-4.468310251832008E-002,-3.572529852390289E-001,-6.360136270523071E-001,4.909386634826660E-001,
5.440000000000000E+009,-3.040406666696072E-002,-3.535804152488709E-001,-6.184856891632080E-001,5.290724039077759E-001,-3.040406666696072E-002,-3.535804152488709E-001,-6.184856891632080E-001,5.290724039077759E-001,
5.451666666666666E+009,-2.729646861553192E-002,-3.702439963817596E-001,-5.995409488677979E-001,5.500862598419190E-001,-2.729646861553192E-002,-3.702439963817596E-001,-5.995409488677979E-001,5.500862598419190E-001,
5.463333333333333E+009,-4.224756732583046E-002,-3.930883705615997E-001,-5.773590207099915E-001,5.661596655845642E-001,-4.224756732583046E-002,-3.930883705615997E-001,-5.773590207099915E-001,5.661596655845642E-001,
5.475000000000000E+009,-8.188603073358536E-002,-4.084114730358124E-001,-5.553843379020691E-001,5.959194302558899E-001,-8.188603073358536E-002,-4.084114730358124E-001,-5.553843379020691E-001,5.959194302558899E-001,
5.486666666666666E+009,-1.252536475658417E-001,-3.949074447154999E-001,-5.502775907516480E-001,6.078761816024780E-001,-1.252536475658417E-001,-3.949074447154999E-001,-5.502775907516480E-001,6.078761816024780E-001,
5.498333333333333E+009,-1.594994813203812E-001,-3.552154898643494E-001,-5.316935777664185E-001,6.279532313346863E-001,-1.594994813203812E-001,-3.552154898643494E-001,-5.316935777664185E-001,6.279532313346863E-001,
5.510000000000000E+009,-1.677228361368179E-001,-3.070417940616608E-001,-5.157882571220398E-001,6.549743413925171E-001,-1.677228361368179E-001,-3.070417940616608E-001,-5.157882571220398E-001,6.549743413925171E-001,
5.521666666666666E+009,-1.470314115285873E-001,-2.684285044670105E-001,-5.002161264419556E-001,6.831900477409363E-001,-1.470314115285873E-001,-2.684285044670105E-001,-5.002161264419556E-001,6.831900477409363E-001,
5.533333333333333E+009,-1.168592721223831E-001,-2.595283687114716E-001,-4.770576953887940E-001,7.146435379981995E-001,-1.168592721223831E-001,-2.595283687114716E-001,-4.770576953887940E-001,7.146435379981995E-001,
5.545000000000000E+009,-9.578540921211243E-002,-2.769739627838135E-001,-4.412833452224731E-001,7.326473593711853E-001,-9.578540921211243E-002,-2.769739627838135E-001,-4.412833452224731E-001,7.326473593711853E-001,
5.556666666666666E+009,-1.052324399352074E-001,-3.071319460868835E-001,-4.134229421615601E-001,7.519575357437134E-001,-1.052324399352074E-001,-3.071319460868835E-001,-4.134229421615601E-001,7.519575357437134E-001,
5.568333333333333E+009,-1.433502137660980E-001,-3.239629864692688E-001,-3.810827136039734E-001,7.601068019866943E-001,-1.433502137660980E-001,-3.239629864692688E-001,-3.810827136039734E-001,7.601068019866943E-001,
5.580000000000000E+009,-1.911861002445221E-001,-3.119784891605377E-001,-3.611361086368561E-001,7.696954011917114E-001,-1.911861002445221E-001,-3.119784891605377E-001,-3.611361086368561E-001,7.696954011917114E-001,
5.591666666666666E+009,-2.194859832525253E-001,-2.673031687736511E-001,-3.482429385185242E-001,7.881015539169312E-001,-2.194859832525253E-001,-2.673031687736511E-001,-3.482429385185242E-001,7.881015539169312E-001,
5.603333333333333E+009,-2.157685607671738E-001,-2.141156494617462E-001,-3.181027472019196E-001,8.151931762695313E-001,-2.157685607671738E-001,-2.141156494617462E-001,-3.181027472019196E-001,8.151931762695313E-001,
5.615000000000000E+009,-1.827653199434280E-001,-1.748011708259583E-001,-2.852334976196289E-001,8.333268761634827E-001,-1.827653199434280E-001,-1.748011708259583E-001,-2.852334976196289E-001,8.333268761634827E-001,
5.626666666666666E+009,-1.383884698152542E-001,-1.690130084753037E-001,-2.521515488624573E-001,8.500466942787170E-001,-1.383884698152542E-001,-1.690130084753037E-001,-2.521515488624573E-001,8.500466942787170E-001,
5.638333333333333E+009,-1.090653166174889E-001,-1.974296569824219E-001,-2.103008776903153E-001,8.569250702857971E-001,-1.090653166174889E-001,-1.974296569824219E-001,-2.103008776903153E-001,8.569250702857971E-001,
5.650000000000000E+009,-1.159706488251686E-001,-2.344470471143723E-001,-1.792837232351303E-001,8.656756877899170E-001,-1.159706488251686E-001,-2.344470471143723E-001,-1.792837232351303E-001,8.656756877899170E-001,
5.661666666666666E+009,-1.535063236951828E-001,-2.573850750923157E-001,-1.509451568126679E-001,8.638867735862732E-001,-1.535063236951828E-001,-2.573850750923157E-001,-1.509451568126679E-001,8.638867735862732E-001,
5.673333333333333E+009,-2.027249336242676E-001,-2.464454174041748E-001,-1.235020160675049E-001,8.748110532760620E-001,-2.027249336242676E-001,-2.464454174041748E-001,-1.235020160675049E-001,8.748110532760620E-001,
5.685000000000000E+009,-2.312402725219727E-001,-2.030877619981766E-001,-9.910310804843903E-002,8.814368844032288E-001,-2.312402725219727E-001,-2.030877619981766E-001,-9.910310804843903E-002,8.814368844032288E-001,
5.696666666666666E+009,-2.265893667936325E-001,-1.489204913377762E-001,-6.721517443656921E-002,8.944349884986877E-001,-2.265893667936325E-001,-1.489204913377762E-001,-6.721517443656921E-002,8.944349884986877E-001,
5.708333333333333E+009,-1.858859956264496E-001,-1.117654666304588E-001,-3.075652755796909E-002,9.045463800430298E-001,-1.858859956264496E-001,-1.117654666304588E-001,-3.075652755796909E-002,9.045463800430298E-001,
5.720000000000000E+009,-1.377763748168945E-001,-1.103025823831558E-001,1.086604502052069E-002,9.133234620094299E-001,-1.377763748168945E-001,-1.103025823831558E-001,1.086604502052069E-002,9.133234620094299E-001,
5.731666666666666E+009,-1.060895472764969E-001,-1.390138566493988E-001,5.671611055731773E-002,9.066324830055237E-001,-1.060895472764969E-001,-1.390138566493988E-001,5.671611055731773E-002,9.066324830055237E-001,
5.743333333333333E+009,-1.117782592773438E-001,-1.789505630731583E-001,9.046387672424316E-002,9.017977118492127E-001,-1.117782592773438E-001,-1.789505630731583E-001,9.046387672424316E-002,9.017977118492127E-001,
5.755000000000000E+009,-1.426589637994766E-001,-2.017618566751480E-001,1.192782893776894E-001,8.962894082069397E-001,-1.426589637994766E-001,-2.017618566751480E-001,1.192782893776894E-001,8.962894082069397E-001,
5.766666666666666E+009,-1.837860941886902E-001,-1.936356276273727E-001,1.488985270261765E-001,8.872791528701782E-001,-1.837860941886902E-001,-1.936356276273727E-001,1.488985270261765E-001,8.872791528701782E-001,
5.778333333333333E+009,-2.076251208782196E-001,-1.583780497312546E-001,1.743022799491882E-001,8.933334350585938E-001,-2.076251208782196E-001,-1.583780497312546E-001,1.743022799491882E-001,8.933334350585938E-001,
5.790000000000000E+009,-1.988169997930527E-001,-1.149283200502396E-001,2.107700109481812E-001,8.835732340812683E-001,-1.988169997930527E-001,-1.149283200502396E-001,2.107700109481812E-001,8.835732340812683E-001,
5.801666666666666E+009,-1.629589051008225E-001,-8.985537290573120E-002,2.481796890497208E-001,8.885151743888855E-001,-1.629589051008225E-001,-8.985537290573120E-002,2.481796890497208E-001,8.885151743888855E-001,
5.813333333333333E+009,-1.207787171006203E-001,-9.422889351844788E-002,2.923856675624847E-001,8.791065216064453E-001,-1.207787171006203E-001,-9.422889351844788E-002,2.923856675624847E-001,8.791065216064453E-001,
5.825000000000000E+009,-1.007796302437782E-001,-1.243498027324677E-001,3.305103480815888E-001,8.616996407508850E-001,-1.007796302437782E-001,-1.243498027324677E-001,3.305103480815888E-001,8.616996407508850E-001,
5.836666666666666E+009,-1.068840101361275E-001,-1.537895500659943E-001,3.657759428024292E-001,8.391165137290955E-001,-1.068840101361275E-001,-1.537895500659943E-001,3.657759428024292E-001,8.391165137290955E-001,
5.848333333333333E+009,-1.300472319126129E-001,-1.660595685243607E-001,3.840273320674896E-001,8.241341710090637E-001,-1.300472319126129E-001,-1.660595685243607E-001,3.840273320674896E-001,8.241341710090637E-001,
5.860000000000000E+009,-1.548140347003937E-001,-1.582708209753037E-001,4.071710407733917E-001,8.165389299392700E-001,-1.548140347003937E-001,-1.582708209753037E-001,4.071710407733917E-001,8.165389299392700E-001,
5.871666666666666E+009,-1.598154753446579E-001,-1.367034912109375E-001,4.463286697864533E-001,8.081494569778442E-001,-1.598154753446579E-001,-1.367034912109375E-001,4.463286697864533E-001,8.081494569778442E-001,
5.883333333333333E+009,-1.442572772502899E-001,-1.182801574468613E-001,4.795178472995758E-001,7.926478981971741E-001,-1.442572772502899E-001,-1.182801574468613E-001,4.795178472995758E-001,7.926478981971741E-001,
5.895000000000000E+009,-1.169603094458580E-001,-1.224642693996429E-001,5.201149582862854E-001,7.697361111640930E-001,-1.169603094458580E-001,-1.224642693996429E-001,5.201149582862854E-001,7.697361111640930E-001,
5.906666666666666E+009,-9.708917886018753E-002,-1.493956595659256E-001,5.592173933982849E-001,7.424261569976807E-001,-9.708917886018753E-002,-1.493956595659256E-001,5.592173933982849E-001,7.424261569976807E-001,
5.918333333333333E+009,-9.995423257350922E-002,-1.837993562221527E-001,5.838617086410523E-001,7.130369544029236E-001,-9.995423257350922E-002,-1.837993562221527E-001,5.838617086410523E-001,7.130369544029236E-001,
5.930000000000000E+009,-1.315111070871353E-001,-2.092457264661789E-001,6.039429306983948E-001,6.754488945007324E-001,-1.315111070871353E-001,-2.092457264661789E-001,6.039429306983948E-001,6.754488945007324E-001,
5.941666666666666E+009,-1.714871376752853E-001,-2.110972702503204E-001,6.168594360351563E-001,6.705609560012817E-001,-1.714871376752853E-001,-2.110972702503204E-001,6.168594360351563E-001,6.705609560012817E-001,
5.953333333333333E+009,-2.013122737407684E-001,-1.891425997018814E-001,6.268942952156067E-001,6.502153277397156E-001,-2.013122737407684E-001,-1.891425997018814E-001,6.268942952156067E-001,6.502153277397156E-001,
5.965000000000000E+009,-2.137172818183899E-001,-1.580766290426254E-001,6.504956483840942E-001,6.348540782928467E-001,-2.137172818183899E-001,-1.580766290426254E-001,6.504956483840942E-001,6.348540782928467E-001,
5.976666666666666E+009,-2.026153206825256E-001,-1.292871385812759E-001,6.860195994377136E-001,6.041128039360046E-001,-2.026153206825256E-001,-1.292871385812759E-001,6.860195994377136E-001,6.041128039360046E-001,
5.988333333333333E+009,-1.770758926868439E-001,-1.262153536081314E-001,7.132540345191956E-001,5.904866456985474E-001,-1.770758926868439E-001,-1.262153536081314E-001,7.132540345191956E-001,5.904866456985474E-001,
6.000000000000000E+009,-1.586215347051621E-001,-1.385485231876373E-001,7.486273646354675E-001,5.686004757881165E-001,-1.586215347051621E-001,-1.385485231876373E-001,7.486273646354675E-001,5.686004757881165E-001,
