% Version 1.00
%
%freq[Hz],re:Trc1_S11,im:Trc1_S11,re:Trc2_S21,im:Trc2_S21,re:Trc3_S11,im:Trc3_S11,re:Trc4_S21,im:Trc4_S21,
6.900000000000000E+008,-2.991704642772675E-002,5.821300297975540E-002,-4.990995228290558E-001,-8.444392681121826E-001,-2.991704642772675E-002,5.821300297975540E-002,-4.990995228290558E-001,-8.444392681121826E-001,
6.983666666666666E+008,-1.936003193259239E-002,5.928240343928337E-002,-5.268035531044006E-001,-8.367041349411011E-001,-1.936003193259239E-002,5.928240343928337E-002,-5.268035531044006E-001,-8.367041349411011E-001,
7.067333333333334E+008,-1.255507767200470E-002,5.457412451505661E-002,-5.695583820343018E-001,-7.760875821113586E-001,-1.255507767200470E-002,5.457412451505661E-002,-5.695583820343018E-001,-7.760875821113586E-001,
7.151000000000000E+008,-1.099951565265656E-002,4.719414934515953E-002,-5.905712842941284E-001,-7.904665470123291E-001,-1.099951565265656E-002,4.719414934515953E-002,-5.905712842941284E-001,-7.904665470123291E-001,
7.234666666666666E+008,-1.343534421175718E-002,4.231232404708862E-002,-6.016362905502319E-001,-7.768557667732239E-001,-1.343534421175718E-002,4.231232404708862E-002,-6.016362905502319E-001,-7.768557667732239E-001,
7.318333333333334E+008,-1.956169866025448E-002,4.023677483201027E-002,-6.150985956192017E-001,-7.731986045837402E-001,-1.956169866025448E-002,4.023677483201027E-002,-6.150985956192017E-001,-7.731986045837402E-001,
7.402000000000000E+008,-2.521268464624882E-002,4.121965542435646E-002,-6.618571877479553E-001,-7.583475112915039E-001,-2.521268464624882E-002,4.121965542435646E-002,-6.618571877479553E-001,-7.583475112915039E-001,
7.485666666666666E+008,-3.104582801461220E-002,4.761851578950882E-002,-6.588286757469177E-001,-7.528804540634155E-001,-3.104582801461220E-002,4.761851578950882E-002,-6.588286757469177E-001,-7.528804540634155E-001,
7.569333333333334E+008,-3.123024106025696E-002,5.562165379524231E-002,-6.658412814140320E-001,-7.334496378898621E-001,-3.123024106025696E-002,5.562165379524231E-002,-6.658412814140320E-001,-7.334496378898621E-001,
7.653000000000000E+008,-2.520339190959930E-002,6.339347362518311E-002,-6.854279637336731E-001,-7.160278558731079E-001,-2.520339190959930E-002,6.339347362518311E-002,-6.854279637336731E-001,-7.160278558731079E-001,
7.736666666666666E+008,-1.768853515386581E-002,6.972609460353851E-002,-7.172151207923889E-001,-6.871730089187622E-001,-1.768853515386581E-002,6.972609460353851E-002,-7.172151207923889E-001,-6.871730089187622E-001,
7.820333333333334E+008,-7.547740824520588E-003,7.234712690114975E-002,-7.283788323402405E-001,-6.746959090232849E-001,-7.547740824520588E-003,7.234712690114975E-002,-7.283788323402405E-001,-6.746959090232849E-001,
7.904000000000000E+008,3.811563830822706E-003,7.121829688549042E-002,-7.332048416137695E-001,-6.543729305267334E-001,3.811563830822706E-003,7.121829688549042E-002,-7.332048416137695E-001,-6.543729305267334E-001,
7.987666666666666E+008,9.344887919723988E-003,6.563538312911987E-002,-7.680438756942749E-001,-6.329998373985291E-001,9.344887919723988E-003,6.563538312911987E-002,-7.680438756942749E-001,-6.329998373985291E-001,
8.071333333333334E+008,1.333807501941919E-002,6.039282679557800E-002,-7.729415297508240E-001,-6.225879192352295E-001,1.333807501941919E-002,6.039282679557800E-002,-7.729415297508240E-001,-6.225879192352295E-001,
8.155000000000000E+008,8.471331559121609E-003,5.420308932662010E-002,-7.942344546318054E-001,-5.986445546150208E-001,8.471331559121609E-003,5.420308932662010E-002,-7.942344546318054E-001,-5.986445546150208E-001,
8.238666666666666E+008,6.033265031874180E-003,5.023888871073723E-002,-7.958098649978638E-001,-5.682158470153809E-001,6.033265031874180E-003,5.023888871073723E-002,-7.958098649978638E-001,-5.682158470153809E-001,
8.322333333333334E+008,-6.472870591096580E-004,5.088514089584351E-002,-8.215735554695129E-001,-5.502061843872070E-001,-6.472870591096580E-004,5.088514089584351E-002,-8.215735554695129E-001,-5.502061843872070E-001,
8.406000000000000E+008,-4.947316367179155E-003,5.460470169782639E-002,-8.302927613258362E-001,-5.345587730407715E-001,-4.947316367179155E-003,5.460470169782639E-002,-8.302927613258362E-001,-5.345587730407715E-001,
8.489666666666668E+008,-7.669939659535885E-003,6.238029897212982E-002,-8.412252068519592E-001,-5.219952464103699E-001,-7.669939659535885E-003,6.238029897212982E-002,-8.412252068519592E-001,-5.219952464103699E-001,
8.573333333333334E+008,-4.921780433505774E-003,6.939672678709030E-002,-8.584592938423157E-001,-4.799526333808899E-001,-4.921780433505774E-003,6.939672678709030E-002,-8.584592938423157E-001,-4.799526333808899E-001,
8.657000000000000E+008,5.024301819503307E-003,7.639552652835846E-002,-8.732962608337402E-001,-4.595869481563568E-001,5.024301819503307E-003,7.639552652835846E-002,-8.732962608337402E-001,-4.595869481563568E-001,
8.740666666666668E+008,1.393040828406811E-002,7.859223335981369E-002,-8.724482059478760E-001,-4.471354782581329E-001,1.393040828406811E-002,7.859223335981369E-002,-8.724482059478760E-001,-4.471354782581329E-001,
8.824333333333334E+008,2.485818788409233E-002,7.770161330699921E-002,-8.891008496284485E-001,-4.326452314853668E-001,2.485818788409233E-002,7.770161330699921E-002,-8.891008496284485E-001,-4.326452314853668E-001,
8.908000000000000E+008,3.490324318408966E-002,7.204198837280273E-002,-8.873769044876099E-001,-3.998931050300598E-001,3.490324318408966E-002,7.204198837280273E-002,-8.873769044876099E-001,-3.998931050300598E-001,
8.991666666666668E+008,3.914928436279297E-002,6.515905261039734E-002,-9.038867354393005E-001,-3.718610703945160E-001,3.914928436279297E-002,6.515905261039734E-002,-9.038867354393005E-001,-3.718610703945160E-001,
9.075333333333334E+008,4.022595286369324E-002,5.826872959733009E-002,-9.332207441329956E-001,-3.565268516540527E-001,4.022595286369324E-002,5.826872959733009E-002,-9.332207441329956E-001,-3.565268516540527E-001,
9.159000000000000E+008,3.845957294106484E-002,5.520560592412949E-002,-9.409173727035523E-001,-3.255740702152252E-001,3.845957294106484E-002,5.520560592412949E-002,-9.409173727035523E-001,-3.255740702152252E-001,
9.242666666666668E+008,3.381780534982681E-002,5.159889161586762E-002,-9.437252283096314E-001,-3.116390705108643E-001,3.381780534982681E-002,5.159889161586762E-002,-9.437252283096314E-001,-3.116390705108643E-001,
9.326333333333334E+008,2.728278748691082E-002,5.211009085178375E-002,-9.645628929138184E-001,-2.863432168960571E-001,2.728278748691082E-002,5.211009085178375E-002,-9.645628929138184E-001,-2.863432168960571E-001,
9.410000000000000E+008,2.464970014989376E-002,5.645547434687614E-002,-9.577401876449585E-001,-2.548603117465973E-001,2.464970014989376E-002,5.645547434687614E-002,-9.577401876449585E-001,-2.548603117465973E-001,
9.493666666666668E+008,2.471135742962360E-002,6.215805560350418E-002,-9.552400708198547E-001,-2.357816100120544E-001,2.471135742962360E-002,6.215805560350418E-002,-9.552400708198547E-001,-2.357816100120544E-001,
9.577333333333334E+008,2.832051180303097E-002,7.015909254550934E-002,-9.722928404808044E-001,-2.121113389730454E-001,2.832051180303097E-002,7.015909254550934E-002,-9.722928404808044E-001,-2.121113389730454E-001,
9.661000000000000E+008,3.822686150670052E-002,7.602061331272125E-002,-9.701223969459534E-001,-1.875627487897873E-001,3.822686150670052E-002,7.602061331272125E-002,-9.701223969459534E-001,-1.875627487897873E-001,
9.744666666666668E+008,4.686428233981133E-002,7.532734423875809E-002,-9.738849997520447E-001,-1.651588678359985E-001,4.686428233981133E-002,7.532734423875809E-002,-9.738849997520447E-001,-1.651588678359985E-001,
9.828333333333334E+008,6.135037168860436E-002,7.133641093969345E-002,-9.762033224105835E-001,-1.429243385791779E-001,6.135037168860436E-002,7.133641093969345E-002,-9.762033224105835E-001,-1.429243385791779E-001,
9.912000000000000E+008,6.934284418821335E-002,6.392425298690796E-002,-9.761683940887451E-001,-1.162743344902992E-001,6.934284418821335E-002,6.392425298690796E-002,-9.761683940887451E-001,-1.162743344902992E-001,
9.995666666666668E+008,7.596474140882492E-002,5.369300395250320E-002,-9.900496602058411E-001,-7.849293947219849E-002,7.596474140882492E-002,5.369300395250320E-002,-9.900496602058411E-001,-7.849293947219849E-002,
1.007933333333333E+009,7.666004449129105E-002,4.415448009967804E-002,-9.910088181495667E-001,-6.437379121780396E-002,7.666004449129105E-002,4.415448009967804E-002,-9.910088181495667E-001,-6.437379121780396E-002,
1.016300000000000E+009,7.116975635290146E-002,3.754729032516480E-002,-9.945292472839356E-001,-3.928348794579506E-002,7.116975635290146E-002,3.754729032516480E-002,-9.945292472839356E-001,-3.928348794579506E-002,
1.024666666666667E+009,6.468266248703003E-002,3.077543899416924E-002,-9.929997920989990E-001,-5.256106611341238E-003,6.468266248703003E-002,3.077543899416924E-002,-9.929997920989990E-001,-5.256106611341238E-003,
1.033033333333333E+009,5.822908878326416E-002,3.302864730358124E-002,-9.928665161132813E-001,1.216841954737902E-002,5.822908878326416E-002,3.302864730358124E-002,-9.928665161132813E-001,1.216841954737902E-002,
1.041400000000000E+009,5.290929600596428E-002,3.826823830604553E-002,-9.784531593322754E-001,5.373369902372360E-002,5.290929600596428E-002,3.826823830604553E-002,-9.784531593322754E-001,5.373369902372360E-002,
1.049766666666667E+009,5.325863510370255E-002,4.549269378185272E-002,-9.905571937561035E-001,7.116914540529251E-002,5.325863510370255E-002,4.549269378185272E-002,-9.905571937561035E-001,7.116914540529251E-002,
1.058133333333333E+009,5.983559414744377E-002,5.104998499155045E-002,-9.840465784072876E-001,9.117268025875092E-002,5.983559414744377E-002,5.104998499155045E-002,-9.840465784072876E-001,9.117268025875092E-002,
1.066500000000000E+009,7.135216891765595E-002,5.366258695721626E-002,-9.898494482040405E-001,1.284594237804413E-001,7.135216891765595E-002,5.366258695721626E-002,-9.898494482040405E-001,1.284594237804413E-001,
1.074866666666667E+009,8.211844414472580E-002,5.022672191262245E-002,-9.707325100898743E-001,1.472571492195129E-001,8.211844414472580E-002,5.022672191262245E-002,-9.707325100898743E-001,1.472571492195129E-001,
1.083233333333334E+009,9.369540959596634E-002,3.779840841889381E-002,-9.694905877113342E-001,1.690832674503326E-001,9.369540959596634E-002,3.779840841889381E-002,-9.694905877113342E-001,1.690832674503326E-001,
1.091600000000000E+009,9.985036402940750E-002,2.651108428835869E-002,-9.606294035911560E-001,1.892475038766861E-001,9.985036402940750E-002,2.651108428835869E-002,-9.606294035911560E-001,1.892475038766861E-001,
1.099966666666667E+009,1.018121615052223E-001,1.103095058351755E-002,-9.648405313491821E-001,2.284393161535263E-001,1.018121615052223E-001,1.103095058351755E-002,-9.648405313491821E-001,2.284393161535263E-001,
1.108333333333334E+009,9.315600246191025E-002,-1.992175821214914E-004,-9.439597725868225E-001,2.302403748035431E-001,9.315600246191025E-002,-1.992175821214914E-004,-9.439597725868225E-001,2.302403748035431E-001,
1.116700000000000E+009,7.962343841791153E-002,-1.923995907418430E-003,-9.417175650596619E-001,2.757826149463654E-001,7.962343841791153E-002,-1.923995907418430E-003,-9.417175650596619E-001,2.757826149463654E-001,
1.125066666666667E+009,6.764053553342819E-002,-1.674871542491019E-003,-9.470048546791077E-001,2.868804931640625E-001,6.764053553342819E-002,-1.674871542491019E-003,-9.470048546791077E-001,2.868804931640625E-001,
1.133433333333334E+009,5.945866927504540E-002,9.225364774465561E-003,-9.460878968238831E-001,3.131166100502014E-001,5.945866927504540E-002,9.225364774465561E-003,-9.460878968238831E-001,3.131166100502014E-001,
1.141800000000000E+009,5.880707129836083E-002,1.939856261014938E-002,-9.192858338356018E-001,3.329249024391174E-001,5.880707129836083E-002,1.939856261014938E-002,-9.192858338356018E-001,3.329249024391174E-001,
1.150166666666667E+009,6.601557135581970E-002,3.231203183531761E-002,-9.020996689796448E-001,3.641796112060547E-001,6.601557135581970E-002,3.231203183531761E-002,-9.020996689796448E-001,3.641796112060547E-001,
1.158533333333334E+009,8.037183433771133E-002,3.762817010283470E-002,-9.034476876258850E-001,3.888829648494721E-001,8.037183433771133E-002,3.762817010283470E-002,-9.034476876258850E-001,3.888829648494721E-001,
1.166900000000000E+009,9.992976486682892E-002,3.424786403775215E-002,-8.919948935508728E-001,4.221390485763550E-001,9.992976486682892E-002,3.424786403775215E-002,-8.919948935508728E-001,4.221390485763550E-001,
1.175266666666667E+009,1.140514463186264E-001,2.028341777622700E-002,-8.816232681274414E-001,4.254779815673828E-001,1.140514463186264E-001,2.028341777622700E-002,-8.816232681274414E-001,4.254779815673828E-001,
1.183633333333334E+009,1.250191777944565E-001,1.774818403646350E-003,-8.694536685943604E-001,4.644342362880707E-001,1.250191777944565E-001,1.774818403646350E-003,-8.694536685943604E-001,4.644342362880707E-001,
1.192000000000000E+009,1.248199120163918E-001,-2.060325071215630E-002,-8.596439957618713E-001,4.709987342357636E-001,1.248199120163918E-001,-2.060325071215630E-002,-8.596439957618713E-001,4.709987342357636E-001,
1.200366666666667E+009,1.135460361838341E-001,-3.737628832459450E-002,-8.508330583572388E-001,4.974828064441681E-001,1.135460361838341E-001,-3.737628832459450E-002,-8.508330583572388E-001,4.974828064441681E-001,
1.208733333333334E+009,9.779983013868332E-002,-4.753631353378296E-002,-8.470141291618347E-001,5.139008164405823E-001,9.779983013868332E-002,-4.753631353378296E-002,-8.470141291618347E-001,5.139008164405823E-001,
1.217100000000000E+009,7.978053390979767E-002,-4.572362452745438E-002,-8.308671116828919E-001,5.378487706184387E-001,7.978053390979767E-002,-4.572362452745438E-002,-8.308671116828919E-001,5.378487706184387E-001,
1.225466666666667E+009,6.848843395709992E-002,-3.879391774535179E-002,-8.055539131164551E-001,5.647841691970825E-001,6.848843395709992E-002,-3.879391774535179E-002,-8.055539131164551E-001,5.647841691970825E-001,
1.233833333333334E+009,6.166310608386993E-002,-2.309986017644405E-002,-7.884573340415955E-001,5.826404690742493E-001,6.166310608386993E-002,-2.309986017644405E-002,-7.884573340415955E-001,5.826404690742493E-001,
1.242200000000000E+009,6.599527597427368E-002,-8.214661851525307E-003,-7.742182016372681E-001,5.954437851905823E-001,6.599527597427368E-002,-8.214661851525307E-003,-7.742182016372681E-001,5.954437851905823E-001,
1.250566666666667E+009,8.057176321744919E-002,-8.147374028339982E-004,-7.443234920501709E-001,6.232962012290955E-001,8.057176321744919E-002,-8.147374028339982E-004,-7.443234920501709E-001,6.232962012290955E-001,
1.258933333333334E+009,9.763229638338089E-002,-3.571934299543500E-003,-7.547238469123840E-001,6.447651386260986E-001,9.763229638338089E-002,-3.571934299543500E-003,-7.547238469123840E-001,6.447651386260986E-001,
1.267300000000000E+009,1.140573322772980E-001,-1.798745244741440E-002,-7.330991625785828E-001,6.559523940086365E-001,1.140573322772980E-001,-1.798745244741440E-002,-7.330991625785828E-001,6.559523940086365E-001,
1.275666666666667E+009,1.228998303413391E-001,-3.849605843424797E-002,-6.982390284538269E-001,6.788467168807983E-001,1.228998303413391E-001,-3.849605843424797E-002,-6.982390284538269E-001,6.788467168807983E-001,
1.284033333333334E+009,1.199469044804573E-001,-6.264915317296982E-002,-6.916480064392090E-001,6.955637335777283E-001,1.199469044804573E-001,-6.264915317296982E-002,-6.916480064392090E-001,6.955637335777283E-001,
1.292400000000000E+009,1.073990985751152E-001,-8.272992074489594E-002,-6.810964345932007E-001,7.107505798339844E-001,1.073990985751152E-001,-8.272992074489594E-002,-6.810964345932007E-001,7.107505798339844E-001,
1.300766666666667E+009,8.767704665660858E-002,-9.204208105802536E-002,-6.584911346435547E-001,7.257034182548523E-001,8.767704665660858E-002,-9.204208105802536E-002,-6.584911346435547E-001,7.257034182548523E-001,
1.309133333333334E+009,6.514603644609451E-002,-9.173576533794403E-002,-6.465128064155579E-001,7.439481616020203E-001,6.514603644609451E-002,-9.173576533794403E-002,-6.465128064155579E-001,7.439481616020203E-001,
1.317500000000000E+009,5.163392797112465E-002,-8.127913624048233E-002,-6.223549842834473E-001,7.577261924743652E-001,5.163392797112465E-002,-8.127913624048233E-002,-6.223549842834473E-001,7.577261924743652E-001,
1.325866666666667E+009,4.480082914233208E-002,-6.330423802137375E-002,-6.060589551925659E-001,7.737599611282349E-001,4.480082914233208E-002,-6.330423802137375E-002,-6.060589551925659E-001,7.737599611282349E-001,
1.334233333333334E+009,5.067298933863640E-002,-4.785004258155823E-002,-5.780376791954041E-001,7.952059507369995E-001,5.067298933863640E-002,-4.785004258155823E-002,-5.780376791954041E-001,7.952059507369995E-001,
1.342600000000000E+009,6.313671916723251E-002,-4.174698516726494E-002,-5.590289235115051E-001,8.142758011817932E-001,6.313671916723251E-002,-4.174698516726494E-002,-5.590289235115051E-001,8.142758011817932E-001,
1.350966666666667E+009,7.942970842123032E-002,-4.546741023659706E-002,-5.253950357437134E-001,8.376557826995850E-001,7.942970842123032E-002,-4.546741023659706E-002,-5.253950357437134E-001,8.376557826995850E-001,
1.359333333333334E+009,9.406857192516327E-002,-5.963751301169395E-002,-5.143091082572937E-001,8.410578370094299E-001,9.406857192516327E-002,-5.963751301169395E-002,-5.143091082572937E-001,8.410578370094299E-001,
1.367700000000000E+009,9.343353658914566E-002,-8.175779879093170E-002,-4.963507950305939E-001,8.457831144332886E-001,9.343353658914566E-002,-8.175779879093170E-002,-4.963507950305939E-001,8.457831144332886E-001,
1.376066666666667E+009,8.665022253990173E-002,-1.022443994879723E-001,-4.820234179496765E-001,8.623211383819580E-001,8.665022253990173E-002,-1.022443994879723E-001,-4.820234179496765E-001,8.623211383819580E-001,
1.384433333333334E+009,6.739512085914612E-002,-1.206903904676437E-001,-4.563210308551788E-001,8.798002004623413E-001,6.739512085914612E-002,-1.206903904676437E-001,-4.563210308551788E-001,8.798002004623413E-001,
1.392800000000000E+009,4.387388378381729E-002,-1.252424865961075E-001,-4.425283670425415E-001,8.775091171264648E-001,4.387388378381729E-002,-1.252424865961075E-001,-4.425283670425415E-001,8.775091171264648E-001,
1.401166666666667E+009,2.211172878742218E-002,-1.178571283817291E-001,-4.196000695228577E-001,8.953636884689331E-001,2.211172878742218E-002,-1.178571283817291E-001,-4.196000695228577E-001,8.953636884689331E-001,
1.409533333333334E+009,7.157909218221903E-003,-1.017887890338898E-001,-3.899653255939484E-001,9.072591066360474E-001,7.157909218221903E-003,-1.017887890338898E-001,-3.899653255939484E-001,9.072591066360474E-001,
1.417900000000000E+009,3.982530441135168E-003,-7.886626571416855E-002,-3.773749470710754E-001,9.023364782333374E-001,3.982530441135168E-003,-7.886626571416855E-002,-3.773749470710754E-001,9.023364782333374E-001,
1.426266666666667E+009,1.354084070771933E-002,-6.357955187559128E-002,-3.427664339542389E-001,9.290719628334045E-001,1.354084070771933E-002,-6.357955187559128E-002,-3.427664339542389E-001,9.290719628334045E-001,
1.434633333333334E+009,3.069747239351273E-002,-5.442314594984055E-002,-3.074131906032562E-001,9.369349479675293E-001,3.069747239351273E-002,-5.442314594984055E-002,-3.074131906032562E-001,9.369349479675293E-001,
1.443000000000000E+009,4.809585586190224E-002,-5.784978345036507E-002,-2.909368276596069E-001,9.407222867012024E-001,4.809585586190224E-002,-5.784978345036507E-002,-2.909368276596069E-001,9.407222867012024E-001,
1.451366666666667E+009,6.152295321226120E-002,-7.132311165332794E-002,-2.584975957870483E-001,9.422540664672852E-001,6.152295321226120E-002,-7.132311165332794E-002,-2.584975957870483E-001,9.422540664672852E-001,
1.459733333333334E+009,6.594348698854446E-002,-9.523086994886398E-002,-2.409843057394028E-001,9.461068511009216E-001,6.594348698854446E-002,-9.523086994886398E-002,-2.409843057394028E-001,9.461068511009216E-001,
1.468100000000000E+009,5.311099067330360E-002,-1.155218631029129E-001,-2.207121551036835E-001,9.564459323883057E-001,5.311099067330360E-002,-1.155218631029129E-001,-2.207121551036835E-001,9.564459323883057E-001,
1.476466666666667E+009,3.359704464673996E-002,-1.281713396310806E-001,-1.979878097772598E-001,9.639454483985901E-001,3.359704464673996E-002,-1.281713396310806E-001,-1.979878097772598E-001,9.639454483985901E-001,
1.484833333333334E+009,9.441396221518517E-003,-1.323076933622360E-001,-1.708334088325501E-001,9.697061181068420E-001,9.441396221518517E-003,-1.323076933622360E-001,-1.708334088325501E-001,9.697061181068420E-001,
1.493200000000000E+009,-1.245879661291838E-002,-1.232745498418808E-001,-1.425470262765884E-001,9.758424162864685E-001,-1.245879661291838E-002,-1.232745498418808E-001,-1.425470262765884E-001,9.758424162864685E-001,
1.501566666666667E+009,-2.472395636141300E-002,-1.060672849416733E-001,-1.294572800397873E-001,9.732313752174377E-001,-2.472395636141300E-002,-1.060672849416733E-001,-1.294572800397873E-001,9.732313752174377E-001,
1.509933333333334E+009,-2.596193179488182E-002,-8.379504084587097E-002,-1.006765812635422E-001,9.758828282356262E-001,-2.596193179488182E-002,-8.379504084587097E-002,-1.006765812635422E-001,9.758828282356262E-001,
1.518300000000000E+009,-1.485695503652096E-002,-6.868669390678406E-002,-7.382499426603317E-002,9.846295714378357E-001,-1.485695503652096E-002,-6.868669390678406E-002,-7.382499426603317E-002,9.846295714378357E-001,
1.526666666666667E+009,1.933330087922514E-003,-6.291130930185318E-002,-4.948980733752251E-002,9.868955612182617E-001,1.933330087922514E-003,-6.291130930185318E-002,-4.948980733752251E-002,9.868955612182617E-001,
1.535033333333334E+009,2.045880258083344E-002,-6.738053262233734E-002,-2.240775711834431E-002,9.852684736251831E-001,2.045880258083344E-002,-6.738053262233734E-002,-2.240775711834431E-002,9.852684736251831E-001,
1.543400000000000E+009,3.219668939709663E-002,-8.045703917741776E-002,8.020958863198757E-003,9.835790991783142E-001,3.219668939709663E-002,-8.045703917741776E-002,8.020958863198757E-003,9.835790991783142E-001,
1.551766666666667E+009,3.191396594047546E-002,-1.019051969051361E-001,3.259634971618652E-002,9.832972288131714E-001,3.191396594047546E-002,-1.019051969051361E-001,3.259634971618652E-002,9.832972288131714E-001,
1.560133333333334E+009,2.188254334032536E-002,-1.217906177043915E-001,6.037854403257370E-002,9.866603612899780E-001,2.188254334032536E-002,-1.217906177043915E-001,6.037854403257370E-002,9.866603612899780E-001,
1.568500000000000E+009,-1.083452836610377E-003,-1.320922374725342E-001,7.714641094207764E-002,9.641186594963074E-001,-1.083452836610377E-003,-1.320922374725342E-001,7.714641094207764E-002,9.641186594963074E-001,
1.576866666666667E+009,-2.187952585518360E-002,-1.344443708658218E-001,9.680727869272232E-002,9.787799119949341E-001,-2.187952585518360E-002,-1.344443708658218E-001,9.680727869272232E-002,9.787799119949341E-001,
1.585233333333334E+009,-4.233543574810028E-002,-1.230397969484329E-001,1.231615319848061E-001,9.673907160758972E-001,-4.233543574810028E-002,-1.230397969484329E-001,1.231615319848061E-001,9.673907160758972E-001,
1.593600000000000E+009,-5.258411541581154E-002,-1.066482290625572E-001,1.447739005088806E-001,9.757897257804871E-001,-5.258411541581154E-002,-1.066482290625572E-001,1.447739005088806E-001,9.757897257804871E-001,
1.601966666666667E+009,-5.359231308102608E-002,-8.791305124759674E-002,1.672791987657547E-001,9.850059151649475E-001,-5.359231308102608E-002,-8.791305124759674E-002,1.672791987657547E-001,9.850059151649475E-001,
1.610333333333334E+009,-4.463459551334381E-002,-7.288710027933121E-002,1.972954571247101E-001,9.728705883026123E-001,-4.463459551334381E-002,-7.288710027933121E-002,1.972954571247101E-001,9.728705883026123E-001,
1.618700000000000E+009,-2.920408919453621E-002,-6.750387698411942E-002,2.219830602407455E-001,9.556154608726502E-001,-2.920408919453621E-002,-6.750387698411942E-002,2.219830602407455E-001,9.556154608726502E-001,
1.627066666666667E+009,-1.687939837574959E-002,-7.325018942356110E-002,2.485528439283371E-001,9.502043128013611E-001,-1.687939837574959E-002,-7.325018942356110E-002,2.485528439283371E-001,9.502043128013611E-001,
1.635433333333334E+009,-9.470090270042419E-003,-8.527394384145737E-002,2.662751972675324E-001,9.394240975379944E-001,-9.470090270042419E-003,-8.527394384145737E-002,2.662751972675324E-001,9.394240975379944E-001,
1.643800000000000E+009,-1.154439058154821E-002,-1.017225459218025E-001,2.973755300045013E-001,9.440373778343201E-001,-1.154439058154821E-002,-1.017225459218025E-001,2.973755300045013E-001,9.440373778343201E-001,
1.652166666666667E+009,-2.130624093115330E-002,-1.130225360393524E-001,3.226361274719238E-001,9.297731518745422E-001,-2.130624093115330E-002,-1.130225360393524E-001,3.226361274719238E-001,9.297731518745422E-001,
1.660533333333334E+009,-4.273303598165512E-002,-1.206761077046394E-001,3.376649916172028E-001,9.134491682052612E-001,-4.273303598165512E-002,-1.206761077046394E-001,3.376649916172028E-001,9.134491682052612E-001,
1.668900000000000E+009,-6.064018979668617E-002,-1.164578199386597E-001,3.654229044914246E-001,9.090512394905090E-001,-6.064018979668617E-002,-1.164578199386597E-001,3.654229044914246E-001,9.090512394905090E-001,
1.677266666666667E+009,-7.654389739036560E-002,-1.064120307564735E-001,3.942968547344208E-001,8.925494551658630E-001,-7.654389739036560E-002,-1.064120307564735E-001,3.942968547344208E-001,8.925494551658630E-001,
1.685633333333334E+009,-8.384102582931519E-002,-8.772361278533936E-002,4.130108952522278E-001,8.944002985954285E-001,-8.384102582931519E-002,-8.772361278533936E-002,4.130108952522278E-001,8.944002985954285E-001,
1.694000000000000E+009,-8.281377702951431E-002,-7.207866013050079E-002,4.308470189571381E-001,8.852324485778809E-001,-8.281377702951431E-002,-7.207866013050079E-002,4.308470189571381E-001,8.852324485778809E-001,
1.702366666666667E+009,-7.371490448713303E-002,-5.980213731527329E-002,4.521981775760651E-001,8.762601613998413E-001,-7.371490448713303E-002,-5.980213731527329E-002,4.521981775760651E-001,8.762601613998413E-001,
1.710733333333334E+009,-5.877202376723290E-002,-5.285954475402832E-002,4.852737486362457E-001,8.556973338127136E-001,-5.877202376723290E-002,-5.285954475402832E-002,4.852737486362457E-001,8.556973338127136E-001,
1.719100000000000E+009,-4.604099318385124E-002,-5.933949351310730E-002,5.031338334083557E-001,8.495538234710693E-001,-4.604099318385124E-002,-5.933949351310730E-002,5.031338334083557E-001,8.495538234710693E-001,
1.727466666666667E+009,-3.809056431055069E-002,-7.013391703367233E-002,5.313695669174194E-001,8.338866829872131E-001,-3.809056431055069E-002,-7.013391703367233E-002,5.313695669174194E-001,8.338866829872131E-001,
1.735833333333334E+009,-3.721446171402931E-002,-8.535274118185043E-002,5.493156313896179E-001,8.099861741065979E-001,-3.721446171402931E-002,-8.535274118185043E-002,5.493156313896179E-001,8.099861741065979E-001,
1.744200000000000E+009,-4.740661010146141E-002,-9.709796309471130E-002,5.731378197669983E-001,7.952689528465271E-001,-4.740661010146141E-002,-9.709796309471130E-002,5.731378197669983E-001,7.952689528465271E-001,
1.752566666666667E+009,-6.366664916276932E-002,-1.051435768604279E-001,5.902045369148254E-001,7.878599762916565E-001,-6.366664916276932E-002,-1.051435768604279E-001,5.902045369148254E-001,7.878599762916565E-001,
1.760933333333334E+009,-8.158176392316818E-002,-1.036950349807739E-001,6.017873883247376E-001,7.689702510833740E-001,-8.158176392316818E-002,-1.036950349807739E-001,6.017873883247376E-001,7.689702510833740E-001,
1.769300000000000E+009,-9.788224846124649E-002,-9.692358225584030E-002,6.235408186912537E-001,7.478816509246826E-001,-9.788224846124649E-002,-9.692358225584030E-002,6.235408186912537E-001,7.478816509246826E-001,
1.777666666666667E+009,-1.106541603803635E-001,-8.321063965559006E-002,6.442037820816040E-001,7.359758615493774E-001,-1.106541603803635E-001,-8.321063965559006E-002,6.442037820816040E-001,7.359758615493774E-001,
1.786033333333334E+009,-1.150148361921310E-001,-6.656330823898315E-002,6.572460532188416E-001,7.271717190742493E-001,-1.150148361921310E-001,-6.656330823898315E-002,6.572460532188416E-001,7.271717190742493E-001,
1.794400000000000E+009,-1.142133697867394E-001,-5.358637869358063E-002,6.772749423980713E-001,7.089266180992127E-001,-1.142133697867394E-001,-5.358637869358063E-002,6.772749423980713E-001,7.089266180992127E-001,
1.802766666666667E+009,-1.061695069074631E-001,-4.262940958142281E-002,6.996302604675293E-001,6.945635080337524E-001,-1.061695069074631E-001,-4.262940958142281E-002,6.996302604675293E-001,6.945635080337524E-001,
1.811133333333334E+009,-9.631447494029999E-002,-3.805216774344444E-002,7.173147797584534E-001,6.685127019882202E-001,-9.631447494029999E-002,-3.805216774344444E-002,7.173147797584534E-001,6.685127019882202E-001,
1.819500000000000E+009,-8.861323446035385E-002,-3.941893205046654E-002,7.335503697395325E-001,6.590548157691956E-001,-8.861323446035385E-002,-3.941893205046654E-002,7.335503697395325E-001,6.590548157691956E-001,
1.827866666666667E+009,-8.311205357313156E-002,-4.487246274948120E-002,7.480912208557129E-001,6.312631964683533E-001,-8.311205357313156E-002,-4.487246274948120E-002,7.480912208557129E-001,6.312631964683533E-001,
1.836233333333334E+009,-8.417470753192902E-002,-5.136394500732422E-002,7.710697650909424E-001,6.161796450614929E-001,-8.417470753192902E-002,-5.136394500732422E-002,7.710697650909424E-001,6.161796450614929E-001,
1.844600000000000E+009,-9.131781011819840E-002,-5.439800024032593E-002,7.842952609062195E-001,6.007701754570007E-001,-9.131781011819840E-002,-5.439800024032593E-002,7.842952609062195E-001,6.007701754570007E-001,
1.852966666666667E+009,-1.025582328438759E-001,-5.615776032209396E-002,7.995839715003967E-001,5.689417123794556E-001,-1.025582328438759E-001,-5.615776032209396E-002,7.995839715003967E-001,5.689417123794556E-001,
1.861333333333334E+009,-1.112692207098007E-001,-5.203257128596306E-002,8.167495131492615E-001,5.596935153007507E-001,-1.112692207098007E-001,-5.203257128596306E-002,8.167495131492615E-001,5.596935153007507E-001,
1.869700000000000E+009,-1.199048161506653E-001,-4.344137385487557E-002,8.197852373123169E-001,5.308734774589539E-001,-1.199048161506653E-001,-4.344137385487557E-002,8.197852373123169E-001,5.308734774589539E-001,
1.878066666666667E+009,-1.263369768857956E-001,-3.309115394949913E-002,8.375120759010315E-001,5.134551525115967E-001,-1.263369768857956E-001,-3.309115394949913E-002,8.375120759010315E-001,5.134551525115967E-001,
1.886433333333334E+009,-1.218553483486176E-001,-1.796267181634903E-002,8.445185422897339E-001,4.825930893421173E-001,-1.218553483486176E-001,-1.796267181634903E-002,8.445185422897339E-001,4.825930893421173E-001,
1.894800000000000E+009,-1.181645616889000E-001,-7.173685356974602E-003,8.601086735725403E-001,4.746387898921967E-001,-1.181645616889000E-001,-7.173685356974602E-003,8.601086735725403E-001,4.746387898921967E-001,
1.903166666666667E+009,-1.103075370192528E-001,-1.675768755376339E-003,8.754991292953491E-001,4.527694880962372E-001,-1.103075370192528E-001,-1.675768755376339E-003,8.754991292953491E-001,4.527694880962372E-001,
1.911533333333334E+009,-1.000280454754829E-001,-1.588066457770765E-003,8.846985101699829E-001,4.173379838466644E-001,-1.000280454754829E-001,-1.588066457770765E-003,8.846985101699829E-001,4.173379838466644E-001,
1.919900000000000E+009,-9.238637983798981E-002,-5.998434033244848E-003,9.098703265190125E-001,3.995601236820221E-001,-9.238637983798981E-002,-5.998434033244848E-003,9.098703265190125E-001,3.995601236820221E-001,
1.928266666666667E+009,-8.966412395238876E-002,-1.201881933957338E-002,9.135544896125794E-001,3.805169165134430E-001,-8.966412395238876E-002,-1.201881933957338E-002,9.135544896125794E-001,3.805169165134430E-001,
1.936633333333334E+009,-9.209027141332626E-002,-1.962689124047756E-002,9.175952076911926E-001,3.527587950229645E-001,-9.209027141332626E-002,-1.962689124047756E-002,9.175952076911926E-001,3.527587950229645E-001,
1.945000000000000E+009,-1.008091568946838E-001,-2.546366304159164E-002,9.278949499130249E-001,3.273763954639435E-001,-1.008091568946838E-001,-2.546366304159164E-002,9.278949499130249E-001,3.273763954639435E-001,
1.953366666666667E+009,-1.127337813377380E-001,-2.283197641372681E-002,9.354336857795715E-001,3.092383742332459E-001,-1.127337813377380E-001,-2.283197641372681E-002,9.354336857795715E-001,3.092383742332459E-001,
1.961733333333334E+009,-1.253489851951599E-001,-1.710075512528420E-002,9.382700920104981E-001,2.878489792346954E-001,-1.253489851951599E-001,-1.710075512528420E-002,9.382700920104981E-001,2.878489792346954E-001,
1.970100000000000E+009,-1.331604123115540E-001,-3.817792749032378E-003,9.500647187232971E-001,2.597736716270447E-001,-1.331604123115540E-001,-3.817792749032378E-003,9.500647187232971E-001,2.597736716270447E-001,
1.978466666666667E+009,-1.362403035163879E-001,1.258476171642542E-002,9.465961456298828E-001,2.323995232582092E-001,-1.362403035163879E-001,1.258476171642542E-002,9.465961456298828E-001,2.323995232582092E-001,
1.986833333333334E+009,-1.318931728601456E-001,2.926367893815041E-002,9.626425504684448E-001,2.247303426265717E-001,-1.318931728601456E-001,2.926367893815041E-002,9.626425504684448E-001,2.247303426265717E-001,
1.995200000000000E+009,-1.201032102108002E-001,4.071224480867386E-002,9.526706337928772E-001,1.941808760166168E-001,-1.201032102108002E-001,4.071224480867386E-002,9.526706337928772E-001,1.941808760166168E-001,
2.003566666666667E+009,-1.060645133256912E-001,4.739463701844215E-002,9.693429470062256E-001,1.647046655416489E-001,-1.060645133256912E-001,4.739463701844215E-002,9.693429470062256E-001,1.647046655416489E-001,
2.011933333333334E+009,-9.131167083978653E-002,4.388637840747833E-002,9.748031497001648E-001,1.402031630277634E-001,-9.131167083978653E-002,4.388637840747833E-002,9.748031497001648E-001,1.402031630277634E-001,
2.020300000000000E+009,-8.193325996398926E-002,3.551381453871727E-002,9.774960279464722E-001,1.224084272980690E-001,-8.193325996398926E-002,3.551381453871727E-002,9.774960279464722E-001,1.224084272980690E-001,
2.028666666666667E+009,-7.768172770738602E-002,2.095147036015987E-002,9.897760152816773E-001,8.389613777399063E-002,-7.768172770738602E-002,2.095147036015987E-002,9.897760152816773E-001,8.389613777399063E-002,
2.037033333333334E+009,-8.604275435209274E-002,1.165166590362787E-002,9.878048300743103E-001,6.447496265172958E-002,-8.604275435209274E-002,1.165166590362787E-002,9.878048300743103E-001,6.447496265172958E-002,
2.045400000000000E+009,-9.893403947353363E-002,8.720939047634602E-003,9.859982132911682E-001,3.672109171748161E-002,-9.893403947353363E-002,8.720939047634602E-003,9.859982132911682E-001,3.672109171748161E-002,
2.053766666666667E+009,-1.128789782524109E-001,9.587688371539116E-003,9.840862154960632E-001,1.049960218369961E-002,-1.128789782524109E-001,9.587688371539116E-003,9.840862154960632E-001,1.049960218369961E-002,
2.062133333333334E+009,-1.248113438487053E-001,2.417916432023048E-002,9.853258132934570E-001,-1.757306978106499E-002,-1.248113438487053E-001,2.417916432023048E-002,9.853258132934570E-001,-1.757306978106499E-002,
2.070500000000000E+009,-1.319187283515930E-001,4.181121662259102E-002,9.773878455162048E-001,-4.081757739186287E-002,-1.319187283515930E-001,4.181121662259102E-002,9.773878455162048E-001,-4.081757739186287E-002,
2.078866666666667E+009,-1.259042620658875E-001,6.278847157955170E-002,9.749830961227417E-001,-6.330960988998413E-002,-1.259042620658875E-001,6.278847157955170E-002,9.749830961227417E-001,-6.330960988998413E-002,
2.087233333333334E+009,-1.101120114326477E-001,7.726421952247620E-002,9.837027192115784E-001,-8.907294273376465E-002,-1.101120114326477E-001,7.726421952247620E-002,9.837027192115784E-001,-8.907294273376465E-002,
2.095600000000000E+009,-9.221150726079941E-002,8.328159153461456E-002,9.791017174720764E-001,-1.114491224288940E-001,-9.221150726079941E-002,8.328159153461456E-002,9.791017174720764E-001,-1.114491224288940E-001,
2.103966666666667E+009,-7.317296415567398E-002,7.743905484676361E-002,9.682760238647461E-001,-1.384011507034302E-001,-7.317296415567398E-002,7.743905484676361E-002,9.682760238647461E-001,-1.384011507034302E-001,
2.112333333333334E+009,-6.128270179033279E-002,6.381830573081970E-002,9.735651612281799E-001,-1.622422933578491E-001,-6.128270179033279E-002,6.381830573081970E-002,9.735651612281799E-001,-1.622422933578491E-001,
2.120700000000000E+009,-5.948535725474358E-002,4.472652077674866E-002,9.670972824096680E-001,-1.981581151485443E-001,-5.948535725474358E-002,4.472652077674866E-002,9.670972824096680E-001,-1.981581151485443E-001,
2.129066666666667E+009,-6.696455180644989E-002,2.880355343222618E-002,9.460807442665100E-001,-2.212200015783310E-001,-6.696455180644989E-002,2.880355343222618E-002,9.460807442665100E-001,-2.212200015783310E-001,
2.137433333333334E+009,-8.627983927726746E-002,2.347186207771301E-002,9.560188651084900E-001,-2.535165846347809E-001,-8.627983927726746E-002,2.347186207771301E-002,9.560188651084900E-001,-2.535165846347809E-001,
2.145800000000000E+009,-1.064565703272820E-001,2.779321372509003E-002,9.438211321830750E-001,-2.679003775119782E-001,-1.064565703272820E-001,2.779321372509003E-002,9.438211321830750E-001,-2.679003775119782E-001,
2.154166666666667E+009,-1.257198005914688E-001,4.461908712983131E-002,9.348677396774292E-001,-2.936922013759613E-001,-1.257198005914688E-001,4.461908712983131E-002,9.348677396774292E-001,-2.936922013759613E-001,
2.162533333333334E+009,-1.302394419908524E-001,6.835746765136719E-002,9.234886765480042E-001,-3.144461214542389E-001,-1.302394419908524E-001,6.835746765136719E-002,9.234886765480042E-001,-3.144461214542389E-001,
2.170900000000000E+009,-1.221792027354240E-001,9.651785343885422E-002,9.150439500808716E-001,-3.424725234508514E-001,-1.221792027354240E-001,9.651785343885422E-002,9.150439500808716E-001,-3.424725234508514E-001,
2.179266666666667E+009,-1.039425507187843E-001,1.148953586816788E-001,9.114845991134644E-001,-3.573034405708313E-001,-1.039425507187843E-001,1.148953586816788E-001,9.114845991134644E-001,-3.573034405708313E-001,
2.187633333333334E+009,-7.761908322572708E-002,1.231096014380455E-001,9.037675857543945E-001,-3.762833774089813E-001,-7.761908322572708E-002,1.231096014380455E-001,9.037675857543945E-001,-3.762833774089813E-001,
2.196000000000000E+009,-5.364148318767548E-002,1.150128543376923E-001,8.985130190849304E-001,-3.978406488895416E-001,-5.364148318767548E-002,1.150128543376923E-001,8.985130190849304E-001,-3.978406488895416E-001,
2.204366666666667E+009,-3.685037419199944E-002,9.690942615270615E-002,9.016803503036499E-001,-4.229823350906372E-001,-3.685037419199944E-002,9.690942615270615E-002,9.016803503036499E-001,-4.229823350906372E-001,
2.212733333333334E+009,-3.365627303719521E-002,7.441987842321396E-002,8.824018239974976E-001,-4.443848431110382E-001,-3.365627303719521E-002,7.441987842321396E-002,8.824018239974976E-001,-4.443848431110382E-001,
2.221100000000000E+009,-4.625128582119942E-002,5.604308098554611E-002,8.661172389984131E-001,-4.794563055038452E-001,-4.625128582119942E-002,5.604308098554611E-002,8.661172389984131E-001,-4.794563055038452E-001,
2.229466666666667E+009,-6.372343748807907E-002,4.491523653268814E-002,8.566509485244751E-001,-5.008067488670349E-001,-6.372343748807907E-002,4.491523653268814E-002,8.566509485244751E-001,-5.008067488670349E-001,
2.237833333333334E+009,-8.944139629602432E-002,5.144644901156426E-002,8.314777612686157E-001,-5.283585786819458E-001,-8.944139629602432E-002,5.144644901156426E-002,8.314777612686157E-001,-5.283585786819458E-001,
2.246200000000000E+009,-1.065486669540405E-001,6.964269280433655E-002,8.188701272010803E-001,-5.413044691085815E-001,-1.065486669540405E-001,6.964269280433655E-002,8.188701272010803E-001,-5.413044691085815E-001,
2.254566666666667E+009,-1.110075041651726E-001,9.821449220180512E-002,8.027324676513672E-001,-5.575315356254578E-001,-1.110075041651726E-001,9.821449220180512E-002,8.027324676513672E-001,-5.575315356254578E-001,
2.262933333333334E+009,-1.012162938714027E-001,1.266501694917679E-001,7.931354641914368E-001,-5.773304700851440E-001,-1.012162938714027E-001,1.266501694917679E-001,7.931354641914368E-001,-5.773304700851440E-001,
2.271300000000000E+009,-7.964652031660080E-002,1.444059908390045E-001,7.697718143463135E-001,-5.930195450782776E-001,-7.964652031660080E-002,1.444059908390045E-001,7.697718143463135E-001,-5.930195450782776E-001,
2.279666666666667E+009,-5.032389611005783E-002,1.500132381916046E-001,7.603971362113953E-001,-6.104938983917236E-001,-5.032389611005783E-002,1.500132381916046E-001,7.603971362113953E-001,-6.104938983917236E-001,
2.288033333333334E+009,-2.508253604173660E-002,1.398406922817230E-001,7.474069595336914E-001,-6.284610629081726E-001,-2.508253604173660E-002,1.398406922817230E-001,7.474069595336914E-001,-6.284610629081726E-001,
2.296400000000000E+009,-9.421010501682758E-003,1.179374083876610E-001,7.352171540260315E-001,-6.508907675743103E-001,-9.421010501682758E-003,1.179374083876610E-001,7.352171540260315E-001,-6.508907675743103E-001,
2.304766666666667E+009,-7.992282509803772E-003,9.558964520692825E-002,7.181326746940613E-001,-6.755443215370178E-001,-7.992282509803772E-003,9.558964520692825E-002,7.181326746940613E-001,-6.755443215370178E-001,
2.313133333333334E+009,-2.290318720042706E-002,7.708521187305450E-002,6.971846818923950E-001,-6.865732073783875E-001,-2.290318720042706E-002,7.708521187305450E-002,6.971846818923950E-001,-6.865732073783875E-001,
2.321500000000000E+009,-4.318474605679512E-002,7.451874017715454E-002,6.807894706726074E-001,-7.182487249374390E-001,-4.318474605679512E-002,7.451874017715454E-002,6.807894706726074E-001,-7.182487249374390E-001,
2.329866666666667E+009,-6.514265388250351E-002,8.508521318435669E-002,6.566230654716492E-001,-7.301775813102722E-001,-6.514265388250351E-002,8.508521318435669E-002,6.566230654716492E-001,-7.301775813102722E-001,
2.338233333333334E+009,-7.521925121545792E-002,1.092694699764252E-001,6.287288069725037E-001,-7.444356083869934E-001,-7.521925121545792E-002,1.092694699764252E-001,6.287288069725037E-001,-7.444356083869934E-001,
2.346600000000000E+009,-6.942494213581085E-002,1.370842456817627E-001,6.152846813201904E-001,-7.625752091407776E-001,-6.942494213581085E-002,1.370842456817627E-001,6.152846813201904E-001,-7.625752091407776E-001,
2.354966666666667E+009,-5.135883018374443E-002,1.598437875509262E-001,5.971289873123169E-001,-7.683510780334473E-001,-5.135883018374443E-002,1.598437875509262E-001,5.971289873123169E-001,-7.683510780334473E-001,
2.363333333333334E+009,-1.969909667968750E-002,1.696565002202988E-001,5.741338133811951E-001,-7.836343646049500E-001,-1.969909667968750E-002,1.696565002202988E-001,5.741338133811951E-001,-7.836343646049500E-001,
2.371700000000000E+009,1.311931293457747E-002,1.624113023281097E-001,5.613109469413757E-001,-7.984762787818909E-001,1.311931293457747E-002,1.624113023281097E-001,5.613109469413757E-001,-7.984762787818909E-001,
2.380066666666667E+009,3.640571236610413E-002,1.385551244020462E-001,5.484650135040283E-001,-8.003173470497131E-001,3.640571236610413E-002,1.385551244020462E-001,5.484650135040283E-001,-8.003173470497131E-001,
2.388433333333334E+009,4.512057453393936E-002,1.068799868226051E-001,5.247231125831604E-001,-8.339051008224487E-001,4.512057453393936E-002,1.068799868226051E-001,5.247231125831604E-001,-8.339051008224487E-001,
2.396800000000000E+009,3.269261494278908E-002,7.389267534017563E-002,5.039331912994385E-001,-8.466405868530273E-001,3.269261494278908E-002,7.389267534017563E-002,5.039331912994385E-001,-8.466405868530273E-001,
2.405166666666667E+009,6.754126399755478E-003,5.430892109870911E-002,4.841056466102600E-001,-8.679338693618774E-001,6.754126399755478E-003,5.430892109870911E-002,4.841056466102600E-001,-8.679338693618774E-001,
2.413533333333334E+009,-2.713985554873943E-002,5.371968820691109E-002,4.484794735908508E-001,-8.735405206680298E-001,-2.713985554873943E-002,5.371968820691109E-002,4.484794735908508E-001,-8.735405206680298E-001,
2.421900000000000E+009,-5.855151638388634E-002,7.558041810989380E-002,4.301494061946869E-001,-8.966182470321655E-001,-5.855151638388634E-002,7.558041810989380E-002,4.301494061946869E-001,-8.966182470321655E-001,
2.430266666666667E+009,-7.390283048152924E-002,1.094916984438896E-001,3.964915275573731E-001,-8.988615274429321E-001,-7.390283048152924E-002,1.094916984438896E-001,3.964915275573731E-001,-8.988615274429321E-001,
2.438633333333334E+009,-6.803904473781586E-002,1.495959609746933E-001,3.739032149314880E-001,-9.033355116844177E-001,-6.803904473781586E-002,1.495959609746933E-001,3.739032149314880E-001,-9.033355116844177E-001,
2.447000000000000E+009,-4.412172362208366E-002,1.832649111747742E-001,3.507791757583618E-001,-9.065974950790405E-001,-4.412172362208366E-002,1.832649111747742E-001,3.507791757583618E-001,-9.065974950790405E-001,
2.455366666666667E+009,-5.200991407036781E-003,1.996662914752960E-001,3.256657421588898E-001,-9.136858582496643E-001,-5.200991407036781E-003,1.996662914752960E-001,3.256657421588898E-001,-9.136858582496643E-001,
2.463733333333334E+009,3.396141156554222E-002,1.991530209779739E-001,3.117101192474365E-001,-9.176158308982849E-001,3.396141156554222E-002,1.991530209779739E-001,3.117101192474365E-001,-9.176158308982849E-001,
2.472100000000000E+009,6.931072473526001E-002,1.751962006092072E-001,2.882435917854309E-001,-9.295927286148071E-001,6.931072473526001E-002,1.751962006092072E-001,2.882435917854309E-001,-9.295927286148071E-001,
2.480466666666667E+009,8.596981316804886E-002,1.416121274232864E-001,2.651688158512116E-001,-9.380112886428833E-001,8.596981316804886E-002,1.416121274232864E-001,2.651688158512116E-001,-9.380112886428833E-001,
2.488833333333334E+009,8.211380988359451E-002,1.056086197495461E-001,2.430743575096130E-001,-9.487943649291992E-001,8.211380988359451E-002,1.056086197495461E-001,2.430743575096130E-001,-9.487943649291992E-001,
2.497200000000000E+009,6.227139383554459E-002,8.314575254917145E-002,2.187559008598328E-001,-9.566333889961243E-001,6.227139383554459E-002,8.314575254917145E-002,2.187559008598328E-001,-9.566333889961243E-001,
2.505566666666667E+009,3.306683897972107E-002,7.613873481750488E-002,1.874083578586578E-001,-9.649010896682739E-001,3.306683897972107E-002,7.613873481750488E-002,1.874083578586578E-001,-9.649010896682739E-001,
2.513933333333334E+009,6.762396078556776E-003,9.068819880485535E-002,1.646763682365418E-001,-9.680500626564026E-001,6.762396078556776E-003,9.068819880485535E-002,1.646763682365418E-001,-9.680500626564026E-001,
2.522300000000000E+009,-4.678051453083754E-003,1.171370595693588E-001,1.311409473419190E-001,-9.788151979446411E-001,-4.678051453083754E-003,1.171370595693588E-001,1.311409473419190E-001,-9.788151979446411E-001,
2.530666666666667E+009,2.660099649801850E-003,1.487316936254501E-001,1.035289838910103E-001,-9.781749248504639E-001,2.660099649801850E-003,1.487316936254501E-001,1.035289838910103E-001,-9.781749248504639E-001,
2.539033333333334E+009,2.965367026627064E-002,1.734644919633865E-001,8.152551203966141E-002,-9.658094048500061E-001,2.965367026627064E-002,1.734644919633865E-001,8.152551203966141E-002,-9.658094048500061E-001,
2.547400000000000E+009,6.459922343492508E-002,1.822550296783447E-001,6.306026130914688E-002,-9.641743302345276E-001,6.459922343492508E-002,1.822550296783447E-001,6.306026130914688E-002,-9.641743302345276E-001,
2.555766666666667E+009,9.894883632659912E-002,1.719371825456619E-001,3.784191608428955E-002,-9.652252793312073E-001,9.894883632659912E-002,1.719371825456619E-001,3.784191608428955E-002,-9.652252793312073E-001,
2.564133333333334E+009,1.256390064954758E-001,1.455316394567490E-001,2.327434904873371E-002,-9.642465114593506E-001,1.256390064954758E-001,1.455316394567490E-001,2.327434904873371E-002,-9.642465114593506E-001,
2.572500000000000E+009,1.361248493194580E-001,1.096235737204552E-001,-3.841593395918608E-003,-9.717603921890259E-001,1.361248493194580E-001,1.096235737204552E-001,-3.841593395918608E-003,-9.717603921890259E-001,
2.580866666666667E+009,1.252521723508835E-001,7.733779400587082E-002,-2.413812652230263E-002,-9.721553921699524E-001,1.252521723508835E-001,7.733779400587082E-002,-2.413812652230263E-002,-9.721553921699524E-001,
2.589233333333334E+009,1.011420264840126E-001,5.477111786603928E-002,-5.143816769123077E-002,-9.699694514274597E-001,1.011420264840126E-001,5.477111786603928E-002,-5.143816769123077E-002,-9.699694514274597E-001,
2.597600000000000E+009,6.910126656293869E-002,5.159216746687889E-002,-7.841628789901733E-002,-9.740069508552551E-001,6.910126656293869E-002,5.159216746687889E-002,-7.841628789901733E-002,-9.740069508552551E-001,
2.605966666666667E+009,4.328086599707604E-002,6.617615371942520E-002,-1.096502617001534E-001,-9.788947701454163E-001,4.328086599707604E-002,6.617615371942520E-002,-1.096502617001534E-001,-9.788947701454163E-001,
2.614333333333334E+009,3.004424460232258E-002,9.518940746784210E-002,-1.381030678749085E-001,-9.742688536643982E-001,3.004424460232258E-002,9.518940746784210E-002,-1.381030678749085E-001,-9.742688536643982E-001,
2.622700000000000E+009,3.931707143783569E-002,1.272082924842835E-001,-1.695702373981476E-001,-9.667622447013855E-001,3.931707143783569E-002,1.272082924842835E-001,-1.695702373981476E-001,-9.667622447013855E-001,
2.631066666666667E+009,6.623146682977676E-002,1.522182524204254E-001,-1.864487379789352E-001,-9.549913406372070E-001,6.623146682977676E-002,1.522182524204254E-001,-1.864487379789352E-001,-9.549913406372070E-001,
2.639433333333334E+009,1.014267951250076E-001,1.589019149541855E-001,-2.125420421361923E-001,-9.420050382614136E-001,1.014267951250076E-001,1.589019149541855E-001,-2.125420421361923E-001,-9.420050382614136E-001,
2.647800000000000E+009,1.386886239051819E-001,1.477111876010895E-001,-2.288110256195068E-001,-9.326072931289673E-001,1.386886239051819E-001,1.477111876010895E-001,-2.288110256195068E-001,-9.326072931289673E-001,
2.656166666666667E+009,1.613502502441406E-001,1.202172264456749E-001,-2.549948692321777E-001,-9.343636035919190E-001,1.613502502441406E-001,1.202172264456749E-001,-2.549948692321777E-001,-9.343636035919190E-001,
2.664533333333334E+009,1.717557609081268E-001,8.466204255819321E-002,-2.695690691471100E-001,-9.221364259719849E-001,1.717557609081268E-001,8.466204255819321E-002,-2.695690691471100E-001,-9.221364259719849E-001,
2.672900000000000E+009,1.605718731880188E-001,5.158000811934471E-002,-2.893864810466766E-001,-9.233348965644836E-001,1.605718731880188E-001,5.158000811934471E-002,-2.893864810466766E-001,-9.233348965644836E-001,
2.681266666666667E+009,1.367364227771759E-001,3.148593753576279E-002,-3.159956336021423E-001,-9.204379916191101E-001,1.367364227771759E-001,3.148593753576279E-002,-3.159956336021423E-001,-9.204379916191101E-001,
2.689633333333334E+009,1.076002791523933E-001,2.706096321344376E-002,-3.452579081058502E-001,-9.162067174911499E-001,1.076002791523933E-001,2.706096321344376E-002,-3.452579081058502E-001,-9.162067174911499E-001,
2.698000000000000E+009,8.189181238412857E-002,4.069503396749497E-002,-3.783488273620606E-001,-9.002185463905335E-001,8.189181238412857E-002,4.069503396749497E-002,-3.783488273620606E-001,-9.002185463905335E-001,
2.706366666666667E+009,7.145263999700546E-002,6.765741109848023E-002,-3.918046653270721E-001,-8.948342204093933E-001,7.145263999700546E-002,6.765741109848023E-002,-3.918046653270721E-001,-8.948342204093933E-001,
2.714733333333334E+009,7.987724989652634E-002,9.768358618021011E-002,-4.267655909061432E-001,-8.842654824256897E-001,7.987724989652634E-002,9.768358618021011E-002,-4.267655909061432E-001,-8.842654824256897E-001,
2.723100000000000E+009,1.071883365511894E-001,1.164496541023254E-001,-4.473952949047089E-001,-8.638421297073364E-001,1.071883365511894E-001,1.164496541023254E-001,-4.473952949047089E-001,-8.638421297073364E-001,
2.731466666666667E+009,1.437997072935104E-001,1.210575103759766E-001,-4.630542099475861E-001,-8.473599553108215E-001,1.437997072935104E-001,1.210575103759766E-001,-4.630542099475861E-001,-8.473599553108215E-001,
2.739833333333334E+009,1.791192591190338E-001,1.080325096845627E-001,-4.791494905948639E-001,-8.384131193161011E-001,1.791192591190338E-001,1.080325096845627E-001,-4.791494905948639E-001,-8.384131193161011E-001,
2.748200000000000E+009,2.029502242803574E-001,7.854088395833969E-002,-4.997023642063141E-001,-8.217430710792542E-001,2.029502242803574E-001,7.854088395833969E-002,-4.997023642063141E-001,-8.217430710792542E-001,
2.756566666666667E+009,2.122602611780167E-001,4.034549370408058E-002,-5.148721933364868E-001,-8.077318072319031E-001,2.122602611780167E-001,4.034549370408058E-002,-5.148721933364868E-001,-8.077318072319031E-001,
2.764933333333334E+009,2.005079239606857E-001,5.356230773031712E-003,-5.296850800514221E-001,-7.983667254447937E-001,2.005079239606857E-001,5.356230773031712E-003,-5.296850800514221E-001,-7.983667254447937E-001,
2.773300000000000E+009,1.757947206497192E-001,-1.789029128849506E-002,-5.517308115959168E-001,-7.934387922286987E-001,1.757947206497192E-001,-1.789029128849506E-002,-5.517308115959168E-001,-7.934387922286987E-001,
2.781666666666667E+009,1.429973542690277E-001,-2.556096017360687E-002,-5.776017308235169E-001,-7.793090939521790E-001,1.429973542690277E-001,-2.556096017360687E-002,-5.776017308235169E-001,-7.793090939521790E-001,
2.790033333333334E+009,1.152410507202148E-001,-1.534055266529322E-002,-6.007856726646423E-001,-7.686095833778381E-001,1.152410507202148E-001,-1.534055266529322E-002,-6.007856726646423E-001,-7.686095833778381E-001,
2.798400000000000E+009,1.003820374608040E-001,8.948956616222858E-003,-6.324269771575928E-001,-7.494587302207947E-001,1.003820374608040E-001,8.948956616222858E-003,-6.324269771575928E-001,-7.494587302207947E-001,
2.806766666666667E+009,1.059741526842117E-001,3.762510791420937E-002,-6.477829217910767E-001,-7.324596643447876E-001,1.059741526842117E-001,3.762510791420937E-002,-6.477829217910767E-001,-7.324596643447876E-001,
2.815133333333334E+009,1.286592632532120E-001,5.637289211153984E-002,-6.644330024719238E-001,-7.109050750732422E-001,1.286592632532120E-001,5.637289211153984E-002,-6.644330024719238E-001,-7.109050750732422E-001,
2.823500000000000E+009,1.629557460546494E-001,6.013893708586693E-002,-6.822990775108337E-001,-6.898585557937622E-001,1.629557460546494E-001,6.013893708586693E-002,-6.822990775108337E-001,-6.898585557937622E-001,
2.831866666666667E+009,1.953114569187164E-001,4.429662227630615E-002,-6.959238648414612E-001,-6.709710955619812E-001,1.953114569187164E-001,4.429662227630615E-002,-6.959238648414612E-001,-6.709710955619812E-001,
2.840233333333334E+009,2.185869216918945E-001,1.496694236993790E-002,-7.099868059158325E-001,-6.456461548805237E-001,2.185869216918945E-001,1.496694236993790E-002,-7.099868059158325E-001,-6.456461548805237E-001,
2.848600000000000E+009,2.235102802515030E-001,-2.294595912098885E-002,-7.185049653053284E-001,-6.300585269927979E-001,2.235102802515030E-001,-2.294595912098885E-002,-7.185049653053284E-001,-6.300585269927979E-001,
2.856966666666667E+009,2.102067470550537E-001,-5.880749598145485E-002,-7.317059040069580E-001,-6.175147891044617E-001,2.102067470550537E-001,-5.880749598145485E-002,-7.317059040069580E-001,-6.175147891044617E-001,
2.865333333333334E+009,1.837376207113266E-001,-8.333225548267365E-002,-7.531781792640686E-001,-6.077747344970703E-001,1.837376207113266E-001,-8.333225548267365E-002,-7.531781792640686E-001,-6.077747344970703E-001,
2.873700000000000E+009,1.468781083822250E-001,-9.248656779527664E-002,-7.677600979804993E-001,-5.953345298767090E-001,1.468781083822250E-001,-9.248656779527664E-002,-7.677600979804993E-001,-5.953345298767090E-001,
2.882066666666667E+009,1.148254275321960E-001,-7.869455218315125E-002,-7.851828336715698E-001,-5.665412545204163E-001,1.148254275321960E-001,-7.869455218315125E-002,-7.851828336715698E-001,-5.665412545204163E-001,
2.890433333333334E+009,9.728427976369858E-002,-5.323233827948570E-002,-8.021206259727478E-001,-5.576516985893250E-001,9.728427976369858E-002,-5.323233827948570E-002,-8.021206259727478E-001,-5.576516985893250E-001,
2.898800000000000E+009,9.903417527675629E-002,-2.368923090398312E-002,-8.274142146110535E-001,-5.307761430740356E-001,9.903417527675629E-002,-2.368923090398312E-002,-8.274142146110535E-001,-5.307761430740356E-001,
2.907166666666667E+009,1.207520887255669E-001,-1.310875755734742E-003,-8.357394933700562E-001,-5.081856846809387E-001,1.207520887255669E-001,-1.310875755734742E-003,-8.357394933700562E-001,-5.081856846809387E-001,
2.915533333333334E+009,1.537555754184723E-001,4.465142730623484E-003,-8.440856337547302E-001,-4.826681315898895E-001,1.537555754184723E-001,4.465142730623484E-003,-8.440856337547302E-001,-4.826681315898895E-001,
2.923900000000000E+009,1.898950189352036E-001,-1.104741450399160E-002,-8.547612428665161E-001,-4.485266506671906E-001,1.898950189352036E-001,-1.104741450399160E-002,-8.547612428665161E-001,-4.485266506671906E-001,
2.932266666666667E+009,2.122929096221924E-001,-4.398151114583015E-002,-8.600370287895203E-001,-4.265551269054413E-001,2.122929096221924E-001,-4.398151114583015E-002,-8.600370287895203E-001,-4.265551269054413E-001,
2.940633333333334E+009,2.170070558786392E-001,-8.346158266067505E-002,-8.694478273391724E-001,-4.063038527965546E-001,2.170070558786392E-001,-8.346158266067505E-002,-8.694478273391724E-001,-4.063038527965546E-001,
2.949000000000000E+009,2.026570886373520E-001,-1.232165247201920E-001,-8.752223253250122E-001,-3.898597061634064E-001,2.026570886373520E-001,-1.232165247201920E-001,-8.752223253250122E-001,-3.898597061634064E-001,
2.957366666666667E+009,1.700376570224762E-001,-1.498797386884689E-001,-8.851202726364136E-001,-3.740365505218506E-001,1.700376570224762E-001,-1.498797386884689E-001,-8.851202726364136E-001,-3.740365505218506E-001,
2.965733333333334E+009,1.312427967786789E-001,-1.572385579347611E-001,-8.965008854866028E-001,-3.578728437423706E-001,1.312427967786789E-001,-1.572385579347611E-001,-8.965008854866028E-001,-3.578728437423706E-001,
2.974100000000000E+009,9.591244161128998E-002,-1.428374499082565E-001,-9.077464938163757E-001,-3.364130854606628E-001,9.591244161128998E-002,-1.428374499082565E-001,-9.077464938163757E-001,-3.364130854606628E-001,
2.982466666666667E+009,7.396343350410461E-002,-1.169590801000595E-001,-9.321486353874207E-001,-3.136534690856934E-001,7.396343350410461E-002,-1.169590801000595E-001,-9.321486353874207E-001,-3.136534690856934E-001,
2.990833333333334E+009,7.209654152393341E-002,-8.223961293697357E-002,-9.332396388053894E-001,-2.880119085311890E-001,7.209654152393341E-002,-8.223961293697357E-002,-9.332396388053894E-001,-2.880119085311890E-001,
2.999200000000000E+009,9.414780884981155E-002,-5.715374276041985E-002,-9.454346299171448E-001,-2.533111572265625E-001,9.414780884981155E-002,-5.715374276041985E-002,-9.454346299171448E-001,-2.533111572265625E-001,
3.007566666666667E+009,1.277090609073639E-001,-4.886051267385483E-002,-9.504937529563904E-001,-2.239197641611099E-001,1.277090609073639E-001,-4.886051267385483E-002,-9.504937529563904E-001,-2.239197641611099E-001,
3.015933333333334E+009,1.610427796840668E-001,-6.397165358066559E-002,-9.500285387039185E-001,-2.058863043785095E-001,1.610427796840668E-001,-6.397165358066559E-002,-9.500285387039185E-001,-2.058863043785095E-001,
3.024300000000000E+009,1.838666647672653E-001,-1.020601540803909E-001,-9.480874538421631E-001,-1.721395850181580E-001,1.838666647672653E-001,-1.020601540803909E-001,-9.480874538421631E-001,-1.721395850181580E-001,
3.032666666666667E+009,1.861465424299240E-001,-1.431628316640854E-001,-9.417976737022400E-001,-1.534602344036102E-001,1.861465424299240E-001,-1.431628316640854E-001,-9.417976737022400E-001,-1.534602344036102E-001,
3.041033333333334E+009,1.691414713859558E-001,-1.851349920034409E-001,-9.455417394638062E-001,-1.306748837232590E-001,1.691414713859558E-001,-1.851349920034409E-001,-9.455417394638062E-001,-1.306748837232590E-001,
3.049400000000000E+009,1.319359391927719E-001,-2.119498997926712E-001,-9.502991437911987E-001,-1.093716919422150E-001,1.319359391927719E-001,-2.119498997926712E-001,-9.502991437911987E-001,-1.093716919422150E-001,
3.057766666666667E+009,8.702376484870911E-002,-2.186883687973023E-001,-9.558911919593811E-001,-9.328664094209671E-002,8.702376484870911E-002,-2.186883687973023E-001,-9.558911919593811E-001,-9.328664094209671E-002,
3.066133333333334E+009,4.437722265720367E-002,-2.018726766109467E-001,-9.613952040672302E-001,-7.116010785102844E-002,4.437722265720367E-002,-2.018726766109467E-001,-9.613952040672302E-001,-7.116010785102844E-002,
3.074500000000000E+009,1.941077411174774E-002,-1.669290363788605E-001,-9.693214893341065E-001,-4.851283878087997E-002,1.941077411174774E-002,-1.669290363788605E-001,-9.693214893341065E-001,-4.851283878087997E-002,
3.082866666666667E+009,1.897067576646805E-002,-1.255011409521103E-001,-9.698558449745178E-001,-1.979292556643486E-002,1.897067576646805E-002,-1.255011409521103E-001,-9.698558449745178E-001,-1.979292556643486E-002,
3.091233333333334E+009,4.230219125747681E-002,-9.308460354804993E-002,-9.775703549385071E-001,1.391775067895651E-002,4.230219125747681E-002,-9.308460354804993E-002,-9.775703549385071E-001,1.391775067895651E-002,
3.099600000000000E+009,8.201579749584198E-002,-8.317030966281891E-002,-9.808151125907898E-001,4.280468448996544E-002,8.201579749584198E-002,-8.317030966281891E-002,-9.808151125907898E-001,4.280468448996544E-002,
3.107966666666667E+009,1.216742545366287E-001,-1.003378033638001E-001,-9.735840559005737E-001,7.727941125631332E-002,1.216742545366287E-001,-1.003378033638001E-001,-9.735840559005737E-001,7.727941125631332E-002,
3.116333333333334E+009,1.488292813301086E-001,-1.398025304079056E-001,-9.636093378067017E-001,1.073013320565224E-001,1.488292813301086E-001,-1.398025304079056E-001,-9.636093378067017E-001,1.073013320565224E-001,
3.124700000000000E+009,1.492905169725418E-001,-1.912886649370194E-001,-9.441159963607788E-001,1.263698041439056E-001,1.492905169725418E-001,-1.912886649370194E-001,-9.441159963607788E-001,1.263698041439056E-001,
3.133066666666667E+009,1.255981326103210E-001,-2.382474392652512E-001,-9.417591094970703E-001,1.445185244083405E-001,1.255981326103210E-001,-2.382474392652512E-001,-9.417591094970703E-001,1.445185244083405E-001,
3.141433333333334E+009,7.888317108154297E-002,-2.700249254703522E-001,-9.421530961990356E-001,1.643289327621460E-001,7.888317108154297E-002,-2.700249254703522E-001,-9.421530961990356E-001,1.643289327621460E-001,
3.149800000000000E+009,2.609481848776341E-002,-2.750653028488159E-001,-9.307575821876526E-001,1.816962659358978E-001,2.609481848776341E-002,-2.750653028488159E-001,-9.307575821876526E-001,1.816962659358978E-001,
3.158166666666667E+009,-2.358338050544262E-002,-2.566141486167908E-001,-9.320375323295593E-001,2.021707594394684E-001,-2.358338050544262E-002,-2.566141486167908E-001,-9.320375323295593E-001,2.021707594394684E-001,
3.166533333333334E+009,-5.525470525026321E-002,-2.163188755512238E-001,-9.291489720344544E-001,2.197119444608688E-001,-5.525470525026321E-002,-2.163188755512238E-001,-9.291489720344544E-001,2.197119444608688E-001,
3.174900000000000E+009,-6.162516027688980E-002,-1.678294092416763E-001,-9.374404549598694E-001,2.446351200342178E-001,-6.162516027688980E-002,-1.678294092416763E-001,-9.374404549598694E-001,2.446351200342178E-001,
3.183266666666667E+009,-4.019439965486527E-002,-1.266829818487167E-001,-9.359366297721863E-001,2.725947499275208E-001,-4.019439965486527E-002,-1.266829818487167E-001,-9.359366297721863E-001,2.725947499275208E-001,
3.191633333333334E+009,3.867682244163007E-004,-1.085481867194176E-001,-9.338133335113525E-001,3.056961596012116E-001,3.867682244163007E-004,-1.085481867194176E-001,-9.338133335113525E-001,3.056961596012116E-001,
3.200000000000000E+009,4.335158318281174E-002,-1.196448355913162E-001,-9.143176674842835E-001,3.329407572746277E-001,4.335158318281174E-002,-1.196448355913162E-001,-9.143176674842835E-001,3.329407572746277E-001,
