% Version 1.00
%
%freq[Hz],re:Trc1_S11,im:Trc1_S11,re:Trc2_S21,im:Trc2_S21,re:Trc3_S11,im:Trc3_S11,re:Trc4_S21,im:Trc4_S21,
6.900000000000000E+008,-1.686964929103851E-002,1.581822149455547E-002,-4.688228666782379E-001,-8.730355501174927E-001,-1.686964929103851E-002,1.581822149455547E-002,-4.688228666782379E-001,-8.730355501174927E-001,
6.983666666666666E+008,-7.328172679990530E-003,1.644873246550560E-002,-4.917316734790802E-001,-8.636658787727356E-001,-7.328172679990530E-003,1.644873246550560E-002,-4.917316734790802E-001,-8.636658787727356E-001,
7.067333333333334E+008,-7.040156051516533E-004,1.137433294206858E-002,-5.370421409606934E-001,-8.027719855308533E-001,-7.040156051516533E-004,1.137433294206858E-002,-5.370421409606934E-001,-8.027719855308533E-001,
7.151000000000000E+008,-2.354404714424163E-004,3.137188963592053E-003,-5.542201399803162E-001,-8.163033723831177E-001,-2.354404714424163E-004,3.137188963592053E-003,-5.542201399803162E-001,-8.163033723831177E-001,
7.234666666666666E+008,-3.680317196995020E-003,-2.537049120292068E-003,-5.654950141906738E-001,-8.034559488296509E-001,-3.680317196995020E-003,-2.537049120292068E-003,-5.654950141906738E-001,-8.034559488296509E-001,
7.318333333333334E+008,-1.085407566279173E-002,-5.725129041820765E-003,-5.783013105392456E-001,-8.052951693534851E-001,-1.085407566279173E-002,-5.725129041820765E-003,-5.783013105392456E-001,-8.052951693534851E-001,
7.402000000000000E+008,-1.806746795773506E-002,-6.048519164323807E-003,-6.253234148025513E-001,-7.889285683631897E-001,-1.806746795773506E-002,-6.048519164323807E-003,-6.253234148025513E-001,-7.889285683631897E-001,
7.485666666666666E+008,-2.601216919720173E-002,-9.241724037565291E-004,-6.246230602264404E-001,-7.877112030982971E-001,-2.601216919720173E-002,-9.241724037565291E-004,-6.246230602264404E-001,-7.877112030982971E-001,
7.569333333333334E+008,-2.843803539872170E-002,6.283328868448734E-003,-6.306384801864624E-001,-7.649286389350891E-001,-2.843803539872170E-002,6.283328868448734E-003,-6.306384801864624E-001,-7.649286389350891E-001,
7.653000000000000E+008,-2.496081776916981E-002,1.338016055524349E-002,-6.511681675910950E-001,-7.457535862922669E-001,-2.496081776916981E-002,1.338016055524349E-002,-6.511681675910950E-001,-7.457535862922669E-001,
7.736666666666666E+008,-1.885030418634415E-002,1.917225308716297E-002,-6.870547533035278E-001,-7.224794030189514E-001,-1.885030418634415E-002,1.917225308716297E-002,-6.870547533035278E-001,-7.224794030189514E-001,
7.820333333333334E+008,-1.049068197607994E-002,2.176410146057606E-002,-6.959266662597656E-001,-7.124401330947876E-001,-1.049068197607994E-002,2.176410146057606E-002,-6.959266662597656E-001,-7.124401330947876E-001,
7.904000000000000E+008,-5.213669501245022E-004,2.043081820011139E-002,-7.014546394348145E-001,-6.873400211334229E-001,-5.213669501245022E-004,2.043081820011139E-002,-7.014546394348145E-001,-6.873400211334229E-001,
7.987666666666666E+008,3.740212880074978E-003,1.542383711785078E-002,-7.367019057273865E-001,-6.722071766853333E-001,3.740212880074978E-003,1.542383711785078E-002,-7.367019057273865E-001,-6.722071766853333E-001,
8.071333333333334E+008,6.558187305927277E-003,9.842945262789726E-003,-7.419090270996094E-001,-6.579529047012329E-001,6.558187305927277E-003,9.842945262789726E-003,-7.419090270996094E-001,-6.579529047012329E-001,
8.155000000000000E+008,1.003024168312550E-003,3.332656342536211E-003,-7.681420445442200E-001,-6.405472755432129E-001,1.003024168312550E-003,3.332656342536211E-003,-7.681420445442200E-001,-6.405472755432129E-001,
8.238666666666666E+008,-3.644587472081184E-003,-8.717870223335922E-004,-7.693867087364197E-001,-6.105197668075562E-001,-3.644587472081184E-003,-8.717870223335922E-004,-7.693867087364197E-001,-6.105197668075562E-001,
8.322333333333334E+008,-1.164767611771822E-002,-8.735912269912660E-004,-7.898749709129334E-001,-5.913302898406982E-001,-1.164767611771822E-002,-8.735912269912660E-004,-7.898749709129334E-001,-5.913302898406982E-001,
8.406000000000000E+008,-1.843086630105972E-002,2.707120263949037E-003,-8.007866144180298E-001,-5.809471011161804E-001,-1.843086630105972E-002,2.707120263949037E-003,-8.007866144180298E-001,-5.809471011161804E-001,
8.489666666666668E+008,-2.315209247171879E-002,9.044098667800427E-003,-8.135378360748291E-001,-5.681031346321106E-001,-2.315209247171879E-002,9.044098667800427E-003,-8.135378360748291E-001,-5.681031346321106E-001,
8.573333333333334E+008,-2.233463525772095E-002,1.661005616188049E-002,-8.333331346511841E-001,-5.257481932640076E-001,-2.233463525772095E-002,1.661005616188049E-002,-8.333331346511841E-001,-5.257481932640076E-001,
8.657000000000000E+008,-1.614284515380859E-002,2.320110797882080E-002,-8.547880649566650E-001,-5.095706582069397E-001,-1.614284515380859E-002,2.320110797882080E-002,-8.547880649566650E-001,-5.095706582069397E-001,
8.740666666666668E+008,-9.494079276919365E-003,2.654112875461578E-002,-8.497503995895386E-001,-4.958799779415131E-001,-9.494079276919365E-003,2.654112875461578E-002,-8.497503995895386E-001,-4.958799779415131E-001,
8.824333333333334E+008,-2.367584384046495E-004,2.636650763452053E-002,-8.680546879768372E-001,-4.839195609092712E-001,-2.367584384046495E-004,2.636650763452053E-002,-8.680546879768372E-001,-4.839195609092712E-001,
8.908000000000000E+008,7.934905588626862E-003,2.226871997117996E-002,-8.689481616020203E-001,-4.520172476768494E-001,7.934905588626862E-003,2.226871997117996E-002,-8.689481616020203E-001,-4.520172476768494E-001,
8.991666666666668E+008,1.181898824870586E-002,1.591806486248970E-002,-8.857933878898621E-001,-4.235815703868866E-001,1.181898824870586E-002,1.591806486248970E-002,-8.857933878898621E-001,-4.235815703868866E-001,
9.075333333333334E+008,1.169158518314362E-002,9.139292873442173E-003,-9.167650341987610E-001,-4.059629738330841E-001,1.169158518314362E-002,9.139292873442173E-003,-9.167650341987610E-001,-4.059629738330841E-001,
9.159000000000000E+008,8.203867822885513E-003,6.759455893188715E-003,-9.216800332069397E-001,-3.801694214344025E-001,8.203867822885513E-003,6.759455893188715E-003,-9.216800332069397E-001,-3.801694214344025E-001,
9.242666666666668E+008,2.025040332227945E-003,3.502544248476625E-003,-9.278885722160339E-001,-3.659127652645111E-001,2.025040332227945E-003,3.502544248476625E-003,-9.278885722160339E-001,-3.659127652645111E-001,
9.326333333333334E+008,-6.228821817785502E-003,3.736819373443723E-003,-9.519845843315125E-001,-3.428227603435516E-001,-6.228821817785502E-003,3.736819373443723E-003,-9.519845843315125E-001,-3.428227603435516E-001,
9.410000000000000E+008,-1.097228098660708E-002,7.710095494985580E-003,-9.415378570556641E-001,-3.114642500877380E-001,-1.097228098660708E-002,7.710095494985580E-003,-9.415378570556641E-001,-3.114642500877380E-001,
9.493666666666668E+008,-1.403623539954424E-002,1.457866560667753E-002,-9.436686038970947E-001,-2.924779951572418E-001,-1.403623539954424E-002,1.457866560667753E-002,-9.436686038970947E-001,-2.924779951572418E-001,
9.577333333333334E+008,-1.290389150381088E-002,2.324473485350609E-002,-9.606925249099731E-001,-2.724741101264954E-001,-1.290389150381088E-002,2.324473485350609E-002,-9.606925249099731E-001,-2.724741101264954E-001,
9.661000000000000E+008,-6.571435835212469E-003,3.072327375411987E-002,-9.590901732444763E-001,-2.486400455236435E-001,-6.571435835212469E-003,3.072327375411987E-002,-9.590901732444763E-001,-2.486400455236435E-001,
9.744666666666668E+008,9.240941726602614E-004,3.224299848079681E-002,-9.658893346786499E-001,-2.228987962007523E-001,9.240941726602614E-004,3.224299848079681E-002,-9.658893346786499E-001,-2.228987962007523E-001,
9.828333333333334E+008,1.365131977945566E-002,3.016030974686146E-002,-9.710260033607483E-001,-2.037104666233063E-001,1.365131977945566E-002,3.016030974686146E-002,-9.710260033607483E-001,-2.037104666233063E-001,
9.912000000000000E+008,2.102949470281601E-002,2.460704185068607E-002,-9.736242294311523E-001,-1.740090250968933E-001,2.102949470281601E-002,2.460704185068607E-002,-9.736242294311523E-001,-1.740090250968933E-001,
9.995666666666668E+008,2.722823806107044E-002,1.670379191637039E-002,-9.899889826774597E-001,-1.395267248153687E-001,2.722823806107044E-002,1.670379191637039E-002,-9.899889826774597E-001,-1.395267248153687E-001,
1.007933333333333E+009,2.687139622867107E-002,7.653847336769104E-003,-9.890580177307129E-001,-1.252451390028000E-001,2.687139622867107E-002,7.653847336769104E-003,-9.890580177307129E-001,-1.252451390028000E-001,
1.016300000000000E+009,2.122891880571842E-002,2.326891524717212E-003,-9.953592419624329E-001,-9.919855743646622E-002,2.122891880571842E-002,2.326891524717212E-003,-9.953592419624329E-001,-9.919855743646622E-002,
1.024666666666667E+009,1.319317799061537E-002,-4.337660502642393E-003,-9.970481991767883E-001,-6.782196462154388E-002,1.319317799061537E-002,-4.337660502642393E-003,-9.970481991767883E-001,-6.782196462154388E-002,
1.033033333333333E+009,5.041251424700022E-003,-1.599623356014490E-003,-9.960488677024841E-001,-4.944416508078575E-002,5.041251424700022E-003,-1.599623356014490E-003,-9.960488677024841E-001,-4.944416508078575E-002,
1.041400000000000E+009,-1.713135046884418E-003,4.693256225436926E-003,-9.804700613021851E-001,-9.884851053357124E-003,-1.713135046884418E-003,4.693256225436926E-003,-9.804700613021851E-001,-9.884851053357124E-003,
1.049766666666667E+009,-4.773603752255440E-003,1.338108256459236E-002,-9.954565763473511E-001,7.126095704734325E-003,-4.773603752255440E-003,1.338108256459236E-002,-9.954565763473511E-001,7.126095704734325E-003,
1.058133333333333E+009,-9.857068071141839E-004,2.077435515820980E-002,-9.932948350906372E-001,2.549021877348423E-002,-9.857068071141839E-004,2.077435515820980E-002,-9.932948350906372E-001,2.549021877348423E-002,
1.066500000000000E+009,8.325455710291863E-003,2.610949054360390E-002,-1.000965714454651E+000,6.460829824209213E-002,8.325455710291863E-003,2.610949054360390E-002,-1.000965714454651E+000,6.460829824209213E-002,
1.074866666666667E+009,1.855226419866085E-002,2.567030861973763E-002,-9.858133196830750E-001,8.238233625888825E-002,1.855226419866085E-002,2.567030861973763E-002,-9.858133196830750E-001,8.238233625888825E-002,
1.083233333333334E+009,2.957914955914021E-002,1.614941656589508E-002,-9.869859814643860E-001,1.037765890359879E-001,2.957914955914021E-002,1.614941656589508E-002,-9.869859814643860E-001,1.037765890359879E-001,
1.091600000000000E+009,3.593377023935318E-002,6.746556144207716E-003,-9.779916405677795E-001,1.262192726135254E-001,3.593377023935318E-002,6.746556144207716E-003,-9.779916405677795E-001,1.262192726135254E-001,
1.099966666666667E+009,3.737162426114082E-002,-6.521981675177813E-003,-9.841285943984985E-001,1.639304608106613E-001,3.737162426114082E-002,-6.521981675177813E-003,-9.841285943984985E-001,1.639304608106613E-001,
1.108333333333334E+009,2.843884378671646E-002,-1.750368624925613E-002,-9.612658619880676E-001,1.685142964124680E-001,2.843884378671646E-002,-1.750368624925613E-002,-9.612658619880676E-001,1.685142964124680E-001,
1.116700000000000E+009,1.603907160460949E-002,-1.802317239344120E-002,-9.608542323112488E-001,2.120487838983536E-001,1.603907160460949E-002,-1.802317239344120E-002,-9.608542323112488E-001,2.120487838983536E-001,
1.125066666666667E+009,2.145632635802031E-003,-1.785199530422688E-002,-9.690114259719849E-001,2.217841148376465E-001,2.145632635802031E-003,-1.785199530422688E-002,-9.690114259719849E-001,2.217841148376465E-001,
1.133433333333334E+009,-8.801302872598171E-003,-5.947756581008434E-003,-9.694983959197998E-001,2.453853189945221E-001,-8.801302872598171E-003,-5.947756581008434E-003,-9.694983959197998E-001,2.453853189945221E-001,
1.141800000000000E+009,-1.209431793540716E-002,6.435363087803125E-003,-9.442089796066284E-001,2.693375945091248E-001,-1.209431793540716E-002,6.435363087803125E-003,-9.442089796066284E-001,2.693375945091248E-001,
1.150166666666667E+009,-7.939434610307217E-003,2.292421460151672E-002,-9.296106696128845E-001,2.974897921085358E-001,-7.939434610307217E-003,2.292421460151672E-002,-9.296106696128845E-001,2.974897921085358E-001,
1.158533333333334E+009,5.363740026950836E-003,3.206177800893784E-002,-9.352333545684815E-001,3.211426436901093E-001,5.363740026950836E-003,3.206177800893784E-002,-9.352333545684815E-001,3.211426436901093E-001,
1.166900000000000E+009,2.305948920547962E-002,3.332084789872170E-002,-9.261062741279602E-001,3.571105897426605E-001,2.305948920547962E-002,3.332084789872170E-002,-9.261062741279602E-001,3.571105897426605E-001,
1.175266666666667E+009,3.919003158807755E-002,2.394926361739636E-002,-9.198904037475586E-001,3.652022480964661E-001,3.919003158807755E-002,2.394926361739636E-002,-9.198904037475586E-001,3.652022480964661E-001,
1.183633333333334E+009,5.121232569217682E-002,9.092985652387142E-003,-9.094718098640442E-001,4.017168581485748E-001,5.121232569217682E-002,9.092985652387142E-003,-9.094718098640442E-001,4.017168581485748E-001,
1.192000000000000E+009,5.357369035482407E-002,-1.121532078832388E-002,-9.005936384201050E-001,4.106355607509613E-001,5.357369035482407E-002,-1.121532078832388E-002,-9.005936384201050E-001,4.106355607509613E-001,
1.200366666666667E+009,4.394700750708580E-002,-2.757132798433304E-002,-8.920820355415344E-001,4.387292861938477E-001,4.394700750708580E-002,-2.757132798433304E-002,-8.920820355415344E-001,4.387292861938477E-001,
1.208733333333334E+009,2.919283136725426E-002,-3.830135241150856E-002,-8.846294879913330E-001,4.548191726207733E-001,2.919283136725426E-002,-3.830135241150856E-002,-8.846294879913330E-001,4.548191726207733E-001,
1.217100000000000E+009,1.027421932667494E-002,-3.565258160233498E-002,-8.743985295295715E-001,4.735463857650757E-001,1.027421932667494E-002,-3.565258160233498E-002,-8.743985295295715E-001,4.735463857650757E-001,
1.225466666666667E+009,-2.178262453526259E-003,-2.745976485311985E-002,-8.492922782897949E-001,5.040990710258484E-001,-2.178262453526259E-003,-2.745976485311985E-002,-8.492922782897949E-001,5.040990710258484E-001,
1.233833333333334E+009,-1.106617692857981E-002,-1.115153171122074E-002,-8.353688120841980E-001,5.222232341766357E-001,-1.106617692857981E-002,-1.115153171122074E-002,-8.353688120841980E-001,5.222232341766357E-001,
1.242200000000000E+009,-9.763272479176521E-003,6.765568163245916E-003,-8.224588632583618E-001,5.340942144393921E-001,-9.763272479176521E-003,6.765568163245916E-003,-8.224588632583618E-001,5.340942144393921E-001,
1.250566666666667E+009,3.147722454741597E-003,1.883865706622601E-002,-7.988200187683106E-001,5.637229084968567E-001,3.147722454741597E-003,1.883865706622601E-002,-7.988200187683106E-001,5.637229084968567E-001,
1.258933333333334E+009,2.089463546872139E-002,2.217881567776203E-002,-8.119055628776550E-001,5.846761465072632E-001,2.089463546872139E-002,2.217881567776203E-002,-8.119055628776550E-001,5.846761465072632E-001,
1.267300000000000E+009,3.899314999580383E-002,1.342821400612593E-002,-7.909796833992004E-001,5.981513857841492E-001,3.899314999580383E-002,1.342821400612593E-002,-7.909796833992004E-001,5.981513857841492E-001,
1.275666666666667E+009,5.022731050848961E-002,-4.312723409384489E-003,-7.603301405906677E-001,6.222414374351502E-001,5.022731050848961E-002,-4.312723409384489E-003,-7.603301405906677E-001,6.222414374351502E-001,
1.284033333333334E+009,5.152723938226700E-002,-2.632776647806168E-002,-7.512816190719605E-001,6.437423825263977E-001,5.152723938226700E-002,-2.632776647806168E-002,-7.512816190719605E-001,6.437423825263977E-001,
1.292400000000000E+009,4.188982397317886E-002,-4.570869728922844E-002,-7.431710958480835E-001,6.620301604270935E-001,4.188982397317886E-002,-4.570869728922844E-002,-7.431710958480835E-001,6.620301604270935E-001,
1.300766666666667E+009,2.397655136883259E-002,-5.569681897759438E-002,-7.185415029525757E-001,6.784546971321106E-001,2.397655136883259E-002,-5.569681897759438E-002,-7.185415029525757E-001,6.784546971321106E-001,
1.309133333333334E+009,1.940805930644274E-003,-5.521094799041748E-002,-7.080790996551514E-001,6.955804824829102E-001,1.940805930644274E-003,-5.521094799041748E-002,-7.080790996551514E-001,6.955804824829102E-001,
1.317500000000000E+009,-1.364789064973593E-002,-4.434630274772644E-002,-6.861876845359802E-001,7.114805579185486E-001,-1.364789064973593E-002,-4.434630274772644E-002,-6.861876845359802E-001,7.114805579185486E-001,
1.325866666666667E+009,-2.106065303087235E-002,-2.502459846436977E-002,-6.711037755012512E-001,7.260229587554932E-001,-2.106065303087235E-002,-2.502459846436977E-002,-6.711037755012512E-001,7.260229587554932E-001,
1.334233333333334E+009,-1.693169958889484E-002,-6.091350689530373E-003,-6.446791291236877E-001,7.476638555526733E-001,-1.693169958889484E-002,-6.091350689530373E-003,-6.446791291236877E-001,7.476638555526733E-001,
1.342600000000000E+009,-5.134153179824352E-003,5.166088230907917E-003,-6.272649168968201E-001,7.674801349639893E-001,-5.134153179824352E-003,5.166088230907917E-003,-6.272649168968201E-001,7.674801349639893E-001,
1.350966666666667E+009,1.300243008881807E-002,6.632166448980570E-003,-6.002163887023926E-001,7.911084294319153E-001,1.300243008881807E-002,6.632166448980570E-003,-6.002163887023926E-001,7.911084294319153E-001,
1.359333333333334E+009,2.930296957492828E-002,-2.634335309267044E-003,-5.908734798431397E-001,7.956215143203735E-001,2.930296957492828E-002,-2.634335309267044E-003,-5.908734798431397E-001,7.956215143203735E-001,
1.367700000000000E+009,3.392400220036507E-002,-2.339853160083294E-002,-5.721809267997742E-001,8.072066903114319E-001,3.392400220036507E-002,-2.339853160083294E-002,-5.721809267997742E-001,8.072066903114319E-001,
1.376066666666667E+009,3.153728321194649E-002,-4.223765060305595E-002,-5.562356114387512E-001,8.249047994613648E-001,3.153728321194649E-002,-4.223765060305595E-002,-5.562356114387512E-001,8.249047994613648E-001,
1.384433333333334E+009,1.582160405814648E-002,-6.097820028662682E-002,-5.334461927413940E-001,8.498243689537048E-001,1.582160405814648E-002,-6.097820028662682E-002,-5.334461927413940E-001,8.498243689537048E-001,
1.392800000000000E+009,-5.733706988394260E-003,-6.651002168655396E-002,-5.196858644485474E-001,8.456535935401917E-001,-5.733706988394260E-003,-6.651002168655396E-002,-5.196858644485474E-001,8.456535935401917E-001,
1.401166666666667E+009,-2.755416743457317E-002,-6.007480621337891E-002,-4.965678751468658E-001,8.640555739402771E-001,-2.755416743457317E-002,-6.007480621337891E-002,-4.965678751468658E-001,8.640555739402771E-001,
1.409533333333334E+009,-4.340801388025284E-002,-4.455824196338654E-002,-4.647693932056427E-001,8.745895028114319E-001,-4.340801388025284E-002,-4.455824196338654E-002,-4.647693932056427E-001,8.745895028114319E-001,
1.417900000000000E+009,-4.842407628893852E-002,-1.976708322763443E-002,-4.554369747638702E-001,8.700339198112488E-001,-4.842407628893852E-002,-1.976708322763443E-002,-4.554369747638702E-001,8.700339198112488E-001,
1.426266666666667E+009,-3.958304226398468E-002,-2.473625645507127E-004,-4.206521213054657E-001,9.007713198661804E-001,-3.958304226398468E-002,-2.473625645507127E-004,-4.206521213054657E-001,9.007713198661804E-001,
1.434633333333334E+009,-2.283499762415886E-002,1.350193563848734E-002,-3.930147588253021E-001,9.088912010192871E-001,-2.283499762415886E-002,1.350193563848734E-002,-3.930147588253021E-001,9.088912010192871E-001,
1.443000000000000E+009,-2.607017289847136E-003,1.553699653595686E-002,-3.780972659587860E-001,9.150191545486450E-001,-2.607017289847136E-003,1.553699653595686E-002,-3.780972659587860E-001,9.150191545486450E-001,
1.451366666666667E+009,1.518403179943562E-002,6.071263924241066E-003,-3.500305712223053E-001,9.199484586715698E-001,1.518403179943562E-002,6.071263924241066E-003,-3.500305712223053E-001,9.199484586715698E-001,
1.459733333333334E+009,2.453889138996601E-002,-1.455849409103394E-002,-3.294306695461273E-001,9.253115653991699E-001,2.453889138996601E-002,-1.455849409103394E-002,-3.294306695461273E-001,9.253115653991699E-001,
1.468100000000000E+009,1.716935075819492E-002,-3.412513807415962E-002,-3.093050718307495E-001,9.437412023544312E-001,1.716935075819492E-002,-3.412513807415962E-002,-3.093050718307495E-001,9.437412023544312E-001,
1.476466666666667E+009,1.913362182676792E-003,-4.752090945839882E-002,-2.867448031902313E-001,9.503626823425293E-001,1.913362182676792E-003,-4.752090945839882E-002,-2.867448031902313E-001,9.503626823425293E-001,
1.484833333333334E+009,-1.968205161392689E-002,-5.405841022729874E-002,-2.591689527034760E-001,9.599636197090149E-001,-1.968205161392689E-002,-5.405841022729874E-002,-2.591689527034760E-001,9.599636197090149E-001,
1.493200000000000E+009,-4.051389917731285E-002,-4.647146165370941E-002,-2.299329191446304E-001,9.693953394889832E-001,-4.051389917731285E-002,-4.647146165370941E-002,-2.299329191446304E-001,9.693953394889832E-001,
1.501566666666667E+009,-5.385842546820641E-002,-2.962250448763371E-002,-2.164275348186493E-001,9.651817083358765E-001,-5.385842546820641E-002,-2.962250448763371E-002,-2.164275348186493E-001,9.651817083358765E-001,
1.509933333333334E+009,-5.593518167734146E-002,-5.810452159494162E-003,-1.897532641887665E-001,9.689074158668518E-001,-5.593518167734146E-002,-5.810452159494162E-003,-1.897532641887665E-001,9.689074158668518E-001,
1.518300000000000E+009,-4.460207000374794E-002,1.316573377698660E-002,-1.623288989067078E-001,9.774566292762756E-001,-4.460207000374794E-002,1.316573377698660E-002,-1.623288989067078E-001,9.774566292762756E-001,
1.526666666666667E+009,-2.703986130654812E-002,2.377316541969776E-002,-1.428327411413193E-001,9.838191270828247E-001,-2.703986130654812E-002,2.377316541969776E-002,-1.428327411413193E-001,9.838191270828247E-001,
1.535033333333334E+009,-6.145353894680738E-003,2.378088235855103E-002,-1.210871711373329E-001,9.847241640090942E-001,-6.145353894680738E-003,2.378088235855103E-002,-1.210871711373329E-001,9.847241640090942E-001,
1.543400000000000E+009,1.188325416296721E-002,1.388524007052183E-002,-8.897916227579117E-002,9.860278964042664E-001,1.188325416296721E-002,1.388524007052183E-002,-8.897916227579117E-002,9.860278964042664E-001,
1.551766666666667E+009,1.805991120636463E-002,-4.901517182588577E-003,-6.350303441286087E-002,9.901851415634155E-001,1.805991120636463E-002,-4.901517182588577E-003,-6.350303441286087E-002,9.901851415634155E-001,
1.560133333333334E+009,1.413365453481674E-002,-2.538931556046009E-002,-3.704031929373741E-002,9.997081756591797E-001,1.413365453481674E-002,-2.538931556046009E-002,-3.704031929373741E-002,9.997081756591797E-001,
1.568500000000000E+009,-2.574387472122908E-003,-3.802140057086945E-002,-1.865605823695660E-002,9.774606227874756E-001,-2.574387472122908E-003,-3.802140057086945E-002,-1.865605823695660E-002,9.774606227874756E-001,
1.576866666666667E+009,-2.195483818650246E-002,-4.231793060898781E-002,3.495009150356054E-003,9.944186210632324E-001,-2.195483818650246E-002,-4.231793060898781E-002,3.495009150356054E-003,9.944186210632324E-001,
1.585233333333334E+009,-4.105835407972336E-002,-3.354897722601891E-002,3.117543831467629E-002,9.832488298416138E-001,-4.105835407972336E-002,-3.354897722601891E-002,3.117543831467629E-002,9.832488298416138E-001,
1.593600000000000E+009,-5.147539451718330E-002,-1.844785548746586E-002,5.481193587183952E-002,9.927818179130554E-001,-5.147539451718330E-002,-1.844785548746586E-002,5.481193587183952E-002,9.927818179130554E-001,
1.601966666666667E+009,-5.313041433691979E-002,1.446559093892574E-003,7.471752911806107E-002,1.001191616058350E+000,-5.313041433691979E-002,1.446559093892574E-003,7.471752911806107E-002,1.001191616058350E+000,
1.610333333333334E+009,-4.314631968736649E-002,1.880344375967979E-002,1.026426777243614E-001,9.916553497314453E-001,-4.314631968736649E-002,1.880344375967979E-002,1.026426777243614E-001,9.916553497314453E-001,
1.618700000000000E+009,-2.604828402400017E-002,2.667163498699665E-002,1.284052729606628E-001,9.777762889862061E-001,-2.604828402400017E-002,2.667163498699665E-002,1.284052729606628E-001,9.777762889862061E-001,
1.627066666666667E+009,-8.648809976875782E-003,2.495420351624489E-002,1.541273742914200E-001,9.722471833229065E-001,-8.648809976875782E-003,2.495420351624489E-002,1.541273742914200E-001,9.722471833229065E-001,
1.635433333333334E+009,3.349386388435960E-003,1.486405823379755E-002,1.701464354991913E-001,9.709650278091431E-001,3.349386388435960E-003,1.486405823379755E-002,1.701464354991913E-001,9.709650278091431E-001,
1.643800000000000E+009,7.754491176456213E-003,-1.062250812537968E-003,1.997976750135422E-001,9.783274531364441E-001,7.754491176456213E-003,-1.062250812537968E-003,1.997976750135422E-001,9.783274531364441E-001,
1.652166666666667E+009,3.463327186182141E-003,-1.426874659955502E-002,2.272821813821793E-001,9.659374356269836E-001,3.463327186182141E-003,-1.426874659955502E-002,2.272821813821793E-001,9.659374356269836E-001,
1.660533333333334E+009,-1.212343759834766E-002,-2.500164322555065E-002,2.443406134843826E-001,9.525267481803894E-001,-1.212343759834766E-002,-2.500164322555065E-002,2.443406134843826E-001,9.525267481803894E-001,
1.668900000000000E+009,-2.793407440185547E-002,-2.414990216493607E-002,2.744497656822205E-001,9.526132941246033E-001,-2.793407440185547E-002,-2.414990216493607E-002,2.744497656822205E-001,9.526132941246033E-001,
1.677266666666667E+009,-4.304667934775353E-002,-1.652105338871479E-002,3.052871823310852E-001,9.355006814002991E-001,-4.304667934775353E-002,-1.652105338871479E-002,3.052871823310852E-001,9.355006814002991E-001,
1.685633333333334E+009,-4.995397478342056E-002,6.760744145140052E-004,3.224098086357117E-001,9.389343857765198E-001,-4.995397478342056E-002,6.760744145140052E-004,3.224098086357117E-001,9.389343857765198E-001,
1.694000000000000E+009,-4.878003150224686E-002,1.668024808168411E-002,3.453533351421356E-001,9.314185976982117E-001,-4.878003150224686E-002,1.668024808168411E-002,3.453533351421356E-001,9.314185976982117E-001,
1.702366666666667E+009,-3.879285231232643E-002,3.065486997365952E-002,3.610707819461823E-001,9.237074255943298E-001,-3.879285231232643E-002,3.065486997365952E-002,3.610707819461823E-001,9.237074255943298E-001,
1.710733333333334E+009,-2.068691700696945E-002,3.865270316600800E-002,3.962852060794830E-001,9.055940508842468E-001,-2.068691700696945E-002,3.865270316600800E-002,3.962852060794830E-001,9.055940508842468E-001,
1.719100000000000E+009,-4.442329984158278E-003,3.514583408832550E-002,4.127280712127686E-001,9.020115137100220E-001,-4.442329984158278E-003,3.514583408832550E-002,4.127280712127686E-001,9.020115137100220E-001,
1.727466666666667E+009,8.418840356171131E-003,2.590726874768734E-002,4.404007196426392E-001,8.920018672943115E-001,8.418840356171131E-003,2.590726874768734E-002,4.404007196426392E-001,8.920018672943115E-001,
1.735833333333334E+009,1.696165092289448E-002,9.698697365820408E-003,4.625031352043152E-001,8.704887032508850E-001,1.696165092289448E-002,9.698697365820408E-003,4.625031352043152E-001,8.704887032508850E-001,
1.744200000000000E+009,1.288063917309046E-002,-5.087208468466997E-003,4.863092601299286E-001,8.600568771362305E-001,1.288063917309046E-002,-5.087208468466997E-003,4.863092601299286E-001,8.600568771362305E-001,
1.752566666666667E+009,1.908902893774211E-003,-1.713855750858784E-002,5.053022503852844E-001,8.570489883422852E-001,1.908902893774211E-003,-1.713855750858784E-002,5.053022503852844E-001,8.570489883422852E-001,
1.760933333333334E+009,-1.203876547515392E-002,-2.062127366662026E-002,5.175315141677856E-001,8.407788872718811E-001,-1.203876547515392E-002,-2.062127366662026E-002,5.175315141677856E-001,8.407788872718811E-001,
1.769300000000000E+009,-2.670888975262642E-002,-1.822197623550892E-002,5.423967242240906E-001,8.229700922966003E-001,-2.670888975262642E-002,-1.822197623550892E-002,5.423967242240906E-001,8.229700922966003E-001,
1.777666666666667E+009,-3.860758244991303E-002,-7.683560717850924E-003,5.687544941902161E-001,8.083458542823792E-001,-3.860758244991303E-002,-7.683560717850924E-003,5.687544941902161E-001,8.083458542823792E-001,
1.786033333333334E+009,-4.322721436619759E-002,6.226903293281794E-003,5.819202661514282E-001,8.012894392013550E-001,-4.322721436619759E-002,6.226903293281794E-003,5.819202661514282E-001,8.012894392013550E-001,
1.794400000000000E+009,-4.245601221919060E-002,1.836919784545898E-002,6.039593219757080E-001,7.851450443267822E-001,-4.245601221919060E-002,1.836919784545898E-002,6.039593219757080E-001,7.851450443267822E-001,
1.802766666666667E+009,-3.315173462033272E-002,2.968234568834305E-002,6.265696287155151E-001,7.728073596954346E-001,-3.315173462033272E-002,2.968234568834305E-002,6.265696287155151E-001,7.728073596954346E-001,
1.811133333333334E+009,-2.112036943435669E-002,3.369195014238358E-002,6.449844837188721E-001,7.470174431800842E-001,-2.112036943435669E-002,3.369195014238358E-002,6.449844837188721E-001,7.470174431800842E-001,
1.819500000000000E+009,-1.023815013468266E-002,3.250725194811821E-002,6.602294445037842E-001,7.397595643997192E-001,-1.023815013468266E-002,3.250725194811821E-002,6.602294445037842E-001,7.397595643997192E-001,
1.827866666666667E+009,-3.100522735621780E-004,2.575155161321163E-002,6.784702539443970E-001,7.161669731140137E-001,-3.100522735621780E-004,2.575155161321163E-002,6.784702539443970E-001,7.161669731140137E-001,
1.836233333333334E+009,2.936943434178829E-003,1.703889854252338E-002,7.008224725723267E-001,7.060775160789490E-001,2.936943434178829E-003,1.703889854252338E-002,7.008224725723267E-001,7.060775160789490E-001,
1.844600000000000E+009,-1.107656513340771E-003,1.064681913703680E-002,7.155913710594177E-001,6.919186711311340E-001,-1.107656513340771E-003,1.064681913703680E-002,7.155913710594177E-001,6.919186711311340E-001,
1.852966666666667E+009,-8.123100735247135E-003,5.651771556586027E-003,7.370874881744385E-001,6.631156206130981E-001,-8.123100735247135E-003,5.651771556586027E-003,7.370874881744385E-001,6.631156206130981E-001,
1.861333333333334E+009,-1.476720906794071E-002,4.346665460616350E-003,7.539232373237610E-001,6.538369059562683E-001,-1.476720906794071E-002,4.346665460616350E-003,7.539232373237610E-001,6.538369059562683E-001,
1.869700000000000E+009,-2.157022431492806E-002,9.027862921357155E-003,7.620491385459900E-001,6.299437284469605E-001,-2.157022431492806E-002,9.027862921357155E-003,7.620491385459900E-001,6.299437284469605E-001,
1.878066666666667E+009,-2.696286141872406E-002,1.649557240307331E-002,7.835268974304199E-001,6.135916113853455E-001,-2.696286141872406E-002,1.649557240307331E-002,7.835268974304199E-001,6.135916113853455E-001,
1.886433333333334E+009,-2.353017590939999E-002,2.855378203094006E-002,7.915233373641968E-001,5.803313255310059E-001,-2.353017590939999E-002,2.855378203094006E-002,7.915233373641968E-001,5.803313255310059E-001,
1.894800000000000E+009,-1.894094422459602E-002,3.724815696477890E-002,8.086282610893250E-001,5.741845965385437E-001,-1.894094422459602E-002,3.724815696477890E-002,8.086282610893250E-001,5.741845965385437E-001,
1.903166666666667E+009,-9.902208112180233E-003,4.109130799770355E-002,8.217561841011047E-001,5.526725053787231E-001,-9.902208112180233E-003,4.109130799770355E-002,8.217561841011047E-001,5.526725053787231E-001,
1.911533333333334E+009,2.858204767107964E-003,4.130151867866516E-002,8.364326357841492E-001,5.188851356506348E-001,2.858204767107964E-003,4.130151867866516E-002,8.364326357841492E-001,5.188851356506348E-001,
1.919900000000000E+009,1.402656361460686E-002,3.527474030852318E-002,8.619232177734375E-001,5.048754215240479E-001,1.402656361460686E-002,3.527474030852318E-002,8.619232177734375E-001,5.048754215240479E-001,
1.928266666666667E+009,2.023010514676571E-002,2.700476907193661E-002,8.661916255950928E-001,4.898780286312103E-001,2.023010514676571E-002,2.700476907193661E-002,8.661916255950928E-001,4.898780286312103E-001,
1.936633333333334E+009,2.181905135512352E-002,1.510833855718374E-002,8.733902573585510E-001,4.629746377468109E-001,2.181905135512352E-002,1.510833855718374E-002,8.733902573585510E-001,4.629746377468109E-001,
1.945000000000000E+009,1.633265987038612E-002,4.325240850448608E-003,8.850266337394714E-001,4.397466480731964E-001,1.633265987038612E-002,4.325240850448608E-003,8.850266337394714E-001,4.397466480731964E-001,
1.953366666666667E+009,6.668936926871538E-003,7.686862954869866E-004,9.007253050804138E-001,4.246228039264679E-001,6.668936926871538E-003,7.686862954869866E-004,9.007253050804138E-001,4.246228039264679E-001,
1.961733333333334E+009,-5.522263236343861E-003,3.053383843507618E-004,9.049137234687805E-001,4.035757482051849E-001,-5.522263236343861E-003,3.053383843507618E-004,9.049137234687805E-001,4.035757482051849E-001,
1.970100000000000E+009,-1.505349110811949E-002,8.238020353019238E-003,9.215391278266907E-001,3.788687884807587E-001,-1.505349110811949E-002,8.238020353019238E-003,9.215391278266907E-001,3.788687884807587E-001,
1.978466666666667E+009,-1.932100020349026E-002,1.981637068092823E-002,9.225218892097473E-001,3.496840298175812E-001,-1.932100020349026E-002,1.981637068092823E-002,9.225218892097473E-001,3.496840298175812E-001,
1.986833333333334E+009,-1.712168939411640E-002,3.390215337276459E-002,9.379376769065857E-001,3.403645455837250E-001,-1.712168939411640E-002,3.390215337276459E-002,9.379376769065857E-001,3.403645455837250E-001,
1.995200000000000E+009,-6.969106383621693E-003,4.409839957952499E-002,9.307730793952942E-001,3.084501326084137E-001,-6.969106383621693E-003,4.409839957952499E-002,9.307730793952942E-001,3.084501326084137E-001,
2.003566666666667E+009,7.699140347540379E-003,5.003681033849716E-002,9.523718953132629E-001,2.790253162384033E-001,7.699140347540379E-003,5.003681033849716E-002,9.523718953132629E-001,2.790253162384033E-001,
2.011933333333334E+009,2.427940629422665E-002,4.646445438265801E-002,9.609044194221497E-001,2.516419589519501E-001,2.427940629422665E-002,4.646445438265801E-002,9.609044194221497E-001,2.516419589519501E-001,
2.020300000000000E+009,3.625103458762169E-002,3.617759048938751E-002,9.599743485450745E-001,2.398739755153656E-001,3.625103458762169E-002,3.617759048938751E-002,9.599743485450745E-001,2.398739755153656E-001,
2.028666666666667E+009,4.419105499982834E-002,1.808046922087669E-002,9.743988513946533E-001,2.051811963319778E-001,4.419105499982834E-002,1.808046922087669E-002,9.743988513946533E-001,2.051811963319778E-001,
2.037033333333334E+009,4.001294821500778E-002,3.885692451149225E-003,9.758943915367127E-001,1.909115165472031E-001,4.001294821500778E-002,3.885692451149225E-003,9.758943915367127E-001,1.909115165472031E-001,
2.045400000000000E+009,2.976400963962078E-002,-5.962807219475508E-003,9.817658066749573E-001,1.609043776988983E-001,2.976400963962078E-002,-5.962807219475508E-003,9.817658066749573E-001,1.609043776988983E-001,
2.053766666666667E+009,1.604161970317364E-002,-1.308888476341963E-002,9.815317988395691E-001,1.369679421186447E-001,1.604161970317364E-002,-1.308888476341963E-002,9.815317988395691E-001,1.369679421186447E-001,
2.062133333333334E+009,9.046450722962618E-004,-7.205177564173937E-003,9.896945357322693E-001,1.097531691193581E-001,9.046450722962618E-004,-7.205177564173937E-003,9.896945357322693E-001,1.097531691193581E-001,
2.070500000000000E+009,-9.516120888292790E-003,6.638114806264639E-003,9.876849651336670E-001,8.453605324029923E-002,-9.516120888292790E-003,6.638114806264639E-003,9.876849651336670E-001,8.453605324029923E-002,
2.078866666666667E+009,-7.993551902472973E-003,2.288677170872688E-002,9.889929294586182E-001,5.999577045440674E-002,-7.993551902472973E-003,2.288677170872688E-002,9.889929294586182E-001,5.999577045440674E-002,
2.087233333333334E+009,3.500330029055476E-003,3.757052868604660E-002,9.974933266639710E-001,3.328451514244080E-002,3.500330029055476E-003,3.757052868604660E-002,9.974933266639710E-001,3.328451514244080E-002,
2.095600000000000E+009,1.998299174010754E-002,4.334219172596932E-002,9.957982897758484E-001,9.452546946704388E-003,1.998299174010754E-002,4.334219172596932E-002,9.957982897758484E-001,9.452546946704388E-003,
2.103966666666667E+009,4.026762396097183E-002,3.784392401576042E-002,9.845942854881287E-001,-1.784075982868671E-002,4.026762396097183E-002,3.784392401576042E-002,9.845942854881287E-001,-1.784075982868671E-002,
2.112333333333334E+009,5.516226217150688E-002,2.198718674480915E-002,9.897063970565796E-001,-3.809219971299171E-002,5.516226217150688E-002,2.198718674480915E-002,9.897063970565796E-001,-3.809219971299171E-002,
2.120700000000000E+009,6.121727451682091E-002,-5.610333755612373E-004,9.868789315223694E-001,-7.329977303743362E-002,6.121727451682091E-002,-5.610333755612373E-004,9.868789315223694E-001,-7.329977303743362E-002,
2.129066666666667E+009,5.751163139939308E-002,-2.225145325064659E-002,9.691550135612488E-001,-9.426518529653549E-002,5.751163139939308E-002,-2.225145325064659E-002,9.691550135612488E-001,-9.426518529653549E-002,
2.137433333333334E+009,3.938473388552666E-002,-3.654298931360245E-002,9.866188168525696E-001,-1.232756376266480E-001,3.938473388552666E-002,-3.654298931360245E-002,9.866188168525696E-001,-1.232756376266480E-001,
2.145800000000000E+009,1.725698262453079E-002,-4.274374246597290E-002,9.802419543266296E-001,-1.388187110424042E-001,1.725698262453079E-002,-4.274374246597290E-002,9.802419543266296E-001,-1.388187110424042E-001,
2.154166666666667E+009,-5.884794984012842E-003,-3.383794054389000E-002,9.750674962997437E-001,-1.630284041166306E-001,-5.884794984012842E-003,-3.383794054389000E-002,9.750674962997437E-001,-1.630284041166306E-001,
2.162533333333334E+009,-1.891865581274033E-002,-1.543194707483053E-002,9.692277312278748E-001,-1.886760294437408E-001,-1.891865581274033E-002,-1.543194707483053E-002,9.692277312278748E-001,-1.886760294437408E-001,
2.170900000000000E+009,-1.905216462910175E-002,8.769759908318520E-003,9.654563069343567E-001,-2.200099825859070E-001,-1.905216462910175E-002,8.769759908318520E-003,9.654563069343567E-001,-2.200099825859070E-001,
2.179266666666667E+009,-6.969687063246965E-003,2.890944480895996E-002,9.632025957107544E-001,-2.381031513214111E-001,-6.969687063246965E-003,2.890944480895996E-002,9.632025957107544E-001,-2.381031513214111E-001,
2.187633333333334E+009,1.535083726048470E-002,3.890366852283478E-002,9.565200209617615E-001,-2.595524489879608E-001,1.535083726048470E-002,3.890366852283478E-002,9.565200209617615E-001,-2.595524489879608E-001,
2.196000000000000E+009,3.852629661560059E-002,3.304404392838478E-002,9.497213959693909E-001,-2.816317677497864E-001,3.852629661560059E-002,3.304404392838478E-002,9.497213959693909E-001,-2.816317677497864E-001,
2.204366666666667E+009,5.838610604405403E-002,1.571422070264816E-002,9.541984200477600E-001,-3.041402101516724E-001,5.838610604405403E-002,1.571422070264816E-002,9.541984200477600E-001,-3.041402101516724E-001,
2.212733333333334E+009,6.571083515882492E-002,-1.043027732521296E-002,9.332052469253540E-001,-3.247935175895691E-001,6.571083515882492E-002,-1.043027732521296E-002,9.332052469253540E-001,-3.247935175895691E-001,
2.221100000000000E+009,5.650200694799423E-002,-3.521817550063133E-002,9.270325899124146E-001,-3.570102751255035E-001,5.650200694799423E-002,-3.521817550063133E-002,9.270325899124146E-001,-3.570102751255035E-001,
2.229466666666667E+009,3.899440914392471E-002,-5.453602597117424E-002,9.233500361442566E-001,-3.751693367958069E-001,3.899440914392471E-002,-5.453602597117424E-002,9.233500361442566E-001,-3.751693367958069E-001,
2.237833333333334E+009,1.074748672544956E-002,-5.968713387846947E-002,9.028076529502869E-001,-4.054628312587738E-001,1.074748672544956E-002,-5.968713387846947E-002,9.028076529502869E-001,-4.054628312587738E-001,
2.246200000000000E+009,-1.402863301336765E-002,-5.073360726237297E-002,8.972265124320984E-001,-4.181647300720215E-001,-1.402863301336765E-002,-5.073360726237297E-002,8.972265124320984E-001,-4.181647300720215E-001,
2.254566666666667E+009,-2.851085178554058E-002,-2.808079309761524E-002,8.852263689041138E-001,-4.386529028415680E-001,-2.851085178554058E-002,-2.808079309761524E-002,8.852263689041138E-001,-4.386529028415680E-001,
2.262933333333334E+009,-2.936743758618832E-002,-1.123234978877008E-003,8.790592551231384E-001,-4.653394520282745E-001,-2.936743758618832E-002,-1.123234978877008E-003,8.790592551231384E-001,-4.653394520282745E-001,
2.271300000000000E+009,-1.590030640363693E-002,1.971177384257317E-002,8.592503070831299E-001,-4.880365729331970E-001,-1.590030640363693E-002,1.971177384257317E-002,8.592503070831299E-001,-4.880365729331970E-001,
2.279666666666667E+009,8.856133557856083E-003,2.959245070815086E-002,8.515339493751526E-001,-5.065980553627014E-001,8.856133557856083E-003,2.959245070815086E-002,8.515339493751526E-001,-5.065980553627014E-001,
2.288033333333334E+009,3.316403180360794E-002,2.283397875726223E-002,8.357617259025574E-001,-5.246659517288208E-001,3.316403180360794E-002,2.283397875726223E-002,8.357617259025574E-001,-5.246659517288208E-001,
2.296400000000000E+009,5.063202232122421E-002,2.008826704695821E-003,8.243134021759033E-001,-5.461768507957459E-001,5.063202232122421E-002,2.008826704695821E-003,8.243134021759033E-001,-5.461768507957459E-001,
2.304766666666667E+009,5.516691133379936E-002,-2.314931340515614E-002,8.100455403327942E-001,-5.720301866531372E-001,5.516691133379936E-002,-2.314931340515614E-002,8.100455403327942E-001,-5.720301866531372E-001,
2.313133333333334E+009,4.149316623806953E-002,-4.774099215865135E-002,7.918911576271057E-001,-5.857976675033569E-001,4.149316623806953E-002,-4.774099215865135E-002,7.918911576271057E-001,-5.857976675033569E-001,
2.321500000000000E+009,2.005992829799652E-002,-6.017751619219780E-002,7.800515890121460E-001,-6.115373969078064E-001,2.005992829799652E-002,-6.017751619219780E-002,7.800515890121460E-001,-6.115373969078064E-001,
2.329866666666667E+009,-8.962925523519516E-003,-5.866461247205734E-002,7.640596032142639E-001,-6.270318031311035E-001,-8.962925523519516E-003,-5.866461247205734E-002,7.640596032142639E-001,-6.270318031311035E-001,
2.338233333333334E+009,-3.004624508321285E-002,-4.118333011865616E-002,7.420920729637146E-001,-6.451840400695801E-001,-3.004624508321285E-002,-4.118333011865616E-002,7.420920729637146E-001,-6.451840400695801E-001,
2.346600000000000E+009,-3.593778610229492E-002,-1.518188323825598E-002,7.332087159156799E-001,-6.681333780288696E-001,-3.593778610229492E-002,-1.518188323825598E-002,7.332087159156799E-001,-6.681333780288696E-001,
2.354966666666667E+009,-2.810531109571457E-002,1.067232061177492E-002,7.168509364128113E-001,-6.810935735702515E-001,-2.810531109571457E-002,1.067232061177492E-002,7.168509364128113E-001,-6.810935735702515E-001,
2.363333333333334E+009,-4.909830633550882E-003,2.803014032542706E-002,6.948693990707398E-001,-7.024078965187073E-001,-4.909830633550882E-003,2.803014032542706E-002,6.948693990707398E-001,-7.024078965187073E-001,
2.371700000000000E+009,2.593412436544895E-002,2.766647562384605E-002,6.795186996459961E-001,-7.214319705963135E-001,2.593412436544895E-002,2.766647562384605E-002,6.795186996459961E-001,-7.214319705963135E-001,
2.380066666666667E+009,5.189631134271622E-002,8.503507822751999E-003,6.629461646080017E-001,-7.232863903045654E-001,5.189631134271622E-002,8.503507822751999E-003,6.629461646080017E-001,-7.232863903045654E-001,
2.388433333333334E+009,6.510163843631744E-002,-2.300865948200226E-002,6.410202980041504E-001,-7.565635442733765E-001,6.510163843631744E-002,-2.300865948200226E-002,6.410202980041504E-001,-7.565635442733765E-001,
2.396800000000000E+009,5.553653463721275E-002,-6.009868159890175E-002,6.202345490455627E-001,-7.664809226989746E-001,5.553653463721275E-002,-6.009868159890175E-002,6.202345490455627E-001,-7.664809226989746E-001,
2.405166666666667E+009,3.224618732929230E-002,-8.893910795450211E-002,6.077486276626587E-001,-7.855029702186585E-001,3.224618732929230E-002,-8.893910795450211E-002,6.077486276626587E-001,-7.855029702186585E-001,
2.413533333333334E+009,-4.711003508418798E-003,-1.020546555519104E-001,5.798144936561585E-001,-7.938811779022217E-001,-4.711003508418798E-003,-1.020546555519104E-001,5.798144936561585E-001,-7.938811779022217E-001,
2.421900000000000E+009,-4.629112407565117E-002,-9.166740626096726E-002,5.715687274932861E-001,-8.180397152900696E-001,-4.629112407565117E-002,-9.166740626096726E-002,5.715687274932861E-001,-8.180397152900696E-001,
2.430266666666667E+009,-7.577403634786606E-002,-6.627266854047775E-002,5.401322841644287E-001,-8.251301050186157E-001,-7.577403634786606E-002,-6.627266854047775E-002,5.401322841644287E-001,-8.251301050186157E-001,
2.438633333333334E+009,-8.918914198875427E-002,-2.591325156390667E-002,5.250337719917297E-001,-8.377285599708557E-001,-8.918914198875427E-002,-2.591325156390667E-002,5.250337719917297E-001,-8.377285599708557E-001,
2.447000000000000E+009,-8.082051575183868E-002,1.414802018553019E-002,5.050513744354248E-001,-8.502920866012573E-001,-8.082051575183868E-002,1.414802018553019E-002,5.050513744354248E-001,-8.502920866012573E-001,
2.455366666666667E+009,-5.310180410742760E-002,4.205714538693428E-002,4.799943268299103E-001,-8.676298260688782E-001,-5.310180410742760E-002,4.205714538693428E-002,4.799943268299103E-001,-8.676298260688782E-001,
2.463733333333334E+009,-1.759347319602966E-002,5.354419350624085E-002,4.619569778442383E-001,-8.773946166038513E-001,-1.759347319602966E-002,5.354419350624085E-002,4.619569778442383E-001,-8.773946166038513E-001,
2.472100000000000E+009,1.941367238759995E-002,3.965813294053078E-002,4.348602592945099E-001,-8.909270763397217E-001,1.941367238759995E-002,3.965813294053078E-002,4.348602592945099E-001,-8.909270763397217E-001,
2.480466666666667E+009,4.113122075796127E-002,1.005883887410164E-002,4.096277356147766E-001,-9.016808271408081E-001,4.113122075796127E-002,1.005883887410164E-002,4.096277356147766E-001,-9.016808271408081E-001,
2.488833333333334E+009,4.248058050870895E-002,-2.588949725031853E-002,3.874241113662720E-001,-9.120658636093140E-001,4.248058050870895E-002,-2.588949725031853E-002,3.874241113662720E-001,-9.120658636093140E-001,
2.497200000000000E+009,2.469393238425255E-002,-5.433503538370132E-002,3.627053201198578E-001,-9.190376400947571E-001,2.469393238425255E-002,-5.433503538370132E-002,3.627053201198578E-001,-9.190376400947571E-001,
2.505566666666667E+009,-6.132459267973900E-003,-6.909348070621491E-002,3.378168046474457E-001,-9.265805482864380E-001,-6.132459267973900E-003,-6.909348070621491E-002,3.378168046474457E-001,-9.265805482864380E-001,
2.513933333333334E+009,-4.153661802411079E-002,-6.299102306365967E-002,3.221211135387421E-001,-9.307432174682617E-001,-4.153661802411079E-002,-6.299102306365967E-002,3.221211135387421E-001,-9.307432174682617E-001,
2.522300000000000E+009,-6.665807217359543E-002,-4.064080864191055E-002,2.986649274826050E-001,-9.492152333259583E-001,-6.665807217359543E-002,-4.064080864191055E-002,2.986649274826050E-001,-9.492152333259583E-001,
2.530666666666667E+009,-7.606035470962524E-002,-7.603033911436796E-003,2.725754380226135E-001,-9.567718505859375E-001,-7.606035470962524E-002,-7.603033911436796E-003,2.725754380226135E-001,-9.567718505859375E-001,
2.539033333333334E+009,-6.321005523204804E-002,2.584479190409184E-002,2.491053789854050E-001,-9.543179273605347E-001,-6.321005523204804E-002,2.584479190409184E-002,2.491053789854050E-001,-9.543179273605347E-001,
2.547400000000000E+009,-3.691095858812332E-002,4.741376638412476E-002,2.299159169197083E-001,-9.598494768142700E-001,-3.691095858812332E-002,4.741376638412476E-002,2.299159169197083E-001,-9.598494768142700E-001,
2.555766666666667E+009,-4.064293578267098E-003,5.039536952972412E-002,2.032748311758041E-001,-9.681224822998047E-001,-4.064293578267098E-003,5.039536952972412E-002,2.032748311758041E-001,-9.681224822998047E-001,
2.564133333333334E+009,2.660842798650265E-002,3.404076024889946E-002,1.805713325738907E-001,-9.702623486518860E-001,2.660842798650265E-002,3.404076024889946E-002,1.805713325738907E-001,-9.702623486518860E-001,
2.572500000000000E+009,4.264127835631371E-002,2.526726108044386E-003,1.519999653100967E-001,-9.791604280471802E-001,4.264127835631371E-002,2.526726108044386E-003,1.519999653100967E-001,-9.791604280471802E-001,
2.580866666666667E+009,3.848107159137726E-002,-3.188987821340561E-002,1.273184716701508E-001,-9.787384867668152E-001,3.848107159137726E-002,-3.188987821340561E-002,1.273184716701508E-001,-9.787384867668152E-001,
2.589233333333334E+009,1.660114154219627E-002,-5.938684940338135E-002,1.042114123702049E-001,-9.766772389411926E-001,1.660114154219627E-002,-5.938684940338135E-002,1.042114123702049E-001,-9.766772389411926E-001,
2.597600000000000E+009,-1.913172192871571E-002,-6.974333524703980E-002,7.922516763210297E-002,-9.792416095733643E-001,-1.913172192871571E-002,-6.974333524703980E-002,7.922516763210297E-002,-9.792416095733643E-001,
2.605966666666667E+009,-5.329274386167526E-002,-6.227542832493782E-002,5.330221354961395E-002,-9.862432479858398E-001,-5.329274386167526E-002,-6.227542832493782E-002,5.330221354961395E-002,-9.862432479858398E-001,
2.614333333333334E+009,-8.070136606693268E-002,-3.607189282774925E-002,2.959044650197029E-002,-9.891105294227600E-001,-8.070136606693268E-002,-3.607189282774925E-002,2.959044650197029E-002,-9.891105294227600E-001,
2.622700000000000E+009,-8.826649188995361E-002,9.876876138150692E-004,5.385228898376226E-003,-9.897384643554688E-001,-8.826649188995361E-002,9.876876138150692E-004,5.385228898376226E-003,-9.897384643554688E-001,
2.631066666666667E+009,-7.534772902727127E-002,3.630718961358070E-002,-1.692447438836098E-002,-9.887610673904419E-001,-7.534772902727127E-002,3.630718961358070E-002,-1.692447438836098E-002,-9.887610673904419E-001,
2.639433333333334E+009,-4.791314527392387E-002,5.894360691308975E-002,-4.232205078005791E-002,-9.850889444351196E-001,-4.791314527392387E-002,5.894360691308975E-002,-4.232205078005791E-002,-9.850889444351196E-001,
2.647800000000000E+009,-1.241598557680845E-002,6.266606599092484E-002,-6.566438823938370E-002,-9.818373918533325E-001,-1.241598557680845E-002,6.266606599092484E-002,-6.566438823938370E-002,-9.818373918533325E-001,
2.656166666666667E+009,1.589230634272099E-002,4.783961921930313E-002,-9.730270504951477E-002,-9.898878335952759E-001,1.589230634272099E-002,4.783961921930313E-002,-9.730270504951477E-002,-9.898878335952759E-001,
2.664533333333334E+009,3.317252546548843E-002,1.864043436944485E-002,-1.167799383401871E-001,-9.776604771614075E-001,3.317252546548843E-002,1.864043436944485E-002,-1.167799383401871E-001,-9.776604771614075E-001,
2.672900000000000E+009,3.003858029842377E-002,-1.397798769176006E-002,-1.411231905221939E-001,-9.780789613723755E-001,3.003858029842377E-002,-1.397798769176006E-002,-1.411231905221939E-001,-9.780789613723755E-001,
2.681266666666667E+009,9.615196846425533E-003,-3.883469477295876E-002,-1.655477136373520E-001,-9.751116633415222E-001,9.615196846425533E-003,-3.883469477295876E-002,-1.655477136373520E-001,-9.751116633415222E-001,
2.689633333333334E+009,-2.209518477320671E-002,-4.922305420041084E-002,-1.914468109607697E-001,-9.713311195373535E-001,-2.209518477320671E-002,-4.922305420041084E-002,-1.914468109607697E-001,-9.713311195373535E-001,
2.698000000000000E+009,-5.534266307950020E-002,-3.998317196965218E-002,-2.204829007387161E-001,-9.576464295387268E-001,-5.534266307950020E-002,-3.998317196965218E-002,-2.204829007387161E-001,-9.576464295387268E-001,
2.706366666666667E+009,-7.880908250808716E-002,-1.376539561897516E-002,-2.338777184486389E-001,-9.572041034698486E-001,-7.880908250808716E-002,-1.376539561897516E-002,-2.338777184486389E-001,-9.572041034698486E-001,
2.714733333333334E+009,-8.475586771965027E-002,2.182999812066555E-002,-2.642231881618500E-001,-9.570461511611939E-001,-8.475586771965027E-002,2.182999812066555E-002,-2.642231881618500E-001,-9.570461511611939E-001,
2.723100000000000E+009,-6.920963525772095E-002,5.431860312819481E-002,-2.863849401473999E-001,-9.455934166908264E-001,-6.920963525772095E-002,5.431860312819481E-002,-2.863849401473999E-001,-9.455934166908264E-001,
2.731466666666667E+009,-3.905618190765381E-002,7.758428156375885E-002,-3.054906725883484E-001,-9.374263882637024E-001,-3.905618190765381E-002,7.758428156375885E-002,-3.054906725883484E-001,-9.374263882637024E-001,
2.739833333333334E+009,-2.739184536039829E-003,8.077102154493332E-002,-3.288202583789825E-001,-9.363824129104614E-001,-2.739184536039829E-003,8.077102154493332E-002,-3.288202583789825E-001,-9.363824129104614E-001,
2.748200000000000E+009,2.907515689730644E-002,6.558839976787567E-002,-3.563822209835053E-001,-9.250123500823975E-001,2.907515689730644E-002,6.558839976787567E-002,-3.563822209835053E-001,-9.250123500823975E-001,
2.756566666666667E+009,4.796959832310677E-002,3.496117889881134E-002,-3.808280229568481E-001,-9.102705121040344E-001,4.796959832310677E-002,3.496117889881134E-002,-3.808280229568481E-001,-9.102705121040344E-001,
2.764933333333334E+009,4.656943678855896E-002,4.194382927380502E-004,-3.968930244445801E-001,-8.984650969505310E-001,4.656943678855896E-002,4.194382927380502E-004,-3.968930244445801E-001,-8.984650969505310E-001,
2.773300000000000E+009,2.793492376804352E-002,-2.628967724740505E-002,-4.221706390380859E-001,-8.935032486915588E-001,2.793492376804352E-002,-2.628967724740505E-002,-4.221706390380859E-001,-8.935032486915588E-001,
2.781666666666667E+009,-4.001039080321789E-003,-3.871518746018410E-002,-4.481492042541504E-001,-8.785548210144043E-001,-4.001039080321789E-003,-3.871518746018410E-002,-4.481492042541504E-001,-8.785548210144043E-001,
2.790033333333334E+009,-3.739517554640770E-002,-3.312006592750549E-002,-4.660841822624207E-001,-8.723489046096802E-001,-3.739517554640770E-002,-3.312006592750549E-002,-4.660841822624207E-001,-8.723489046096802E-001,
2.798400000000000E+009,-6.267838180065155E-002,-9.397221729159355E-003,-4.989776909351349E-001,-8.554776906967163E-001,-6.267838180065155E-002,-9.397221729159355E-003,-4.989776909351349E-001,-8.554776906967163E-001,
2.806766666666667E+009,-6.913871318101883E-002,2.567897550761700E-002,-5.126023888587952E-001,-8.425249457359314E-001,-6.913871318101883E-002,2.567897550761700E-002,-5.126023888587952E-001,-8.425249457359314E-001,
2.815133333333334E+009,-5.683575198054314E-002,5.731400474905968E-002,-5.289757251739502E-001,-8.331358432769775E-001,-5.683575198054314E-002,5.731400474905968E-002,-5.289757251739502E-001,-8.331358432769775E-001,
2.823500000000000E+009,-2.712946012616158E-002,7.811565697193146E-002,-5.522877573966980E-001,-8.210116028785706E-001,-2.712946012616158E-002,7.811565697193146E-002,-5.522877573966980E-001,-8.210116028785706E-001,
2.831866666666667E+009,8.830216713249683E-003,8.139597624540329E-002,-5.691970586776733E-001,-8.088977336883545E-001,8.830216713249683E-003,8.139597624540329E-002,-5.691970586776733E-001,-8.088977336883545E-001,
2.840233333333334E+009,4.080383479595184E-002,6.669443100690842E-002,-5.958236455917358E-001,-7.860513329505920E-001,4.080383479595184E-002,6.669443100690842E-002,-5.958236455917358E-001,-7.860513329505920E-001,
2.848600000000000E+009,5.944010242819786E-002,3.622841835021973E-002,-6.112951040267944E-001,-7.715754508972168E-001,5.944010242819786E-002,3.622841835021973E-002,-6.112951040267944E-001,-7.715754508972168E-001,
2.856966666666667E+009,5.820987373590469E-002,9.877808624878526E-004,-6.317523717880249E-001,-7.585322260856628E-001,5.820987373590469E-002,9.877808624878526E-004,-6.317523717880249E-001,-7.585322260856628E-001,
2.865333333333334E+009,3.985892981290817E-002,-2.783925458788872E-002,-6.552731394767761E-001,-7.460784912109375E-001,3.985892981290817E-002,-2.783925458788872E-002,-6.552731394767761E-001,-7.460784912109375E-001,
2.873700000000000E+009,5.676662549376488E-003,-4.311317205429077E-002,-6.705092191696167E-001,-7.311199903488159E-001,5.676662549376488E-003,-4.311317205429077E-002,-6.705092191696167E-001,-7.311199903488159E-001,
2.882066666666667E+009,-2.907533757388592E-002,-3.422863036394119E-002,-6.886426806449890E-001,-7.031335830688477E-001,-2.907533757388592E-002,-3.422863036394119E-002,-6.886426806449890E-001,-7.031335830688477E-001,
2.890433333333334E+009,-5.642732232809067E-002,-9.850283153355122E-003,-7.023024559020996E-001,-6.957577466964722E-001,-5.642732232809067E-002,-9.850283153355122E-003,-7.023024559020996E-001,-6.957577466964722E-001,
2.898800000000000E+009,-6.493371725082398E-002,2.542232908308506E-002,-7.252334356307983E-001,-6.772947907447815E-001,-6.493371725082398E-002,2.542232908308506E-002,-7.252334356307983E-001,-6.772947907447815E-001,
2.907166666666667E+009,-5.166012793779373E-002,6.092828884720802E-002,-7.346592545509338E-001,-6.597427129745483E-001,-5.166012793779373E-002,6.092828884720802E-002,-7.346592545509338E-001,-6.597427129745483E-001,
2.915533333333334E+009,-2.258171699941158E-002,8.494181185960770E-002,-7.483751177787781E-001,-6.455664634704590E-001,-2.258171699941158E-002,8.494181185960770E-002,-7.483751177787781E-001,-6.455664634704590E-001,
2.923900000000000E+009,1.764280907809734E-002,8.962170034646988E-002,-7.656959295272827E-001,-6.180123686790466E-001,1.764280907809734E-002,8.962170034646988E-002,-7.656959295272827E-001,-6.180123686790466E-001,
2.932266666666667E+009,5.316242575645447E-002,7.316814363002777E-002,-7.813379764556885E-001,-6.011228561401367E-001,5.316242575645447E-002,7.316814363002777E-002,-7.813379764556885E-001,-6.011228561401367E-001,
2.940633333333334E+009,7.453910261392593E-002,4.189922288060188E-002,-8.029026389122009E-001,-5.763661265373230E-001,7.453910261392593E-002,4.189922288060188E-002,-8.029026389122009E-001,-5.763661265373230E-001,
2.949000000000000E+009,7.660322636365891E-002,2.413544338196516E-003,-8.156741857528687E-001,-5.619791746139526E-001,7.660322636365891E-002,2.413544338196516E-003,-8.156741857528687E-001,-5.619791746139526E-001,
2.957366666666667E+009,5.605106055736542E-002,-3.035918623209000E-002,-8.308112025260925E-001,-5.422458648681641E-001,5.605106055736542E-002,-3.035918623209000E-002,-8.308112025260925E-001,-5.422458648681641E-001,
2.965733333333334E+009,2.237098105251789E-002,-4.657612368464470E-002,-8.426774144172669E-001,-5.220914483070374E-001,2.237098105251789E-002,-4.657612368464470E-002,-8.426774144172669E-001,-5.220914483070374E-001,
2.974100000000000E+009,-1.498978771269321E-002,-4.065568000078201E-002,-8.544811606407166E-001,-4.987946450710297E-001,-1.498978771269321E-002,-4.065568000078201E-002,-8.544811606407166E-001,-4.987946450710297E-001,
2.982466666666667E+009,-4.426737502217293E-002,-1.675194315612316E-002,-8.761825561523438E-001,-4.768773615360260E-001,-4.426737502217293E-002,-1.675194315612316E-002,-8.761825561523438E-001,-4.768773615360260E-001,
2.990833333333334E+009,-5.534123256802559E-002,2.137529104948044E-002,-8.736842870712280E-001,-4.548207521438599E-001,-5.534123256802559E-002,2.137529104948044E-002,-8.736842870712280E-001,-4.548207521438599E-001,
2.999200000000000E+009,-4.190022498369217E-002,5.861152336001396E-002,-8.871349096298218E-001,-4.310451447963715E-001,-4.190022498369217E-002,5.861152336001396E-002,-8.871349096298218E-001,-4.310451447963715E-001,
3.007566666666667E+009,-1.032684464007616E-002,8.569400012493134E-002,-8.988901376724243E-001,-4.096127450466156E-001,-1.032684464007616E-002,8.569400012493134E-002,-8.988901376724243E-001,-4.096127450466156E-001,
3.015933333333334E+009,2.986779622733593E-002,9.048186242580414E-002,-9.077661037445068E-001,-3.953109383583069E-001,2.986779622733593E-002,9.048186242580414E-002,-9.077661037445068E-001,-3.953109383583069E-001,
3.024300000000000E+009,6.867317855358124E-002,6.971195340156555E-002,-9.166292548179627E-001,-3.680050075054169E-001,6.867317855358124E-002,6.971195340156555E-002,-9.166292548179627E-001,-3.680050075054169E-001,
3.032666666666667E+009,9.132534265518189E-002,3.560007736086845E-002,-9.205968976020813E-001,-3.458290994167328E-001,9.132534265518189E-002,3.560007736086845E-002,-9.205968976020813E-001,-3.458290994167328E-001,
3.041033333333334E+009,9.403263032436371E-002,-7.094636559486389E-003,-9.333910942077637E-001,-3.227419853210449E-001,9.403263032436371E-002,-7.094636559486389E-003,-9.333910942077637E-001,-3.227419853210449E-001,
3.049400000000000E+009,7.197161763906479E-002,-4.409061372280121E-002,-9.459429383277893E-001,-2.934568524360657E-001,7.197161763906479E-002,-4.409061372280121E-002,-9.459429383277893E-001,-2.934568524360657E-001,
3.057766666666667E+009,3.339176997542381E-002,-6.352891027927399E-002,-9.504088759422302E-001,-2.728551924228668E-001,3.339176997542381E-002,-6.352891027927399E-002,-9.504088759422302E-001,-2.728551924228668E-001,
3.066133333333334E+009,-1.133331097662449E-002,-5.801754444837570E-002,-9.560407400131226E-001,-2.477839589118958E-001,-1.133331097662449E-002,-5.801754444837570E-002,-9.560407400131226E-001,-2.477839589118958E-001,
3.074500000000000E+009,-4.437426850199699E-002,-2.930547669529915E-002,-9.626139998435974E-001,-2.223392426967621E-001,-4.437426850199699E-002,-2.930547669529915E-002,-9.626139998435974E-001,-2.223392426967621E-001,
3.082866666666667E+009,-5.577461048960686E-002,1.471303403377533E-002,-9.617477655410767E-001,-1.974717229604721E-001,-5.577461048960686E-002,1.471303403377533E-002,-9.617477655410767E-001,-1.974717229604721E-001,
3.091233333333334E+009,-4.138940200209618E-002,5.922094359993935E-002,-9.698111414909363E-001,-1.713891029357910E-001,-4.138940200209618E-002,5.922094359993935E-002,-9.698111414909363E-001,-1.713891029357910E-001,
3.099600000000000E+009,-3.885831916704774E-003,8.884420245885849E-002,-9.764869809150696E-001,-1.530511230230331E-001,-3.885831916704774E-003,8.884420245885849E-002,-9.764869809150696E-001,-1.530511230230331E-001,
3.107966666666667E+009,4.532135277986527E-002,9.385829418897629E-002,-9.798493385314941E-001,-1.271461248397827E-001,4.532135277986527E-002,9.385829418897629E-002,-9.798493385314941E-001,-1.271461248397827E-001,
3.116333333333334E+009,9.127888828516007E-002,7.328397780656815E-002,-9.849866032600403E-001,-1.000870317220688E-001,9.127888828516007E-002,7.328397780656815E-002,-9.849866032600403E-001,-1.000870317220688E-001,
3.124700000000000E+009,1.196715831756592E-001,2.972437813878059E-002,-9.757016301155090E-001,-7.675026357173920E-002,1.196715831756592E-001,2.972437813878059E-002,-9.757016301155090E-001,-7.675026357173920E-002,
3.133066666666667E+009,1.222591549158096E-001,-2.288214862346649E-002,-9.870929121971130E-001,-5.399037897586823E-002,1.222591549158096E-001,-2.288214862346649E-002,-9.870929121971130E-001,-5.399037897586823E-002,
3.141433333333334E+009,9.549237787723541E-002,-6.936621665954590E-002,-9.938681125640869E-001,-2.863656170666218E-002,9.549237787723541E-002,-6.936621665954590E-002,-9.938681125640869E-001,-2.863656170666218E-002,
3.149800000000000E+009,5.047406628727913E-002,-9.439128637313843E-002,-9.879982471466065E-001,-9.510747040621936E-004,5.047406628727913E-002,-9.439128637313843E-002,-9.879982471466065E-001,-9.510747040621936E-004,
3.158166666666667E+009,-1.990483840927482E-003,-9.339454025030136E-002,-9.882128834724426E-001,2.698639035224915E-002,-1.990483840927482E-003,-9.339454025030136E-002,-9.882128834724426E-001,2.698639035224915E-002,
3.166533333333334E+009,-4.345956444740295E-002,-6.400351971387863E-002,-9.813352227210999E-001,4.895688220858574E-002,-4.345956444740295E-002,-6.400351971387863E-002,-9.813352227210999E-001,4.895688220858574E-002,
3.174900000000000E+009,-6.234891340136528E-002,-1.607696712017059E-002,-9.848058819770813E-001,7.301495969295502E-002,-6.234891340136528E-002,-1.607696712017059E-002,-9.848058819770813E-001,7.301495969295502E-002,
3.183266666666667E+009,-5.211622267961502E-002,3.436543419957161E-002,-9.819410443305969E-001,9.229434281587601E-002,-5.211622267961502E-002,3.436543419957161E-002,-9.819410443305969E-001,9.229434281587601E-002,
3.191633333333334E+009,-1.466786302626133E-002,7.025641202926636E-002,-9.817971587181091E-001,1.147715151309967E-001,-1.466786302626133E-002,7.025641202926636E-002,-9.817971587181091E-001,1.147715151309967E-001,
3.200000000000000E+009,3.647068887948990E-002,8.039879053831101E-002,-9.721184372901917E-001,1.377291679382324E-001,3.647068887948990E-002,8.039879053831101E-002,-9.721184372901917E-001,1.377291679382324E-001,
