% Version 1.00
%
%freq[Hz],re:Trc1_S11,im:Trc1_S11,re:Trc2_S21,im:Trc2_S21,re:Trc3_S11,im:Trc3_S11,re:Trc4_S21,im:Trc4_S21,
6.900000000000000E+008,-3.151175752282143E-002,5.680768564343453E-002,-5.000867247581482E-001,-8.483039736747742E-001,-3.151175752282143E-002,5.680768564343453E-002,-5.000867247581482E-001,-8.483039736747742E-001,
6.983666666666666E+008,-2.130871079862118E-002,5.775454640388489E-002,-5.234103202819824E-001,-8.394702076911926E-001,-2.130871079862118E-002,5.775454640388489E-002,-5.234103202819824E-001,-8.394702076911926E-001,
7.067333333333334E+008,-1.445909775793552E-002,5.288731679320335E-002,-5.678257346153259E-001,-7.775051593780518E-001,-1.445909775793552E-002,5.288731679320335E-002,-5.678257346153259E-001,-7.775051593780518E-001,
7.151000000000000E+008,-1.303940266370773E-002,4.566497728228569E-002,-5.873317718505859E-001,-7.911374568939209E-001,-1.303940266370773E-002,4.566497728228569E-002,-5.873317718505859E-001,-7.911374568939209E-001,
7.234666666666666E+008,-1.563018932938576E-002,4.068093374371529E-002,-5.995066761970520E-001,-7.791270017623901E-001,-1.563018932938576E-002,4.068093374371529E-002,-5.995066761970520E-001,-7.791270017623901E-001,
7.318333333333334E+008,-2.177010849118233E-002,3.882043063640595E-002,-6.138010025024414E-001,-7.773907184600830E-001,-2.177010849118233E-002,3.882043063640595E-002,-6.138010025024414E-001,-7.773907184600830E-001,
7.402000000000000E+008,-2.752776443958283E-002,3.963441401720047E-002,-6.593563556671143E-001,-7.600742578506470E-001,-2.752776443958283E-002,3.963441401720047E-002,-6.593563556671143E-001,-7.600742578506470E-001,
7.485666666666666E+008,-3.337068110704422E-002,4.613693058490753E-002,-6.571943759918213E-001,-7.556020021438599E-001,-3.337068110704422E-002,4.613693058490753E-002,-6.571943759918213E-001,-7.556020021438599E-001,
7.569333333333334E+008,-3.361452743411064E-002,5.434125661849976E-002,-6.653962731361389E-001,-7.351130843162537E-001,-3.361452743411064E-002,5.434125661849976E-002,-6.653962731361389E-001,-7.351130843162537E-001,
7.653000000000000E+008,-2.761188708245754E-002,6.204567104578018E-002,-6.834779977798462E-001,-7.140125036239624E-001,-2.761188708245754E-002,6.204567104578018E-002,-6.834779977798462E-001,-7.140125036239624E-001,
7.736666666666666E+008,-1.988696306943893E-002,6.824365258216858E-002,-7.157887220382690E-001,-6.884601712226868E-001,-1.988696306943893E-002,6.824365258216858E-002,-7.157887220382690E-001,-6.884601712226868E-001,
7.820333333333334E+008,-9.719833731651306E-003,7.092725485563278E-002,-7.272217869758606E-001,-6.758293509483337E-001,-9.719833731651306E-003,7.092725485563278E-002,-7.272217869758606E-001,-6.758293509483337E-001,
7.904000000000000E+008,1.420484855771065E-003,6.983762234449387E-002,-7.317740917205811E-001,-6.547923088073731E-001,1.420484855771065E-003,6.983762234449387E-002,-7.317740917205811E-001,-6.547923088073731E-001,
7.987666666666666E+008,6.849095690995455E-003,6.435546278953552E-002,-7.666965126991272E-001,-6.342685818672180E-001,6.849095690995455E-003,6.435546278953552E-002,-7.666965126991272E-001,-6.342685818672180E-001,
8.071333333333334E+008,1.055755279958248E-002,5.919765681028366E-002,-7.715276479721069E-001,-6.226292252540588E-001,1.055755279958248E-002,5.919765681028366E-002,-7.715276479721069E-001,-6.226292252540588E-001,
8.155000000000000E+008,5.451469682157040E-003,5.322389304637909E-002,-7.943754792213440E-001,-6.009881496429443E-001,5.451469682157040E-003,5.322389304637909E-002,-7.943754792213440E-001,-6.009881496429443E-001,
8.238666666666666E+008,2.572649857029319E-003,4.922458156943321E-002,-7.960904836654663E-001,-5.712616443634033E-001,2.572649857029319E-003,4.922458156943321E-002,-7.960904836654663E-001,-5.712616443634033E-001,
8.322333333333334E+008,-3.938744775950909E-003,5.001972988247871E-002,-8.177605271339417E-001,-5.522736907005310E-001,-3.938744775950909E-003,5.001972988247871E-002,-8.177605271339417E-001,-5.522736907005310E-001,
8.406000000000000E+008,-8.517193607985973E-003,5.409195646643639E-002,-8.283148407936096E-001,-5.385630130767822E-001,-8.517193607985973E-003,5.409195646643639E-002,-8.283148407936096E-001,-5.385630130767822E-001,
8.489666666666668E+008,-1.104123238474131E-002,6.157438084483147E-002,-8.394265770912170E-001,-5.233324170112610E-001,-1.104123238474131E-002,6.157438084483147E-002,-8.394265770912170E-001,-5.233324170112610E-001,
8.573333333333334E+008,-8.287837728857994E-003,6.913525611162186E-002,-8.561943769454956E-001,-4.825089871883392E-001,-8.287837728857994E-003,6.913525611162186E-002,-8.561943769454956E-001,-4.825089871883392E-001,
8.657000000000000E+008,1.809448935091496E-003,7.589814811944962E-002,-8.729219436645508E-001,-4.623335599899292E-001,1.809448935091496E-003,7.589814811944962E-002,-8.729219436645508E-001,-4.623335599899292E-001,
8.740666666666668E+008,1.064916886389256E-002,7.811764627695084E-002,-8.707938194274902E-001,-4.504156410694122E-001,1.064916886389256E-002,7.811764627695084E-002,-8.707938194274902E-001,-4.504156410694122E-001,
8.824333333333334E+008,2.142553031444550E-002,7.708774507045746E-002,-8.876898884773254E-001,-4.355006515979767E-001,2.142553031444550E-002,7.708774507045746E-002,-8.876898884773254E-001,-4.355006515979767E-001,
8.908000000000000E+008,3.133156523108482E-002,7.196432352066040E-002,-8.883927464485169E-001,-4.033630788326263E-001,3.133156523108482E-002,7.196432352066040E-002,-8.883927464485169E-001,-4.033630788326263E-001,
8.991666666666668E+008,3.555110469460487E-002,6.480560451745987E-002,-9.029906392097473E-001,-3.758874237537384E-001,3.555110469460487E-002,6.480560451745987E-002,-9.029906392097473E-001,-3.758874237537384E-001,
9.075333333333334E+008,3.664394468069077E-002,5.813489109277725E-002,-9.325990676879883E-001,-3.569207489490509E-001,3.664394468069077E-002,5.813489109277725E-002,-9.325990676879883E-001,-3.569207489490509E-001,
9.159000000000000E+008,3.454662114381790E-002,5.530577525496483E-002,-9.391396045684815E-001,-3.286164999008179E-001,3.454662114381790E-002,5.530577525496483E-002,-9.391396045684815E-001,-3.286164999008179E-001,
9.242666666666668E+008,2.998430654406548E-002,5.200410261750221E-002,-9.439964294433594E-001,-3.143341243267059E-001,2.998430654406548E-002,5.200410261750221E-002,-9.439964294433594E-001,-3.143341243267059E-001,
9.326333333333334E+008,2.318409085273743E-002,5.290171504020691E-002,-9.650629162788391E-001,-2.898029685020447E-001,2.318409085273743E-002,5.290171504020691E-002,-9.650629162788391E-001,-2.898029685020447E-001,
9.410000000000000E+008,2.035620622336865E-002,5.728140473365784E-002,-9.582067728042603E-001,-2.566833496093750E-001,2.035620622336865E-002,5.728140473365784E-002,-9.582067728042603E-001,-2.566833496093750E-001,
9.493666666666668E+008,2.054339647293091E-002,6.331044435501099E-002,-9.559411406517029E-001,-2.381345480680466E-001,2.054339647293091E-002,6.331044435501099E-002,-9.559411406517029E-001,-2.381345480680466E-001,
9.577333333333334E+008,2.425856329500675E-002,7.112061232328415E-002,-9.721350669860840E-001,-2.144198566675186E-001,2.425856329500675E-002,7.112061232328415E-002,-9.721350669860840E-001,-2.144198566675186E-001,
9.661000000000000E+008,3.428502380847931E-002,7.713677734136581E-002,-9.690140485763550E-001,-1.905053108930588E-001,3.428502380847931E-002,7.713677734136581E-002,-9.690140485763550E-001,-1.905053108930588E-001,
9.744666666666668E+008,4.322058334946632E-002,7.618881016969681E-002,-9.738964438438416E-001,-1.667549312114716E-001,4.322058334946632E-002,7.618881016969681E-002,-9.738964438438416E-001,-1.667549312114716E-001,
9.828333333333334E+008,5.749662965536118E-002,7.224868983030319E-002,-9.771081209182739E-001,-1.458007842302322E-001,5.749662965536118E-002,7.224868983030319E-002,-9.771081209182739E-001,-1.458007842302322E-001,
9.912000000000000E+008,6.560400128364563E-002,6.502711772918701E-002,-9.762248396873474E-001,-1.189629584550858E-001,6.560400128364563E-002,6.502711772918701E-002,-9.762248396873474E-001,-1.189629584550858E-001,
9.995666666666668E+008,7.217794656753540E-002,5.503371357917786E-002,-9.915295243263245E-001,-8.094167709350586E-002,7.217794656753540E-002,5.503371357917786E-002,-9.915295243263245E-001,-8.094167709350586E-002,
1.007933333333333E+009,7.256347686052322E-002,4.540351033210754E-002,-9.897603988647461E-001,-6.676094233989716E-002,7.256347686052322E-002,4.540351033210754E-002,-9.897603988647461E-001,-6.676094233989716E-002,
1.016300000000000E+009,6.716128438711166E-002,3.908126056194305E-002,-9.916708469390869E-001,-4.003000631928444E-002,6.716128438711166E-002,3.908126056194305E-002,-9.916708469390869E-001,-4.003000631928444E-002,
1.024666666666667E+009,6.044577807188034E-002,3.295241668820381E-002,-9.915148019790649E-001,-7.546324748545885E-003,6.044577807188034E-002,3.295241668820381E-002,-9.915148019790649E-001,-7.546324748545885E-003,
1.033033333333333E+009,5.412150546908379E-002,3.533934056758881E-002,-9.912939667701721E-001,1.122163329273462E-002,5.412150546908379E-002,3.533934056758881E-002,-9.912939667701721E-001,1.122163329273462E-002,
1.041400000000000E+009,4.885510727763176E-002,4.079176858067513E-002,-9.768123626708984E-001,5.039976909756661E-002,4.885510727763176E-002,4.079176858067513E-002,-9.768123626708984E-001,5.039976909756661E-002,
1.049766666666667E+009,4.928955063223839E-002,4.815020784735680E-002,-9.888867735862732E-001,6.984794139862061E-002,4.928955063223839E-002,4.815020784735680E-002,-9.888867735862732E-001,6.984794139862061E-002,
1.058133333333333E+009,5.562041699886322E-002,5.354952067136765E-002,-9.821983575820923E-001,8.886159211397171E-002,5.562041699886322E-002,5.354952067136765E-002,-9.821983575820923E-001,8.886159211397171E-002,
1.066500000000000E+009,6.767981499433518E-002,5.610830709338188E-002,-9.889562129974365E-001,1.275670230388641E-001,6.767981499433518E-002,5.610830709338188E-002,-9.889562129974365E-001,1.275670230388641E-001,
1.074866666666667E+009,7.835407555103302E-002,5.279946699738503E-002,-9.706488251686096E-001,1.442656069993973E-001,7.835407555103302E-002,5.279946699738503E-002,-9.706488251686096E-001,1.442656069993973E-001,
1.083233333333334E+009,8.987240493297577E-002,4.009712487459183E-002,-9.686939120292664E-001,1.657902747392654E-001,8.987240493297577E-002,4.009712487459183E-002,-9.686939120292664E-001,1.657902747392654E-001,
1.091600000000000E+009,9.628631919622421E-002,2.893703803420067E-002,-9.597411155700684E-001,1.871056258678436E-001,9.628631919622421E-002,2.893703803420067E-002,-9.597411155700684E-001,1.871056258678436E-001,
1.099966666666667E+009,9.804952889680862E-002,1.371427159756422E-002,-9.629313349723816E-001,2.254679203033447E-001,9.804952889680862E-002,1.371427159756422E-002,-9.629313349723816E-001,2.254679203033447E-001,
1.108333333333334E+009,8.922026306390762E-002,2.746397163718939E-003,-9.420146942138672E-001,2.289357036352158E-001,8.922026306390762E-002,2.746397163718939E-003,-9.420146942138672E-001,2.289357036352158E-001,
1.116700000000000E+009,7.576876133680344E-002,1.453647157177329E-003,-9.411118626594544E-001,2.737078666687012E-001,7.576876133680344E-002,1.453647157177329E-003,-9.411118626594544E-001,2.737078666687012E-001,
1.125066666666667E+009,6.410584598779678E-002,2.010800177231431E-003,-9.460483193397522E-001,2.839381992816925E-001,6.410584598779678E-002,2.010800177231431E-003,-9.460483193397522E-001,2.839381992816925E-001,
1.133433333333334E+009,5.580853670835495E-002,1.338820718228817E-002,-9.463721513748169E-001,3.098265230655670E-001,5.580853670835495E-002,1.338820718228817E-002,-9.463721513748169E-001,3.098265230655670E-001,
1.141800000000000E+009,5.553613230586052E-002,2.398498356342316E-002,-9.178129434585571E-001,3.306498527526856E-001,5.553613230586052E-002,2.398498356342316E-002,-9.178129434585571E-001,3.306498527526856E-001,
1.150166666666667E+009,6.285294890403748E-002,3.708605468273163E-002,-9.003797173500061E-001,3.616721034049988E-001,6.285294890403748E-002,3.708605468273163E-002,-9.003797173500061E-001,3.616721034049988E-001,
1.158533333333334E+009,7.736026495695114E-002,4.242489486932755E-002,-9.021967649459839E-001,3.857754170894623E-001,7.736026495695114E-002,4.242489486932755E-002,-9.021967649459839E-001,3.857754170894623E-001,
1.166900000000000E+009,9.682281315326691E-002,3.894453123211861E-002,-8.918539285659790E-001,4.191280305385590E-001,9.682281315326691E-002,3.894453123211861E-002,-8.918539285659790E-001,4.191280305385590E-001,
1.175266666666667E+009,1.111818477511406E-001,2.449267543852329E-002,-8.812912106513977E-001,4.237029850482941E-001,1.111818477511406E-001,2.449267543852329E-002,-8.812912106513977E-001,4.237029850482941E-001,
1.183633333333334E+009,1.219152957201004E-001,6.039900705218315E-003,-8.691155314445496E-001,4.610457122325897E-001,1.219152957201004E-001,6.039900705218315E-003,-8.691155314445496E-001,4.610457122325897E-001,
1.192000000000000E+009,1.219833865761757E-001,-1.631719991564751E-002,-8.592104315757752E-001,4.677635431289673E-001,1.219833865761757E-001,-1.631719991564751E-002,-8.592104315757752E-001,4.677635431289673E-001,
1.200366666666667E+009,1.106726750731468E-001,-3.286148235201836E-002,-8.503653407096863E-001,4.950015246868134E-001,1.106726750731468E-001,-3.286148235201836E-002,-8.503653407096863E-001,4.950015246868134E-001,
1.208733333333334E+009,9.505508840084076E-002,-4.310382902622223E-002,-8.449446558952332E-001,5.116317868232727E-001,9.505508840084076E-002,-4.310382902622223E-002,-8.449446558952332E-001,5.116317868232727E-001,
1.217100000000000E+009,7.727057486772537E-002,-4.051630944013596E-002,-8.305532932281494E-001,5.328626036643982E-001,7.727057486772537E-002,-4.051630944013596E-002,-8.305532932281494E-001,5.328626036643982E-001,
1.225466666666667E+009,6.634711474180222E-002,-3.309179469943047E-002,-8.050795793533325E-001,5.602688193321228E-001,6.634711474180222E-002,-3.309179469943047E-002,-8.050795793533325E-001,5.602688193321228E-001,
1.233833333333334E+009,6.004203855991364E-002,-1.736661978065968E-002,-7.891595959663391E-001,5.792602300643921E-001,6.004203855991364E-002,-1.736661978065968E-002,-7.891595959663391E-001,5.792602300643921E-001,
1.242200000000000E+009,6.438516080379486E-002,-2.161980373784900E-003,-7.739878296852112E-001,5.926839113235474E-001,6.438516080379486E-002,-2.161980373784900E-003,-7.739878296852112E-001,5.926839113235474E-001,
1.250566666666667E+009,7.929921150207520E-002,4.988630302250385E-003,-7.467398643493652E-001,6.206616163253784E-001,7.929921150207520E-002,4.988630302250385E-003,-7.467398643493652E-001,6.206616163253784E-001,
1.258933333333334E+009,9.653051197528839E-002,2.483198652043939E-003,-7.553878426551819E-001,6.400589942932129E-001,9.653051197528839E-002,2.483198652043939E-003,-7.553878426551819E-001,6.400589942932129E-001,
1.267300000000000E+009,1.127147004008293E-001,-1.212565414607525E-002,-7.335481643676758E-001,6.521392464637756E-001,1.127147004008293E-001,-1.212565414607525E-002,-7.335481643676758E-001,6.521392464637756E-001,
1.275666666666667E+009,1.212559193372726E-001,-3.294517472386360E-002,-6.998784542083740E-001,6.741104125976563E-001,1.212559193372726E-001,-3.294517472386360E-002,-6.998784542083740E-001,6.741104125976563E-001,
1.284033333333334E+009,1.186752244830132E-001,-5.721693858504295E-002,-6.925791501998901E-001,6.928655505180359E-001,1.186752244830132E-001,-5.721693858504295E-002,-6.925791501998901E-001,6.928655505180359E-001,
1.292400000000000E+009,1.060381531715393E-001,-7.699891179800034E-002,-6.815175414085388E-001,7.068953514099121E-001,1.060381531715393E-001,-7.699891179800034E-002,-6.815175414085388E-001,7.068953514099121E-001,
1.300766666666667E+009,8.645348250865936E-002,-8.604009449481964E-002,-6.585663557052612E-001,7.227068543434143E-001,8.645348250865936E-002,-8.604009449481964E-002,-6.585663557052612E-001,7.227068543434143E-001,
1.309133333333334E+009,6.418355554342270E-002,-8.561427146196365E-002,-6.473398804664612E-001,7.398838996887207E-001,6.418355554342270E-002,-8.561427146196365E-002,-6.473398804664612E-001,7.398838996887207E-001,
1.317500000000000E+009,5.123171955347061E-002,-7.467351108789444E-002,-6.231765151023865E-001,7.553555369377136E-001,5.123171955347061E-002,-7.467351108789444E-002,-6.231765151023865E-001,7.553555369377136E-001,
1.325866666666667E+009,4.511545971035957E-002,-5.654532089829445E-002,-6.077733039855957E-001,7.706576585769653E-001,4.511545971035957E-002,-5.654532089829445E-002,-6.077733039855957E-001,7.706576585769653E-001,
1.334233333333334E+009,5.130842700600624E-002,-4.094383865594864E-002,-5.784802436828613E-001,7.917952537536621E-001,5.130842700600624E-002,-4.094383865594864E-002,-5.784802436828613E-001,7.917952537536621E-001,
1.342600000000000E+009,6.416957080364227E-002,-3.451190888881683E-002,-5.587449669837952E-001,8.104605078697205E-001,6.416957080364227E-002,-3.451190888881683E-002,-5.587449669837952E-001,8.104605078697205E-001,
1.350966666666667E+009,8.083433657884598E-002,-3.858736529946327E-002,-5.265867114067078E-001,8.336004018783569E-001,8.083433657884598E-002,-3.858736529946327E-002,-5.265867114067078E-001,8.336004018783569E-001,
1.359333333333334E+009,9.493200480937958E-002,-5.248742923140526E-002,-5.153865814208984E-001,8.346142768859863E-001,9.493200480937958E-002,-5.248742923140526E-002,-5.153865814208984E-001,8.346142768859863E-001,
1.367700000000000E+009,9.454151988029480E-002,-7.550226897001267E-002,-4.978197216987610E-001,8.418896198272705E-001,9.454151988029480E-002,-7.550226897001267E-002,-4.978197216987610E-001,8.418896198272705E-001,
1.376066666666667E+009,8.727554976940155E-002,-9.608975797891617E-002,-4.827916622161865E-001,8.571696877479553E-001,8.727554976940155E-002,-9.608975797891617E-002,-4.827916622161865E-001,8.571696877479553E-001,
1.384433333333334E+009,6.807328015565872E-002,-1.145746335387230E-001,-4.576613306999207E-001,8.780691623687744E-001,6.807328015565872E-002,-1.145746335387230E-001,-4.576613306999207E-001,8.780691623687744E-001,
1.392800000000000E+009,4.477434232831001E-002,-1.188351288437843E-001,-4.447915554046631E-001,8.725491166114807E-001,4.477434232831001E-002,-1.188351288437843E-001,-4.447915554046631E-001,8.725491166114807E-001,
1.401166666666667E+009,2.343251183629036E-002,-1.112786307930946E-001,-4.217151105403900E-001,8.918172717094421E-001,2.343251183629036E-002,-1.112786307930946E-001,-4.217151105403900E-001,8.918172717094421E-001,
1.409533333333334E+009,8.824478834867477E-003,-9.531448781490326E-002,-3.909077048301697E-001,9.037045836448669E-001,8.824478834867477E-003,-9.531448781490326E-002,-3.909077048301697E-001,9.037045836448669E-001,
1.417900000000000E+009,6.414627656340599E-003,-7.207804918289185E-002,-3.773879706859589E-001,8.992885947227478E-001,6.414627656340599E-003,-7.207804918289185E-002,-3.773879706859589E-001,8.992885947227478E-001,
1.426266666666667E+009,1.683652214705944E-002,-5.685011297464371E-002,-3.442425727844238E-001,9.246509671211243E-001,1.683652214705944E-002,-5.685011297464371E-002,-3.442425727844238E-001,9.246509671211243E-001,
1.434633333333334E+009,3.441306948661804E-002,-4.746992886066437E-002,-3.098213970661163E-001,9.341137409210205E-001,3.441306948661804E-002,-4.746992886066437E-002,-3.098213970661163E-001,9.341137409210205E-001,
1.443000000000000E+009,5.228924751281738E-002,-5.109095945954323E-002,-2.921594679355621E-001,9.377412796020508E-001,5.228924751281738E-002,-5.109095945954323E-002,-2.921594679355621E-001,9.377412796020508E-001,
1.451366666666667E+009,6.558724492788315E-002,-6.516010314226151E-002,-2.596748471260071E-001,9.398862719535828E-001,6.558724492788315E-002,-6.516010314226151E-002,-2.596748471260071E-001,9.398862719535828E-001,
1.459733333333334E+009,6.985171884298325E-002,-8.905538171529770E-002,-2.427044212818146E-001,9.420202970504761E-001,6.985171884298325E-002,-8.905538171529770E-002,-2.427044212818146E-001,9.420202970504761E-001,
1.468100000000000E+009,5.635085701942444E-002,-1.093176454305649E-001,-2.217095792293549E-001,9.538843035697937E-001,5.635085701942444E-002,-1.093176454305649E-001,-2.217095792293549E-001,9.538843035697937E-001,
1.476466666666667E+009,3.687744587659836E-002,-1.219774186611176E-001,-2.007187902927399E-001,9.605483412742615E-001,3.687744587659836E-002,-1.219774186611176E-001,-2.007187902927399E-001,9.605483412742615E-001,
1.484833333333334E+009,1.274388469755650E-002,-1.260806173086166E-001,-1.740168482065201E-001,9.668353199958801E-001,1.274388469755650E-002,-1.260806173086166E-001,-1.740168482065201E-001,9.668353199958801E-001,
1.493200000000000E+009,-8.832945488393307E-003,-1.172953397035599E-001,-1.472144871950150E-001,9.741291403770447E-001,-8.832945488393307E-003,-1.172953397035599E-001,-1.472144871950150E-001,9.741291403770447E-001,
1.501566666666667E+009,-2.060267515480518E-002,-1.000167131423950E-001,-1.315824538469315E-001,9.702955484390259E-001,-2.060267515480518E-002,-1.000167131423950E-001,-1.315824538469315E-001,9.702955484390259E-001,
1.509933333333334E+009,-2.120582014322281E-002,-7.802911847829819E-002,-1.029963865876198E-001,9.736521244049072E-001,-2.120582014322281E-002,-7.802911847829819E-002,-1.029963865876198E-001,9.736521244049072E-001,
1.518300000000000E+009,-9.138819761574268E-003,-6.317254155874252E-002,-7.617724686861038E-002,9.825561642646790E-001,-9.138819761574268E-003,-6.317254155874252E-002,-7.617724686861038E-002,9.825561642646790E-001,
1.526666666666667E+009,8.059442043304443E-003,-5.741257220506668E-002,-5.244061350822449E-002,9.856805801391602E-001,8.059442043304443E-003,-5.741257220506668E-002,-5.244061350822449E-002,9.856805801391602E-001,
1.535033333333334E+009,2.710351534187794E-002,-6.217984110116959E-002,-2.583488263189793E-002,9.817616343498230E-001,2.710351534187794E-002,-6.217984110116959E-002,-2.583488263189793E-002,9.817616343498230E-001,
1.543400000000000E+009,3.936177492141724E-002,-7.572144269943237E-002,4.819827619940043E-003,9.807016849517822E-001,3.936177492141724E-002,-7.572144269943237E-002,4.819827619940043E-003,9.807016849517822E-001,
1.551766666666667E+009,3.901695460081101E-002,-9.703920781612396E-002,2.805783972144127E-002,9.809859991073608E-001,3.901695460081101E-002,-9.703920781612396E-002,2.805783972144127E-002,9.809859991073608E-001,
1.560133333333334E+009,2.876491472125053E-002,-1.167576089501381E-001,5.563569068908691E-002,9.855290651321411E-001,2.876491472125053E-002,-1.167576089501381E-001,5.563569068908691E-002,9.855290651321411E-001,
1.568500000000000E+009,5.615097004920244E-003,-1.274423748254776E-001,7.241693139076233E-002,9.616063833236694E-001,5.615097004920244E-003,-1.274423748254776E-001,7.241693139076233E-002,9.616063833236694E-001,
1.576866666666667E+009,-1.582667604088783E-002,-1.294652819633484E-001,9.366884082555771E-002,9.768598675727844E-001,-1.582667604088783E-002,-1.294652819633484E-001,9.366884082555771E-002,9.768598675727844E-001,
1.585233333333334E+009,-3.626826405525208E-002,-1.181554943323135E-001,1.188738644123077E-001,9.657139778137207E-001,-3.626826405525208E-002,-1.181554943323135E-001,1.188738644123077E-001,9.657139778137207E-001,
1.593600000000000E+009,-4.647861048579216E-002,-1.021652147173882E-001,1.428475081920624E-001,9.733230471611023E-001,-4.647861048579216E-002,-1.021652147173882E-001,1.428475081920624E-001,9.733230471611023E-001,
1.601966666666667E+009,-4.697712138295174E-002,-8.368849754333496E-002,1.649255007505417E-001,9.828312397003174E-001,-4.697712138295174E-002,-8.368849754333496E-002,1.649255007505417E-001,9.828312397003174E-001,
1.610333333333334E+009,-3.731047734618187E-002,-6.910745054483414E-002,1.932140588760376E-001,9.703687429428101E-001,-3.731047734618187E-002,-6.910745054483414E-002,1.932140588760376E-001,9.703687429428101E-001,
1.618700000000000E+009,-2.159270085394383E-002,-6.419596821069717E-002,2.183377593755722E-001,9.546602368354797E-001,-2.159270085394383E-002,-6.419596821069717E-002,2.183377593755722E-001,9.546602368354797E-001,
1.627066666666667E+009,-8.085382170975208E-003,-7.040812075138092E-002,2.456211149692535E-001,9.472782015800476E-001,-8.085382170975208E-003,-7.040812075138092E-002,2.456211149692535E-001,9.472782015800476E-001,
1.635433333333334E+009,-8.157009142450988E-004,-8.263342082500458E-002,2.627748548984528E-001,9.393912553787231E-001,-8.157009142450988E-004,-8.263342082500458E-002,2.627748548984528E-001,9.393912553787231E-001,
1.643800000000000E+009,-2.514947904273868E-003,-9.937308728694916E-002,2.935898602008820E-001,9.422603249549866E-001,-2.514947904273868E-003,-9.937308728694916E-002,2.935898602008820E-001,9.422603249549866E-001,
1.652166666666667E+009,-1.259042136371136E-002,-1.108726412057877E-001,3.182524740695953E-001,9.273546338081360E-001,-1.259042136371136E-002,-1.108726412057877E-001,3.182524740695953E-001,9.273546338081360E-001,
1.660533333333334E+009,-3.381519764661789E-002,-1.185762956738472E-001,3.313360512256622E-001,9.126234650611877E-001,-3.381519764661789E-002,-1.185762956738472E-001,3.313360512256622E-001,9.126234650611877E-001,
1.668900000000000E+009,-5.220070853829384E-002,-1.144910678267479E-001,3.605164587497711E-001,9.099632501602173E-001,-5.220070853829384E-002,-1.144910678267479E-001,3.605164587497711E-001,9.099632501602173E-001,
1.677266666666667E+009,-6.832025200128555E-002,-1.042546331882477E-001,3.896974921226502E-001,8.916553258895874E-001,-6.832025200128555E-002,-1.042546331882477E-001,3.896974921226502E-001,8.916553258895874E-001,
1.685633333333334E+009,-7.569225877523422E-002,-8.572711050510407E-002,4.078736901283264E-001,8.932687640190125E-001,-7.569225877523422E-002,-8.572711050510407E-002,4.078736901283264E-001,8.932687640190125E-001,
1.694000000000000E+009,-7.464003562927246E-002,-7.062134146690369E-002,4.281644821166992E-001,8.832804560661316E-001,-7.464003562927246E-002,-7.062134146690369E-002,4.281644821166992E-001,8.832804560661316E-001,
1.702366666666667E+009,-6.499742716550827E-002,-5.857225507497788E-002,4.485825598239899E-001,8.751310110092163E-001,-6.499742716550827E-002,-5.857225507497788E-002,4.485825598239899E-001,8.751310110092163E-001,
1.710733333333334E+009,-4.996149614453316E-002,-5.221499130129814E-002,4.811528921127319E-001,8.541746735572815E-001,-4.996149614453316E-002,-5.221499130129814E-002,4.811528921127319E-001,8.541746735572815E-001,
1.719100000000000E+009,-3.673579543828964E-002,-5.938681960105896E-002,4.987130165100098E-001,8.486392498016357E-001,-3.673579543828964E-002,-5.938681960105896E-002,4.987130165100098E-001,8.486392498016357E-001,
1.727466666666667E+009,-2.825992554426193E-002,-7.104798406362534E-002,5.254732966423035E-001,8.327472209930420E-001,-2.825992554426193E-002,-7.104798406362534E-002,5.254732966423035E-001,8.327472209930420E-001,
1.735833333333334E+009,-2.742036618292332E-002,-8.630637824535370E-002,5.466383695602417E-001,8.098359704017639E-001,-2.742036618292332E-002,-8.630637824535370E-002,5.466383695602417E-001,8.098359704017639E-001,
1.744200000000000E+009,-3.731745108962059E-002,-9.851124137639999E-002,5.680556893348694E-001,7.951285839080811E-001,-3.731745108962059E-002,-9.851124137639999E-002,5.680556893348694E-001,7.951285839080811E-001,
1.752566666666667E+009,-5.369812250137329E-002,-1.068997085094452E-001,5.854627490043640E-001,7.880098223686218E-001,-5.369812250137329E-002,-1.068997085094452E-001,5.854627490043640E-001,7.880098223686218E-001,
1.760933333333334E+009,-7.182699441909790E-002,-1.052067354321480E-001,5.964928865432739E-001,7.695877552032471E-001,-7.182699441909790E-002,-1.052067354321480E-001,5.964928865432739E-001,7.695877552032471E-001,
1.769300000000000E+009,-8.833783864974976E-002,-9.828488528728485E-002,6.181857585906982E-001,7.478015422821045E-001,-8.833783864974976E-002,-9.828488528728485E-002,6.181857585906982E-001,7.478015422821045E-001,
1.777666666666667E+009,-1.010644435882568E-001,-8.466562628746033E-002,6.396274566650391E-001,7.356224656105042E-001,-1.010644435882568E-001,-8.466562628746033E-002,6.396274566650391E-001,7.356224656105042E-001,
1.786033333333334E+009,-1.062305718660355E-001,-6.848085671663284E-002,6.524109840393066E-001,7.273309230804443E-001,-1.062305718660355E-001,-6.848085671663284E-002,6.524109840393066E-001,7.273309230804443E-001,
1.794400000000000E+009,-1.052684709429741E-001,-5.586108565330505E-002,6.727108359336853E-001,7.102689146995544E-001,-1.052684709429741E-001,-5.586108565330505E-002,6.727108359336853E-001,7.102689146995544E-001,
1.802766666666667E+009,-9.727428108453751E-002,-4.541111737489700E-002,6.955803036689758E-001,6.967569589614868E-001,-9.727428108453751E-002,-4.541111737489700E-002,6.955803036689758E-001,6.967569589614868E-001,
1.811133333333334E+009,-8.696509152650833E-002,-4.160296916961670E-002,7.145126461982727E-001,6.708788275718689E-001,-8.696509152650833E-002,-4.160296916961670E-002,7.145126461982727E-001,6.708788275718689E-001,
1.819500000000000E+009,-7.938034832477570E-002,-4.383957013487816E-002,7.287468910217285E-001,6.600276827812195E-001,-7.938034832477570E-002,-4.383957013487816E-002,7.287468910217285E-001,6.600276827812195E-001,
1.827866666666667E+009,-7.385019212961197E-002,-5.000060424208641E-002,7.445350289344788E-001,6.327945590019226E-001,-7.385019212961197E-002,-5.000060424208641E-002,7.445350289344788E-001,6.327945590019226E-001,
1.836233333333334E+009,-7.484903186559677E-002,-5.704614520072937E-002,7.661522626876831E-001,6.184138655662537E-001,-7.484903186559677E-002,-5.704614520072937E-002,7.661522626876831E-001,6.184138655662537E-001,
1.844600000000000E+009,-8.234138786792755E-002,-6.041890010237694E-002,7.795473933219910E-001,6.030462980270386E-001,-8.234138786792755E-002,-6.041890010237694E-002,7.795473933219910E-001,6.030462980270386E-001,
1.852966666666667E+009,-9.337497502565384E-002,-6.201745942234993E-002,7.949162721633911E-001,5.705299973487854E-001,-9.337497502565384E-002,-6.201745942234993E-002,7.949162721633911E-001,5.705299973487854E-001,
1.861333333333334E+009,-1.023620069026947E-001,-5.779339000582695E-002,8.106034398078919E-001,5.613688230514526E-001,-1.023620069026947E-001,-5.779339000582695E-002,8.106034398078919E-001,5.613688230514526E-001,
1.869700000000000E+009,-1.113603487610817E-001,-4.916436597704887E-002,8.160964250564575E-001,5.332455039024353E-001,-1.113603487610817E-001,-4.916436597704887E-002,8.160964250564575E-001,5.332455039024353E-001,
1.878066666666667E+009,-1.179800108075142E-001,-3.859167918562889E-002,8.333307504653931E-001,5.149810314178467E-001,-1.179800108075142E-001,-3.859167918562889E-002,8.333307504653931E-001,5.149810314178467E-001,
1.886433333333334E+009,-1.142754331231117E-001,-2.379241771996021E-002,8.405814766883850E-001,4.850858747959137E-001,-1.142754331231117E-001,-2.379241771996021E-002,8.405814766883850E-001,4.850858747959137E-001,
1.894800000000000E+009,-1.106244400143623E-001,-1.345842145383358E-002,8.562111258506775E-001,4.758289754390717E-001,-1.106244400143623E-001,-1.345842145383358E-002,8.562111258506775E-001,4.758289754390717E-001,
1.903166666666667E+009,-1.031796485185623E-001,-8.515905588865280E-003,8.719479441642761E-001,4.527653157711029E-001,-1.031796485185623E-001,-8.515905588865280E-003,8.719479441642761E-001,4.527653157711029E-001,
1.911533333333334E+009,-9.271755069494247E-002,-9.078050963580608E-003,8.805330991744995E-001,4.187422394752502E-001,-9.271755069494247E-002,-9.078050963580608E-003,8.805330991744995E-001,4.187422394752502E-001,
1.919900000000000E+009,-8.501056581735611E-002,-1.418236177414656E-002,9.063245654106140E-001,4.012057185173035E-001,-8.501056581735611E-002,-1.418236177414656E-002,9.063245654106140E-001,4.012057185173035E-001,
1.928266666666667E+009,-8.219161629676819E-002,-2.076189778745174E-002,9.088966846466065E-001,3.831566572189331E-001,-8.219161629676819E-002,-2.076189778745174E-002,9.088966846466065E-001,3.831566572189331E-001,
1.936633333333334E+009,-8.500702679157257E-002,-2.919396385550499E-002,9.126867651939392E-001,3.553059995174408E-001,-8.500702679157257E-002,-2.919396385550499E-002,9.126867651939392E-001,3.553059995174408E-001,
1.945000000000000E+009,-9.406748414039612E-002,-3.508725017309189E-002,9.240481853485107E-001,3.286551237106323E-001,-9.406748414039612E-002,-3.508725017309189E-002,9.240481853485107E-001,3.286551237106323E-001,
1.953366666666667E+009,-1.061073765158653E-001,-3.279807791113854E-002,9.312305450439453E-001,3.117947876453400E-001,-1.061073765158653E-001,-3.279807791113854E-002,9.312305450439453E-001,3.117947876453400E-001,
1.961733333333334E+009,-1.190323829650879E-001,-2.691685594618321E-002,9.335579276084900E-001,2.909389436244965E-001,-1.190323829650879E-001,-2.691685594618321E-002,9.335579276084900E-001,2.909389436244965E-001,
1.970100000000000E+009,-1.273821741342545E-001,-1.326657366007567E-002,9.456014037132263E-001,2.628634572029114E-001,-1.273821741342545E-001,-1.326657366007567E-002,9.456014037132263E-001,2.628634572029114E-001,
1.978466666666667E+009,-1.308843642473221E-001,3.060638438910246E-003,9.431294798851013E-001,2.354502528905869E-001,-1.308843642473221E-001,3.060638438910246E-003,9.431294798851013E-001,2.354502528905869E-001,
1.986833333333334E+009,-1.270236670970917E-001,2.014316432178021E-002,9.584692120552063E-001,2.280206680297852E-001,-1.270236670970917E-001,2.014316432178021E-002,9.584692120552063E-001,2.280206680297852E-001,
1.995200000000000E+009,-1.157176867127419E-001,3.133783861994743E-002,9.489572644233704E-001,1.984806954860687E-001,-1.157176867127419E-001,3.133783861994743E-002,9.489572644233704E-001,1.984806954860687E-001,
2.003566666666667E+009,-1.018688231706619E-001,3.748443350195885E-002,9.656500816345215E-001,1.685301959514618E-001,-1.018688231706619E-001,3.748443350195885E-002,9.656500816345215E-001,1.685301959514618E-001,
2.011933333333334E+009,-8.752229064702988E-002,3.341457247734070E-002,9.718380570411682E-001,1.434444338083267E-001,-8.752229064702988E-002,3.341457247734070E-002,9.718380570411682E-001,1.434444338083267E-001,
2.020300000000000E+009,-7.814384251832962E-002,2.412627451121807E-002,9.734182953834534E-001,1.255407184362412E-001,-7.814384251832962E-002,2.412627451121807E-002,9.734182953834534E-001,1.255407184362412E-001,
2.028666666666667E+009,-7.443124800920487E-002,9.123898111283779E-003,9.859079122543335E-001,8.767959475517273E-002,-7.443124800920487E-002,9.123898111283779E-003,9.859079122543335E-001,8.767959475517273E-002,
2.037033333333334E+009,-8.292674273252487E-002,-8.186991908587515E-004,9.837958216667175E-001,6.916885823011398E-002,-8.292674273252487E-002,-8.186991908587515E-004,9.837958216667175E-001,6.916885823011398E-002,
2.045400000000000E+009,-9.636352211236954E-002,-4.092195071280003E-003,9.829925894737244E-001,3.945778682827950E-002,-9.636352211236954E-002,-4.092195071280003E-003,9.829925894737244E-001,3.945778682827950E-002,
2.053766666666667E+009,-1.104922294616699E-001,-3.218653844669461E-003,9.805880784988403E-001,1.405258290469647E-002,-1.104922294616699E-001,-3.218653844669461E-003,9.805880784988403E-001,1.405258290469647E-002,
2.062133333333334E+009,-1.233740746974945E-001,1.172481290996075E-002,9.820086956024170E-001,-1.281390246003866E-002,-1.233740746974945E-001,1.172481290996075E-002,9.820086956024170E-001,-1.281390246003866E-002,
2.070500000000000E+009,-1.307415813207626E-001,3.016122803092003E-002,9.751342535018921E-001,-3.668852150440216E-002,-1.307415813207626E-001,3.016122803092003E-002,9.751342535018921E-001,-3.668852150440216E-002,
2.078866666666667E+009,-1.254038065671921E-001,5.125683546066284E-002,9.739364385604858E-001,-5.892457067966461E-002,-1.254038065671921E-001,5.125683546066284E-002,9.739364385604858E-001,-5.892457067966461E-002,
2.087233333333334E+009,-1.098399683833122E-001,6.639454513788223E-002,9.816627502441406E-001,-8.477655053138733E-002,-1.098399683833122E-001,6.639454513788223E-002,9.816627502441406E-001,-8.477655053138733E-002,
2.095600000000000E+009,-9.209340065717697E-002,7.253383100032806E-002,9.777653217315674E-001,-1.066962480545044E-001,-9.209340065717697E-002,7.253383100032806E-002,9.777653217315674E-001,-1.066962480545044E-001,
2.103966666666667E+009,-7.334052026271820E-002,6.597498059272766E-002,9.672989845275879E-001,-1.333885192871094E-001,-7.334052026271820E-002,6.597498059272766E-002,9.672989845275879E-001,-1.333885192871094E-001,
2.112333333333334E+009,-6.197392567992210E-002,5.173183232545853E-002,9.718396067619324E-001,-1.580784171819687E-001,-6.197392567992210E-002,5.173183232545853E-002,9.718396067619324E-001,-1.580784171819687E-001,
2.120700000000000E+009,-6.059444323182106E-002,3.209379687905312E-002,9.658476710319519E-001,-1.932985782623291E-001,-6.059444323182106E-002,3.209379687905312E-002,9.658476710319519E-001,-1.932985782623291E-001,
2.129066666666667E+009,-6.851717084646225E-002,1.522087212651968E-002,9.441764950752258E-001,-2.170065641403198E-001,-6.851717084646225E-002,1.522087212651968E-002,9.441764950752258E-001,-2.170065641403198E-001,
2.137433333333334E+009,-8.853827416896820E-002,9.680178016424179E-003,9.534748792648315E-001,-2.495683282613754E-001,-8.853827416896820E-002,9.680178016424179E-003,9.534748792648315E-001,-2.495683282613754E-001,
2.145800000000000E+009,-1.096410006284714E-001,1.377971190959215E-002,9.406061768531799E-001,-2.637266516685486E-001,-1.096410006284714E-001,1.377971190959215E-002,9.406061768531799E-001,-2.637266516685486E-001,
2.154166666666667E+009,-1.293536871671677E-001,3.104481846094132E-002,9.339153170585632E-001,-2.878915369510651E-001,-1.293536871671677E-001,3.104481846094132E-002,9.339153170585632E-001,-2.878915369510651E-001,
2.162533333333334E+009,-1.341327875852585E-001,5.570449680089951E-002,9.227051138877869E-001,-3.088967502117157E-001,-1.341327875852585E-001,5.570449680089951E-002,9.227051138877869E-001,-3.088967502117157E-001,
2.170900000000000E+009,-1.266336143016815E-001,8.454320579767227E-002,9.138544201850891E-001,-3.370458483695984E-001,-1.266336143016815E-001,8.454320579767227E-002,9.138544201850891E-001,-3.370458483695984E-001,
2.179266666666667E+009,-1.085315868258476E-001,1.035776436328888E-001,9.099692106246948E-001,-3.520887494087219E-001,-1.085315868258476E-001,1.035776436328888E-001,9.099692106246948E-001,-3.520887494087219E-001,
2.187633333333334E+009,-8.225633949041367E-002,1.122173890471458E-001,9.030718207359314E-001,-3.711628913879395E-001,-8.225633949041367E-002,1.122173890471458E-001,9.030718207359314E-001,-3.711628913879395E-001,
2.196000000000000E+009,-5.858322978019714E-002,1.043233573436737E-001,8.978902697563171E-001,-3.934530615806580E-001,-5.858322978019714E-002,1.043233573436737E-001,8.978902697563171E-001,-3.934530615806580E-001,
2.204366666666667E+009,-4.195056483149529E-002,8.596243709325790E-002,9.023247361183167E-001,-4.186333119869232E-001,-4.195056483149529E-002,8.596243709325790E-002,9.023247361183167E-001,-4.186333119869232E-001,
2.212733333333334E+009,-3.942054510116577E-002,6.249265000224114E-002,8.810399770736694E-001,-4.398297071456909E-001,-3.942054510116577E-002,6.249265000224114E-002,8.810399770736694E-001,-4.398297071456909E-001,
2.221100000000000E+009,-5.302869156002998E-002,4.362687468528748E-002,8.667430877685547E-001,-4.749411344528198E-001,-5.302869156002998E-002,4.362687468528748E-002,8.667430877685547E-001,-4.749411344528198E-001,
2.229466666666667E+009,-7.151363044977188E-002,3.216273337602615E-002,8.568706512451172E-001,-4.958929717540741E-001,-7.151363044977188E-002,3.216273337602615E-002,8.568706512451172E-001,-4.958929717540741E-001,
2.237833333333334E+009,-9.819012880325317E-002,3.866353258490562E-002,8.306331634521484E-001,-5.235686898231506E-001,-9.819012880325317E-002,3.866353258490562E-002,8.306331634521484E-001,-5.235686898231506E-001,
2.246200000000000E+009,-1.161627992987633E-001,5.712783709168434E-002,8.199930191040039E-001,-5.358332395553589E-001,-1.161627992987633E-001,5.712783709168434E-002,8.199930191040039E-001,-5.358332395553589E-001,
2.254566666666667E+009,-1.208327859640122E-001,8.637730032205582E-002,8.021635413169861E-001,-5.517932176589966E-001,-1.208327859640122E-001,8.637730032205582E-002,8.021635413169861E-001,-5.517932176589966E-001,
2.262933333333334E+009,-1.110720485448837E-001,1.159278079867363E-001,7.924247384071350E-001,-5.721096396446228E-001,-1.110720485448837E-001,1.159278079867363E-001,7.924247384071350E-001,-5.721096396446228E-001,
2.271300000000000E+009,-8.947396278381348E-002,1.348159760236740E-001,7.706846594810486E-001,-5.873259305953980E-001,-8.947396278381348E-002,1.348159760236740E-001,7.706846594810486E-001,-5.873259305953980E-001,
2.279666666666667E+009,-5.991743132472038E-002,1.412303298711777E-001,7.618110775947571E-001,-6.051513552665710E-001,-5.991743132472038E-002,1.412303298711777E-001,7.618110775947571E-001,-6.051513552665710E-001,
2.288033333333334E+009,-3.457516059279442E-002,1.313191056251526E-001,7.481909990310669E-001,-6.234075427055359E-001,-3.457516059279442E-002,1.313191056251526E-001,7.481909990310669E-001,-6.234075427055359E-001,
2.296400000000000E+009,-1.883041486144066E-002,1.091144755482674E-001,7.367641925811768E-001,-6.462808847427368E-001,-1.883041486144066E-002,1.091144755482674E-001,7.367641925811768E-001,-6.462808847427368E-001,
2.304766666666667E+009,-1.806248165667057E-002,8.612513542175293E-002,7.192025780677795E-001,-6.708600521087647E-001,-1.806248165667057E-002,8.612513542175293E-002,7.192025780677795E-001,-6.708600521087647E-001,
2.313133333333334E+009,-3.401308879256249E-002,6.749082356691361E-002,6.985182762145996E-001,-6.833800673484802E-001,-3.401308879256249E-002,6.749082356691361E-002,6.985182762145996E-001,-6.833800673484802E-001,
2.321500000000000E+009,-5.553614720702171E-002,6.455574929714203E-002,6.821330785751343E-001,-7.136272788047791E-001,-5.553614720702171E-002,6.455574929714203E-002,6.821330785751343E-001,-7.136272788047791E-001,
2.329866666666667E+009,-7.907263934612274E-002,7.534597814083099E-002,6.574692130088806E-001,-7.252544164657593E-001,-7.907263934612274E-002,7.534597814083099E-002,6.574692130088806E-001,-7.252544164657593E-001,
2.338233333333334E+009,-9.005255997180939E-002,1.002628728747368E-001,6.302701830863953E-001,-7.387387752532959E-001,-9.005255997180939E-002,1.002628728747368E-001,6.302701830863953E-001,-7.387387752532959E-001,
2.346600000000000E+009,-8.468291163444519E-002,1.290881782770157E-001,6.171638965606690E-001,-7.566370368003845E-001,-8.468291163444519E-002,1.290881782770157E-001,6.171638965606690E-001,-7.566370368003845E-001,
2.354966666666667E+009,-6.636048108339310E-002,1.532476544380188E-001,5.996786952018738E-001,-7.625139355659485E-001,-6.636048108339310E-002,1.532476544380188E-001,5.996786952018738E-001,-7.625139355659485E-001,
2.363333333333334E+009,-3.423089161515236E-002,1.643913239240646E-001,5.778308510780335E-001,-7.774993181228638E-001,-3.423089161515236E-002,1.643913239240646E-001,5.778308510780335E-001,-7.774993181228638E-001,
2.371700000000000E+009,-8.030182216316462E-004,1.579604595899582E-001,5.645506978034973E-001,-7.937245368957520E-001,-8.030182216316462E-004,1.579604595899582E-001,5.645506978034973E-001,-7.937245368957520E-001,
2.380066666666667E+009,2.323069609701634E-002,1.344854831695557E-001,5.516327619552612E-001,-7.957341670989990E-001,2.323069609701634E-002,1.344854831695557E-001,5.516327619552612E-001,-7.957341670989990E-001,
2.388433333333334E+009,3.228802606463432E-002,1.026361212134361E-001,5.285499691963196E-001,-8.304123282432556E-001,3.228802606463432E-002,1.026361212134361E-001,5.285499691963196E-001,-8.304123282432556E-001,
2.396800000000000E+009,1.933452300727367E-002,6.951933354139328E-002,5.059743523597717E-001,-8.422860503196716E-001,1.933452300727367E-002,6.951933354139328E-002,5.059743523597717E-001,-8.422860503196716E-001,
2.405166666666667E+009,-7.676016073673964E-003,4.952799901366234E-002,4.860846400260925E-001,-8.647359013557434E-001,-7.676016073673964E-003,4.952799901366234E-002,4.860846400260925E-001,-8.647359013557434E-001,
2.413533333333334E+009,-4.304231703281403E-002,4.873837903141975E-002,4.522742033004761E-001,-8.703238964080811E-001,-4.304231703281403E-002,4.873837903141975E-002,4.522742033004761E-001,-8.703238964080811E-001,
2.421900000000000E+009,-7.567232102155685E-002,7.116870582103729E-002,4.335326850414276E-001,-8.927255272865295E-001,-7.567232102155685E-002,7.116870582103729E-002,4.335326850414276E-001,-8.927255272865295E-001,
2.430266666666667E+009,-9.207653254270554E-002,1.059755161404610E-001,3.982653319835663E-001,-8.946431875228882E-001,-9.207653254270554E-002,1.059755161404610E-001,3.982653319835663E-001,-8.946431875228882E-001,
2.438633333333334E+009,-8.667806535959244E-002,1.473180949687958E-001,3.770790696144104E-001,-8.977099657058716E-001,-8.667806535959244E-002,1.473180949687958E-001,3.770790696144104E-001,-8.977099657058716E-001,
2.447000000000000E+009,-6.272412836551666E-002,1.819351166486740E-001,3.552518188953400E-001,-9.012526273727417E-001,-6.272412836551666E-002,1.819351166486740E-001,3.552518188953400E-001,-9.012526273727417E-001,
2.455366666666667E+009,-2.325679734349251E-002,1.995972245931625E-001,3.307943642139435E-001,-9.091966748237610E-001,-2.325679734349251E-002,1.995972245931625E-001,3.307943642139435E-001,-9.091966748237610E-001,
2.463733333333334E+009,1.690579764544964E-002,2.004501670598984E-001,3.163170516490936E-001,-9.135425090789795E-001,1.690579764544964E-002,2.004501670598984E-001,3.163170516490936E-001,-9.135425090789795E-001,
2.472100000000000E+009,5.307492613792419E-002,1.771084219217300E-001,2.936145067214966E-001,-9.263069033622742E-001,5.307492613792419E-002,1.771084219217300E-001,2.936145067214966E-001,-9.263069033622742E-001,
2.480466666666667E+009,7.027231901884079E-002,1.433889120817184E-001,2.699411213397980E-001,-9.346475601196289E-001,7.027231901884079E-002,1.433889120817184E-001,2.699411213397980E-001,-9.346475601196289E-001,
2.488833333333334E+009,6.670504063367844E-002,1.073961406946182E-001,2.488906681537628E-001,-9.471865892410278E-001,6.670504063367844E-002,1.073961406946182E-001,2.488906681537628E-001,-9.471865892410278E-001,
2.497200000000000E+009,4.634240642189980E-002,8.487088978290558E-002,2.221945077180862E-001,-9.544862508773804E-001,4.634240642189980E-002,8.487088978290558E-002,2.221945077180862E-001,-9.544862508773804E-001,
2.505566666666667E+009,1.631973125040531E-002,7.819070667028427E-002,1.929900497198105E-001,-9.647120237350464E-001,1.631973125040531E-002,7.819070667028427E-002,1.929900497198105E-001,-9.647120237350464E-001,
2.513933333333334E+009,-1.112071797251701E-002,9.332425892353058E-002,1.700679808855057E-001,-9.669641256332398E-001,-1.112071797251701E-002,9.332425892353058E-002,1.700679808855057E-001,-9.669641256332398E-001,
2.522300000000000E+009,-2.363287284970284E-002,1.211489289999008E-001,1.363507062196732E-001,-9.781165122985840E-001,-2.363287284970284E-002,1.211489289999008E-001,1.363507062196732E-001,-9.781165122985840E-001,
2.530666666666667E+009,-1.679336652159691E-002,1.544928848743439E-001,1.086574643850327E-001,-9.760764241218567E-001,-1.679336652159691E-002,1.544928848743439E-001,1.086574643850327E-001,-9.760764241218567E-001,
2.539033333333334E+009,1.039745286107063E-002,1.803066581487656E-001,8.634711802005768E-002,-9.651489257812500E-001,1.039745286107063E-002,1.803066581487656E-001,8.634711802005768E-002,-9.651489257812500E-001,
2.547400000000000E+009,4.586287587881088E-002,1.901985406875610E-001,6.871312856674194E-002,-9.635698795318604E-001,4.586287587881088E-002,1.901985406875610E-001,6.871312856674194E-002,-9.635698795318604E-001,
2.555766666666667E+009,8.157467842102051E-002,1.808839738368988E-001,4.435437172651291E-002,-9.652517437934876E-001,8.157467842102051E-002,1.808839738368988E-001,4.435437172651291E-002,-9.652517437934876E-001,
2.564133333333334E+009,1.094018742442131E-001,1.552572995424271E-001,2.976405620574951E-002,-9.658814668655396E-001,1.094018742442131E-001,1.552572995424271E-001,2.976405620574951E-002,-9.658814668655396E-001,
2.572500000000000E+009,1.209108382463455E-001,1.192122772336006E-001,3.555060597136617E-003,-9.737454056739807E-001,1.209108382463455E-001,1.192122772336006E-001,3.555060597136617E-003,-9.737454056739807E-001,
2.580866666666667E+009,1.105407848954201E-001,8.619888126850128E-002,-1.880605518817902E-002,-9.742998480796814E-001,1.105407848954201E-001,8.619888126850128E-002,-1.880605518817902E-002,-9.742998480796814E-001,
2.589233333333334E+009,8.642447739839554E-002,6.386300176382065E-002,-4.568748548626900E-002,-9.721897244453430E-001,8.642447739839554E-002,6.386300176382065E-002,-4.568748548626900E-002,-9.721897244453430E-001,
2.597600000000000E+009,5.358882993459702E-002,6.081778556108475E-002,-7.267162948846817E-002,-9.750851392745972E-001,5.358882993459702E-002,6.081778556108475E-002,-7.267162948846817E-002,-9.750851392745972E-001,
2.605966666666667E+009,2.722945995628834E-002,7.577539235353470E-002,-1.068725064396858E-001,-9.793201684951782E-001,2.722945995628834E-002,7.577539235353470E-002,-1.068725064396858E-001,-9.793201684951782E-001,
2.614333333333334E+009,1.323752664029598E-002,1.062135398387909E-001,-1.340968608856201E-001,-9.747672677040100E-001,1.323752664029598E-002,1.062135398387909E-001,-1.340968608856201E-001,-9.747672677040100E-001,
2.622700000000000E+009,2.244932577013969E-002,1.396854668855667E-001,-1.641710847616196E-001,-9.664990901947022E-001,2.244932577013969E-002,1.396854668855667E-001,-1.641710847616196E-001,-9.664990901947022E-001,
2.631066666666667E+009,4.923764243721962E-002,1.662006080150604E-001,-1.813153475522995E-001,-9.555029869079590E-001,4.923764243721962E-002,1.662006080150604E-001,-1.813153475522995E-001,-9.555029869079590E-001,
2.639433333333334E+009,8.542904257774353E-002,1.740603893995285E-001,-2.071060836315155E-001,-9.424679875373840E-001,8.542904257774353E-002,1.740603893995285E-001,-2.071060836315155E-001,-9.424679875373840E-001,
2.647800000000000E+009,1.231983825564385E-001,1.636811196804047E-001,-2.225529998540878E-001,-9.336716532707214E-001,1.231983825564385E-001,1.636811196804047E-001,-2.225529998540878E-001,-9.336716532707214E-001,
2.656166666666667E+009,1.477564871311188E-001,1.366346329450607E-001,-2.477432787418366E-001,-9.358775019645691E-001,1.477564871311188E-001,1.366346329450607E-001,-2.477432787418366E-001,-9.358775019645691E-001,
2.664533333333334E+009,1.593161523342133E-001,1.014258340001106E-001,-2.633426487445831E-001,-9.259307980537415E-001,1.593161523342133E-001,1.014258340001106E-001,-2.633426487445831E-001,-9.259307980537415E-001,
2.672900000000000E+009,1.492062956094742E-001,6.759016960859299E-002,-2.844510674476624E-001,-9.255224466323853E-001,1.492062956094742E-001,6.759016960859299E-002,-2.844510674476624E-001,-9.255224466323853E-001,
2.681266666666667E+009,1.256684958934784E-001,4.726878926157951E-002,-3.111922144889832E-001,-9.237788915634155E-001,1.256684958934784E-001,4.726878926157951E-002,-3.111922144889832E-001,-9.237788915634155E-001,
2.689633333333334E+009,9.614001214504242E-002,4.297197982668877E-002,-3.407877981662750E-001,-9.187234044075012E-001,9.614001214504242E-002,4.297197982668877E-002,-3.407877981662750E-001,-9.187234044075012E-001,
2.698000000000000E+009,7.038001716136932E-002,5.682878941297531E-002,-3.738450407981873E-001,-9.013261795043945E-001,7.038001716136932E-002,5.682878941297531E-002,-3.738450407981873E-001,-9.013261795043945E-001,
2.706366666666667E+009,5.958248302340508E-002,8.477523177862167E-002,-3.881145715713501E-001,-8.964321017265320E-001,5.958248302340508E-002,8.477523177862167E-002,-3.881145715713501E-001,-8.964321017265320E-001,
2.714733333333334E+009,6.793843954801559E-002,1.162204742431641E-001,-4.226199388504028E-001,-8.854291439056397E-001,6.793843954801559E-002,1.162204742431641E-001,-4.226199388504028E-001,-8.854291439056397E-001,
2.723100000000000E+009,9.561455249786377E-002,1.366066187620163E-001,-4.412460327148438E-001,-8.661978244781494E-001,9.561455249786377E-002,1.366066187620163E-001,-4.412460327148438E-001,-8.661978244781494E-001,
2.731466666666667E+009,1.330333054065704E-001,1.424670368432999E-001,-4.558445513248444E-001,-8.503654599189758E-001,1.330333054065704E-001,1.424670368432999E-001,-4.558445513248444E-001,-8.503654599189758E-001,
2.739833333333334E+009,1.691396534442902E-001,1.300236284732819E-001,-4.737447798252106E-001,-8.426933288574219E-001,1.691396534442902E-001,1.300236284732819E-001,-4.737447798252106E-001,-8.426933288574219E-001,
2.748200000000000E+009,1.946663260459900E-001,1.014872044324875E-001,-4.935711324214935E-001,-8.254563808441162E-001,1.946663260459900E-001,1.014872044324875E-001,-4.935711324214935E-001,-8.254563808441162E-001,
2.756566666666667E+009,2.054448127746582E-001,6.338012963533402E-002,-5.096656680107117E-001,-8.121499419212341E-001,2.054448127746582E-001,6.338012963533402E-002,-5.096656680107117E-001,-8.121499419212341E-001,
2.764933333333334E+009,1.952493637800217E-001,2.774226851761341E-002,-5.250161886215210E-001,-8.015537858009338E-001,1.952493637800217E-001,2.774226851761341E-002,-5.250161886215210E-001,-8.015537858009338E-001,
2.773300000000000E+009,1.718134731054306E-001,3.720788285136223E-003,-5.479328036308289E-001,-7.979136109352112E-001,1.718134731054306E-001,3.720788285136223E-003,-5.479328036308289E-001,-7.979136109352112E-001,
2.781666666666667E+009,1.391757726669312E-001,-4.481022246181965E-003,-5.733813643455505E-001,-7.836488485336304E-001,1.391757726669312E-001,-4.481022246181965E-003,-5.733813643455505E-001,-7.836488485336304E-001,
2.790033333333334E+009,1.111640483140945E-001,5.837877281010151E-003,-5.968021750450134E-001,-7.733020782470703E-001,1.111640483140945E-001,5.837877281010151E-003,-5.968021750450134E-001,-7.733020782470703E-001,
2.798400000000000E+009,9.626180678606033E-002,3.044406510889530E-002,-6.292572021484375E-001,-7.541589140892029E-001,9.626180678606033E-002,3.044406510889530E-002,-6.292572021484375E-001,-7.541589140892029E-001,
2.806766666666667E+009,1.019277423620224E-001,6.004674360156059E-002,-6.441826224327087E-001,-7.343691587448120E-001,1.019277423620224E-001,6.004674360156059E-002,-6.441826224327087E-001,-7.343691587448120E-001,
2.815133333333334E+009,1.248374804854393E-001,8.034665137529373E-002,-6.598430275917053E-001,-7.138607501983643E-001,1.248374804854393E-001,8.034665137529373E-002,-6.598430275917053E-001,-7.138607501983643E-001,
2.823500000000000E+009,1.597725898027420E-001,8.528263121843338E-002,-6.772603988647461E-001,-6.939075589179993E-001,1.597725898027420E-001,8.528263121843338E-002,-6.772603988647461E-001,-6.939075589179993E-001,
2.831866666666667E+009,1.932086795568466E-001,7.043007016181946E-002,-6.894001364707947E-001,-6.751394867897034E-001,1.932086795568466E-001,7.043007016181946E-002,-6.894001364707947E-001,-6.751394867897034E-001,
2.840233333333334E+009,2.179979085922241E-001,4.168064519762993E-002,-7.048221826553345E-001,-6.494106650352478E-001,2.179979085922241E-001,4.168064519762993E-002,-7.048221826553345E-001,-6.494106650352478E-001,
2.848600000000000E+009,2.247672528028488E-001,3.737094113603234E-003,-7.136906981468201E-001,-6.347004175186157E-001,2.247672528028488E-001,3.737094113603234E-003,-7.136906981468201E-001,-6.347004175186157E-001,
2.856966666666667E+009,2.130594253540039E-001,-3.300527855753899E-002,-7.272089123725891E-001,-6.241706609725952E-001,2.130594253540039E-001,-3.300527855753899E-002,-7.272089123725891E-001,-6.241706609725952E-001,
2.865333333333334E+009,1.879015564918518E-001,-5.824593454599381E-002,-7.483932971954346E-001,-6.150811910629273E-001,1.879015564918518E-001,-5.824593454599381E-002,-7.483932971954346E-001,-6.150811910629273E-001,
2.873700000000000E+009,1.517807394266129E-001,-6.899580359458923E-002,-7.660629749298096E-001,-6.012625098228455E-001,1.517807394266129E-001,-6.899580359458923E-002,-7.660629749298096E-001,-6.012625098228455E-001,
2.882066666666667E+009,1.199876219034195E-001,-5.611701682209969E-002,-7.829885482788086E-001,-5.720360279083252E-001,1.199876219034195E-001,-5.611701682209969E-002,-7.829885482788086E-001,-5.720360279083252E-001,
2.890433333333334E+009,1.023318618535996E-001,-3.051500208675861E-002,-8.011781573295593E-001,-5.610427856445313E-001,1.023318618535996E-001,-3.051500208675861E-002,-8.011781573295593E-001,-5.610427856445313E-001,
2.898800000000000E+009,1.039235666394234E-001,-7.526253466494381E-004,-8.248670697212219E-001,-5.351681709289551E-001,1.039235666394234E-001,-7.526253466494381E-004,-8.248670697212219E-001,-5.351681709289551E-001,
2.907166666666667E+009,1.262581646442413E-001,2.287636697292328E-002,-8.333271741867065E-001,-5.108992457389832E-001,1.262581646442413E-001,2.287636697292328E-002,-8.333271741867065E-001,-5.108992457389832E-001,
2.915533333333334E+009,1.598286330699921E-001,3.024590015411377E-002,-8.406962752342224E-001,-4.887247979640961E-001,1.598286330699921E-001,3.024590015411377E-002,-8.406962752342224E-001,-4.887247979640961E-001,
2.923900000000000E+009,1.967793554067612E-001,1.642260886728764E-002,-8.494933843612671E-001,-4.548839032649994E-001,1.967793554067612E-001,1.642260886728764E-002,-8.494933843612671E-001,-4.548839032649994E-001,
2.932266666666667E+009,2.210616022348404E-001,-1.614950597286224E-002,-8.554687500000000E-001,-4.340317547321320E-001,2.210616022348404E-001,-1.614950597286224E-002,-8.554687500000000E-001,-4.340317547321320E-001,
2.940633333333334E+009,2.279393225908279E-001,-5.548062175512314E-002,-8.671759366989136E-001,-4.119633138179779E-001,2.279393225908279E-001,-5.548062175512314E-002,-8.671759366989136E-001,-4.119633138179779E-001,
2.949000000000000E+009,2.155762165784836E-001,-9.646573662757874E-002,-8.721544742584229E-001,-3.964685201644898E-001,2.155762165784836E-001,-9.646573662757874E-002,-8.721544742584229E-001,-3.964685201644898E-001,
2.957366666666667E+009,1.844598650932312E-001,-1.246899887919426E-001,-8.834633231163025E-001,-3.817102015018463E-001,1.844598650932312E-001,-1.246899887919426E-001,-8.834633231163025E-001,-3.817102015018463E-001,
2.965733333333334E+009,1.467452347278595E-001,-1.343632638454437E-001,-8.956926465034485E-001,-3.638757467269898E-001,1.467452347278595E-001,-1.343632638454437E-001,-8.956926465034485E-001,-3.638757467269898E-001,
2.974100000000000E+009,1.107860654592514E-001,-1.212565898895264E-001,-9.071778655052185E-001,-3.433184027671814E-001,1.107860654592514E-001,-1.212565898895264E-001,-9.071778655052185E-001,-3.433184027671814E-001,
2.982466666666667E+009,8.865369856357575E-002,-9.659715741872788E-002,-9.318997859954834E-001,-3.187401890754700E-001,8.865369856357575E-002,-9.659715741872788E-002,-9.318997859954834E-001,-3.187401890754700E-001,
2.990833333333334E+009,8.674445748329163E-002,-6.188575550913811E-002,-9.311513900756836E-001,-2.932803630828857E-001,8.674445748329163E-002,-6.188575550913811E-002,-9.311513900756836E-001,-2.932803630828857E-001,
2.999200000000000E+009,1.090564206242561E-001,-3.594698011875153E-002,-9.423298835754395E-001,-2.597601413726807E-001,1.090564206242561E-001,-3.594698011875153E-002,-9.423298835754395E-001,-2.597601413726807E-001,
3.007566666666667E+009,1.433234214782715E-001,-2.645688503980637E-002,-9.493967890739441E-001,-2.311838865280151E-001,1.433234214782715E-001,-2.645688503980637E-002,-9.493967890739441E-001,-2.311838865280151E-001,
3.015933333333334E+009,1.777581125497818E-001,-4.006025195121765E-002,-9.482206702232361E-001,-2.086004614830017E-001,1.777581125497818E-001,-4.006025195121765E-002,-9.482206702232361E-001,-2.086004614830017E-001,
3.024300000000000E+009,2.027824819087982E-001,-7.674227654933929E-002,-9.457531571388245E-001,-1.788206547498703E-001,2.027824819087982E-001,-7.674227654933929E-002,-9.457531571388245E-001,-1.788206547498703E-001,
3.032666666666667E+009,2.074532508850098E-001,-1.182832047343254E-001,-9.402088522911072E-001,-1.614282876253128E-001,2.074532508850098E-001,-1.182832047343254E-001,-9.402088522911072E-001,-1.614282876253128E-001,
3.041033333333334E+009,1.924075484275818E-001,-1.612093597650528E-001,-9.444844126701355E-001,-1.410570740699768E-001,1.924075484275818E-001,-1.612093597650528E-001,-9.444844126701355E-001,-1.410570740699768E-001,
3.049400000000000E+009,1.570643633604050E-001,-1.904229670763016E-001,-9.498119354248047E-001,-1.173153445124626E-001,1.570643633604050E-001,-1.904229670763016E-001,-9.498119354248047E-001,-1.173153445124626E-001,
3.057766666666667E+009,1.127017810940743E-001,-1.997357606887817E-001,-9.559102654457092E-001,-1.001620814204216E-001,1.127017810940743E-001,-1.997357606887817E-001,-9.559102654457092E-001,-1.001620814204216E-001,
3.066133333333334E+009,6.979823112487793E-002,-1.854865550994873E-001,-9.620314836502075E-001,-7.786047458648682E-002,6.979823112487793E-002,-1.854865550994873E-001,-9.620314836502075E-001,-7.786047458648682E-002,
3.074500000000000E+009,4.361033439636231E-002,-1.522750854492188E-001,-9.707285165786743E-001,-5.475586652755737E-002,4.361033439636231E-002,-1.522750854492188E-001,-9.707285165786743E-001,-5.475586652755737E-002,
3.082866666666667E+009,4.217024892568588E-002,-1.115725710988045E-001,-9.716510772705078E-001,-2.604070864617825E-002,4.217024892568588E-002,-1.115725710988045E-001,-9.716510772705078E-001,-2.604070864617825E-002,
3.091233333333334E+009,6.519454717636108E-002,-7.854774594306946E-002,-9.788393974304199E-001,9.097718633711338E-003,6.519454717636108E-002,-7.854774594306946E-002,-9.788393974304199E-001,9.097718633711338E-003,
3.099600000000000E+009,1.056449636816979E-001,-6.749260425567627E-002,-9.801505804061890E-001,3.784245997667313E-002,1.056449636816979E-001,-6.749260425567627E-002,-9.801505804061890E-001,3.784245997667313E-002,
3.107966666666667E+009,1.465678215026856E-001,-8.323571830987930E-002,-9.730947613716126E-001,7.014300674200058E-002,1.465678215026856E-001,-8.323571830987930E-002,-9.730947613716126E-001,7.014300674200058E-002,
3.116333333333334E+009,1.761132180690765E-001,-1.219781860709190E-001,-9.636378884315491E-001,9.813089668750763E-002,1.761132180690765E-001,-1.219781860709190E-001,-9.636378884315491E-001,9.813089668750763E-002,
3.124700000000000E+009,1.797132045030594E-001,-1.736948490142822E-001,-9.451695084571838E-001,1.177437156438828E-001,1.797132045030594E-001,-1.736948490142822E-001,-9.451695084571838E-001,1.177437156438828E-001,
3.133066666666667E+009,1.584356874227524E-001,-2.222640365362167E-001,-9.430200457572937E-001,1.368369311094284E-001,1.584356874227524E-001,-2.222640365362167E-001,-9.430200457572937E-001,1.368369311094284E-001,
3.141433333333334E+009,1.135301142930985E-001,-2.565366923809052E-001,-9.435788393020630E-001,1.559690684080124E-001,1.135301142930985E-001,-2.565366923809052E-001,-9.435788393020630E-001,1.559690684080124E-001,
3.149800000000000E+009,6.143361702561379E-002,-2.650835812091827E-001,-9.335094690322876E-001,1.727632880210877E-001,6.143361702561379E-002,-2.650835812091827E-001,-9.335094690322876E-001,1.727632880210877E-001,
3.158166666666667E+009,1.052202936261892E-002,-2.497079521417618E-001,-9.367131590843201E-001,1.927381455898285E-001,1.052202936261892E-002,-2.497079521417618E-001,-9.367131590843201E-001,1.927381455898285E-001,
3.166533333333334E+009,-2.318690530955792E-002,-2.115992456674576E-001,-9.340927004814148E-001,2.121130079030991E-001,-2.318690530955792E-002,-2.115992456674576E-001,-9.340927004814148E-001,2.121130079030991E-001,
3.174900000000000E+009,-3.144538775086403E-002,-1.637788265943527E-001,-9.407603144645691E-001,2.399930953979492E-001,-3.144538775086403E-002,-1.637788265943527E-001,-9.407603144645691E-001,2.399930953979492E-001,
3.183266666666667E+009,-1.149882934987545E-002,-1.222802847623825E-001,-9.399212598800659E-001,2.658646106719971E-001,-1.149882934987545E-002,-1.222802847623825E-001,-9.399212598800659E-001,2.658646106719971E-001,
3.191633333333334E+009,2.939105406403542E-002,-1.032774075865746E-001,-9.359766840934753E-001,2.995578944683075E-001,2.939105406403542E-002,-1.032774075865746E-001,-9.359766840934753E-001,2.995578944683075E-001,
3.200000000000000E+009,7.402727007865906E-002,-1.131596863269806E-001,-9.159772992134094E-001,3.274405300617218E-001,7.402727007865906E-002,-1.131596863269806E-001,-9.159772992134094E-001,3.274405300617218E-001,
