% Version 1.00
%
%freq[Hz],re:Trc1_S11,im:Trc1_S11,re:Trc2_S21,im:Trc2_S21,re:Trc3_S11,im:Trc3_S11,re:Trc4_S21,im:Trc4_S21,
6.900000000000000E+008,-4.904784262180328E-002,1.310095749795437E-002,-4.945811927318573E-001,-8.550124168395996E-001,-4.904784262180328E-002,1.310095749795437E-002,-4.945811927318573E-001,-8.550124168395996E-001,
6.983666666666666E+008,-4.025508835911751E-002,1.324235089123249E-002,-5.162013769149780E-001,-8.452883362770081E-001,-4.025508835911751E-002,1.324235089123249E-002,-5.162013769149780E-001,-8.452883362770081E-001,
7.067333333333334E+008,-3.423215076327324E-002,8.150361478328705E-003,-5.627146363258362E-001,-7.834833860397339E-001,-3.423215076327324E-002,8.150361478328705E-003,-5.627146363258362E-001,-7.834833860397339E-001,
7.151000000000000E+008,-3.483657166361809E-002,4.437582392711192E-004,-5.828624367713928E-001,-7.954517602920532E-001,-3.483657166361809E-002,4.437582392711192E-004,-5.828624367713928E-001,-7.954517602920532E-001,
7.234666666666666E+008,-3.864612430334091E-002,-4.808582365512848E-003,-5.928465127944946E-001,-7.854785323143005E-001,-3.864612430334091E-002,-4.808582365512848E-003,-5.928465127944946E-001,-7.854785323143005E-001,
7.318333333333334E+008,-4.666349664330483E-002,-6.891259923577309E-003,-6.075142025947571E-001,-7.791527509689331E-001,-4.666349664330483E-002,-6.891259923577309E-003,-6.075142025947571E-001,-7.791527509689331E-001,
7.402000000000000E+008,-5.391454696655273E-002,-6.653031334280968E-003,-6.538874506950378E-001,-7.668357491493225E-001,-5.391454696655273E-002,-6.653031334280968E-003,-6.538874506950378E-001,-7.668357491493225E-001,
7.485666666666666E+008,-6.207267567515373E-002,-3.150306583847851E-004,-6.517873406410217E-001,-7.617305517196655E-001,-6.207267567515373E-002,-3.150306583847851E-004,-6.517873406410217E-001,-7.617305517196655E-001,
7.569333333333334E+008,-6.427343189716339E-002,7.897411473095417E-003,-6.552231907844544E-001,-7.416679859161377E-001,-6.427343189716339E-002,7.897411473095417E-003,-6.552231907844544E-001,-7.416679859161377E-001,
7.653000000000000E+008,-6.095565482974052E-002,1.588522456586361E-002,-6.783475279808044E-001,-7.180973291397095E-001,-6.095565482974052E-002,1.588522456586361E-002,-6.783475279808044E-001,-7.180973291397095E-001,
7.736666666666666E+008,-5.468646436929703E-002,2.170857042074204E-002,-7.108738422393799E-001,-6.962506175041199E-001,-5.468646436929703E-002,2.170857042074204E-002,-7.108738422393799E-001,-6.962506175041199E-001,
7.820333333333334E+008,-4.679531976580620E-002,2.455711551010609E-002,-7.231482267379761E-001,-6.835888624191284E-001,-4.679531976580620E-002,2.455711551010609E-002,-7.231482267379761E-001,-6.835888624191284E-001,
7.904000000000000E+008,-3.765520080924034E-002,2.373307198286057E-002,-7.259886860847473E-001,-6.628016233444214E-001,-3.765520080924034E-002,2.373307198286057E-002,-7.259886860847473E-001,-6.628016233444214E-001,
7.987666666666666E+008,-3.357059136033058E-002,1.813425682485104E-002,-7.597109079360962E-001,-6.400159001350403E-001,-3.357059136033058E-002,1.813425682485104E-002,-7.597109079360962E-001,-6.400159001350403E-001,
8.071333333333334E+008,-3.194994479417801E-002,1.351442933082581E-002,-7.652540802955627E-001,-6.294475197792053E-001,-3.194994479417801E-002,1.351442933082581E-002,-7.652540802955627E-001,-6.294475197792053E-001,
8.155000000000000E+008,-3.809015452861786E-002,7.392996456474066E-003,-7.904224395751953E-001,-6.078197956085205E-001,-3.809015452861786E-002,7.392996456474066E-003,-7.904224395751953E-001,-6.078197956085205E-001,
8.238666666666666E+008,-4.325091838836670E-002,4.355685319751501E-003,-7.911322712898254E-001,-5.780273675918579E-001,-4.325091838836670E-002,4.355685319751501E-003,-7.911322712898254E-001,-5.780273675918579E-001,
8.322333333333334E+008,-5.154581367969513E-002,5.025995429605246E-003,-8.114521503448486E-001,-5.586416125297546E-001,-5.154581367969513E-002,5.025995429605246E-003,-8.114521503448486E-001,-5.586416125297546E-001,
8.406000000000000E+008,-5.830859020352364E-002,9.947752580046654E-003,-8.249356150627136E-001,-5.468089580535889E-001,-5.830859020352364E-002,9.947752580046654E-003,-8.249356150627136E-001,-5.468089580535889E-001,
8.489666666666668E+008,-6.304563581943512E-002,1.679764874279499E-002,-8.340517878532410E-001,-5.325651764869690E-001,-6.304563581943512E-002,1.679764874279499E-002,-8.340517878532410E-001,-5.325651764869690E-001,
8.573333333333334E+008,-6.202593073248863E-002,2.531808800995350E-002,-8.503088951110840E-001,-4.916007518768311E-001,-6.202593073248863E-002,2.531808800995350E-002,-8.503088951110840E-001,-4.916007518768311E-001,
8.657000000000000E+008,-5.577761679887772E-002,3.331768140196800E-002,-8.676108717918396E-001,-4.720303714275360E-001,-5.577761679887772E-002,3.331768140196800E-002,-8.676108717918396E-001,-4.720303714275360E-001,
8.740666666666668E+008,-4.859087243676186E-002,3.638165444135666E-002,-8.652100563049316E-001,-4.591958820819855E-001,-4.859087243676186E-002,3.638165444135666E-002,-8.652100563049316E-001,-4.591958820819855E-001,
8.824333333333334E+008,-3.948265686631203E-002,3.644898533821106E-002,-8.846876621246338E-001,-4.466322362422943E-001,-3.948265686631203E-002,3.644898533821106E-002,-8.846876621246338E-001,-4.466322362422943E-001,
8.908000000000000E+008,-3.142906352877617E-002,3.260899335145950E-002,-8.866040110588074E-001,-4.137226641178131E-001,-3.142906352877617E-002,3.260899335145950E-002,-8.866040110588074E-001,-4.137226641178131E-001,
8.991666666666668E+008,-2.850662171840668E-002,2.623819932341576E-002,-8.993571996688843E-001,-3.852255046367645E-001,-2.850662171840668E-002,2.623819932341576E-002,-8.993571996688843E-001,-3.852255046367645E-001,
9.075333333333334E+008,-3.027606755495071E-002,2.050806023180485E-002,-9.318501353263855E-001,-3.661999404430389E-001,-3.027606755495071E-002,2.050806023180485E-002,-9.318501353263855E-001,-3.661999404430389E-001,
9.159000000000000E+008,-3.444079309701920E-002,1.919154636561871E-002,-9.365078210830689E-001,-3.392139673233032E-001,-3.444079309701920E-002,1.919154636561871E-002,-9.365078210830689E-001,-3.392139673233032E-001,
9.242666666666668E+008,-4.049183800816536E-002,1.694406755268574E-002,-9.412778019905090E-001,-3.227694630622864E-001,-4.049183800816536E-002,1.694406755268574E-002,-9.412778019905090E-001,-3.227694630622864E-001,
9.326333333333334E+008,-4.915403202176094E-002,1.855379529297352E-002,-9.625844955444336E-001,-2.991257309913635E-001,-4.915403202176094E-002,1.855379529297352E-002,-9.625844955444336E-001,-2.991257309913635E-001,
9.410000000000000E+008,-5.370230227708817E-002,2.394510060548782E-002,-9.543067812919617E-001,-2.656392157077789E-001,-5.370230227708817E-002,2.394510060548782E-002,-9.543067812919617E-001,-2.656392157077789E-001,
9.493666666666668E+008,-5.620630830526352E-002,3.155483305454254E-002,-9.540653824806213E-001,-2.499537020921707E-001,-5.620630830526352E-002,3.155483305454254E-002,-9.540653824806213E-001,-2.499537020921707E-001,
9.577333333333334E+008,-5.433217436075211E-002,4.095173999667168E-002,-9.683073163032532E-001,-2.262234538793564E-001,-5.433217436075211E-002,4.095173999667168E-002,-9.683073163032532E-001,-2.262234538793564E-001,
9.661000000000000E+008,-4.780746623873711E-002,4.912627115845680E-002,-9.692963361740112E-001,-2.021837532520294E-001,-4.780746623873711E-002,4.912627115845680E-002,-9.692963361740112E-001,-2.021837532520294E-001,
9.744666666666668E+008,-3.952548280358315E-002,5.061472579836845E-002,-9.749756455421448E-001,-1.798555403947830E-001,-3.952548280358315E-002,5.061472579836845E-002,-9.749756455421448E-001,-1.798555403947830E-001,
9.828333333333334E+008,-2.736792899668217E-002,4.856119677424431E-002,-9.777284860610962E-001,-1.579703092575073E-001,-2.736792899668217E-002,4.856119677424431E-002,-9.777284860610962E-001,-1.579703092575073E-001,
9.912000000000000E+008,-2.116880752146244E-002,4.285315051674843E-002,-9.784925580024719E-001,-1.297986805438995E-001,-2.116880752146244E-002,4.285315051674843E-002,-9.784925580024719E-001,-1.297986805438995E-001,
9.995666666666668E+008,-1.519528962671757E-002,3.594004735350609E-002,-9.958341121673584E-001,-9.158102422952652E-002,-1.519528962671757E-002,3.594004735350609E-002,-9.958341121673584E-001,-9.158102422952652E-002,
1.007933333333333E+009,-1.678893156349659E-002,2.777275070548058E-002,-9.943875670433044E-001,-7.975278794765472E-002,-1.678893156349659E-002,2.777275070548058E-002,-9.943875670433044E-001,-7.975278794765472E-002,
1.016300000000000E+009,-2.359547652304173E-002,2.319443412125111E-002,-9.952518343925476E-001,-5.113485082983971E-002,-2.359547652304173E-002,2.319443412125111E-002,-9.952518343925476E-001,-5.113485082983971E-002,
1.024666666666667E+009,-3.196149319410324E-002,1.829624734818935E-002,-9.980853796005249E-001,-1.766034215688705E-002,-3.196149319410324E-002,1.829624734818935E-002,-9.980853796005249E-001,-1.766034215688705E-002,
1.033033333333333E+009,-3.962595760822296E-002,2.283322624862194E-002,-9.958368539810181E-001,1.508603221736848E-003,-3.962595760822296E-002,2.283322624862194E-002,-9.958368539810181E-001,1.508603221736848E-003,
1.041400000000000E+009,-4.642859473824501E-002,3.005386330187321E-002,-9.845210909843445E-001,3.920853137969971E-002,-4.642859473824501E-002,3.005386330187321E-002,-9.845210909843445E-001,3.920853137969971E-002,
1.049766666666667E+009,-4.778618365526199E-002,3.986656293272972E-002,-9.923282265663147E-001,5.590620264410973E-002,-4.778618365526199E-002,3.986656293272972E-002,-9.923282265663147E-001,5.590620264410973E-002,
1.058133333333333E+009,-4.316317290067673E-002,4.826924204826355E-002,-9.876051545143127E-001,7.557340711355209E-002,-4.316317290067673E-002,4.826924204826355E-002,-9.876051545143127E-001,7.557340711355209E-002,
1.066500000000000E+009,-3.342051059007645E-002,5.461361259222031E-002,-9.961469173431397E-001,1.120119765400887E-001,-3.342051059007645E-002,5.461361259222031E-002,-9.961469173431397E-001,1.120119765400887E-001,
1.074866666666667E+009,-2.299835905432701E-002,5.322506651282311E-002,-9.772930741310120E-001,1.314180642366409E-001,-2.299835905432701E-002,5.322506651282311E-002,-9.772930741310120E-001,1.314180642366409E-001,
1.083233333333334E+009,-1.222063787281513E-002,4.416974633932114E-002,-9.776185750961304E-001,1.531373858451843E-001,-1.222063787281513E-002,4.416974633932114E-002,-9.776185750961304E-001,1.531373858451843E-001,
1.091600000000000E+009,-7.017931435257196E-003,3.483128547668457E-002,-9.698708653450012E-001,1.754253208637238E-001,-7.017931435257196E-003,3.483128547668457E-002,-9.698708653450012E-001,1.754253208637238E-001,
1.099966666666667E+009,-7.095995824784041E-003,2.321468107402325E-002,-9.717233777046204E-001,2.147240489721298E-001,-7.095995824784041E-003,2.321468107402325E-002,-9.717233777046204E-001,2.147240489721298E-001,
1.108333333333334E+009,-1.681483350694180E-002,1.412637066096067E-002,-9.479959011077881E-001,2.202846854925156E-001,-1.681483350694180E-002,1.412637066096067E-002,-9.479959011077881E-001,2.202846854925156E-001,
1.116700000000000E+009,-2.895169146358967E-002,1.517903059720993E-002,-9.490765333175659E-001,2.637331187725067E-001,-2.895169146358967E-002,1.517903059720993E-002,-9.490765333175659E-001,2.637331187725067E-001,
1.125066666666667E+009,-4.349551349878311E-002,1.763559505343437E-002,-9.548977017402649E-001,2.749856412410736E-001,-4.349551349878311E-002,1.763559505343437E-002,-9.548977017402649E-001,2.749856412410736E-001,
1.133433333333334E+009,-5.275651812553406E-002,3.165632858872414E-002,-9.527339339256287E-001,2.989297509193420E-001,-5.275651812553406E-002,3.165632858872414E-002,-9.527339339256287E-001,2.989297509193420E-001,
1.141800000000000E+009,-5.400506034493446E-002,4.478436708450317E-002,-9.266601204872131E-001,3.177224695682526E-001,-5.400506034493446E-002,4.478436708450317E-002,-9.266601204872131E-001,3.177224695682526E-001,
1.150166666666667E+009,-4.825838282704353E-002,6.182679533958435E-002,-9.094419479370117E-001,3.482446670532227E-001,-4.825838282704353E-002,6.182679533958435E-002,-9.094419479370117E-001,3.482446670532227E-001,
1.158533333333334E+009,-3.392970561981201E-002,7.043212652206421E-002,-9.115011096000671E-001,3.731889724731445E-001,-3.392970561981201E-002,7.043212652206421E-002,-9.115011096000671E-001,3.731889724731445E-001,
1.166900000000000E+009,-1.572032831609249E-002,7.140415906906128E-002,-9.037552475929260E-001,4.054929018020630E-001,-1.572032831609249E-002,7.140415906906128E-002,-9.037552475929260E-001,4.054929018020630E-001,
1.175266666666667E+009,2.949198824353516E-004,6.098155304789543E-002,-8.952177762985230E-001,4.125540554523468E-001,2.949198824353516E-004,6.098155304789543E-002,-8.952177762985230E-001,4.125540554523468E-001,
1.183633333333334E+009,1.114302221685648E-002,4.653686657547951E-002,-8.865149617195129E-001,4.508597254753113E-001,1.114302221685648E-002,4.653686657547951E-002,-8.865149617195129E-001,4.508597254753113E-001,
1.192000000000000E+009,1.159037370234728E-002,2.673854678869247E-002,-8.749583959579468E-001,4.603593647480011E-001,1.159037370234728E-002,2.673854678869247E-002,-8.749583959579468E-001,4.603593647480011E-001,
1.200366666666667E+009,8.826609700918198E-004,1.274523697793484E-002,-8.644909262657166E-001,4.902558326721191E-001,8.826609700918198E-004,1.274523697793484E-002,-8.644909262657166E-001,4.902558326721191E-001,
1.208733333333334E+009,-1.517574489116669E-002,4.199459683150053E-003,-8.577851057052612E-001,5.065876841545105E-001,-1.517574489116669E-002,4.199459683150053E-003,-8.577851057052612E-001,5.065876841545105E-001,
1.217100000000000E+009,-3.348742425441742E-002,1.017981395125389E-002,-8.436943888664246E-001,5.268184542655945E-001,-3.348742425441742E-002,1.017981395125389E-002,-8.436943888664246E-001,5.268184542655945E-001,
1.225466666666667E+009,-4.422107711434364E-002,2.170665375888348E-002,-8.158931732177734E-001,5.540344715118408E-001,-4.422107711434364E-002,2.170665375888348E-002,-8.158931732177734E-001,5.540344715118408E-001,
1.233833333333334E+009,-5.143181234598160E-002,3.886130079627037E-002,-7.997813820838928E-001,5.716553926467896E-001,-5.143181234598160E-002,3.886130079627037E-002,-7.997813820838928E-001,5.716553926467896E-001,
1.242200000000000E+009,-4.783482477068901E-002,5.740018188953400E-002,-7.840800285339356E-001,5.825829505920410E-001,-4.783482477068901E-002,5.740018188953400E-002,-7.840800285339356E-001,5.825829505920410E-001,
1.250566666666667E+009,-3.274785354733467E-002,6.893918663263321E-002,-7.588445544242859E-001,6.103491187095642E-001,-3.274785354733467E-002,6.893918663263321E-002,-7.588445544242859E-001,6.103491187095642E-001,
1.258933333333334E+009,-1.362966466695070E-002,7.107681781053543E-002,-7.706286311149597E-001,6.298032999038696E-001,-1.362966466695070E-002,7.107681781053543E-002,-7.706286311149597E-001,6.298032999038696E-001,
1.267300000000000E+009,4.459833260625601E-003,6.140382587909699E-002,-7.519054412841797E-001,6.435606479644775E-001,4.459833260625601E-003,6.140382587909699E-002,-7.519054412841797E-001,6.435606479644775E-001,
1.275666666666667E+009,1.408253982663155E-002,4.311999306082726E-002,-7.192320823669434E-001,6.675782799720764E-001,1.408253982663155E-002,4.311999306082726E-002,-7.192320823669434E-001,6.675782799720764E-001,
1.284033333333334E+009,1.398214511573315E-002,2.265815809369087E-002,-7.130086421966553E-001,6.907823085784912E-001,1.398214511573315E-002,2.265815809369087E-002,-7.130086421966553E-001,6.907823085784912E-001,
1.292400000000000E+009,2.183568663895130E-003,5.992314312607050E-003,-6.961942315101624E-001,7.073330879211426E-001,2.183568663895130E-003,5.992314312607050E-003,-6.961942315101624E-001,7.073330879211426E-001,
1.300766666666667E+009,-1.615421660244465E-002,-1.960843335837126E-003,-6.731991767883301E-001,7.238579392433167E-001,-1.615421660244465E-002,-1.960843335837126E-003,-6.731991767883301E-001,7.238579392433167E-001,
1.309133333333334E+009,-3.691043332219124E-002,1.862841891124845E-003,-6.611371040344238E-001,7.399091124534607E-001,-3.691043332219124E-002,1.862841891124845E-003,-6.611371040344238E-001,7.399091124534607E-001,
1.317500000000000E+009,-5.127166211605072E-002,1.666404493153095E-002,-6.355246901512146E-001,7.543140649795532E-001,-5.127166211605072E-002,1.666404493153095E-002,-6.355246901512146E-001,7.543140649795532E-001,
1.325866666666667E+009,-5.576066672801971E-002,3.733997792005539E-002,-6.203792691230774E-001,7.678017020225525E-001,-5.576066672801971E-002,3.733997792005539E-002,-6.203792691230774E-001,7.678017020225525E-001,
1.334233333333334E+009,-4.883415251970291E-002,5.608232691884041E-002,-5.912873744964600E-001,7.873806357383728E-001,-4.883415251970291E-002,5.608232691884041E-002,-5.912873744964600E-001,7.873806357383728E-001,
1.342600000000000E+009,-3.474403917789459E-002,6.671754270792007E-002,-5.731571316719055E-001,8.041844367980957E-001,-3.474403917789459E-002,6.671754270792007E-002,-5.731571316719055E-001,8.041844367980957E-001,
1.350966666666667E+009,-1.575629226863384E-002,6.714099645614624E-002,-5.462198853492737E-001,8.303644061088562E-001,-1.575629226863384E-002,6.714099645614624E-002,-5.462198853492737E-001,8.303644061088562E-001,
1.359333333333334E+009,-5.557725089602172E-004,5.706697702407837E-002,-5.345776677131653E-001,8.327151536941528E-001,-5.557725089602172E-004,5.706697702407837E-002,-5.345776677131653E-001,8.327151536941528E-001,
1.367700000000000E+009,4.138934426009655E-003,3.641628473997116E-002,-5.179296135902405E-001,8.423727154731751E-001,4.138934426009655E-003,3.641628473997116E-002,-5.179296135902405E-001,8.423727154731751E-001,
1.376066666666667E+009,-2.809709803841543E-005,1.868425309658051E-002,-5.000951290130615E-001,8.613731265068054E-001,-2.809709803841543E-005,1.868425309658051E-002,-5.000951290130615E-001,8.613731265068054E-001,
1.384433333333334E+009,-1.685633324086666E-002,2.951307687908411E-003,-4.742890894412994E-001,8.841478824615479E-001,-1.685633324086666E-002,2.951307687908411E-003,-4.742890894412994E-001,8.841478824615479E-001,
1.392800000000000E+009,-3.826399520039558E-002,1.118424814194441E-003,-4.574275612831116E-001,8.787404298782349E-001,-3.826399520039558E-002,1.118424814194441E-003,-4.574275612831116E-001,8.787404298782349E-001,
1.401166666666667E+009,-5.855220183730125E-002,1.206433679908514E-002,-4.322867095470429E-001,8.974065184593201E-001,-5.855220183730125E-002,1.206433679908514E-002,-4.322867095470429E-001,8.974065184593201E-001,
1.409533333333334E+009,-7.090573757886887E-002,2.942833863198757E-002,-3.996181190013886E-001,9.057934284210205E-001,-7.090573757886887E-002,2.942833863198757E-002,-3.996181190013886E-001,9.057934284210205E-001,
1.417900000000000E+009,-7.202178239822388E-002,5.603557825088501E-002,-3.862533271312714E-001,9.016712903976440E-001,-7.202178239822388E-002,5.603557825088501E-002,-3.862533271312714E-001,9.016712903976440E-001,
1.426266666666667E+009,-5.949654057621956E-002,7.527340203523636E-002,-3.567472398281097E-001,9.234907627105713E-001,-5.949654057621956E-002,7.527340203523636E-002,-3.567472398281097E-001,9.234907627105713E-001,
1.434633333333334E+009,-4.055418074131012E-002,8.743833005428314E-002,-3.241619467735291E-001,9.310701489448547E-001,-4.055418074131012E-002,8.743833005428314E-002,-3.241619467735291E-001,9.310701489448547E-001,
1.443000000000000E+009,-1.869064942002296E-002,8.776269853115082E-002,-3.098770678043366E-001,9.361048936843872E-001,-1.869064942002296E-002,8.776269853115082E-002,-3.098770678043366E-001,9.361048936843872E-001,
1.451366666666667E+009,-1.907005324028432E-003,7.617390155792236E-002,-2.812942862510681E-001,9.404852986335754E-001,-1.907005324028432E-003,7.617390155792236E-002,-2.812942862510681E-001,9.404852986335754E-001,
1.459733333333334E+009,7.093960419297218E-003,5.566575750708580E-002,-2.621098458766937E-001,9.494273066520691E-001,7.093960419297218E-003,5.566575750708580E-002,-2.621098458766937E-001,9.494273066520691E-001,
1.468100000000000E+009,-1.500117476098239E-003,3.679404035210609E-002,-2.403324842453003E-001,9.624500870704651E-001,-1.500117476098239E-003,3.679404035210609E-002,-2.403324842453003E-001,9.624500870704651E-001,
1.476466666666667E+009,-1.782433129847050E-002,2.635861188173294E-002,-2.167941927909851E-001,9.706088304519653E-001,-1.782433129847050E-002,2.635861188173294E-002,-2.167941927909851E-001,9.706088304519653E-001,
1.484833333333334E+009,-3.818994760513306E-002,2.393857762217522E-002,-1.870719641447067E-001,9.783102869987488E-001,-3.818994760513306E-002,2.393857762217522E-002,-1.870719641447067E-001,9.783102869987488E-001,
1.493200000000000E+009,-5.654101073741913E-002,3.491432964801788E-002,-1.562512069940567E-001,9.849861860275269E-001,-5.654101073741913E-002,3.491432964801788E-002,-1.562512069940567E-001,9.849861860275269E-001,
1.501566666666667E+009,-6.677596271038055E-002,5.439668893814087E-002,-1.398476958274841E-001,9.777162075042725E-001,-6.677596271038055E-002,5.439668893814087E-002,-1.398476958274841E-001,9.777162075042725E-001,
1.509933333333334E+009,-6.466287374496460E-002,7.807826250791550E-002,-1.145246475934982E-001,9.781959056854248E-001,-6.466287374496460E-002,7.807826250791550E-002,-1.145246475934982E-001,9.781959056854248E-001,
1.518300000000000E+009,-4.919267073273659E-002,9.675253182649612E-002,-8.731766790151596E-002,9.808558225631714E-001,-4.919267073273659E-002,9.675253182649612E-002,-8.731766790151596E-002,9.808558225631714E-001,
1.526666666666667E+009,-2.898026630282402E-002,1.047447100281715E-001,-6.663542240858078E-002,9.869448542594910E-001,-2.898026630282402E-002,1.047447100281715E-001,-6.663542240858078E-002,9.869448542594910E-001,
1.535033333333334E+009,-7.135663647204638E-003,1.023959591984749E-001,-4.381743073463440E-002,9.842350482940674E-001,-7.135663647204638E-003,1.023959591984749E-001,-4.381743073463440E-002,9.842350482940674E-001,
1.543400000000000E+009,9.667369537055492E-003,9.140720963478088E-002,-1.493639312684536E-002,9.860555529594421E-001,9.667369537055492E-003,9.140720963478088E-002,-1.493639312684536E-002,9.860555529594421E-001,
1.551766666666667E+009,1.468111760914326E-002,7.191696017980576E-002,9.022695943713188E-003,9.902185201644898E-001,1.468111760914326E-002,7.191696017980576E-002,9.022695943713188E-003,9.902185201644898E-001,
1.560133333333334E+009,9.385738521814346E-003,5.268057435750961E-002,3.909750655293465E-002,9.978550076484680E-001,9.385738521814346E-003,5.268057435750961E-002,3.909750655293465E-002,9.978550076484680E-001,
1.568500000000000E+009,-6.336639635264874E-003,4.246202483773232E-002,5.667744949460030E-002,9.763064384460449E-001,-6.336639635264874E-003,4.246202483773232E-002,5.667744949460030E-002,9.763064384460449E-001,
1.576866666666667E+009,-2.493230253458023E-002,4.123571887612343E-002,8.307746797800064E-002,9.898840188980103E-001,-2.493230253458023E-002,4.123571887612343E-002,8.307746797800064E-002,9.898840188980103E-001,
1.585233333333334E+009,-4.166515171527863E-002,5.285590887069702E-002,1.112557724118233E-001,9.768221378326416E-001,-4.166515171527863E-002,5.285590887069702E-002,1.112557724118233E-001,9.768221378326416E-001,
1.593600000000000E+009,-4.791953042149544E-002,7.012430578470230E-002,1.370050311088562E-001,9.825385212898254E-001,-4.791953042149544E-002,7.012430578470230E-002,1.370050311088562E-001,9.825385212898254E-001,
1.601966666666667E+009,-4.571813344955444E-002,9.062024205923080E-002,1.569014638662338E-001,9.889553785324097E-001,-4.571813344955444E-002,9.062024205923080E-002,1.569014638662338E-001,9.889553785324097E-001,
1.610333333333334E+009,-3.182034566998482E-002,1.061263307929039E-001,1.826876699924469E-001,9.731253981590271E-001,-3.182034566998482E-002,1.061263307929039E-001,1.826876699924469E-001,9.731253981590271E-001,
1.618700000000000E+009,-1.289680041372776E-002,1.109802797436714E-001,2.050885111093521E-001,9.590671658515930E-001,-1.289680041372776E-002,1.109802797436714E-001,2.050885111093521E-001,9.590671658515930E-001,
1.627066666666667E+009,5.153166130185127E-003,1.088787838816643E-001,2.300668507814407E-001,9.543218016624451E-001,5.153166130185127E-003,1.088787838816643E-001,2.300668507814407E-001,9.543218016624451E-001,
1.635433333333334E+009,1.718918606638908E-002,9.671340137720108E-002,2.463412880897522E-001,9.509440064430237E-001,1.718918606638908E-002,9.671340137720108E-002,2.463412880897522E-001,9.509440064430237E-001,
1.643800000000000E+009,2.098118886351585E-002,8.011857420206070E-002,2.763816714286804E-001,9.539211392402649E-001,2.098118886351585E-002,8.011857420206070E-002,2.763816714286804E-001,9.539211392402649E-001,
1.652166666666667E+009,1.547739282250404E-002,6.779303401708603E-002,3.053983747959137E-001,9.428132772445679E-001,1.547739282250404E-002,6.779303401708603E-002,3.053983747959137E-001,9.428132772445679E-001,
1.660533333333334E+009,1.461142441257834E-003,5.918278172612190E-002,3.165349066257477E-001,9.295337796211243E-001,1.461142441257834E-003,5.918278172612190E-002,3.165349066257477E-001,9.295337796211243E-001,
1.668900000000000E+009,-1.328514888882637E-002,6.278703361749649E-002,3.518055081367493E-001,9.261273741722107E-001,-1.328514888882637E-002,6.278703361749649E-002,3.518055081367493E-001,9.261273741722107E-001,
1.677266666666667E+009,-2.473681420087814E-002,7.178752869367600E-002,3.833122849464417E-001,9.050593972206116E-001,-2.473681420087814E-002,7.178752869367600E-002,3.833122849464417E-001,9.050593972206116E-001,
1.685633333333334E+009,-2.787155471742153E-002,9.078329056501389E-002,4.030971825122833E-001,9.054812192916870E-001,-2.787155471742153E-002,9.078329056501389E-002,4.030971825122833E-001,9.054812192916870E-001,
1.694000000000000E+009,-2.238331548869610E-002,1.059932857751846E-001,4.226245284080505E-001,8.915634155273438E-001,-2.238331548869610E-002,1.059932857751846E-001,4.226245284080505E-001,8.915634155273438E-001,
1.702366666666667E+009,-9.179396554827690E-003,1.185775548219681E-001,4.392573833465576E-001,8.829508423805237E-001,-9.179396554827690E-003,1.185775548219681E-001,4.392573833465576E-001,8.829508423805237E-001,
1.710733333333334E+009,1.178140938282013E-002,1.234584748744965E-001,4.697342813014984E-001,8.620370626449585E-001,1.178140938282013E-002,1.234584748744965E-001,4.697342813014984E-001,8.620370626449585E-001,
1.719100000000000E+009,2.887643687427044E-002,1.176957711577416E-001,4.857353866100311E-001,8.563851714134216E-001,2.887643687427044E-002,1.176957711577416E-001,4.857353866100311E-001,8.563851714134216E-001,
1.727466666666667E+009,4.043447598814964E-002,1.069882214069367E-001,5.100187063217163E-001,8.435427546501160E-001,4.043447598814964E-002,1.069882214069367E-001,5.100187063217163E-001,8.435427546501160E-001,
1.735833333333334E+009,4.788073897361755E-002,8.966808021068573E-002,5.318469405174255E-001,8.266321420669556E-001,4.788073897361755E-002,8.966808021068573E-002,5.318469405174255E-001,8.266321420669556E-001,
1.744200000000000E+009,4.299151152372360E-002,7.480721175670624E-002,5.558834075927734E-001,8.136972188949585E-001,4.299151152372360E-002,7.480721175670624E-002,5.558834075927734E-001,8.136972188949585E-001,
1.752566666666667E+009,3.230905532836914E-002,6.458193808794022E-002,5.742474198341370E-001,8.094540238380432E-001,3.230905532836914E-002,6.458193808794022E-002,5.742474198341370E-001,8.094540238380432E-001,
1.760933333333334E+009,1.975527405738831E-002,6.252995878458023E-002,5.894824266433716E-001,7.909733653068543E-001,1.975527405738831E-002,6.252995878458023E-002,5.894824266433716E-001,7.909733653068543E-001,
1.769300000000000E+009,6.366029381752014E-003,6.693378835916519E-002,6.131910681724548E-001,7.695608139038086E-001,6.366029381752014E-003,6.693378835916519E-002,6.131910681724548E-001,7.695608139038086E-001,
1.777666666666667E+009,-1.688984804786742E-003,7.946245372295380E-002,6.379958391189575E-001,7.518720030784607E-001,-1.688984804786742E-003,7.946245372295380E-002,6.379958391189575E-001,7.518720030784607E-001,
1.786033333333334E+009,-3.126595634967089E-003,9.362596273422241E-002,6.506780385971069E-001,7.426139116287231E-001,-3.126595634967089E-003,9.362596273422241E-002,6.506780385971069E-001,7.426139116287231E-001,
1.794400000000000E+009,2.300115767866373E-003,1.046823933720589E-001,6.702960133552551E-001,7.216290831565857E-001,2.300115767866373E-003,1.046823933720589E-001,6.702960133552551E-001,7.216290831565857E-001,
1.802766666666667E+009,1.492539513856173E-002,1.146728172898293E-001,6.901634931564331E-001,7.068926692008972E-001,1.492539513856173E-002,1.146728172898293E-001,6.901634931564331E-001,7.068926692008972E-001,
1.811133333333334E+009,2.912052907049656E-002,1.161216124892235E-001,7.082502245903015E-001,6.807205677032471E-001,2.912052907049656E-002,1.161216124892235E-001,7.082502245903015E-001,6.807205677032471E-001,
1.819500000000000E+009,4.064254090189934E-002,1.131818145513535E-001,7.196186780929565E-001,6.719080805778503E-001,4.064254090189934E-002,1.131818145513535E-001,7.196186780929565E-001,6.719080805778503E-001,
1.827866666666667E+009,5.105962231755257E-002,1.052552163600922E-001,7.350575923919678E-001,6.473225355148315E-001,5.105962231755257E-002,1.052552163600922E-001,7.350575923919678E-001,6.473225355148315E-001,
1.836233333333334E+009,5.394906178116798E-002,9.494937211275101E-002,7.581231594085693E-001,6.345678567886353E-001,5.394906178116798E-002,9.494937211275101E-002,7.581231594085693E-001,6.345678567886353E-001,
1.844600000000000E+009,4.996487125754356E-002,8.838211745023727E-002,7.730263471603394E-001,6.215035915374756E-001,4.996487125754356E-002,8.838211745023727E-002,7.730263471603394E-001,6.215035915374756E-001,
1.852966666666667E+009,4.337856546044350E-002,8.421671390533447E-002,7.896758317947388E-001,5.896549224853516E-001,4.337856546044350E-002,8.421671390533447E-002,7.896758317947388E-001,5.896549224853516E-001,
1.861333333333334E+009,3.870527073740959E-002,8.219867199659348E-002,8.088238239288330E-001,5.779768824577332E-001,3.870527073740959E-002,8.219867199659348E-002,8.088238239288330E-001,5.779768824577332E-001,
1.869700000000000E+009,3.383703157305718E-002,8.774542808532715E-002,8.139945864677429E-001,5.489251017570496E-001,3.383703157305718E-002,8.774542808532715E-002,8.139945864677429E-001,5.489251017570496E-001,
1.878066666666667E+009,3.232901543378830E-002,9.518097341060638E-002,8.342401981353760E-001,5.315759181976318E-001,3.232901543378830E-002,9.518097341060638E-002,8.342401981353760E-001,5.315759181976318E-001,
1.886433333333334E+009,3.862010687589645E-002,1.057701185345650E-001,8.397801518440247E-001,5.006198883056641E-001,3.862010687589645E-002,1.057701185345650E-001,8.397801518440247E-001,5.006198883056641E-001,
1.894800000000000E+009,4.632002860307694E-002,1.123925223946571E-001,8.540713787078857E-001,4.900326132774353E-001,4.632002860307694E-002,1.123925223946571E-001,8.540713787078857E-001,4.900326132774353E-001,
1.903166666666667E+009,5.808409675955772E-002,1.137369722127914E-001,8.669475913047791E-001,4.662164747714996E-001,5.808409675955772E-002,1.137369722127914E-001,8.669475913047791E-001,4.662164747714996E-001,
1.911533333333334E+009,7.131297886371613E-002,1.121961474418640E-001,8.744453787803650E-001,4.320345222949982E-001,7.131297886371613E-002,1.121961474418640E-001,8.744453787803650E-001,4.320345222949982E-001,
1.919900000000000E+009,8.287806063890457E-002,1.040226742625237E-001,8.984963297843933E-001,4.153994917869568E-001,8.287806063890457E-002,1.040226742625237E-001,8.984963297843933E-001,4.153994917869568E-001,
1.928266666666667E+009,8.768100291490555E-002,9.373694658279419E-002,9.021407365798950E-001,4.019493162631989E-001,8.768100291490555E-002,9.373694658279419E-002,9.021407365798950E-001,4.019493162631989E-001,
1.936633333333334E+009,8.904151618480682E-002,8.136243373155594E-002,9.060299992561340E-001,3.757065534591675E-001,8.904151618480682E-002,8.136243373155594E-002,9.060299992561340E-001,3.757065534591675E-001,
1.945000000000000E+009,8.294060826301575E-002,7.065735012292862E-002,9.177373647689819E-001,3.490179479122162E-001,8.294060826301575E-002,7.065735012292862E-002,9.177373647689819E-001,3.490179479122162E-001,
1.953366666666667E+009,7.384081929922104E-002,6.792695075273514E-002,9.320287704467773E-001,3.343498110771179E-001,7.384081929922104E-002,6.792695075273514E-002,9.320287704467773E-001,3.343498110771179E-001,
1.961733333333334E+009,6.305064260959625E-002,6.892832368612289E-002,9.351857304573059E-001,3.114449679851532E-001,6.305064260959625E-002,6.892832368612289E-002,9.351857304573059E-001,3.114449679851532E-001,
1.970100000000000E+009,5.654911696910858E-002,7.703176885843277E-002,9.497324824333191E-001,2.838800251483917E-001,5.654911696910858E-002,7.703176885843277E-002,9.497324824333191E-001,2.838800251483917E-001,
1.978466666666667E+009,5.647778511047363E-002,8.816184848546982E-002,9.482616186141968E-001,2.522367537021637E-001,5.647778511047363E-002,8.816184848546982E-002,9.482616186141968E-001,2.522367537021637E-001,
1.986833333333334E+009,6.284534931182861E-002,1.001676097512245E-001,9.622417688369751E-001,2.420376986265183E-001,6.284534931182861E-002,1.001676097512245E-001,9.622417688369751E-001,2.420376986265183E-001,
1.995200000000000E+009,7.593113929033279E-002,1.074170544743538E-001,9.512833356857300E-001,2.114655971527100E-001,7.593113929033279E-002,1.074170544743538E-001,9.512833356857300E-001,2.114655971527100E-001,
2.003566666666667E+009,9.336633980274200E-002,1.092426553368568E-001,9.650660157203674E-001,1.814487576484680E-001,9.336633980274200E-002,1.092426553368568E-001,9.650660157203674E-001,1.814487576484680E-001,
2.011933333333334E+009,1.093712225556374E-001,1.021211147308350E-001,9.704982042312622E-001,1.564581990242004E-001,1.093712225556374E-001,1.021211147308350E-001,9.704982042312622E-001,1.564581990242004E-001,
2.020300000000000E+009,1.200790926814079E-001,8.842428028583527E-002,9.670400023460388E-001,1.423248350620270E-001,1.200790926814079E-001,8.842428028583527E-002,9.670400023460388E-001,1.423248350620270E-001,
2.028666666666667E+009,1.256313920021057E-001,6.870614737272263E-002,9.810411930084229E-001,1.072448641061783E-001,1.256313920021057E-001,6.870614737272263E-002,9.810411930084229E-001,1.072448641061783E-001,
2.037033333333334E+009,1.197627559304237E-001,5.456584692001343E-002,9.819012284278870E-001,9.373782575130463E-002,1.197627559304237E-001,5.456584692001343E-002,9.819012284278870E-001,9.373782575130463E-002,
2.045400000000000E+009,1.090906038880348E-001,4.617350175976753E-002,9.861191511154175E-001,6.599616259336472E-002,1.090906038880348E-001,4.617350175976753E-002,9.861191511154175E-001,6.599616259336472E-002,
2.053766666666667E+009,9.565836191177368E-002,4.040865600109100E-002,9.849150180816650E-001,3.826628252863884E-002,9.565836191177368E-002,4.040865600109100E-002,9.849150180816650E-001,3.826628252863884E-002,
2.062133333333334E+009,8.381139487028122E-002,4.699920117855072E-002,9.899393320083618E-001,9.210114367306233E-003,8.381139487028122E-002,4.699920117855072E-002,9.899393320083618E-001,9.210114367306233E-003,
2.070500000000000E+009,7.682444155216217E-002,6.160977110266686E-002,9.855079650878906E-001,-1.710966043174267E-002,7.682444155216217E-002,6.160977110266686E-002,9.855079650878906E-001,-1.710966043174267E-002,
2.078866666666667E+009,8.292200416326523E-002,7.537753880023956E-002,9.815823435783386E-001,-4.500664025545120E-002,8.292200416326523E-002,7.537753880023956E-002,9.815823435783386E-001,-4.500664025545120E-002,
2.087233333333334E+009,9.843890368938446E-002,8.610821515321732E-002,9.875991940498352E-001,-7.213024795055389E-002,9.843890368938446E-002,8.610821515321732E-002,9.875991940498352E-001,-7.213024795055389E-002,
2.095600000000000E+009,1.164885088801384E-001,8.682671189308167E-002,9.808635115623474E-001,-9.329935163259506E-002,1.164885088801384E-001,8.682671189308167E-002,9.808635115623474E-001,-9.329935163259506E-002,
2.103966666666667E+009,1.363715529441834E-001,7.718282938003540E-002,9.664951562881470E-001,-1.187674254179001E-001,1.363715529441834E-001,7.718282938003540E-002,9.664951562881470E-001,-1.187674254179001E-001,
2.112333333333334E+009,1.492454260587692E-001,5.686952546238899E-002,9.681982398033142E-001,-1.373329907655716E-001,1.492454260587692E-001,5.686952546238899E-002,9.681982398033142E-001,-1.373329907655716E-001,
2.120700000000000E+009,1.519169211387634E-001,3.322841227054596E-002,9.652137160301209E-001,-1.687111705541611E-001,1.519169211387634E-001,3.322841227054596E-002,9.652137160301209E-001,-1.687111705541611E-001,
2.129066666666667E+009,1.448139697313309E-001,1.308172009885311E-002,9.468300938606262E-001,-1.899050623178482E-001,1.448139697313309E-001,1.308172009885311E-002,9.468300938606262E-001,-1.899050623178482E-001,
2.137433333333334E+009,1.252289265394211E-001,7.090318249538541E-004,9.620998501777649E-001,-2.203071862459183E-001,1.252289265394211E-001,7.090318249538541E-004,9.620998501777649E-001,-2.203071862459183E-001,
2.145800000000000E+009,1.041580960154533E-001,-2.133521484211087E-003,9.546181559562683E-001,-2.362849414348602E-001,1.041580960154533E-001,-2.133521484211087E-003,9.546181559562683E-001,-2.362849414348602E-001,
2.154166666666667E+009,8.328234404325485E-002,9.722098708152771E-003,9.517512321472168E-001,-2.636907994747162E-001,8.328234404325485E-002,9.722098708152771E-003,9.517512321472168E-001,-2.636907994747162E-001,
2.162533333333334E+009,7.487160712480545E-002,2.825351245701313E-002,9.415423274040222E-001,-2.910744845867157E-001,7.487160712480545E-002,2.825351245701313E-002,9.415423274040222E-001,-2.910744845867157E-001,
2.170900000000000E+009,8.146578818559647E-002,5.010922998189926E-002,9.321389198303223E-001,-3.238716125488281E-001,8.146578818559647E-002,5.010922998189926E-002,9.321389198303223E-001,-3.238716125488281E-001,
2.179266666666667E+009,9.752965718507767E-002,6.528639793395996E-002,9.248036742210388E-001,-3.411079347133637E-001,9.752965718507767E-002,6.528639793395996E-002,9.248036742210388E-001,-3.411079347133637E-001,
2.187633333333334E+009,1.223534643650055E-001,6.827299296855927E-002,9.128501415252686E-001,-3.607811331748962E-001,1.223534643650055E-001,6.827299296855927E-002,9.128501415252686E-001,-3.607811331748962E-001,
2.196000000000000E+009,1.446629464626312E-001,5.568994209170342E-002,9.025152921676636E-001,-3.797165751457214E-001,1.446629464626312E-001,5.568994209170342E-002,9.025152921676636E-001,-3.797165751457214E-001,
2.204366666666667E+009,1.611246764659882E-001,3.462977334856987E-002,9.061943292617798E-001,-3.996997773647308E-001,1.611246764659882E-001,3.462977334856987E-002,9.061943292617798E-001,-3.996997773647308E-001,
2.212733333333334E+009,1.640969365835190E-001,6.732064299285412E-003,8.854070305824280E-001,-4.161097407341003E-001,1.640969365835190E-001,6.732064299285412E-003,8.854070305824280E-001,-4.161097407341003E-001,
2.221100000000000E+009,1.510421484708786E-001,-1.654143445193768E-002,8.753929138183594E-001,-4.454067945480347E-001,1.510421484708786E-001,-1.654143445193768E-002,8.753929138183594E-001,-4.454067945480347E-001,
2.229466666666667E+009,1.304884552955627E-001,-3.250240907073021E-002,8.714520931243897E-001,-4.655245542526245E-001,1.304884552955627E-001,-3.250240907073021E-002,8.714520931243897E-001,-4.655245542526245E-001,
2.237833333333334E+009,1.032786294817925E-001,-3.374272212386131E-002,8.514665961265564E-001,-4.959517121315002E-001,1.032786294817925E-001,-3.374272212386131E-002,8.514665961265564E-001,-4.959517121315002E-001,
2.246200000000000E+009,8.177070319652557E-002,-2.216419577598572E-002,8.456305265426636E-001,-5.120928287506104E-001,8.177070319652557E-002,-2.216419577598572E-002,8.456305265426636E-001,-5.120928287506104E-001,
2.254566666666667E+009,7.276527583599091E-002,1.165131106972694E-003,8.285371661186218E-001,-5.342926383018494E-001,7.276527583599091E-002,1.165131106972694E-003,8.285371661186218E-001,-5.342926383018494E-001,
2.262933333333334E+009,7.842522859573364E-002,2.496499009430409E-002,8.183383941650391E-001,-5.611364245414734E-001,7.842522859573364E-002,2.496499009430409E-002,8.183383941650391E-001,-5.611364245414734E-001,
2.271300000000000E+009,9.682412445545197E-002,4.060744494199753E-002,7.928683161735535E-001,-5.798064470291138E-001,9.682412445545197E-002,4.060744494199753E-002,7.928683161735535E-001,-5.798064470291138E-001,
2.279666666666667E+009,1.231415122747421E-001,4.243809729814529E-002,7.768377661705017E-001,-5.971683859825134E-001,1.231415122747421E-001,4.243809729814529E-002,7.768377661705017E-001,-5.971683859825134E-001,
2.288033333333334E+009,1.456490606069565E-001,2.889347262680531E-002,7.607195973396301E-001,-6.137446761131287E-001,1.456490606069565E-001,2.889347262680531E-002,7.607195973396301E-001,-6.137446761131287E-001,
2.296400000000000E+009,1.588546484708786E-001,4.127108491957188E-003,7.468454241752625E-001,-6.309551596641541E-001,1.588546484708786E-001,4.127108491957188E-003,7.468454241752625E-001,-6.309551596641541E-001,
2.304766666666667E+009,1.587570607662201E-001,-2.178042195737362E-002,7.321404218673706E-001,-6.510394215583801E-001,1.587570607662201E-001,-2.178042195737362E-002,7.321404218673706E-001,-6.510394215583801E-001,
2.313133333333334E+009,1.407094299793243E-001,-4.408105462789536E-002,7.159979939460754E-001,-6.607780456542969E-001,1.407094299793243E-001,-4.408105462789536E-002,7.159979939460754E-001,-6.607780456542969E-001,
2.321500000000000E+009,1.185862571001053E-001,-5.296123772859573E-002,7.056655287742615E-001,-6.883565187454224E-001,1.185862571001053E-001,-5.296123772859573E-002,7.056655287742615E-001,-6.883565187454224E-001,
2.329866666666667E+009,9.095951914787293E-002,-4.787949100136757E-002,6.866891384124756E-001,-7.048733830451965E-001,9.095951914787293E-002,-4.787949100136757E-002,6.866891384124756E-001,-7.048733830451965E-001,
2.338233333333334E+009,7.542356848716736E-002,-2.847974933683872E-002,6.627064943313599E-001,-7.235937714576721E-001,7.542356848716736E-002,-2.847974933683872E-002,6.627064943313599E-001,-7.235937714576721E-001,
2.346600000000000E+009,7.501207292079926E-002,-3.041732357814908E-003,6.494050025939941E-001,-7.470360994338989E-001,7.501207292079926E-002,-3.041732357814908E-003,6.494050025939941E-001,-7.470360994338989E-001,
2.354966666666667E+009,8.890467137098312E-002,1.785640418529511E-002,6.253697276115418E-001,-7.578445672988892E-001,8.890467137098312E-002,1.785640418529511E-002,6.253697276115418E-001,-7.578445672988892E-001,
2.363333333333334E+009,1.142582371830940E-001,2.611363865435123E-002,5.998994708061218E-001,-7.759279608726502E-001,1.142582371830940E-001,2.611363865435123E-002,5.998994708061218E-001,-7.759279608726502E-001,
2.371700000000000E+009,1.438470929861069E-001,1.627971418201923E-002,5.809549689292908E-001,-7.894472479820252E-001,1.438470929861069E-001,1.627971418201923E-002,5.809549689292908E-001,-7.894472479820252E-001,
2.380066666666667E+009,1.649701744318008E-001,-9.773154743015766E-003,5.654639005661011E-001,-7.869672775268555E-001,1.649701744318008E-001,-9.773154743015766E-003,5.654639005661011E-001,-7.869672775268555E-001,
2.388433333333334E+009,1.710185855627060E-001,-4.387159273028374E-002,5.442628860473633E-001,-8.146591782569885E-001,1.710185855627060E-001,-4.387159273028374E-002,5.442628860473633E-001,-8.146591782569885E-001,
2.396800000000000E+009,1.547075361013413E-001,-8.058801293373108E-002,5.243653059005737E-001,-8.209741711616516E-001,1.547075361013413E-001,-8.058801293373108E-002,5.243653059005737E-001,-8.209741711616516E-001,
2.405166666666667E+009,1.271212399005890E-001,-1.039109826087952E-001,5.120211243629456E-001,-8.390359282493591E-001,1.271212399005890E-001,-1.039109826087952E-001,5.120211243629456E-001,-8.390359282493591E-001,
2.413533333333334E+009,8.967322111129761E-002,-1.102232262492180E-001,4.874303340911865E-001,-8.462975025177002E-001,8.967322111129761E-002,-1.102232262492180E-001,4.874303340911865E-001,-8.462975025177002E-001,
2.421900000000000E+009,5.173231288790703E-002,-9.337369352579117E-002,4.757978022098541E-001,-8.744755387306213E-001,5.173231288790703E-002,-9.337369352579117E-002,4.757978022098541E-001,-8.744755387306213E-001,
2.430266666666667E+009,2.872882597148418E-002,-6.334131956100464E-002,4.429507553577423E-001,-8.860670924186707E-001,2.872882597148418E-002,-6.334131956100464E-002,4.429507553577423E-001,-8.860670924186707E-001,
2.438633333333334E+009,2.413207665085793E-002,-2.348216436803341E-002,4.218017458915710E-001,-8.979620933532715E-001,2.413207665085793E-002,-2.348216436803341E-002,4.218017458915710E-001,-8.979620933532715E-001,
2.447000000000000E+009,4.095519334077835E-002,1.172763202339411E-002,3.949557542800903E-001,-9.084589481353760E-001,4.095519334077835E-002,1.172763202339411E-002,3.949557542800903E-001,-9.084589481353760E-001,
2.455366666666667E+009,7.445214688777924E-002,2.977680973708630E-002,3.625878989696503E-001,-9.198321700096130E-001,7.445214688777924E-002,2.977680973708630E-002,3.625878989696503E-001,-9.198321700096130E-001,
2.463733333333334E+009,1.105326935648918E-001,2.944602444767952E-002,3.413707911968231E-001,-9.237175583839417E-001,1.105326935648918E-001,2.944602444767952E-002,3.413707911968231E-001,-9.237175583839417E-001,
2.472100000000000E+009,1.422972083091736E-001,5.193287041038275E-003,3.136226832866669E-001,-9.312552213668823E-001,1.422972083091736E-001,5.193287041038275E-003,3.136226832866669E-001,-9.312552213668823E-001,
2.480466666666667E+009,1.563841849565506E-001,-2.970869094133377E-002,2.886854708194733E-001,-9.342442154884338E-001,1.563841849565506E-001,-2.970869094133377E-002,2.886854708194733E-001,-9.342442154884338E-001,
2.488833333333334E+009,1.501201987266541E-001,-6.685567647218704E-002,2.682929933071137E-001,-9.399899840354919E-001,1.501201987266541E-001,-6.685567647218704E-002,2.682929933071137E-001,-9.399899840354919E-001,
2.497200000000000E+009,1.270612031221390E-001,-9.179259836673737E-002,2.482502907514572E-001,-9.456291794776917E-001,1.270612031221390E-001,-9.179259836673737E-002,2.482502907514572E-001,-9.456291794776917E-001,
2.505566666666667E+009,9.416753798723221E-002,-1.007638573646545E-001,2.253012508153915E-001,-9.519409537315369E-001,9.416753798723221E-002,-1.007638573646545E-001,2.253012508153915E-001,-9.519409537315369E-001,
2.513933333333334E+009,6.154413521289825E-002,-8.971454203128815E-002,2.077396810054779E-001,-9.586861133575440E-001,6.154413521289825E-002,-8.971454203128815E-002,2.077396810054779E-001,-9.586861133575440E-001,
2.522300000000000E+009,4.195702821016312E-002,-6.372327357530594E-002,1.783412545919418E-001,-9.780017137527466E-001,4.195702821016312E-002,-6.372327357530594E-002,1.783412545919418E-001,-9.780017137527466E-001,
2.530666666666667E+009,4.097961261868477E-002,-3.136611357331276E-002,1.506072878837585E-001,-9.834107160568237E-001,4.097961261868477E-002,-3.136611357331276E-002,1.506072878837585E-001,-9.834107160568237E-001,
2.539033333333334E+009,6.010077148675919E-002,-3.620467847213149E-003,1.230799257755280E-001,-9.783899784088135E-001,6.010077148675919E-002,-3.620467847213149E-003,1.230799257755280E-001,-9.783899784088135E-001,
2.547400000000000E+009,9.034561365842819E-002,8.346944116055965E-003,9.853644669055939E-002,-9.793023467063904E-001,9.034561365842819E-002,8.346944116055965E-003,9.853644669055939E-002,-9.793023467063904E-001,
2.555766666666667E+009,1.212786063551903E-001,6.257803761400282E-004,6.801740080118179E-002,-9.798478484153748E-001,1.212786063551903E-001,6.257803761400282E-004,6.801740080118179E-002,-9.798478484153748E-001,
2.564133333333334E+009,1.446353346109390E-001,-2.470730617642403E-002,4.807390272617340E-002,-9.736427664756775E-001,1.446353346109390E-001,-2.470730617642403E-002,4.807390272617340E-002,-9.736427664756775E-001,
2.572500000000000E+009,1.520301550626755E-001,-6.157794594764710E-002,2.170645073056221E-002,-9.772518873214722E-001,1.520301550626755E-001,-6.157794594764710E-002,2.170645073056221E-002,-9.772518873214722E-001,
2.580866666666667E+009,1.393802165985107E-001,-9.436262398958206E-002,3.701046807691455E-003,-9.731723666191101E-001,1.393802165985107E-001,-9.436262398958206E-002,3.701046807691455E-003,-9.731723666191101E-001,
2.589233333333334E+009,1.119765937328339E-001,-1.176258698105812E-001,-1.841845549643040E-002,-9.681346416473389E-001,1.119765937328339E-001,-1.176258698105812E-001,-1.841845549643040E-002,-9.681346416473389E-001,
2.597600000000000E+009,7.577703893184662E-002,-1.222246959805489E-001,-3.882315382361412E-002,-9.718985557556152E-001,7.577703893184662E-002,-1.222246959805489E-001,-3.882315382361412E-002,-9.718985557556152E-001,
2.605966666666667E+009,4.429605230689049E-002,-1.088204830884934E-001,-6.580039113759995E-002,-9.826827049255371E-001,4.429605230689049E-002,-1.088204830884934E-001,-6.580039113759995E-002,-9.826827049255371E-001,
2.614333333333334E+009,2.432113513350487E-002,-7.882490754127502E-002,-9.131208062171936E-002,-9.861437678337097E-001,2.432113513350487E-002,-7.882490754127502E-002,-9.131208062171936E-002,-9.861437678337097E-001,
2.622700000000000E+009,2.454155869781971E-002,-4.364027827978134E-002,-1.237991154193878E-001,-9.836722612380981E-001,2.454155869781971E-002,-4.364027827978134E-002,-1.237991154193878E-001,-9.836722612380981E-001,
2.631066666666667E+009,4.524693638086319E-002,-1.348314061760902E-002,-1.476101577281952E-001,-9.785912632942200E-001,4.524693638086319E-002,-1.348314061760902E-002,-1.476101577281952E-001,-9.785912632942200E-001,
2.639433333333334E+009,7.611490786075592E-002,-5.776959587819874E-004,-1.792001575231552E-001,-9.687271714210510E-001,7.611490786075592E-002,-5.776959587819874E-004,-1.792001575231552E-001,-9.687271714210510E-001,
2.647800000000000E+009,1.102316528558731E-001,-7.656401488929987E-003,-2.008999437093735E-001,-9.587467908859253E-001,1.102316528558731E-001,-7.656401488929987E-003,-2.008999437093735E-001,-9.587467908859253E-001,
2.656166666666667E+009,1.316610872745514E-001,-3.213254362344742E-002,-2.296673506498337E-001,-9.563812017440796E-001,1.316610872745514E-001,-3.213254362344742E-002,-2.296673506498337E-001,-9.563812017440796E-001,
2.664533333333334E+009,1.390688568353653E-001,-6.719551235437393E-002,-2.462835758924484E-001,-9.403908848762512E-001,1.390688568353653E-001,-6.719551235437393E-002,-2.462835758924484E-001,-9.403908848762512E-001,
2.672900000000000E+009,1.260321736335754E-001,-9.860590100288391E-002,-2.642982006072998E-001,-9.366754293441773E-001,1.260321736335754E-001,-9.860590100288391E-002,-2.642982006072998E-001,-9.366754293441773E-001,
2.681266666666667E+009,9.966289252042770E-002,-1.196138039231300E-001,-2.874191999435425E-001,-9.336031675338745E-001,9.966289252042770E-002,-1.196138039231300E-001,-2.874191999435425E-001,-9.336031675338745E-001,
2.689633333333334E+009,6.663247197866440E-002,-1.242196336388588E-001,-3.131026327610016E-001,-9.284370541572571E-001,6.663247197866440E-002,-1.242196336388588E-001,-3.131026327610016E-001,-9.284370541572571E-001,
2.698000000000000E+009,3.591717779636383E-002,-1.104165688157082E-001,-3.406761884689331E-001,-9.168943166732788E-001,3.591717779636383E-002,-1.104165688157082E-001,-3.406761884689331E-001,-9.168943166732788E-001,
2.706366666666667E+009,1.984949037432671E-002,-8.182484656572342E-002,-3.529034256935120E-001,-9.167904853820801E-001,1.984949037432671E-002,-8.182484656572342E-002,-3.529034256935120E-001,-9.167904853820801E-001,
2.714733333333334E+009,2.258238010108471E-002,-4.691845178604126E-002,-3.893285691738129E-001,-9.147665500640869E-001,2.258238010108471E-002,-4.691845178604126E-002,-3.893285691738129E-001,-9.147665500640869E-001,
2.723100000000000E+009,4.534915089607239E-002,-2.077882550656796E-002,-4.126205742359161E-001,-8.996460437774658E-001,4.534915089607239E-002,-2.077882550656796E-002,-4.126205742359161E-001,-8.996460437774658E-001,
2.731466666666667E+009,7.821777462959290E-002,-8.030217140913010E-003,-4.345636367797852E-001,-8.846918344497681E-001,7.821777462959290E-002,-8.030217140913010E-003,-4.345636367797852E-001,-8.846918344497681E-001,
2.739833333333334E+009,1.132511645555496E-001,-1.636366173624992E-002,-4.615001380443573E-001,-8.750113248825073E-001,1.132511645555496E-001,-1.636366173624992E-002,-4.615001380443573E-001,-8.750113248825073E-001,
2.748200000000000E+009,1.371611654758453E-001,-4.086395353078842E-002,-4.834200739860535E-001,-8.547561168670654E-001,1.371611654758453E-001,-4.086395353078842E-002,-4.834200739860535E-001,-8.547561168670654E-001,
2.756566666666667E+009,1.448026150465012E-001,-7.720014452934265E-002,-5.009219646453857E-001,-8.363479375839233E-001,1.448026150465012E-001,-7.720014452934265E-002,-5.009219646453857E-001,-8.363479375839233E-001,
2.764933333333334E+009,1.322556883096695E-001,-1.109777837991715E-001,-5.139159560203552E-001,-8.218592405319214E-001,1.322556883096695E-001,-1.109777837991715E-001,-5.139159560203552E-001,-8.218592405319214E-001,
2.773300000000000E+009,1.056392714381218E-001,-1.333486288785934E-001,-5.317658185958862E-001,-8.163585066795349E-001,1.056392714381218E-001,-1.333486288785934E-001,-5.317658185958862E-001,-8.163585066795349E-001,
2.781666666666667E+009,6.961769610643387E-002,-1.399337649345398E-001,-5.538983345031738E-001,-8.007890582084656E-001,6.961769610643387E-002,-1.399337649345398E-001,-5.538983345031738E-001,-8.007890582084656E-001,
2.790033333333334E+009,3.826130554080010E-002,-1.285418272018433E-001,-5.716146230697632E-001,-7.958346009254456E-001,3.826130554080010E-002,-1.285418272018433E-001,-5.716146230697632E-001,-7.958346009254456E-001,
2.798400000000000E+009,1.911688596010208E-002,-1.023066416382790E-001,-6.053937673568726E-001,-7.793368101119995E-001,1.911688596010208E-002,-1.023066416382790E-001,-6.053937673568726E-001,-7.793368101119995E-001,
2.806766666666667E+009,2.063439786434174E-002,-6.878590583801270E-002,-6.207352280616760E-001,-7.675185799598694E-001,2.063439786434174E-002,-6.878590583801270E-002,-6.207352280616760E-001,-7.675185799598694E-001,
2.815133333333334E+009,4.055524244904518E-002,-4.301271960139275E-002,-6.404516696929932E-001,-7.521164417266846E-001,4.055524244904518E-002,-4.301271960139275E-002,-6.404516696929932E-001,-7.521164417266846E-001,
2.823500000000000E+009,7.439689338207245E-002,-3.185472264885902E-002,-6.655179262161255E-001,-7.316601276397705E-001,7.439689338207245E-002,-3.185472264885902E-002,-6.655179262161255E-001,-7.316601276397705E-001,
2.831866666666667E+009,1.078777313232422E-001,-3.973145037889481E-002,-6.828526854515076E-001,-7.120748162269592E-001,1.078777313232422E-001,-3.973145037889481E-002,-6.828526854515076E-001,-7.120748162269592E-001,
2.840233333333334E+009,1.322227418422699E-001,-6.468898057937622E-002,-7.028447985649109E-001,-6.822435855865479E-001,1.322227418422699E-001,-6.468898057937622E-002,-7.028447985649109E-001,-6.822435855865479E-001,
2.848600000000000E+009,1.388997733592987E-001,-9.896098822355270E-002,-7.120716571807861E-001,-6.645263433456421E-001,1.388997733592987E-001,-9.896098822355270E-002,-7.120716571807861E-001,-6.645263433456421E-001,
2.856966666666667E+009,1.253009587526321E-001,-1.331629604101181E-001,-7.248131036758423E-001,-6.469808816909790E-001,1.253009587526321E-001,-1.331629604101181E-001,-7.248131036758423E-001,-6.469808816909790E-001,
2.865333333333334E+009,9.768840670585632E-002,-1.564397513866425E-001,-7.431014776229858E-001,-6.343000531196594E-001,9.768840670585632E-002,-1.564397513866425E-001,-7.431014776229858E-001,-6.343000531196594E-001,
2.873700000000000E+009,5.878925696015358E-002,-1.641985774040222E-001,-7.548177242279053E-001,-6.226692199707031E-001,5.878925696015358E-002,-1.641985774040222E-001,-7.548177242279053E-001,-6.226692199707031E-001,
2.882066666666667E+009,2.461240813136101E-002,-1.488655954599381E-001,-7.691316604614258E-001,-5.968985557556152E-001,2.461240813136101E-002,-1.488655954599381E-001,-7.691316604614258E-001,-5.968985557556152E-001,
2.890433333333334E+009,3.520176047459245E-003,-1.213060095906258E-001,-7.858457565307617E-001,-5.905389189720154E-001,3.520176047459245E-003,-1.213060095906258E-001,-7.858457565307617E-001,-5.905389189720154E-001,
2.898800000000000E+009,2.688935725018382E-003,-8.726646751165390E-002,-8.113235831260681E-001,-5.702309608459473E-001,2.688935725018382E-003,-8.726646751165390E-002,-8.113235831260681E-001,-5.702309608459473E-001,
2.907166666666667E+009,2.364923804998398E-002,-5.802382156252861E-002,-8.227321505546570E-001,-5.499241948127747E-001,2.364923804998398E-002,-5.802382156252861E-002,-8.227321505546570E-001,-5.499241948127747E-001,
2.915533333333334E+009,5.798187479376793E-002,-4.502257332205772E-002,-8.360109925270081E-001,-5.289407372474670E-001,5.798187479376793E-002,-4.502257332205772E-002,-8.360109925270081E-001,-5.289407372474670E-001,
2.923900000000000E+009,9.686136245727539E-002,-5.317008867859840E-002,-8.519414663314819E-001,-4.918404817581177E-001,9.686136245727539E-002,-5.317008867859840E-002,-8.519414663314819E-001,-4.918404817581177E-001,
2.932266666666667E+009,1.238771378993988E-001,-8.101706206798554E-002,-8.617895245552063E-001,-4.659028947353363E-001,1.238771378993988E-001,-8.101706206798554E-002,-8.617895245552063E-001,-4.659028947353363E-001,
2.940633333333334E+009,1.321702897548676E-001,-1.176020205020905E-001,-8.745251893997192E-001,-4.408261179924011E-001,1.321702897548676E-001,-1.176020205020905E-001,-8.745251893997192E-001,-4.408261179924011E-001,
2.949000000000000E+009,1.201985254883766E-001,-1.549207121133804E-001,-8.775340318679810E-001,-4.224334359169006E-001,1.201985254883766E-001,-1.549207121133804E-001,-8.775340318679810E-001,-4.224334359169006E-001,
2.957366666666667E+009,8.807284384965897E-002,-1.799703836441040E-001,-8.855419754981995E-001,-4.035565853118897E-001,8.807284384965897E-002,-1.799703836441040E-001,-8.855419754981995E-001,-4.035565853118897E-001,
2.965733333333334E+009,4.832816123962402E-002,-1.867333650588989E-001,-8.940501213073731E-001,-3.868959546089172E-001,4.832816123962402E-002,-1.867333650588989E-001,-8.940501213073731E-001,-3.868959546089172E-001,
2.974100000000000E+009,1.145711913704872E-002,-1.707927435636520E-001,-9.028769135475159E-001,-3.664717078208923E-001,1.145711913704872E-002,-1.707927435636520E-001,-9.028769135475159E-001,-3.664717078208923E-001,
2.982466666666667E+009,-1.311058644205332E-002,-1.427202373743057E-001,-9.260893464088440E-001,-3.470591008663178E-001,-1.311058644205332E-002,-1.427202373743057E-001,-9.260893464088440E-001,-3.470591008663178E-001,
2.990833333333334E+009,-1.580120064318180E-002,-1.041907146573067E-001,-9.265138506889343E-001,-3.257343173027039E-001,-1.580120064318180E-002,-1.041907146573067E-001,-9.265138506889343E-001,-3.257343173027039E-001,
2.999200000000000E+009,5.867827683687210E-003,-7.352634519338608E-002,-9.414981007575989E-001,-2.943505346775055E-001,5.867827683687210E-003,-7.352634519338608E-002,-9.414981007575989E-001,-2.943505346775055E-001,
3.007566666666667E+009,4.188912734389305E-002,-5.883717909455299E-002,-9.529224634170532E-001,-2.679415941238403E-001,4.188912734389305E-002,-5.883717909455299E-002,-9.529224634170532E-001,-2.679415941238403E-001,
3.015933333333334E+009,8.051975071430206E-002,-6.799570471048355E-002,-9.571295976638794E-001,-2.460751235485077E-001,8.051975071430206E-002,-6.799570471048355E-002,-9.571295976638794E-001,-2.460751235485077E-001,
3.024300000000000E+009,1.103443056344986E-001,-1.014612466096878E-001,-9.598307013511658E-001,-2.131839543581009E-001,1.103443056344986E-001,-1.014612466096878E-001,-9.598307013511658E-001,-2.131839543581009E-001,
3.032666666666667E+009,1.190446689724922E-001,-1.412268728017807E-001,-9.551267623901367E-001,-1.899801939725876E-001,1.190446689724922E-001,-1.412268728017807E-001,-9.551267623901367E-001,-1.899801939725876E-001,
3.041033333333334E+009,1.059973388910294E-001,-1.827496290206909E-001,-9.577064514160156E-001,-1.633300632238388E-001,1.059973388910294E-001,-1.827496290206909E-001,-9.577064514160156E-001,-1.633300632238388E-001,
3.049400000000000E+009,7.089252024888992E-002,-2.093167752027512E-001,-9.604001641273499E-001,-1.373888850212097E-001,7.089252024888992E-002,-2.093167752027512E-001,-9.604001641273499E-001,-1.373888850212097E-001,
3.057766666666667E+009,2.637802809476852E-002,-2.155228555202484E-001,-9.634870290756226E-001,-1.242745965719223E-001,2.637802809476852E-002,-2.155228555202484E-001,-9.634870290756226E-001,-1.242745965719223E-001,
3.066133333333334E+009,-1.732077263295651E-002,-1.977026313543320E-001,-9.655627608299255E-001,-1.020863577723503E-001,-1.732077263295651E-002,-1.977026313543320E-001,-9.655627608299255E-001,-1.020863577723503E-001,
3.074500000000000E+009,-4.384080320596695E-002,-1.605931520462036E-001,-9.723655581474304E-001,-8.033007383346558E-002,-4.384080320596695E-002,-1.605931520462036E-001,-9.723655581474304E-001,-8.033007383346558E-002,
3.082866666666667E+009,-4.542254656553268E-002,-1.160536631941795E-001,-9.750850200653076E-001,-5.550576746463776E-002,-4.542254656553268E-002,-1.160536631941795E-001,-9.750850200653076E-001,-5.550576746463776E-002,
3.091233333333334E+009,-2.179587073624134E-002,-7.842805236577988E-002,-9.854911565780640E-001,-2.568753063678742E-002,-2.179587073624134E-002,-7.842805236577988E-002,-9.854911565780640E-001,-2.568753063678742E-002,
3.099600000000000E+009,2.096072584390640E-002,-6.317700445652008E-002,-9.919659495353699E-001,7.216962403617799E-004,2.096072584390640E-002,-6.317700445652008E-002,-9.919659495353699E-001,7.216962403617799E-004,
3.107966666666667E+009,6.723031401634216E-002,-7.509867846965790E-002,-9.890389442443848E-001,3.623842820525169E-002,6.723031401634216E-002,-7.509867846965790E-002,-9.890389442443848E-001,3.623842820525169E-002,
3.116333333333334E+009,1.021996513009071E-001,-1.127270460128784E-001,-9.840052127838135E-001,6.777288764715195E-002,1.021996513009071E-001,-1.127270460128784E-001,-9.840052127838135E-001,6.777288764715195E-002,
3.124700000000000E+009,1.108601391315460E-001,-1.641374379396439E-001,-9.668371677398682E-001,9.283870458602905E-002,1.108601391315460E-001,-1.641374379396439E-001,-9.668371677398682E-001,9.283870458602905E-002,
3.133066666666667E+009,9.386596828699112E-002,-2.137077450752258E-001,-9.648118019104004E-001,1.142968609929085E-001,9.386596828699112E-002,-2.137077450752258E-001,-9.648118019104004E-001,1.142968609929085E-001,
3.141433333333334E+009,5.071199312806130E-002,-2.472732663154602E-001,-9.632553458213806E-001,1.350729018449783E-001,5.071199312806130E-002,-2.472732663154602E-001,-9.632553458213806E-001,1.350729018449783E-001,
3.149800000000000E+009,-4.382908518891782E-004,-2.545389533042908E-001,-9.512506127357483E-001,1.525063812732697E-001,-4.382908518891782E-004,-2.545389533042908E-001,-9.512506127357483E-001,1.525063812732697E-001,
3.158166666666667E+009,-5.062564834952354E-002,-2.361790984869003E-001,-9.492055177688599E-001,1.736132055521011E-001,-5.062564834952354E-002,-2.361790984869003E-001,-9.492055177688599E-001,1.736132055521011E-001,
3.166533333333334E+009,-8.301824331283569E-002,-1.948600411415100E-001,-9.449855685234070E-001,1.912135183811188E-001,-8.301824331283569E-002,-1.948600411415100E-001,-9.449855685234070E-001,1.912135183811188E-001,
3.174900000000000E+009,-9.023867547512054E-002,-1.438136994838715E-001,-9.532709717750549E-001,2.149455547332764E-001,-9.023867547512054E-002,-1.438136994838715E-001,-9.532709717750549E-001,2.149455547332764E-001,
3.183266666666667E+009,-6.880366057157517E-002,-9.897489100694656E-002,-9.536212682723999E-001,2.381891161203384E-001,-6.880366057157517E-002,-9.897489100694656E-002,-9.536212682723999E-001,2.381891161203384E-001,
3.191633333333334E+009,-2.503606677055359E-002,-7.686460018157959E-002,-9.522113204002380E-001,2.712268531322479E-001,-2.503606677055359E-002,-7.686460018157959E-002,-9.522113204002380E-001,2.712268531322479E-001,
3.200000000000000E+009,2.413907460868359E-002,-8.453218638896942E-002,-9.374378919601440E-001,2.980061173439026E-001,2.413907460868359E-002,-8.453218638896942E-002,-9.374378919601440E-001,2.980061173439026E-001,
