% Version 1.00
%
%freq[Hz],re:Trc1_S11,im:Trc1_S11,re:Trc2_S21,im:Trc2_S21,re:Trc3_S11,im:Trc3_S11,re:Trc4_S21,im:Trc4_S21,
6.900000000000000E+008,-5.688557028770447E-002,1.711589656770229E-002,-4.986619651317596E-001,-8.491262197494507E-001,-5.688557028770447E-002,1.711589656770229E-002,-4.986619651317596E-001,-8.491262197494507E-001,
6.983666666666666E+008,-4.798165336251259E-002,1.773198880255222E-002,-5.227085351943970E-001,-8.398554325103760E-001,-4.798165336251259E-002,1.773198880255222E-002,-5.227085351943970E-001,-8.398554325103760E-001,
7.067333333333334E+008,-4.220460727810860E-002,1.244266424328089E-002,-5.671885609626770E-001,-7.779406309127808E-001,-4.220460727810860E-002,1.244266424328089E-002,-5.671885609626770E-001,-7.779406309127808E-001,
7.151000000000000E+008,-4.269020259380341E-002,5.265660118311644E-003,-5.868038535118103E-001,-7.921772003173828E-001,-4.269020259380341E-002,5.265660118311644E-003,-5.868038535118103E-001,-7.921772003173828E-001,
7.234666666666666E+008,-4.682896286249161E-002,2.890046162065119E-004,-5.977342128753662E-001,-7.798710465431213E-001,-4.682896286249161E-002,2.890046162065119E-004,-5.977342128753662E-001,-7.798710465431213E-001,
7.318333333333334E+008,-5.496511235833168E-002,-1.559082302264869E-003,-6.145851016044617E-001,-7.761961817741394E-001,-5.496511235833168E-002,-1.559082302264869E-003,-6.145851016044617E-001,-7.761961817741394E-001,
7.402000000000000E+008,-6.214298307895660E-002,-7.981270318850875E-004,-6.583476066589356E-001,-7.600655555725098E-001,-6.214298307895660E-002,-7.981270318850875E-004,-6.583476066589356E-001,-7.600655555725098E-001,
7.485666666666666E+008,-7.022754848003388E-002,5.858116317540407E-003,-6.569615602493286E-001,-7.559681534767151E-001,-7.022754848003388E-002,5.858116317540407E-003,-6.569615602493286E-001,-7.559681534767151E-001,
7.569333333333334E+008,-7.237753272056580E-002,1.420232746750116E-002,-6.637977957725525E-001,-7.352647185325623E-001,-7.237753272056580E-002,1.420232746750116E-002,-6.637977957725525E-001,-7.352647185325623E-001,
7.653000000000000E+008,-6.858692318201065E-002,2.252475358545780E-002,-6.817566752433777E-001,-7.145943641662598E-001,-6.858692318201065E-002,2.252475358545780E-002,-6.817566752433777E-001,-7.145943641662598E-001,
7.736666666666666E+008,-6.216866150498390E-002,2.870310656726360E-002,-7.152219414710999E-001,-6.902342438697815E-001,-6.216866150498390E-002,2.870310656726360E-002,-7.152219414710999E-001,-6.902342438697815E-001,
7.820333333333334E+008,-5.411158129572868E-002,3.188501298427582E-002,-7.266177535057068E-001,-6.776517033576965E-001,-5.411158129572868E-002,3.188501298427582E-002,-7.266177535057068E-001,-6.776517033576965E-001,
7.904000000000000E+008,-4.503003880381584E-002,3.130601346492767E-002,-7.305940389633179E-001,-6.565796732902527E-001,-4.503003880381584E-002,3.130601346492767E-002,-7.305940389633179E-001,-6.565796732902527E-001,
7.987666666666666E+008,-4.100777953863144E-002,2.624301053583622E-002,-7.665610313415527E-001,-6.348420977592468E-001,-4.100777953863144E-002,2.624301053583622E-002,-7.665610313415527E-001,-6.348420977592468E-001,
8.071333333333334E+008,-3.915561735630035E-002,2.185079641640186E-002,-7.708311080932617E-001,-6.243810057640076E-001,-3.915561735630035E-002,2.185079641640186E-002,-7.708311080932617E-001,-6.243810057640076E-001,
8.155000000000000E+008,-4.575655236840248E-002,1.579723693430424E-002,-7.943697571754456E-001,-6.009999513626099E-001,-4.575655236840248E-002,1.579723693430424E-002,-7.943697571754456E-001,-6.009999513626099E-001,
8.238666666666666E+008,-5.055502429604530E-002,1.314560044556856E-002,-7.947223782539368E-001,-5.722251534461975E-001,-5.055502429604530E-002,1.314560044556856E-002,-7.947223782539368E-001,-5.722251534461975E-001,
8.322333333333334E+008,-5.881484225392342E-002,1.442182995378971E-002,-8.167994618415833E-001,-5.516510009765625E-001,-5.881484225392342E-002,1.442182995378971E-002,-8.167994618415833E-001,-5.516510009765625E-001,
8.406000000000000E+008,-6.530834734439850E-002,1.969010755419731E-002,-8.267431855201721E-001,-5.398296713829041E-001,-6.530834734439850E-002,1.969010755419731E-002,-8.267431855201721E-001,-5.398296713829041E-001,
8.489666666666668E+008,-7.002707570791245E-002,2.717914059758186E-002,-8.372652530670166E-001,-5.245199799537659E-001,-7.002707570791245E-002,2.717914059758186E-002,-8.372652530670166E-001,-5.245199799537659E-001,
8.573333333333334E+008,-6.844406574964523E-002,3.539859130978584E-002,-8.543329834938049E-001,-4.845915138721466E-001,-6.844406574964523E-002,3.539859130978584E-002,-8.543329834938049E-001,-4.845915138721466E-001,
8.657000000000000E+008,-6.188720092177391E-002,4.404848068952560E-002,-8.710862398147583E-001,-4.646435976028442E-001,-6.188720092177391E-002,4.404848068952560E-002,-8.710862398147583E-001,-4.646435976028442E-001,
8.740666666666668E+008,-5.447558686137199E-002,4.741906002163887E-002,-8.695266842842102E-001,-4.528994858264923E-001,-5.447558686137199E-002,4.741906002163887E-002,-8.695266842842102E-001,-4.528994858264923E-001,
8.824333333333334E+008,-4.518116638064385E-002,4.737782478332520E-002,-8.877461552619934E-001,-4.377996027469635E-001,-4.518116638064385E-002,4.737782478332520E-002,-8.877461552619934E-001,-4.377996027469635E-001,
8.908000000000000E+008,-3.708486631512642E-002,4.381075501441956E-002,-8.881968259811401E-001,-4.058173000812531E-001,-3.708486631512642E-002,4.381075501441956E-002,-8.881968259811401E-001,-4.058173000812531E-001,
8.991666666666668E+008,-3.405309841036797E-002,3.761983290314674E-002,-9.032413363456726E-001,-3.786060512065888E-001,-3.405309841036797E-002,3.761983290314674E-002,-9.032413363456726E-001,-3.786060512065888E-001,
9.075333333333334E+008,-3.564139083027840E-002,3.236557915806770E-002,-9.337608814239502E-001,-3.589239716529846E-001,-3.564139083027840E-002,3.236557915806770E-002,-9.337608814239502E-001,-3.589239716529846E-001,
9.159000000000000E+008,-3.957305476069450E-002,3.132794052362442E-002,-9.382216334342957E-001,-3.302492499351502E-001,-3.957305476069450E-002,3.132794052362442E-002,-9.382216334342957E-001,-3.302492499351502E-001,
9.242666666666668E+008,-4.552030563354492E-002,2.971716783940792E-002,-9.437775611877441E-001,-3.146573305130005E-001,-4.552030563354492E-002,2.971716783940792E-002,-9.437775611877441E-001,-3.146573305130005E-001,
9.326333333333334E+008,-5.403347685933113E-002,3.183653950691223E-002,-9.648872613906860E-001,-2.913070023059845E-001,-5.403347685933113E-002,3.183653950691223E-002,-9.648872613906860E-001,-2.913070023059845E-001,
9.410000000000000E+008,-5.827935785055161E-002,3.760109469294548E-002,-9.571527242660523E-001,-2.578503191471100E-001,-5.827935785055161E-002,3.760109469294548E-002,-9.571527242660523E-001,-2.578503191471100E-001,
9.493666666666668E+008,-6.021396443247795E-002,4.543902724981308E-002,-9.548650383949280E-001,-2.405418902635574E-001,-6.021396443247795E-002,4.543902724981308E-002,-9.548650383949280E-001,-2.405418902635574E-001,
9.577333333333334E+008,-5.805910378694534E-002,5.476825311779976E-002,-9.698731899261475E-001,-2.177641689777374E-001,-5.805910378694534E-002,5.476825311779976E-002,-9.698731899261475E-001,-2.177641689777374E-001,
9.661000000000000E+008,-5.100035294890404E-002,6.345888227224350E-002,-9.670066833496094E-001,-1.930281817913055E-001,-5.100035294890404E-002,6.345888227224350E-002,-9.670066833496094E-001,-1.930281817913055E-001,
9.744666666666668E+008,-4.223320633172989E-002,6.452914327383041E-002,-9.742972850799561E-001,-1.706047505140305E-001,-4.223320633172989E-002,6.452914327383041E-002,-9.742972850799561E-001,-1.706047505140305E-001,
9.828333333333334E+008,-2.962628379464150E-002,6.263752281665802E-002,-9.783284664154053E-001,-1.492155194282532E-001,-2.962628379464150E-002,6.263752281665802E-002,-9.783284664154053E-001,-1.492155194282532E-001,
9.912000000000000E+008,-2.322003059089184E-002,5.715714767575264E-002,-9.781098961830139E-001,-1.215047761797905E-001,-2.322003059089184E-002,5.715714767575264E-002,-9.781098961830139E-001,-1.215047761797905E-001,
9.995666666666668E+008,-1.702641136944294E-002,5.008078739047051E-002,-9.948143362998962E-001,-8.332858234643936E-002,-1.702641136944294E-002,5.008078739047051E-002,-9.948143362998962E-001,-8.332858234643936E-002,
1.007933333333333E+009,-1.838334277272224E-002,4.228898882865906E-002,-9.911096692085266E-001,-6.912526488304138E-002,-1.838334277272224E-002,4.228898882865906E-002,-9.911096692085266E-001,-6.912526488304138E-002,
1.016300000000000E+009,-2.496236562728882E-002,3.837005794048309E-002,-9.927247166633606E-001,-4.173264652490616E-002,-2.496236562728882E-002,3.837005794048309E-002,-9.927247166633606E-001,-4.173264652490616E-002,
1.024666666666667E+009,-3.310406953096390E-002,3.402409702539444E-002,-9.939379692077637E-001,-8.031650446355343E-003,-3.310406953096390E-002,3.402409702539444E-002,-9.939379692077637E-001,-8.031650446355343E-003,
1.033033333333333E+009,-4.018135368824005E-002,3.887731954455376E-002,-9.922322630882263E-001,1.041910145431757E-002,-4.018135368824005E-002,3.887731954455376E-002,-9.922322630882263E-001,1.041910145431757E-002,
1.041400000000000E+009,-4.642584919929504E-002,4.655244201421738E-002,-9.774324297904968E-001,4.932925477623940E-002,-4.642584919929504E-002,4.655244201421738E-002,-9.774324297904968E-001,4.932925477623940E-002,
1.049766666666667E+009,-4.757314920425415E-002,5.661463364958763E-002,-9.889608025550842E-001,6.717494130134583E-002,-4.757314920425415E-002,5.661463364958763E-002,-9.889608025550842E-001,6.717494130134583E-002,
1.058133333333333E+009,-4.234884679317474E-002,6.474436074495316E-002,-9.840214252471924E-001,8.551885187625885E-002,-4.234884679317474E-002,6.474436074495316E-002,-9.840214252471924E-001,8.551885187625885E-002,
1.066500000000000E+009,-3.211388736963272E-002,7.112138718366623E-002,-9.913761615753174E-001,1.228040680289269E-001,-3.211388736963272E-002,7.112138718366623E-002,-9.913761615753174E-001,1.228040680289269E-001,
1.074866666666667E+009,-2.143279649317265E-002,6.937322765588760E-002,-9.743497371673584E-001,1.413841396570206E-001,-2.143279649317265E-002,6.937322765588760E-002,-9.743497371673584E-001,1.413841396570206E-001,
1.083233333333334E+009,-1.054438389837742E-002,6.010800972580910E-002,-9.725802540779114E-001,1.632615178823471E-001,-1.054438389837742E-002,6.010800972580910E-002,-9.725802540779114E-001,1.632615178823471E-001,
1.091600000000000E+009,-5.052062217146158E-003,5.108032375574112E-002,-9.644088745117188E-001,1.859885305166245E-001,-5.052062217146158E-003,5.108032375574112E-002,-9.644088745117188E-001,1.859885305166245E-001,
1.099966666666667E+009,-4.738972056657076E-003,3.990432992577553E-002,-9.674317836761475E-001,2.245838195085526E-001,-4.738972056657076E-003,3.990432992577553E-002,-9.674317836761475E-001,2.245838195085526E-001,
1.108333333333334E+009,-1.422744337469339E-002,3.108848631381989E-002,-9.453227519989014E-001,2.286211550235748E-001,-1.422744337469339E-002,3.108848631381989E-002,-9.453227519989014E-001,2.286211550235748E-001,
1.116700000000000E+009,-2.560271322727203E-002,3.247118741273880E-002,-9.446271061897278E-001,2.751252949237824E-001,-2.560271322727203E-002,3.247118741273880E-002,-9.446271061897278E-001,2.751252949237824E-001,
1.125066666666667E+009,-3.947893157601357E-002,3.555755317211151E-002,-9.475406408309937E-001,2.850514054298401E-001,-3.947893157601357E-002,3.555755317211151E-002,-9.475406408309937E-001,2.850514054298401E-001,
1.133433333333334E+009,-4.787793010473251E-002,4.992089793086052E-002,-9.458840489387512E-001,3.084384202957153E-001,-4.787793010473251E-002,4.992089793086052E-002,-9.458840489387512E-001,3.084384202957153E-001,
1.141800000000000E+009,-4.836860671639442E-002,6.348005682229996E-002,-9.180271029472351E-001,3.285549879074097E-001,-4.836860671639442E-002,6.348005682229996E-002,-9.180271029472351E-001,3.285549879074097E-001,
1.150166666666667E+009,-4.187795147299767E-002,8.034815639257431E-002,-9.015815854072571E-001,3.592827618122101E-001,-4.187795147299767E-002,8.034815639257431E-002,-9.015815854072571E-001,3.592827618122101E-001,
1.158533333333334E+009,-2.758654020726681E-002,8.856845647096634E-002,-9.035143256187439E-001,3.828079998493195E-001,-2.758654020726681E-002,8.856845647096634E-002,-9.035143256187439E-001,3.828079998493195E-001,
1.166900000000000E+009,-8.931002579629421E-003,8.887821435928345E-002,-8.955851793289185E-001,4.142388105392456E-001,-8.931002579629421E-003,8.887821435928345E-002,-8.955851793289185E-001,4.142388105392456E-001,
1.175266666666667E+009,7.068231701850891E-003,7.781650125980377E-002,-8.872833847999573E-001,4.208148717880249E-001,7.068231701850891E-003,7.781650125980377E-002,-8.872833847999573E-001,4.208148717880249E-001,
1.183633333333334E+009,1.807167753577232E-002,6.306565552949905E-002,-8.766008019447327E-001,4.594168663024902E-001,1.807167753577232E-002,6.306565552949905E-002,-8.766008019447327E-001,4.594168663024902E-001,
1.192000000000000E+009,1.864251308143139E-002,4.368564486503601E-002,-8.664951920509338E-001,4.682822227478027E-001,1.864251308143139E-002,4.368564486503601E-002,-8.664951920509338E-001,4.682822227478027E-001,
1.200366666666667E+009,8.090242743492127E-003,2.963599190115929E-002,-8.572108149528503E-001,4.976296722888947E-001,8.090242743492127E-003,2.963599190115929E-002,-8.572108149528503E-001,4.976296722888947E-001,
1.208733333333334E+009,-7.562956307083368E-003,2.189788781106472E-002,-8.497275710105896E-001,5.169849991798401E-001,-7.562956307083368E-003,2.189788781106472E-002,-8.497275710105896E-001,5.169849991798401E-001,
1.217100000000000E+009,-2.478087879717350E-002,2.840202674269676E-002,-8.324202895164490E-001,5.362025499343872E-001,-2.478087879717350E-002,2.840202674269676E-002,-8.324202895164490E-001,5.362025499343872E-001,
1.225466666666667E+009,-3.421353176236153E-002,4.013731330633164E-002,-8.067075014114380E-001,5.634582638740540E-001,-3.421353176236153E-002,4.013731330633164E-002,-8.067075014114380E-001,5.634582638740540E-001,
1.233833333333334E+009,-4.051286727190018E-002,5.742803588509560E-002,-7.894265055656433E-001,5.798361897468567E-001,-4.051286727190018E-002,5.742803588509560E-002,-7.894265055656433E-001,5.798361897468567E-001,
1.242200000000000E+009,-3.630298003554344E-002,7.593718171119690E-002,-7.747586965560913E-001,5.904031395912170E-001,-3.630298003554344E-002,7.593718171119690E-002,-7.747586965560913E-001,5.904031395912170E-001,
1.250566666666667E+009,-2.085348777472973E-002,8.695796132087708E-002,-7.492660284042358E-001,6.176720261573792E-001,-2.085348777472973E-002,8.695796132087708E-002,-7.492660284042358E-001,6.176720261573792E-001,
1.258933333333334E+009,-1.518025761470199E-003,8.851552754640579E-002,-7.587140202522278E-001,6.375788450241089E-001,-1.518025761470199E-003,8.851552754640579E-002,-7.587140202522278E-001,6.375788450241089E-001,
1.267300000000000E+009,1.667841523885727E-002,7.817991822957993E-002,-7.407360672950745E-001,6.501206755638123E-001,1.667841523885727E-002,7.817991822957993E-002,-7.407360672950745E-001,6.501206755638123E-001,
1.275666666666667E+009,2.601708844304085E-002,5.978297814726830E-002,-7.078453302383423E-001,6.748122572898865E-001,2.601708844304085E-002,5.978297814726830E-002,-7.078453302383423E-001,6.748122572898865E-001,
1.284033333333334E+009,2.562250383198261E-002,3.901014849543572E-002,-7.011340856552124E-001,6.958692669868469E-001,2.562250383198261E-002,3.901014849543572E-002,-7.011340856552124E-001,6.958692669868469E-001,
1.292400000000000E+009,1.472163293510675E-002,2.264019474387169E-002,-6.875556707382202E-001,7.130381464958191E-001,1.472163293510675E-002,2.264019474387169E-002,-6.875556707382202E-001,7.130381464958191E-001,
1.300766666666667E+009,-3.803027793765068E-003,1.480547618120909E-002,-6.623867154121399E-001,7.299357056617737E-001,-3.803027793765068E-003,1.480547618120909E-002,-6.623867154121399E-001,7.299357056617737E-001,
1.309133333333334E+009,-2.333681471645832E-002,1.910581812262535E-002,-6.479532122612000E-001,7.457427978515625E-001,-2.333681471645832E-002,1.910581812262535E-002,-6.479532122612000E-001,7.457427978515625E-001,
1.317500000000000E+009,-3.649688512086868E-002,3.439902514219284E-002,-6.229209303855896E-001,7.609331011772156E-001,-3.649688512086868E-002,3.439902514219284E-002,-6.229209303855896E-001,7.609331011772156E-001,
1.325866666666667E+009,-3.976166993379593E-002,5.497976392507553E-002,-6.058276295661926E-001,7.736953496932983E-001,-3.976166993379593E-002,5.497976392507553E-002,-6.058276295661926E-001,7.736953496932983E-001,
1.334233333333334E+009,-3.196351602673531E-002,7.360310852527618E-002,-5.778307318687439E-001,7.921872735023499E-001,-3.196351602673531E-002,7.360310852527618E-002,-5.778307318687439E-001,7.921872735023499E-001,
1.342600000000000E+009,-1.696475408971310E-002,8.351150900125504E-002,-5.604150891304016E-001,8.085957169532776E-001,-1.696475408971310E-002,8.351150900125504E-002,-5.604150891304016E-001,8.085957169532776E-001,
1.350966666666667E+009,2.227233722805977E-003,8.346448093652725E-002,-5.313974618911743E-001,8.332755565643311E-001,2.227233722805977E-003,8.346448093652725E-002,-5.313974618911743E-001,8.332755565643311E-001,
1.359333333333334E+009,1.700285635888577E-002,7.313080877065659E-002,-5.204235911369324E-001,8.351395726203919E-001,1.700285635888577E-002,7.313080877065659E-002,-5.204235911369324E-001,8.351395726203919E-001,
1.367700000000000E+009,2.103886194527149E-002,5.203406140208244E-002,-5.040469169616699E-001,8.451169729232788E-001,2.103886194527149E-002,5.203406140208244E-002,-5.040469169616699E-001,8.451169729232788E-001,
1.376066666666667E+009,1.698908768594265E-002,3.422797098755837E-002,-4.872072637081146E-001,8.645285367965698E-001,1.698908768594265E-002,3.422797098755837E-002,-4.872072637081146E-001,8.645285367965698E-001,
1.384433333333334E+009,5.459216772578657E-004,1.840436086058617E-002,-4.610575735569000E-001,8.888081312179565E-001,5.459216772578657E-004,1.840436086058617E-002,-4.610575735569000E-001,8.888081312179565E-001,
1.392800000000000E+009,-2.040363661944866E-002,1.700511947274208E-002,-4.446717202663422E-001,8.819671869277954E-001,-2.040363661944866E-002,1.700511947274208E-002,-4.446717202663422E-001,8.819671869277954E-001,
1.401166666666667E+009,-3.960885852575302E-002,2.831222489476204E-002,-4.184780418872833E-001,9.013232588768005E-001,-3.960885852575302E-002,2.831222489476204E-002,-4.184780418872833E-001,9.013232588768005E-001,
1.409533333333334E+009,-5.090815201401711E-002,4.527996852993965E-002,-3.855071365833283E-001,9.097036123275757E-001,-5.090815201401711E-002,4.527996852993965E-002,-3.855071365833283E-001,9.097036123275757E-001,
1.417900000000000E+009,-5.050156265497208E-002,7.128590345382690E-002,-3.725047409534454E-001,9.024824500083923E-001,-5.050156265497208E-002,7.128590345382690E-002,-3.725047409534454E-001,9.024824500083923E-001,
1.426266666666667E+009,-3.618955984711647E-002,8.994761854410172E-002,-3.393988907337189E-001,9.253367185592651E-001,-3.618955984711647E-002,8.994761854410172E-002,-3.393988907337189E-001,9.253367185592651E-001,
1.434633333333334E+009,-1.681711897253990E-002,1.015722304582596E-001,-3.085527122020721E-001,9.322055578231812E-001,-1.681711897253990E-002,1.015722304582596E-001,-3.085527122020721E-001,9.322055578231812E-001,
1.443000000000000E+009,5.254858639091253E-003,1.009305939078331E-001,-2.946591675281525E-001,9.369521141052246E-001,5.254858639091253E-003,1.009305939078331E-001,-2.946591675281525E-001,9.369521141052246E-001,
1.451366666666667E+009,2.160704880952835E-002,8.897741883993149E-002,-2.669171392917633E-001,9.403214454650879E-001,2.160704880952835E-002,8.897741883993149E-002,-2.669171392917633E-001,9.403214454650879E-001,
1.459733333333334E+009,3.025416098535061E-002,6.840965151786804E-002,-2.476535588502884E-001,9.480361938476563E-001,3.025416098535061E-002,6.840965151786804E-002,-2.476535588502884E-001,9.480361938476563E-001,
1.468100000000000E+009,2.130336500704289E-002,4.949751123785973E-002,-2.263690680265427E-001,9.610601663589478E-001,2.130336500704289E-002,4.949751123785973E-002,-2.263690680265427E-001,9.610601663589478E-001,
1.476466666666667E+009,4.978537093847990E-003,3.916180133819580E-002,-2.021946460008621E-001,9.696062803268433E-001,4.978537093847990E-003,3.916180133819580E-002,-2.021946460008621E-001,9.696062803268433E-001,
1.484833333333334E+009,-1.516727264970541E-002,3.646608442068100E-002,-1.714617162942886E-001,9.762467145919800E-001,-1.516727264970541E-002,3.646608442068100E-002,-1.714617162942886E-001,9.762467145919800E-001,
1.493200000000000E+009,-3.264265879988670E-002,4.754657298326492E-002,-1.415649950504303E-001,9.811316132545471E-001,-3.264265879988670E-002,4.754657298326492E-002,-1.415649950504303E-001,9.811316132545471E-001,
1.501566666666667E+009,-4.115302115678787E-002,6.684215366840363E-002,-1.244692727923393E-001,9.770042896270752E-001,-4.115302115678787E-002,6.684215366840363E-002,-1.244692727923393E-001,9.770042896270752E-001,
1.509933333333334E+009,-3.782120347023010E-002,8.982216566801071E-002,-9.730974584817886E-002,9.762048125267029E-001,-3.782120347023010E-002,8.982216566801071E-002,-9.730974584817886E-002,9.762048125267029E-001,
1.518300000000000E+009,-2.109919302165508E-002,1.073121726512909E-001,-7.058524340391159E-002,9.794191122055054E-001,-2.109919302165508E-002,1.073121726512909E-001,-7.058524340391159E-002,9.794191122055054E-001,
1.526666666666667E+009,-8.534652442904189E-005,1.139648333191872E-001,-5.027777701616287E-002,9.829310178756714E-001,-8.534652442904189E-005,1.139648333191872E-001,-5.027777701616287E-002,9.829310178756714E-001,
1.535033333333334E+009,2.197045460343361E-002,1.109967678785324E-001,-2.704396843910217E-002,9.794607162475586E-001,2.197045460343361E-002,1.109967678785324E-001,-2.704396843910217E-002,9.794607162475586E-001,
1.543400000000000E+009,3.850574046373367E-002,9.962802380323410E-002,9.420979185961187E-004,9.808738827705383E-001,3.850574046373367E-002,9.962802380323410E-002,9.420979185961187E-004,9.808738827705383E-001,
1.551766666666667E+009,4.331630095839500E-002,8.024411648511887E-002,2.420034632086754E-002,9.847536087036133E-001,4.331630095839500E-002,8.024411648511887E-002,2.420034632086754E-002,9.847536087036133E-001,
1.560133333333334E+009,3.766448050737381E-002,6.133703887462616E-002,5.341140180826187E-002,9.935891032218933E-001,3.766448050737381E-002,6.133703887462616E-002,5.341140180826187E-002,9.935891032218933E-001,
1.568500000000000E+009,2.214529551565647E-002,5.076432973146439E-002,7.040640711784363E-002,9.707965850830078E-001,2.214529551565647E-002,5.076432973146439E-002,7.040640711784363E-002,9.707965850830078E-001,
1.576866666666667E+009,3.505592700093985E-003,5.041302368044853E-002,9.750609099864960E-002,9.849925637245178E-001,3.505592700093985E-003,5.041302368044853E-002,9.750609099864960E-002,9.849925637245178E-001,
1.585233333333334E+009,-1.247229520231485E-002,6.172240152955055E-002,1.253337711095810E-001,9.731683731079102E-001,-1.247229520231485E-002,6.172240152955055E-002,1.253337711095810E-001,9.731683731079102E-001,
1.593600000000000E+009,-1.782252267003059E-002,7.795221358537674E-002,1.512808650732040E-001,9.770967960357666E-001,-1.782252267003059E-002,7.795221358537674E-002,1.512808650732040E-001,9.770967960357666E-001,
1.601966666666667E+009,-1.445789076387882E-002,9.761727601289749E-002,1.729934960603714E-001,9.821828603744507E-001,-1.445789076387882E-002,9.761727601289749E-002,1.729934960603714E-001,9.821828603744507E-001,
1.610333333333334E+009,4.160897515248507E-004,1.113677099347115E-001,1.995912343263626E-001,9.661244153976440E-001,4.160897515248507E-004,1.113677099347115E-001,1.995912343263626E-001,9.661244153976440E-001,
1.618700000000000E+009,1.986560598015785E-002,1.152297258377075E-001,2.212153226137161E-001,9.515448808670044E-001,1.986560598015785E-002,1.152297258377075E-001,2.212153226137161E-001,9.515448808670044E-001,
1.627066666666667E+009,3.874294087290764E-002,1.117245927453041E-001,2.448998391628265E-001,9.450997710227966E-001,3.874294087290764E-002,1.117245927453041E-001,2.448998391628265E-001,9.450997710227966E-001,
1.635433333333334E+009,5.042693391442299E-002,9.913671761751175E-002,2.597816884517670E-001,9.392322897911072E-001,5.042693391442299E-002,9.913671761751175E-002,2.597816884517670E-001,9.392322897911072E-001,
1.643800000000000E+009,5.430204793810844E-002,8.276858180761337E-002,2.915163934230804E-001,9.448119401931763E-001,5.430204793810844E-002,8.276858180761337E-002,2.915163934230804E-001,9.448119401931763E-001,
1.652166666666667E+009,4.870196804404259E-002,7.043839246034622E-002,3.182640671730042E-001,9.333708286285400E-001,4.870196804404259E-002,7.043839246034622E-002,3.182640671730042E-001,9.333708286285400E-001,
1.660533333333334E+009,3.468648716807365E-002,6.210436671972275E-002,3.319553732872009E-001,9.211205244064331E-001,3.468648716807365E-002,6.210436671972275E-002,3.319553732872009E-001,9.211205244064331E-001,
1.668900000000000E+009,2.019220404326916E-002,6.618048995733261E-002,3.659416735172272E-001,9.146618247032166E-001,2.019220404326916E-002,6.618048995733261E-002,3.659416735172272E-001,9.146618247032166E-001,
1.677266666666667E+009,9.153934195637703E-003,7.467200607061386E-002,3.970579802989960E-001,8.949340581893921E-001,9.153934195637703E-003,7.467200607061386E-002,3.970579802989960E-001,8.949340581893921E-001,
1.685633333333334E+009,6.731271278113127E-003,9.272781759500504E-002,4.167678356170654E-001,8.946316242218018E-001,6.731271278113127E-003,9.272781759500504E-002,4.167678356170654E-001,8.946316242218018E-001,
1.694000000000000E+009,1.273061707615852E-002,1.068627238273621E-001,4.358326494693756E-001,8.793711662292481E-001,1.273061707615852E-002,1.068627238273621E-001,4.358326494693756E-001,8.793711662292481E-001,
1.702366666666667E+009,2.676001004874706E-002,1.179985851049423E-001,4.541760087013245E-001,8.704290390014648E-001,2.676001004874706E-002,1.179985851049423E-001,4.541760087013245E-001,8.704290390014648E-001,
1.710733333333334E+009,4.788881167769432E-002,1.208708658814430E-001,4.841471910476685E-001,8.489128947257996E-001,4.788881167769432E-002,1.208708658814430E-001,4.841471910476685E-001,8.489128947257996E-001,
1.719100000000000E+009,6.530184298753738E-002,1.137574911117554E-001,4.986555874347687E-001,8.430620431900024E-001,6.530184298753738E-002,1.137574911117554E-001,4.986555874347687E-001,8.430620431900024E-001,
1.727466666666667E+009,7.734326273202896E-002,1.027408987283707E-001,5.240011811256409E-001,8.300592899322510E-001,7.734326273202896E-002,1.027408987283707E-001,5.240011811256409E-001,8.300592899322510E-001,
1.735833333333334E+009,8.446107059717178E-002,8.469728380441666E-002,5.426484942436218E-001,8.111314177513123E-001,8.446107059717178E-002,8.469728380441666E-002,5.426484942436218E-001,8.111314177513123E-001,
1.744200000000000E+009,7.940176874399185E-002,6.981584429740906E-002,5.660266876220703E-001,7.990777492523193E-001,7.940176874399185E-002,6.981584429740906E-002,5.660266876220703E-001,7.990777492523193E-001,
1.752566666666667E+009,6.914586573839188E-002,5.998012050986290E-002,5.853111147880554E-001,7.942898273468018E-001,6.914586573839188E-002,5.998012050986290E-002,5.853111147880554E-001,7.942898273468018E-001,
1.760933333333334E+009,5.662493035197258E-002,5.787076056003571E-002,6.006882190704346E-001,7.763968110084534E-001,5.662493035197258E-002,5.787076056003571E-002,6.006882190704346E-001,7.763968110084534E-001,
1.769300000000000E+009,4.378459602594376E-002,6.280255317687988E-002,6.245919466018677E-001,7.550869584083557E-001,4.378459602594376E-002,6.280255317687988E-002,6.245919466018677E-001,7.550869584083557E-001,
1.777666666666667E+009,3.593531996011734E-002,7.427319884300232E-002,6.482890844345093E-001,7.385638356208801E-001,3.593531996011734E-002,7.427319884300232E-002,6.482890844345093E-001,7.385638356208801E-001,
1.786033333333334E+009,3.514857962727547E-002,8.762571960687637E-002,6.621233224868774E-001,7.276621460914612E-001,3.514857962727547E-002,8.762571960687637E-002,6.621233224868774E-001,7.276621460914612E-001,
1.794400000000000E+009,4.051970690488815E-002,9.808292239904404E-002,6.803714632987976E-001,7.066311836242676E-001,4.051970690488815E-002,9.808292239904404E-002,6.803714632987976E-001,7.066311836242676E-001,
1.802766666666667E+009,5.392883345484734E-002,1.061049252748489E-001,7.019174695014954E-001,6.908758878707886E-001,5.392883345484734E-002,1.061049252748489E-001,7.019174695014954E-001,6.908758878707886E-001,
1.811133333333334E+009,6.799401342868805E-002,1.060696393251419E-001,7.174549102783203E-001,6.634935140609741E-001,6.799401342868805E-002,1.060696393251419E-001,7.174549102783203E-001,6.634935140609741E-001,
1.819500000000000E+009,7.981479912996292E-002,1.017496511340141E-001,7.291813492774963E-001,6.541334986686707E-001,7.981479912996292E-002,1.017496511340141E-001,7.291813492774963E-001,6.541334986686707E-001,
1.827866666666667E+009,9.050065279006958E-002,9.246867150068283E-002,7.445731759071350E-001,6.289709210395813E-001,9.050065279006958E-002,9.246867150068283E-002,7.445731759071350E-001,6.289709210395813E-001,
1.836233333333334E+009,9.350863844156265E-002,8.161959052085877E-002,7.654254436492920E-001,6.159651875495911E-001,9.350863844156265E-002,8.161959052085877E-002,7.654254436492920E-001,6.159651875495911E-001,
1.844600000000000E+009,8.963640779256821E-002,7.489430904388428E-002,7.804868221282959E-001,6.020773649215698E-001,8.963640779256821E-002,7.489430904388428E-002,7.804868221282959E-001,6.020773649215698E-001,
1.852966666666667E+009,8.369087427854538E-002,7.075566053390503E-002,7.971903681755066E-001,5.715504884719849E-001,8.369087427854538E-002,7.075566053390503E-002,7.971903681755066E-001,5.715504884719849E-001,
1.861333333333334E+009,7.886121422052383E-002,6.839336454868317E-002,8.147101402282715E-001,5.596233010292053E-001,7.886121422052383E-002,6.839336454868317E-002,8.147101402282715E-001,5.596233010292053E-001,
1.869700000000000E+009,7.431689649820328E-002,7.356945425271988E-002,8.212495446205139E-001,5.314899086952210E-001,7.431689649820328E-002,7.356945425271988E-002,8.212495446205139E-001,5.314899086952210E-001,
1.878066666666667E+009,7.337968051433563E-002,8.028905093669891E-002,8.402787446975708E-001,5.130257010459900E-001,7.337968051433563E-002,8.028905093669891E-002,8.402787446975708E-001,5.130257010459900E-001,
1.886433333333334E+009,7.907266169786453E-002,8.994624763727188E-002,8.465471267700195E-001,4.795271456241608E-001,7.907266169786453E-002,8.994624763727188E-002,8.465471267700195E-001,4.795271456241608E-001,
1.894800000000000E+009,8.688863366842270E-002,9.485128521919251E-002,8.601742386817932E-001,4.692000746726990E-001,8.688863366842270E-002,9.485128521919251E-002,8.601742386817932E-001,4.692000746726990E-001,
1.903166666666667E+009,9.820605069398880E-002,9.442695230245590E-002,8.727337121963501E-001,4.455299079418182E-001,9.820605069398880E-002,9.442695230245590E-002,8.727337121963501E-001,4.455299079418182E-001,
1.911533333333334E+009,1.117825657129288E-001,9.113929420709610E-002,8.793689608573914E-001,4.111888110637665E-001,1.117825657129288E-001,9.113929420709610E-002,8.793689608573914E-001,4.111888110637665E-001,
1.919900000000000E+009,1.228286474943161E-001,8.138965815305710E-002,9.019082188606262E-001,3.938425183296204E-001,1.228286474943161E-001,8.138965815305710E-002,9.019082188606262E-001,3.938425183296204E-001,
1.928266666666667E+009,1.274945288896561E-001,7.064112275838852E-002,9.043638706207275E-001,3.802832663059235E-001,1.274945288896561E-001,7.064112275838852E-002,9.043638706207275E-001,3.802832663059235E-001,
1.936633333333334E+009,1.287510544061661E-001,5.699357390403748E-002,9.091347455978394E-001,3.535088300704956E-001,1.287510544061661E-001,5.699357390403748E-002,9.091347455978394E-001,3.535088300704956E-001,
1.945000000000000E+009,1.226849183440208E-001,4.638006910681725E-002,9.210234284400940E-001,3.286961615085602E-001,1.226849183440208E-001,4.638006910681725E-002,9.210234284400940E-001,3.286961615085602E-001,
1.953366666666667E+009,1.139393597841263E-001,4.360811039805412E-002,9.326944351196289E-001,3.138580620288849E-001,1.139393597841263E-001,4.360811039805412E-002,9.326944351196289E-001,3.138580620288849E-001,
1.961733333333334E+009,1.035613417625427E-001,4.478103294968605E-002,9.356364011764526E-001,2.914857566356659E-001,1.035613417625427E-001,4.478103294968605E-002,9.356364011764526E-001,2.914857566356659E-001,
1.970100000000000E+009,9.707877039909363E-002,5.246359482407570E-002,9.507637619972229E-001,2.625986337661743E-001,9.707877039909363E-002,5.246359482407570E-002,9.507637619972229E-001,2.625986337661743E-001,
1.978466666666667E+009,9.727284312248230E-002,6.282561272382736E-002,9.485192298889160E-001,2.316182404756546E-001,9.727284312248230E-002,6.282561272382736E-002,9.485192298889160E-001,2.316182404756546E-001,
1.986833333333334E+009,1.037384495139122E-001,7.346472144126892E-002,9.629197120666504E-001,2.200899571180344E-001,1.037384495139122E-001,7.346472144126892E-002,9.629197120666504E-001,2.200899571180344E-001,
1.995200000000000E+009,1.166150569915772E-001,7.875712960958481E-002,9.503737688064575E-001,1.888028979301453E-001,1.166150569915772E-001,7.875712960958481E-002,9.503737688064575E-001,1.888028979301453E-001,
2.003566666666667E+009,1.334040462970734E-001,7.841347157955170E-002,9.630793333053589E-001,1.593773066997528E-001,1.334040462970734E-001,7.841347157955170E-002,9.630793333053589E-001,1.593773066997528E-001,
2.011933333333334E+009,1.485630869865418E-001,6.956546008586884E-002,9.654484391212463E-001,1.341751217842102E-001,1.485630869865418E-001,6.956546008586884E-002,9.654484391212463E-001,1.341751217842102E-001,
2.020300000000000E+009,1.585771292448044E-001,5.413704365491867E-002,9.641621708869934E-001,1.204526200890541E-001,1.585771292448044E-001,5.413704365491867E-002,9.641621708869934E-001,1.204526200890541E-001,
2.028666666666667E+009,1.628773063421249E-001,3.329766914248467E-002,9.751279950141907E-001,8.471730351448059E-002,1.628773063421249E-001,3.329766914248467E-002,9.751279950141907E-001,8.471730351448059E-002,
2.037033333333334E+009,1.570733338594437E-001,1.881889998912811E-002,9.763849973678589E-001,7.172684371471405E-002,1.570733338594437E-001,1.881889998912811E-002,9.763849973678589E-001,7.172684371471405E-002,
2.045400000000000E+009,1.464090347290039E-001,9.948569349944592E-003,9.788745045661926E-001,4.334759712219238E-002,1.464090347290039E-001,9.948569349944592E-003,9.788745045661926E-001,4.334759712219238E-002,
2.053766666666667E+009,1.331084966659546E-001,4.487260244786739E-003,9.783734083175659E-001,1.810639910399914E-002,1.331084966659546E-001,4.487260244786739E-003,9.783734083175659E-001,1.810639910399914E-002,
2.062133333333334E+009,1.212794184684753E-001,1.039638090878725E-002,9.838283658027649E-001,-1.111905649304390E-002,1.212794184684753E-001,1.039638090878725E-002,9.838283658027649E-001,-1.111905649304390E-002,
2.070500000000000E+009,1.151975169777870E-001,2.486972324550152E-002,9.791133403778076E-001,-3.671850636601448E-002,1.151975169777870E-001,2.486972324550152E-002,9.791133403778076E-001,-3.671850636601448E-002,
2.078866666666667E+009,1.210906654596329E-001,3.761501237750053E-002,9.756801724433899E-001,-6.420884281396866E-002,1.210906654596329E-001,3.761501237750053E-002,9.756801724433899E-001,-6.420884281396866E-002,
2.087233333333334E+009,1.362033635377884E-001,4.653494805097580E-002,9.808896183967590E-001,-9.368900954723358E-002,1.362033635377884E-001,4.653494805097580E-002,9.808896183967590E-001,-9.368900954723358E-002,
2.095600000000000E+009,1.527325659990311E-001,4.532469809055328E-002,9.717737436294556E-001,-1.161352246999741E-001,1.527325659990311E-001,4.532469809055328E-002,9.717737436294556E-001,-1.161352246999741E-001,
2.103966666666667E+009,1.715451776981354E-001,3.357366099953651E-002,9.566093683242798E-001,-1.408967822790146E-001,1.715451776981354E-001,3.357366099953651E-002,9.566093683242798E-001,-1.408967822790146E-001,
2.112333333333334E+009,1.825188100337982E-001,1.135618332773447E-002,9.568676948547363E-001,-1.594814360141754E-001,1.825188100337982E-001,1.135618332773447E-002,9.568676948547363E-001,-1.594814360141754E-001,
2.120700000000000E+009,1.834685206413269E-001,-1.348414272069931E-002,9.512727260589600E-001,-1.896709799766541E-001,1.834685206413269E-001,-1.348414272069931E-002,9.512727260589600E-001,-1.896709799766541E-001,
2.129066666666667E+009,1.759755015373230E-001,-3.407043591141701E-002,9.326760172843933E-001,-2.087981402873993E-001,1.759755015373230E-001,-3.407043591141701E-002,9.326760172843933E-001,-2.087981402873993E-001,
2.137433333333334E+009,1.560092270374298E-001,-4.619469121098518E-002,9.483788013458252E-001,-2.377937883138657E-001,1.560092270374298E-001,-4.619469121098518E-002,9.483788013458252E-001,-2.377937883138657E-001,
2.145800000000000E+009,1.349456608295441E-001,-4.943007975816727E-002,9.415748715400696E-001,-2.522055804729462E-001,1.349456608295441E-001,-4.943007975816727E-002,9.415748715400696E-001,-2.522055804729462E-001,
2.154166666666667E+009,1.153996959328651E-001,-3.762926161289215E-002,9.390310049057007E-001,-2.809987366199493E-001,1.153996959328651E-001,-3.762926161289215E-002,9.390310049057007E-001,-2.809987366199493E-001,
2.162533333333334E+009,1.073363721370697E-001,-1.943968981504440E-002,9.286910891532898E-001,-3.078311085700989E-001,1.073363721370697E-001,-1.943968981504440E-002,9.286910891532898E-001,-3.078311085700989E-001,
2.170900000000000E+009,1.139123439788818E-001,1.239977777004242E-003,9.199336171150208E-001,-3.402385115623474E-001,1.139123439788818E-001,1.239977777004242E-003,9.199336171150208E-001,-3.402385115623474E-001,
2.179266666666667E+009,1.298920959234238E-001,1.489581074565649E-002,9.119499325752258E-001,-3.604488670825958E-001,1.298920959234238E-001,1.489581074565649E-002,9.119499325752258E-001,-3.604488670825958E-001,
2.187633333333334E+009,1.529487967491150E-001,1.592656224966049E-002,8.989325165748596E-001,-3.803074657917023E-001,1.529487967491150E-001,1.592656224966049E-002,8.989325165748596E-001,-3.803074657917023E-001,
2.196000000000000E+009,1.730573177337647E-001,1.284059602767229E-003,8.876894712448120E-001,-3.994753956794739E-001,1.730573177337647E-001,1.284059602767229E-003,8.876894712448120E-001,-3.994753956794739E-001,
2.204366666666667E+009,1.870602667331696E-001,-2.098073996603489E-002,8.876073956489563E-001,-4.197472333908081E-001,1.870602667331696E-001,-2.098073996603489E-002,8.876073956489563E-001,-4.197472333908081E-001,
2.212733333333334E+009,1.876418888568878E-001,-4.988426715135574E-002,8.645621538162231E-001,-4.330141246318817E-001,1.876418888568878E-001,-4.988426715135574E-002,8.645621538162231E-001,-4.330141246318817E-001,
2.221100000000000E+009,1.734507232904434E-001,-7.359641045331955E-002,8.569214940071106E-001,-4.608938992023468E-001,1.734507232904434E-001,-7.359641045331955E-002,8.569214940071106E-001,-4.608938992023468E-001,
2.229466666666667E+009,1.522173732519150E-001,-8.881027996540070E-002,8.526617884635925E-001,-4.783694744110107E-001,1.522173732519150E-001,-8.881027996540070E-002,8.526617884635925E-001,-4.783694744110107E-001,
2.237833333333334E+009,1.251190155744553E-001,-9.034889936447144E-002,8.327332735061646E-001,-5.073473453521729E-001,1.251190155744553E-001,-9.034889936447144E-002,8.327332735061646E-001,-5.073473453521729E-001,
2.246200000000000E+009,1.043834015727043E-001,-7.944501191377640E-002,8.276600241661072E-001,-5.242420434951782E-001,1.043834015727043E-001,-7.944501191377640E-002,8.276600241661072E-001,-5.242420434951782E-001,
2.254566666666667E+009,9.620974212884903E-002,-5.697282031178474E-002,8.119115829467773E-001,-5.463016033172607E-001,9.620974212884903E-002,-5.697282031178474E-002,8.119115829467773E-001,-5.463016033172607E-001,
2.262933333333334E+009,1.016378775238991E-001,-3.482414036989212E-002,8.016325831413269E-001,-5.748128890991211E-001,1.016378775238991E-001,-3.482414036989212E-002,8.016325831413269E-001,-5.748128890991211E-001,
2.271300000000000E+009,1.200000047683716E-001,-2.013507485389710E-002,7.750631570816040E-001,-5.946074128150940E-001,1.200000047683716E-001,-2.013507485389710E-002,7.750631570816040E-001,-5.946074128150940E-001,
2.279666666666667E+009,1.447040289640427E-001,-2.002205513417721E-002,7.584853172302246E-001,-6.114859580993652E-001,1.447040289640427E-001,-2.002205513417721E-002,7.584853172302246E-001,-6.114859580993652E-001,
2.288033333333334E+009,1.646982431411743E-001,-3.490300476551056E-002,7.388836145401001E-001,-6.281124949455261E-001,1.646982431411743E-001,-3.490300476551056E-002,7.388836145401001E-001,-6.281124949455261E-001,
2.296400000000000E+009,1.751452088356018E-001,-6.070449203252792E-002,7.246248126029968E-001,-6.441933512687683E-001,1.751452088356018E-001,-6.070449203252792E-002,7.246248126029968E-001,-6.441933512687683E-001,
2.304766666666667E+009,1.722322404384613E-001,-8.685550093650818E-002,7.087643146514893E-001,-6.618876457214356E-001,1.722322404384613E-001,-8.685550093650818E-002,7.087643146514893E-001,-6.618876457214356E-001,
2.313133333333334E+009,1.525453329086304E-001,-1.087093055248261E-001,6.930375695228577E-001,-6.701591014862061E-001,1.525453329086304E-001,-1.087093055248261E-001,6.930375695228577E-001,-6.701591014862061E-001,
2.321500000000000E+009,1.291670650243759E-001,-1.176868006587029E-001,6.826687455177307E-001,-6.967638134956360E-001,1.291670650243759E-001,-1.176868006587029E-001,6.826687455177307E-001,-6.967638134956360E-001,
2.329866666666667E+009,1.016793698072434E-001,-1.124706566333771E-001,6.657564043998718E-001,-7.117367982864380E-001,1.016793698072434E-001,-1.124706566333771E-001,6.657564043998718E-001,-7.117367982864380E-001,
2.338233333333334E+009,8.599221706390381E-002,-9.409922361373901E-002,6.421293020248413E-001,-7.306283116340637E-001,8.599221706390381E-002,-9.409922361373901E-002,6.421293020248413E-001,-7.306283116340637E-001,
2.346600000000000E+009,8.621861040592194E-002,-7.021107524633408E-002,6.287006139755249E-001,-7.543461322784424E-001,8.621861040592194E-002,-7.021107524633408E-002,6.287006139755249E-001,-7.543461322784424E-001,
2.354966666666667E+009,1.002759188413620E-001,-5.105419456958771E-002,6.062135100364685E-001,-7.668037414550781E-001,1.002759188413620E-001,-5.105419456958771E-002,6.062135100364685E-001,-7.668037414550781E-001,
2.363333333333334E+009,1.243036612868309E-001,-4.385341703891754E-002,5.784437656402588E-001,-7.845215201377869E-001,1.243036612868309E-001,-4.385341703891754E-002,5.784437656402588E-001,-7.845215201377869E-001,
2.371700000000000E+009,1.514741480350494E-001,-5.516477301716805E-002,5.576430559158325E-001,-7.992089986801148E-001,1.514741480350494E-001,-5.516477301716805E-002,5.576430559158325E-001,-7.992089986801148E-001,
2.380066666666667E+009,1.698388308286667E-001,-8.213879168033600E-002,5.394884347915649E-001,-7.949673533439636E-001,1.698388308286667E-001,-8.213879168033600E-002,5.394884347915649E-001,-7.949673533439636E-001,
2.388433333333334E+009,1.724979579448700E-001,-1.158960089087486E-001,5.162475109100342E-001,-8.204707503318787E-001,1.724979579448700E-001,-1.158960089087486E-001,5.162475109100342E-001,-8.204707503318787E-001,
2.396800000000000E+009,1.522976905107498E-001,-1.512944698333740E-001,4.976554214954376E-001,-8.246913552284241E-001,1.522976905107498E-001,-1.512944698333740E-001,4.976554214954376E-001,-8.246913552284241E-001,
2.405166666666667E+009,1.230690628290176E-001,-1.732104420661926E-001,4.857482314109802E-001,-8.396733403205872E-001,1.230690628290176E-001,-1.732104420661926E-001,4.857482314109802E-001,-8.396733403205872E-001,
2.413533333333334E+009,8.503542095422745E-002,-1.785562783479691E-001,4.619654715061188E-001,-8.453780412673950E-001,8.503542095422745E-002,-1.785562783479691E-001,4.619654715061188E-001,-8.453780412673950E-001,
2.421900000000000E+009,4.697933420538902E-002,-1.616915762424469E-001,4.538608491420746E-001,-8.731303215026856E-001,4.697933420538902E-002,-1.616915762424469E-001,4.538608491420746E-001,-8.731303215026856E-001,
2.430266666666667E+009,2.475487627089024E-002,-1.324159353971481E-001,4.231711626052856E-001,-8.829703330993652E-001,2.475487627089024E-002,-1.324159353971481E-001,4.231711626052856E-001,-8.829703330993652E-001,
2.438633333333334E+009,2.028072997927666E-002,-9.410737454891205E-002,4.039347469806671E-001,-8.983869552612305E-001,2.028072997927666E-002,-9.410737454891205E-002,4.039347469806671E-001,-8.983869552612305E-001,
2.447000000000000E+009,3.717423602938652E-002,-6.049931794404984E-002,3.769855797290802E-001,-9.105674028396606E-001,3.717423602938652E-002,-6.049931794404984E-002,3.769855797290802E-001,-9.105674028396606E-001,
2.455366666666667E+009,6.980709731578827E-002,-4.434252902865410E-002,3.425783514976502E-001,-9.228276014328003E-001,6.980709731578827E-002,-4.434252902865410E-002,3.425783514976502E-001,-9.228276014328003E-001,
2.463733333333334E+009,1.045701876282692E-001,-4.689854010939598E-002,3.184469044208527E-001,-9.292266368865967E-001,1.045701876282692E-001,-4.689854010939598E-002,3.184469044208527E-001,-9.292266368865967E-001,
2.472100000000000E+009,1.336211711168289E-001,-7.146150618791580E-002,2.892102599143982E-001,-9.339561462402344E-001,1.336211711168289E-001,-7.146150618791580E-002,2.892102599143982E-001,-9.339561462402344E-001,
2.480466666666667E+009,1.438195407390595E-001,-1.062867268919945E-001,2.615717053413391E-001,-9.341812729835510E-001,1.438195407390595E-001,-1.062867268919945E-001,2.615717053413391E-001,-9.341812729835510E-001,
2.488833333333334E+009,1.341414749622345E-001,-1.417860090732575E-001,2.417855262756348E-001,-9.384011626243591E-001,1.341414749622345E-001,-1.417860090732575E-001,2.417855262756348E-001,-9.384011626243591E-001,
2.497200000000000E+009,1.082981675863266E-001,-1.648010164499283E-001,2.211603224277496E-001,-9.393938183784485E-001,1.082981675863266E-001,-1.648010164499283E-001,2.211603224277496E-001,-9.393938183784485E-001,
2.505566666666667E+009,7.492779940366745E-002,-1.725675016641617E-001,2.038743197917938E-001,-9.481579661369324E-001,7.492779940366745E-002,-1.725675016641617E-001,2.038743197917938E-001,-9.481579661369324E-001,
2.513933333333334E+009,4.133199900388718E-002,-1.607981920242310E-001,1.872601062059403E-001,-9.541799426078796E-001,4.133199900388718E-002,-1.607981920242310E-001,1.872601062059403E-001,-9.541799426078796E-001,
2.522300000000000E+009,2.151884138584137E-002,-1.350838690996170E-001,1.602478325366974E-001,-9.733516573905945E-001,2.151884138584137E-002,-1.350838690996170E-001,1.602478325366974E-001,-9.733516573905945E-001,
2.530666666666667E+009,2.000824734568596E-002,-1.037687212228775E-001,1.332619190216065E-001,-9.812003374099731E-001,2.000824734568596E-002,-1.037687212228775E-001,1.332619190216065E-001,-9.812003374099731E-001,
2.539033333333334E+009,3.858355432748795E-002,-7.757564634084702E-002,1.050487384200096E-001,-9.777429699897766E-001,3.858355432748795E-002,-7.757564634084702E-002,1.050487384200096E-001,-9.777429699897766E-001,
2.547400000000000E+009,6.764714419841766E-002,-6.702166050672531E-002,7.796534895896912E-002,-9.796266555786133E-001,6.764714419841766E-002,-6.702166050672531E-002,7.796534895896912E-002,-9.796266555786133E-001,
2.555766666666667E+009,9.677259624004364E-002,-7.607442140579224E-002,4.483710601925850E-002,-9.795589447021484E-001,9.677259624004364E-002,-7.607442140579224E-002,4.483710601925850E-002,-9.795589447021484E-001,
2.564133333333334E+009,1.177571490406990E-001,-1.019196286797524E-001,2.576510421931744E-002,-9.740320444107056E-001,1.177571490406990E-001,-1.019196286797524E-001,2.576510421931744E-002,-9.740320444107056E-001,
2.572500000000000E+009,1.214213073253632E-001,-1.380155533552170E-001,-2.427665982395411E-003,-9.729401469230652E-001,1.214213073253632E-001,-1.380155533552170E-001,-2.427665982395411E-003,-9.729401469230652E-001,
2.580866666666667E+009,1.065493077039719E-001,-1.692279577255249E-001,-2.156643383204937E-002,-9.664141535758972E-001,1.065493077039719E-001,-1.692279577255249E-001,-2.156643383204937E-002,-9.664141535758972E-001,
2.589233333333334E+009,7.656118273735046E-002,-1.899760216474533E-001,-4.172323644161224E-002,-9.586004018783569E-001,7.656118273735046E-002,-1.899760216474533E-001,-4.172323644161224E-002,-9.586004018783569E-001,
2.597600000000000E+009,3.920394182205200E-002,-1.917895376682282E-001,-6.038428843021393E-002,-9.616995453834534E-001,3.920394182205200E-002,-1.917895376682282E-001,-6.038428843021393E-002,-9.616995453834534E-001,
2.605966666666667E+009,7.226984482258558E-003,-1.769953519105911E-001,-8.597104996442795E-002,-9.712192416191101E-001,7.226984482258558E-003,-1.769953519105911E-001,-8.597104996442795E-002,-9.712192416191101E-001,
2.614333333333334E+009,-1.246983092278242E-002,-1.470675915479660E-001,-1.076632887125015E-001,-9.763763546943665E-001,-1.246983092278242E-002,-1.470675915479660E-001,-1.076632887125015E-001,-9.763763546943665E-001,
2.622700000000000E+009,-1.363208331167698E-002,-1.121295765042305E-001,-1.397891938686371E-001,-9.769507646560669E-001,-1.363208331167698E-002,-1.121295765042305E-001,-1.397891938686371E-001,-9.769507646560669E-001,
2.631066666666667E+009,6.826200988143683E-003,-8.325530588626862E-002,-1.623210757970810E-001,-9.745123982429504E-001,6.826200988143683E-003,-8.325530588626862E-002,-1.623210757970810E-001,-9.745123982429504E-001,
2.639433333333334E+009,3.591577708721161E-002,-7.157469540834427E-002,-1.974402815103531E-001,-9.649655222892761E-001,3.591577708721161E-002,-7.157469540834427E-002,-1.974402815103531E-001,-9.649655222892761E-001,
2.647800000000000E+009,6.824038177728653E-002,-8.032108843326569E-002,-2.212569564580917E-001,-9.544709920883179E-001,6.824038177728653E-002,-8.032108843326569E-002,-2.212569564580917E-001,-9.544709920883179E-001,
2.656166666666667E+009,8.728767931461334E-002,-1.052534207701683E-001,-2.537418007850647E-001,-9.519726634025574E-001,8.728767931461334E-002,-1.052534207701683E-001,-2.537418007850647E-001,-9.519726634025574E-001,
2.664533333333334E+009,9.119222313165665E-002,-1.395533233880997E-001,-2.700129151344299E-001,-9.324032068252564E-001,9.119222313165665E-002,-1.395533233880997E-001,-2.700129151344299E-001,-9.324032068252564E-001,
2.672900000000000E+009,7.602833211421967E-002,-1.683756411075592E-001,-2.879107892513275E-001,-9.256865382194519E-001,7.602833211421967E-002,-1.683756411075592E-001,-2.879107892513275E-001,-9.256865382194519E-001,
2.681266666666667E+009,4.776366055011749E-002,-1.870720982551575E-001,-3.090425431728363E-001,-9.194225072860718E-001,4.776366055011749E-002,-1.870720982551575E-001,-3.090425431728363E-001,-9.194225072860718E-001,
2.689633333333334E+009,1.426402106881142E-002,-1.885883659124374E-001,-3.318130075931549E-001,-9.137730002403259E-001,1.426402106881142E-002,-1.885883659124374E-001,-3.318130075931549E-001,-9.137730002403259E-001,
2.698000000000000E+009,-1.687038131058216E-002,-1.724219173192978E-001,-3.573461771011353E-001,-9.011117219924927E-001,-1.687038131058216E-002,-1.724219173192978E-001,-3.573461771011353E-001,-9.011117219924927E-001,
2.706366666666667E+009,-3.363855183124542E-002,-1.429257094860077E-001,-3.685797452926636E-001,-9.039878845214844E-001,-3.363855183124542E-002,-1.429257094860077E-001,-3.685797452926636E-001,-9.039878845214844E-001,
2.714733333333334E+009,-3.104585409164429E-002,-1.085882261395454E-001,-4.035895168781281E-001,-9.039821028709412E-001,-3.104585409164429E-002,-1.085882261395454E-001,-4.035895168781281E-001,-9.039821028709412E-001,
2.723100000000000E+009,-9.402525611221790E-003,-8.288098126649857E-002,-4.278897941112518E-001,-8.902897834777832E-001,-9.402525611221790E-003,-8.288098126649857E-002,-4.278897941112518E-001,-8.902897834777832E-001,
2.731466666666667E+009,2.140592597424984E-002,-7.086403667926788E-002,-4.539380073547363E-001,-8.781479597091675E-001,2.140592597424984E-002,-7.086403667926788E-002,-4.539380073547363E-001,-8.781479597091675E-001,
2.739833333333334E+009,5.414538830518723E-002,-7.978978008031845E-002,-4.789330363273621E-001,-8.680034875869751E-001,5.414538830518723E-002,-7.978978008031845E-002,-4.789330363273621E-001,-8.680034875869751E-001,
2.748200000000000E+009,7.573835551738739E-002,-1.052182242274284E-001,-5.058932304382324E-001,-8.442478179931641E-001,7.573835551738739E-002,-1.052182242274284E-001,-5.058932304382324E-001,-8.442478179931641E-001,
2.756566666666667E+009,8.025169372558594E-002,-1.411630660295487E-001,-5.247659683227539E-001,-8.232250213623047E-001,8.025169372558594E-002,-1.411630660295487E-001,-5.247659683227539E-001,-8.232250213623047E-001,
2.764933333333334E+009,6.580103188753128E-002,-1.730792224407196E-001,-5.374249219894409E-001,-8.051481842994690E-001,6.580103188753128E-002,-1.730792224407196E-001,-5.374249219894409E-001,-8.051481842994690E-001,
2.773300000000000E+009,3.738346695899963E-002,-1.924426257610321E-001,-5.539080500602722E-001,-7.961261272430420E-001,3.738346695899963E-002,-1.924426257610321E-001,-5.539080500602722E-001,-7.961261272430420E-001,
2.781666666666667E+009,1.316733309067786E-003,-1.949008554220200E-001,-5.717385411262512E-001,-7.799521088600159E-001,1.316733309067786E-003,-1.949008554220200E-001,-5.717385411262512E-001,-7.799521088600159E-001,
2.790033333333334E+009,-2.992325834929943E-002,-1.809781640768051E-001,-5.881553292274475E-001,-7.741917967796326E-001,-2.992325834929943E-002,-1.809781640768051E-001,-5.881553292274475E-001,-7.741917967796326E-001,
2.798400000000000E+009,-4.819722846150398E-002,-1.532745063304901E-001,-6.172713637351990E-001,-7.622943520545960E-001,-4.819722846150398E-002,-1.532745063304901E-001,-6.172713637351990E-001,-7.622943520545960E-001,
2.806766666666667E+009,-4.749248176813126E-002,-1.189315021038055E-001,-6.325270533561707E-001,-7.508012056350708E-001,-4.749248176813126E-002,-1.189315021038055E-001,-6.325270533561707E-001,-7.508012056350708E-001,
2.815133333333334E+009,-2.836572192609310E-002,-9.316787123680115E-002,-6.539472937583923E-001,-7.376505136489868E-001,-2.836572192609310E-002,-9.316787123680115E-002,-6.539472937583923E-001,-7.376505136489868E-001,
2.823500000000000E+009,3.742668544873595E-003,-8.248972892761231E-002,-6.798890829086304E-001,-7.196608781814575E-001,3.742668544873595E-003,-8.248972892761231E-002,-6.798890829086304E-001,-7.196608781814575E-001,
2.831866666666667E+009,3.462296724319458E-002,-9.072319418191910E-002,-7.009316086769104E-001,-6.973488926887512E-001,3.462296724319458E-002,-9.072319418191910E-002,-7.009316086769104E-001,-6.973488926887512E-001,
2.840233333333334E+009,5.625195428729057E-002,-1.156534999608994E-001,-7.219133377075195E-001,-6.650368571281433E-001,5.625195428729057E-002,-1.156534999608994E-001,-7.219133377075195E-001,-6.650368571281433E-001,
2.848600000000000E+009,6.013191491365433E-002,-1.499179899692535E-001,-7.333915233612061E-001,-6.432380080223084E-001,6.013191491365433E-002,-1.499179899692535E-001,-7.333915233612061E-001,-6.432380080223084E-001,
2.856966666666667E+009,4.419970512390137E-002,-1.819884181022644E-001,-7.441496849060059E-001,-6.248392462730408E-001,4.419970512390137E-002,-1.819884181022644E-001,-7.441496849060059E-001,-6.248392462730408E-001,
2.865333333333334E+009,1.522024534642696E-002,-2.026082277297974E-001,-7.587009072303772E-001,-6.107312440872192E-001,1.522024534642696E-002,-2.026082277297974E-001,-7.587009072303772E-001,-6.107312440872192E-001,
2.873700000000000E+009,-2.363376691937447E-002,-2.065520137548447E-001,-7.682429552078247E-001,-5.959532260894775E-001,-2.363376691937447E-002,-2.065520137548447E-001,-7.682429552078247E-001,-5.959532260894775E-001,
2.882066666666667E+009,-5.626254901289940E-002,-1.879290938377380E-001,-7.790701985359192E-001,-5.710745453834534E-001,-5.626254901289940E-002,-1.879290938377380E-001,-7.790701985359192E-001,-5.710745453834534E-001,
2.890433333333334E+009,-7.634190469980240E-002,-1.586678624153137E-001,-7.936937212944031E-001,-5.666199326515198E-001,-7.634190469980240E-002,-1.586678624153137E-001,-7.936937212944031E-001,-5.666199326515198E-001,
2.898800000000000E+009,-7.637517154216766E-002,-1.233406513929367E-001,-8.184089660644531E-001,-5.493374466896057E-001,-7.637517154216766E-002,-1.233406513929367E-001,-8.184089660644531E-001,-5.493374466896057E-001,
2.907166666666667E+009,-5.595901980996132E-002,-9.343264997005463E-002,-8.321865200996399E-001,-5.314040184020996E-001,-5.595901980996132E-002,-9.343264997005463E-002,-8.321865200996399E-001,-5.314040184020996E-001,
2.915533333333334E+009,-2.316400781273842E-002,-8.041376620531082E-002,-8.487709164619446E-001,-5.108925104141235E-001,-2.316400781273842E-002,-8.041376620531082E-002,-8.487709164619446E-001,-5.108925104141235E-001,
2.923900000000000E+009,1.352618541568518E-002,-8.836046606302261E-002,-8.657333254814148E-001,-4.741618633270264E-001,1.352618541568518E-002,-8.836046606302261E-002,-8.657333254814148E-001,-4.741618633270264E-001,
2.932266666666667E+009,3.766479343175888E-002,-1.153127625584602E-001,-8.771693706512451E-001,-4.477686882019043E-001,3.766479343175888E-002,-1.153127625584602E-001,-8.771693706512451E-001,-4.477686882019043E-001,
2.940633333333334E+009,4.287613183259964E-002,-1.513226330280304E-001,-8.911116123199463E-001,-4.175300300121307E-001,4.287613183259964E-002,-1.513226330280304E-001,-8.911116123199463E-001,-4.175300300121307E-001,
2.949000000000000E+009,2.783376350998879E-002,-1.871104389429092E-001,-8.927078247070313E-001,-3.942753374576569E-001,2.783376350998879E-002,-1.871104389429092E-001,-8.927078247070313E-001,-3.942753374576569E-001,
2.957366666666667E+009,-6.008790340274572E-003,-2.093135863542557E-001,-8.983361124992371E-001,-3.732079565525055E-001,-6.008790340274572E-003,-2.093135863542557E-001,-8.983361124992371E-001,-3.732079565525055E-001,
2.965733333333334E+009,-4.558636248111725E-002,-2.123224139213562E-001,-9.027938246726990E-001,-3.536184430122376E-001,-4.558636248111725E-002,-2.123224139213562E-001,-9.027938246726990E-001,-3.536184430122376E-001,
2.974100000000000E+009,-8.019133657217026E-002,-1.939773261547089E-001,-9.088949561119080E-001,-3.364588618278503E-001,-8.019133657217026E-002,-1.939773261547089E-001,-9.088949561119080E-001,-3.364588618278503E-001,
2.982466666666667E+009,-1.030444726347923E-001,-1.637675464153290E-001,-9.283870458602905E-001,-3.194864988327026E-001,-1.030444726347923E-001,-1.637675464153290E-001,-9.283870458602905E-001,-3.194864988327026E-001,
2.990833333333334E+009,-1.037358120083809E-001,-1.244107559323311E-001,-9.283477663993835E-001,-3.011496961116791E-001,-1.037358120083809E-001,-1.244107559323311E-001,-9.283477663993835E-001,-3.011496961116791E-001,
2.999200000000000E+009,-8.140512555837631E-002,-9.318198263645172E-002,-9.433730244636536E-001,-2.733631134033203E-001,-8.140512555837631E-002,-9.318198263645172E-002,-9.433730244636536E-001,-2.733631134033203E-001,
3.007566666666667E+009,-4.632812738418579E-002,-7.764942944049835E-002,-9.578192234039307E-001,-2.481895238161087E-001,-4.632812738418579E-002,-7.764942944049835E-002,-9.578192234039307E-001,-2.481895238161087E-001,
3.015933333333334E+009,-8.914728648960590E-003,-8.583122491836548E-002,-9.656589627265930E-001,-2.232364416122437E-001,-8.914728648960590E-003,-8.583122491836548E-002,-9.656589627265930E-001,-2.232364416122437E-001,
3.024300000000000E+009,1.825221255421639E-002,-1.184973493218422E-001,-9.695577621459961E-001,-1.877651065587997E-001,1.825221255421639E-002,-1.184973493218422E-001,-9.695577621459961E-001,-1.877651065587997E-001,
3.032666666666667E+009,2.340238355100155E-002,-1.572619825601578E-001,-9.650576710700989E-001,-1.607604324817658E-001,2.340238355100155E-002,-1.572619825601578E-001,-9.650576710700989E-001,-1.607604324817658E-001,
3.041033333333334E+009,6.685718894004822E-003,-1.962195932865143E-001,-9.660764336585999E-001,-1.312214285135269E-001,6.685718894004822E-003,-1.962195932865143E-001,-9.660764336585999E-001,-1.312214285135269E-001,
3.049400000000000E+009,-3.042661398649216E-002,-2.192206531763077E-001,-9.642010927200317E-001,-1.030387729406357E-001,-3.042661398649216E-002,-2.192206531763077E-001,-9.642010927200317E-001,-1.030387729406357E-001,
3.057766666666667E+009,-7.493494451045990E-002,-2.217563241720200E-001,-9.626677632331848E-001,-8.738210052251816E-002,-7.493494451045990E-002,-2.217563241720200E-001,-9.626677632331848E-001,-8.738210052251816E-002,
3.066133333333334E+009,-1.170189529657364E-001,-2.006701380014420E-001,-9.619500637054443E-001,-6.869374215602875E-002,-1.170189529657364E-001,-2.006701380014420E-001,-9.619500637054443E-001,-6.869374215602875E-002,
3.074500000000000E+009,-1.399334073066711E-001,-1.624771952629089E-001,-9.665476679801941E-001,-5.117258802056313E-002,-1.399334073066711E-001,-1.624771952629089E-001,-9.665476679801941E-001,-5.117258802056313E-002,
3.082866666666667E+009,-1.395301222801209E-001,-1.176162958145142E-001,-9.672909379005432E-001,-2.921840362250805E-002,-1.395301222801209E-001,-1.176162958145142E-001,-9.672909379005432E-001,-2.921840362250805E-002,
3.091233333333334E+009,-1.145565733313561E-001,-8.039752393960953E-002,-9.797316789627075E-001,-1.383893075399101E-003,-1.145565733313561E-001,-8.039752393960953E-002,-9.797316789627075E-001,-1.383893075399101E-003,
3.099600000000000E+009,-7.189680635929108E-002,-6.487005203962326E-002,-9.896985292434692E-001,2.356756106019020E-002,-7.189680635929108E-002,-6.487005203962326E-002,-9.896985292434692E-001,2.356756106019020E-002,
3.107966666666667E+009,-2.632919885218144E-002,-7.591921091079712E-002,-9.912396073341370E-001,5.851737037301064E-002,-2.632919885218144E-002,-7.591921091079712E-002,-9.912396073341370E-001,5.851737037301064E-002,
3.116333333333334E+009,6.110756658017635E-003,-1.124001443386078E-001,-9.868692755699158E-001,9.570634365081787E-002,6.110756658017635E-003,-1.124001443386078E-001,-9.868692755699158E-001,9.570634365081787E-002,
3.124700000000000E+009,1.237210445106030E-002,-1.618584245443344E-001,-9.691299796104431E-001,1.239947974681854E-001,1.237210445106030E-002,-1.618584245443344E-001,-9.691299796104431E-001,1.239947974681854E-001,
3.133066666666667E+009,-8.394624106585980E-003,-2.087423801422119E-001,-9.650145173072815E-001,1.496061980724335E-001,-8.394624106585980E-003,-2.087423801422119E-001,-9.650145173072815E-001,1.496061980724335E-001,
3.141433333333334E+009,-5.363512039184570E-002,-2.374641597270966E-001,-9.584370851516724E-001,1.742457151412964E-001,-5.363512039184570E-002,-2.374641597270966E-001,-9.584370851516724E-001,1.742457151412964E-001,
3.149800000000000E+009,-1.051288694143295E-001,-2.398302257061005E-001,-9.388287067413330E-001,1.927221268415451E-001,-1.051288694143295E-001,-2.398302257061005E-001,-9.388287067413330E-001,1.927221268415451E-001,
3.158166666666667E+009,-1.534084379673004E-001,-2.176256924867630E-001,-9.340705275535584E-001,2.102953493595123E-001,-1.534084379673004E-001,-2.176256924867630E-001,-9.340705275535584E-001,2.102953493595123E-001,
3.166533333333334E+009,-1.824775785207748E-001,-1.747309267520905E-001,-9.278920292854309E-001,2.221472561359406E-001,-1.824775785207748E-001,-1.747309267520905E-001,-9.278920292854309E-001,2.221472561359406E-001,
3.174900000000000E+009,-1.862283051013947E-001,-1.236422359943390E-001,-9.346773624420166E-001,2.403565347194672E-001,-1.862283051013947E-001,-1.236422359943390E-001,-9.346773624420166E-001,2.403565347194672E-001,
3.183266666666667E+009,-1.632133722305298E-001,-8.002275973558426E-002,-9.379802346229553E-001,2.605301141738892E-001,-1.632133722305298E-001,-8.002275973558426E-002,-9.379802346229553E-001,2.605301141738892E-001,
3.191633333333334E+009,-1.189936846494675E-001,-5.843471735715866E-002,-9.402422904968262E-001,2.908062934875488E-001,-1.189936846494675E-001,-5.843471735715866E-002,-9.402422904968262E-001,2.908062934875488E-001,
3.200000000000000E+009,-7.007744163274765E-002,-6.602317094802856E-002,-9.281222820281982E-001,3.207063078880310E-001,-7.007744163274765E-002,-6.602317094802856E-002,-9.281222820281982E-001,3.207063078880310E-001,
