% Version 1.00
%
%freq[Hz],re:Trc1_S11,im:Trc1_S11,re:Trc2_S21,im:Trc2_S21,re:Trc3_S11,im:Trc3_S11,re:Trc4_S21,im:Trc4_S21,
6.900000000000000E+008,-6.338100880384445E-002,1.821260899305344E-002,-5.041182637214661E-001,-8.469994068145752E-001,-6.338100880384445E-002,1.821260899305344E-002,-5.041182637214661E-001,-8.469994068145752E-001,
6.983666666666666E+008,-5.440878495573998E-002,1.861133240163326E-002,-5.298847556114197E-001,-8.357489109039307E-001,-5.440878495573998E-002,1.861133240163326E-002,-5.298847556114197E-001,-8.357489109039307E-001,
7.067333333333334E+008,-4.887364059686661E-002,1.345044467598200E-002,-5.737513303756714E-001,-7.747099995613098E-001,-4.887364059686661E-002,1.345044467598200E-002,-5.737513303756714E-001,-7.747099995613098E-001,
7.151000000000000E+008,-4.935961216688156E-002,6.375917233526707E-003,-5.936143994331360E-001,-7.875765562057495E-001,-4.935961216688156E-002,6.375917233526707E-003,-5.936143994331360E-001,-7.875765562057495E-001,
7.234666666666666E+008,-5.354315415024757E-002,1.694749109447002E-003,-6.059303283691406E-001,-7.749414443969727E-001,-5.354315415024757E-002,1.694749109447002E-003,-6.059303283691406E-001,-7.749414443969727E-001,
7.318333333333334E+008,-6.170233339071274E-002,2.046061272267252E-004,-6.206498146057129E-001,-7.720249891281128E-001,-6.170233339071274E-002,2.046061272267252E-004,-6.206498146057129E-001,-7.720249891281128E-001,
7.402000000000000E+008,-6.877368688583374E-002,1.318226219154894E-003,-6.653447747230530E-001,-7.542343139648438E-001,-6.877368688583374E-002,1.318226219154894E-003,-6.653447747230530E-001,-7.542343139648438E-001,
7.485666666666666E+008,-7.671915739774704E-002,8.168263360857964E-003,-6.631388068199158E-001,-7.500587105751038E-001,-7.671915739774704E-002,8.168263360857964E-003,-6.631388068199158E-001,-7.500587105751038E-001,
7.569333333333334E+008,-7.906734198331833E-002,1.668616384267807E-002,-6.697483062744141E-001,-7.303676605224609E-001,-7.906734198331833E-002,1.668616384267807E-002,-6.697483062744141E-001,-7.303676605224609E-001,
7.653000000000000E+008,-7.527840137481690E-002,2.516533806920052E-002,-6.892207860946655E-001,-7.101800441741943E-001,-7.527840137481690E-002,2.516533806920052E-002,-6.892207860946655E-001,-7.101800441741943E-001,
7.736666666666666E+008,-6.900476664304733E-002,3.119199723005295E-002,-7.198513150215149E-001,-6.845986843109131E-001,-6.900476664304733E-002,3.119199723005295E-002,-7.198513150215149E-001,-6.845986843109131E-001,
7.820333333333334E+008,-6.098268181085587E-002,3.435865044593811E-002,-7.321153879165649E-001,-6.715332269668579E-001,-6.098268181085587E-002,3.435865044593811E-002,-7.321153879165649E-001,-6.715332269668579E-001,
7.904000000000000E+008,-5.202599242329598E-002,3.372795507311821E-002,-7.371774911880493E-001,-6.504544615745544E-001,-5.202599242329598E-002,3.372795507311821E-002,-7.371774911880493E-001,-6.504544615745544E-001,
7.987666666666666E+008,-4.821693524718285E-002,2.853540331125259E-002,-7.728151082992554E-001,-6.290279030799866E-001,-4.821693524718285E-002,2.853540331125259E-002,-7.728151082992554E-001,-6.290279030799866E-001,
8.071333333333334E+008,-4.626171290874481E-002,2.416180260479450E-002,-7.756040692329407E-001,-6.172730326652527E-001,-4.626171290874481E-002,2.416180260479450E-002,-7.756040692329407E-001,-6.172730326652527E-001,
8.155000000000000E+008,-5.310324579477310E-002,1.822342723608017E-002,-7.997345924377441E-001,-5.941535830497742E-001,-5.310324579477310E-002,1.822342723608017E-002,-7.997345924377441E-001,-5.941535830497742E-001,
8.238666666666666E+008,-5.758015438914299E-002,1.598220318555832E-002,-7.998641133308411E-001,-5.649225115776062E-001,-5.758015438914299E-002,1.598220318555832E-002,-7.998641133308411E-001,-5.649225115776062E-001,
8.322333333333334E+008,-6.581080704927445E-002,1.762214861810207E-002,-8.223076462745667E-001,-5.438098907470703E-001,-6.581080704927445E-002,1.762214861810207E-002,-8.223076462745667E-001,-5.438098907470703E-001,
8.406000000000000E+008,-7.209537178277969E-002,2.316861040890217E-002,-8.318404555320740E-001,-5.316560864448547E-001,-7.209537178277969E-002,2.316861040890217E-002,-8.318404555320740E-001,-5.316560864448547E-001,
8.489666666666668E+008,-7.699749618768692E-002,3.093913570046425E-002,-8.428178429603577E-001,-5.169949531555176E-001,-7.699749618768692E-002,3.093913570046425E-002,-8.428178429603577E-001,-5.169949531555176E-001,
8.573333333333334E+008,-7.535865902900696E-002,3.921008110046387E-002,-8.585710525512695E-001,-4.766858816146851E-001,-7.535865902900696E-002,3.921008110046387E-002,-8.585710525512695E-001,-4.766858816146851E-001,
8.657000000000000E+008,-6.881143897771835E-002,4.814850911498070E-002,-8.751730918884277E-001,-4.548737108707428E-001,-6.881143897771835E-002,4.814850911498070E-002,-8.751730918884277E-001,-4.548737108707428E-001,
8.740666666666668E+008,-6.154915317893028E-002,5.154283717274666E-002,-8.737798929214478E-001,-4.433817863464356E-001,-6.154915317893028E-002,5.154283717274666E-002,-8.737798929214478E-001,-4.433817863464356E-001,
8.824333333333334E+008,-5.255774781107903E-002,5.136587098240852E-002,-8.916531801223755E-001,-4.291056394577026E-001,-5.255774781107903E-002,5.136587098240852E-002,-8.916531801223755E-001,-4.291056394577026E-001,
8.908000000000000E+008,-4.449306055903435E-002,4.789562150835991E-002,-8.922550678253174E-001,-3.968616724014282E-001,-4.449306055903435E-002,4.789562150835991E-002,-8.922550678253174E-001,-3.968616724014282E-001,
8.991666666666668E+008,-4.150164499878883E-002,4.172293096780777E-002,-9.083684086799622E-001,-3.690443336963654E-001,-4.150164499878883E-002,4.172293096780777E-002,-9.083684086799622E-001,-3.690443336963654E-001,
9.075333333333334E+008,-4.326125979423523E-002,3.643184527754784E-002,-9.379538297653198E-001,-3.488290607929230E-001,-4.326125979423523E-002,3.643184527754784E-002,-9.379538297653198E-001,-3.488290607929230E-001,
9.159000000000000E+008,-4.715601354837418E-002,3.568171709775925E-002,-9.418776631355286E-001,-3.212550878524780E-001,-4.715601354837418E-002,3.568171709775925E-002,-9.418776631355286E-001,-3.212550878524780E-001,
9.242666666666668E+008,-5.292318761348724E-002,3.423831611871719E-002,-9.471700787544251E-001,-3.057826459407806E-001,-5.292318761348724E-002,3.423831611871719E-002,-9.471700787544251E-001,-3.057826459407806E-001,
9.326333333333334E+008,-6.127172708511353E-002,3.653253987431526E-002,-9.662895798683167E-001,-2.803173363208771E-001,-6.127172708511353E-002,3.653253987431526E-002,-9.662895798683167E-001,-2.803173363208771E-001,
9.410000000000000E+008,-6.545866280794144E-002,4.249867424368858E-002,-9.594189524650574E-001,-2.491380125284195E-001,-6.545866280794144E-002,4.249867424368858E-002,-9.594189524650574E-001,-2.491380125284195E-001,
9.493666666666668E+008,-6.729935109615326E-002,5.102938413619995E-002,-9.580999016761780E-001,-2.301888018846512E-001,-6.729935109615326E-002,5.102938413619995E-002,-9.580999016761780E-001,-2.301888018846512E-001,
9.577333333333334E+008,-6.515853852033615E-002,6.032952666282654E-002,-9.721907377243042E-001,-2.083685994148254E-001,-6.515853852033615E-002,6.032952666282654E-002,-9.721907377243042E-001,-2.083685994148254E-001,
9.661000000000000E+008,-5.797168239951134E-002,6.942904740571976E-002,-9.708927869796753E-001,-1.822064369916916E-001,-5.797168239951134E-002,6.942904740571976E-002,-9.708927869796753E-001,-1.822064369916916E-001,
9.744666666666668E+008,-4.938632622361183E-002,7.049188762903214E-002,-9.758403897285461E-001,-1.589073538780212E-001,-4.938632622361183E-002,7.049188762903214E-002,-9.758403897285461E-001,-1.589073538780212E-001,
9.828333333333334E+008,-3.696009889245033E-002,6.877731531858444E-002,-9.791612029075623E-001,-1.391494274139404E-001,-3.696009889245033E-002,6.877731531858444E-002,-9.791612029075623E-001,-1.391494274139404E-001,
9.912000000000000E+008,-3.084104508161545E-002,6.327620893716812E-002,-9.795632958412170E-001,-1.112908497452736E-001,-3.084104508161545E-002,6.327620893716812E-002,-9.795632958412170E-001,-1.112908497452736E-001,
9.995666666666668E+008,-2.467011101543903E-002,5.613946169614792E-002,-9.954131245613098E-001,-7.304839044809341E-002,-2.467011101543903E-002,5.613946169614792E-002,-9.954131245613098E-001,-7.304839044809341E-002,
1.007933333333333E+009,-2.615053579211235E-002,4.848456010222435E-002,-9.923874139785767E-001,-5.895009264349937E-002,-2.615053579211235E-002,4.848456010222435E-002,-9.923874139785767E-001,-5.895009264349937E-002,
1.016300000000000E+009,-3.267431259155273E-002,4.465331882238388E-002,-9.938850998878479E-001,-3.043368458747864E-002,-3.267431259155273E-002,4.465331882238388E-002,-9.938850998878479E-001,-3.043368458747864E-002,
1.024666666666667E+009,-4.070838540792465E-002,4.055133834481239E-002,-9.935758113861084E-001,3.590936306864023E-003,-4.070838540792465E-002,4.055133834481239E-002,-9.935758113861084E-001,3.590936306864023E-003,
1.033033333333333E+009,-4.751798883080483E-002,4.552904143929482E-002,-9.922013878822327E-001,2.182098291814327E-002,-4.751798883080483E-002,4.552904143929482E-002,-9.922013878822327E-001,2.182098291814327E-002,
1.041400000000000E+009,-5.350124463438988E-002,5.341978371143341E-002,-9.773372411727905E-001,5.983379483222961E-002,-5.350124463438988E-002,5.341978371143341E-002,-9.773372411727905E-001,5.983379483222961E-002,
1.049766666666667E+009,-5.440493673086166E-002,6.408261507749558E-002,-9.877604842185974E-001,7.866782695055008E-002,-5.440493673086166E-002,6.408261507749558E-002,-9.877604842185974E-001,7.866782695055008E-002,
1.058133333333333E+009,-4.901149496436119E-002,7.226002961397171E-002,-9.828349351882935E-001,9.610950946807861E-002,-4.901149496436119E-002,7.226002961397171E-002,-9.828349351882935E-001,9.610950946807861E-002,
1.066500000000000E+009,-3.882559388875961E-002,7.914109528064728E-002,-9.897033572196960E-001,1.353923827409744E-001,-3.882559388875961E-002,7.914109528064728E-002,-9.897033572196960E-001,1.353923827409744E-001,
1.074866666666667E+009,-2.825599908828735E-002,7.742325216531754E-002,-9.703758358955383E-001,1.515092998743057E-001,-2.825599908828735E-002,7.742325216531754E-002,-9.703758358955383E-001,1.515092998743057E-001,
1.083233333333334E+009,-1.732201315462589E-002,6.827555596828461E-002,-9.710315465927124E-001,1.746999025344849E-001,-1.732201315462589E-002,6.827555596828461E-002,-9.710315465927124E-001,1.746999025344849E-001,
1.091600000000000E+009,-1.227818988263607E-002,5.931622907519341E-002,-9.623841047286987E-001,1.970554292201996E-001,-1.227818988263607E-002,5.931622907519341E-002,-9.623841047286987E-001,1.970554292201996E-001,
1.099966666666667E+009,-1.238049194216728E-002,4.848777130246162E-002,-9.651084542274475E-001,2.362304776906967E-001,-1.238049194216728E-002,4.848777130246162E-002,-9.651084542274475E-001,2.362304776906967E-001,
1.108333333333334E+009,-2.198356389999390E-002,3.983370214700699E-002,-9.418573379516602E-001,2.397113442420960E-001,-2.198356389999390E-002,3.983370214700699E-002,-9.418573379516602E-001,2.397113442420960E-001,
1.116700000000000E+009,-3.319413587450981E-002,4.151844978332520E-002,-9.414575099945068E-001,2.873016297817230E-001,-3.319413587450981E-002,4.151844978332520E-002,-9.414575099945068E-001,2.873016297817230E-001,
1.125066666666667E+009,-4.693082347512245E-002,4.506974294781685E-002,-9.442433714866638E-001,2.970831096172333E-001,-4.693082347512245E-002,4.506974294781685E-002,-9.442433714866638E-001,2.970831096172333E-001,
1.133433333333334E+009,-5.496107414364815E-002,5.950464308261871E-002,-9.423723816871643E-001,3.212875127792358E-001,-5.496107414364815E-002,5.950464308261871E-002,-9.423723816871643E-001,3.212875127792358E-001,
1.141800000000000E+009,-5.496216192841530E-002,7.319657504558563E-002,-9.140968322753906E-001,3.396856486797333E-001,-5.496216192841530E-002,7.319657504558563E-002,-9.140968322753906E-001,3.396856486797333E-001,
1.150166666666667E+009,-4.789957031607628E-002,9.041374921798706E-002,-8.967938423156738E-001,3.694666326045990E-001,-4.789957031607628E-002,9.041374921798706E-002,-8.967938423156738E-001,3.694666326045990E-001,
1.158533333333334E+009,-3.313381969928742E-002,9.857835620641708E-002,-8.981489539146423E-001,3.929819166660309E-001,-3.313381969928742E-002,9.857835620641708E-002,-8.981489539146423E-001,3.929819166660309E-001,
1.166900000000000E+009,-1.441069412976503E-002,9.915129840373993E-002,-8.903816342353821E-001,4.243461787700653E-001,-1.441069412976503E-002,9.915129840373993E-002,-8.903816342353821E-001,4.243461787700653E-001,
1.175266666666667E+009,1.665194053202868E-003,8.812257647514343E-002,-8.826815485954285E-001,4.305658042430878E-001,1.665194053202868E-003,8.812257647514343E-002,-8.826815485954285E-001,4.305658042430878E-001,
1.183633333333334E+009,1.246047206223011E-002,7.341890037059784E-002,-8.712788224220276E-001,4.711751341819763E-001,1.246047206223011E-002,7.341890037059784E-002,-8.712788224220276E-001,4.711751341819763E-001,
1.192000000000000E+009,1.265612710267305E-002,5.416632443666458E-002,-8.611177802085877E-001,4.799958765506744E-001,1.265612710267305E-002,5.416632443666458E-002,-8.611177802085877E-001,4.799958765506744E-001,
1.200366666666667E+009,1.576532144099474E-003,4.076274484395981E-002,-8.508831858634949E-001,5.090771913528442E-001,1.576532144099474E-003,4.076274484395981E-002,-8.508831858634949E-001,5.090771913528442E-001,
1.208733333333334E+009,-1.428725477308035E-002,3.317890316247940E-002,-8.445325493812561E-001,5.273098945617676E-001,-1.428725477308035E-002,3.317890316247940E-002,-8.445325493812561E-001,5.273098945617676E-001,
1.217100000000000E+009,-3.135384991765022E-002,4.028741270303726E-002,-8.258762359619141E-001,5.465270280838013E-001,-3.135384991765022E-002,4.028741270303726E-002,-8.258762359619141E-001,5.465270280838013E-001,
1.225466666666667E+009,-4.031611979007721E-002,5.237703770399094E-002,-7.987281680107117E-001,5.739378929138184E-001,-4.031611979007721E-002,5.237703770399094E-002,-7.987281680107117E-001,5.739378929138184E-001,
1.233833333333334E+009,-4.612856358289719E-002,6.991516053676605E-002,-7.807840704917908E-001,5.901581645011902E-001,-4.612856358289719E-002,6.991516053676605E-002,-7.807840704917908E-001,5.901581645011902E-001,
1.242200000000000E+009,-4.137665033340454E-002,8.850380033254623E-002,-7.661291956901550E-001,6.000691056251526E-001,-4.137665033340454E-002,8.850380033254623E-002,-7.661291956901550E-001,6.000691056251526E-001,
1.250566666666667E+009,-2.508739940822125E-002,9.937246143817902E-002,-7.408694028854370E-001,6.270754337310791E-001,-2.508739940822125E-002,9.937246143817902E-002,-7.408694028854370E-001,6.270754337310791E-001,
1.258933333333334E+009,-5.319674033671618E-003,1.009099110960960E-001,-7.507779002189636E-001,6.469109058380127E-001,-5.319674033671618E-003,1.009099110960960E-001,-7.507779002189636E-001,6.469109058380127E-001,
1.267300000000000E+009,1.316792611032724E-002,9.058400988578796E-002,-7.321679592132568E-001,6.595128774642944E-001,1.316792611032724E-002,9.058400988578796E-002,-7.321679592132568E-001,6.595128774642944E-001,
1.275666666666667E+009,2.210693992674351E-002,7.220767438411713E-002,-6.996529698371887E-001,6.826007366180420E-001,2.210693992674351E-002,7.220767438411713E-002,-6.996529698371887E-001,6.826007366180420E-001,
1.284033333333334E+009,2.175387740135193E-002,5.180731788277626E-002,-6.926020979881287E-001,7.055521011352539E-001,2.175387740135193E-002,5.180731788277626E-002,-6.926020979881287E-001,7.055521011352539E-001,
1.292400000000000E+009,1.040199398994446E-002,3.593963384628296E-002,-6.777064800262451E-001,7.224409580230713E-001,1.040199398994446E-002,3.593963384628296E-002,-6.777064800262451E-001,7.224409580230713E-001,
1.300766666666667E+009,-8.291805163025856E-003,2.854691073298454E-002,-6.524210572242737E-001,7.401035428047180E-001,-8.291805163025856E-003,2.854691073298454E-002,-6.524210572242737E-001,7.401035428047180E-001,
1.309133333333334E+009,-2.757571265101433E-002,3.343191370368004E-002,-6.381189227104187E-001,7.546906471252441E-001,-2.757571265101433E-002,3.343191370368004E-002,-6.381189227104187E-001,7.546906471252441E-001,
1.317500000000000E+009,-4.046614468097687E-002,4.941715672612190E-002,-6.123322248458862E-001,7.691722512245178E-001,-4.046614468097687E-002,4.941715672612190E-002,-6.123322248458862E-001,7.691722512245178E-001,
1.325866666666667E+009,-4.305049031972885E-002,6.990291178226471E-002,-5.945779085159302E-001,7.812478542327881E-001,-4.305049031972885E-002,6.990291178226471E-002,-5.945779085159302E-001,7.812478542327881E-001,
1.334233333333334E+009,-3.457907214760780E-002,8.842921257019043E-002,-5.661602020263672E-001,8.000296354293823E-001,-3.457907214760780E-002,8.842921257019043E-002,-5.661602020263672E-001,8.000296354293823E-001,
1.342600000000000E+009,-1.883823238313198E-002,9.804770350456238E-002,-5.482528805732727E-001,8.151324987411499E-001,-1.883823238313198E-002,9.804770350456238E-002,-5.482528805732727E-001,8.151324987411499E-001,
1.350966666666667E+009,6.900006555952132E-004,9.782183170318604E-002,-5.196992754936218E-001,8.420016765594482E-001,6.900006555952132E-004,9.782183170318604E-002,-5.196992754936218E-001,8.420016765594482E-001,
1.359333333333334E+009,1.574946008622646E-002,8.729988336563110E-002,-5.085734724998474E-001,8.418316841125488E-001,1.574946008622646E-002,8.729988336563110E-002,-5.085734724998474E-001,8.418316841125488E-001,
1.367700000000000E+009,1.999389193952084E-002,6.630914658308029E-002,-4.919541180133820E-001,8.516420125961304E-001,1.999389193952084E-002,6.630914658308029E-002,-4.919541180133820E-001,8.516420125961304E-001,
1.376066666666667E+009,1.564789377152920E-002,4.875712469220161E-002,-4.753010272979736E-001,8.709994554519653E-001,1.564789377152920E-002,4.875712469220161E-002,-4.753010272979736E-001,8.709994554519653E-001,
1.384433333333334E+009,-9.248253190889955E-004,3.384505957365036E-002,-4.479576647281647E-001,8.941274285316467E-001,-9.248253190889955E-004,3.384505957365036E-002,-4.479576647281647E-001,8.941274285316467E-001,
1.392800000000000E+009,-2.162916585803032E-002,3.320599347352982E-002,-4.321748912334442E-001,8.899316191673279E-001,-2.162916585803032E-002,3.320599347352982E-002,-4.321748912334442E-001,8.899316191673279E-001,
1.401166666666667E+009,-4.062107950448990E-002,4.553559795022011E-002,-4.048094153404236E-001,9.082390666007996E-001,-4.062107950448990E-002,4.553559795022011E-002,-4.048094153404236E-001,9.082390666007996E-001,
1.409533333333334E+009,-5.123132094740868E-002,6.290606409311295E-002,-3.712052404880524E-001,9.154353737831116E-001,-5.123132094740868E-002,6.290606409311295E-002,-3.712052404880524E-001,9.154353737831116E-001,
1.417900000000000E+009,-4.997939988970757E-002,8.895227313041687E-002,-3.583257198333740E-001,9.062801599502564E-001,-4.997939988970757E-002,8.895227313041687E-002,-3.583257198333740E-001,9.062801599502564E-001,
1.426266666666667E+009,-3.486414626240730E-002,1.071966663002968E-001,-3.244039714336395E-001,9.276900291442871E-001,-3.486414626240730E-002,1.071966663002968E-001,-3.244039714336395E-001,9.276900291442871E-001,
1.434633333333334E+009,-1.495635323226452E-002,1.180472820997238E-001,-2.948098182678223E-001,9.350664615631104E-001,-1.495635323226452E-002,1.180472820997238E-001,-2.948098182678223E-001,9.350664615631104E-001,
1.443000000000000E+009,7.702936884015799E-003,1.168709918856621E-001,-2.801012694835663E-001,9.391887187957764E-001,7.702936884015799E-003,1.168709918856621E-001,-2.801012694835663E-001,9.391887187957764E-001,
1.451366666666667E+009,2.404864877462387E-002,1.043737083673477E-001,-2.521716356277466E-001,9.429510831832886E-001,2.404864877462387E-002,1.043737083673477E-001,-2.521716356277466E-001,9.429510831832886E-001,
1.459733333333334E+009,3.273215144872665E-002,8.354501426219940E-002,-2.347405850887299E-001,9.514607191085815E-001,3.273215144872665E-002,8.354501426219940E-002,-2.347405850887299E-001,9.514607191085815E-001,
1.468100000000000E+009,2.383426204323769E-002,6.491421908140183E-002,-2.113596200942993E-001,9.646522402763367E-001,2.383426204323769E-002,6.491421908140183E-002,-2.113596200942993E-001,9.646522402763367E-001,
1.476466666666667E+009,7.538105361163616E-003,5.529160797595978E-002,-1.878139078617096E-001,9.722702503204346E-001,7.538105361163616E-003,5.529160797595978E-002,-1.878139078617096E-001,9.722702503204346E-001,
1.484833333333334E+009,-1.233245246112347E-002,5.325046926736832E-002,-1.560148745775223E-001,9.781485795974731E-001,-1.233245246112347E-002,5.325046926736832E-002,-1.560148745775223E-001,9.781485795974731E-001,
1.493200000000000E+009,-2.896171994507313E-002,6.535314023494721E-002,-1.263589709997177E-001,9.843714833259583E-001,-2.896171994507313E-002,6.535314023494721E-002,-1.263589709997177E-001,9.843714833259583E-001,
1.501566666666667E+009,-3.694766014814377E-002,8.522621542215347E-002,-1.080059781670570E-001,9.787877202033997E-001,-3.694766014814377E-002,8.522621542215347E-002,-1.080059781670570E-001,9.787877202033997E-001,
1.509933333333334E+009,-3.288833424448967E-002,1.084856465458870E-001,-8.043760806322098E-002,9.774447679519653E-001,-3.288833424448967E-002,1.084856465458870E-001,-8.043760806322098E-002,9.774447679519653E-001,
1.518300000000000E+009,-1.519323419779539E-002,1.254313439130783E-001,-5.541443452239037E-002,9.794006943702698E-001,-1.519323419779539E-002,1.254313439130783E-001,-5.541443452239037E-002,9.794006943702698E-001,
1.526666666666667E+009,6.259141489863396E-003,1.313164532184601E-001,-3.406531363725662E-002,9.814515709877014E-001,6.259141489863396E-003,1.313164532184601E-001,-3.406531363725662E-002,9.814515709877014E-001,
1.535033333333334E+009,2.848940901458263E-002,1.277919262647629E-001,-1.072030235081911E-002,9.787352681159973E-001,2.848940901458263E-002,1.277919262647629E-001,-1.072030235081911E-002,9.787352681159973E-001,
1.543400000000000E+009,4.522734880447388E-002,1.154296398162842E-001,1.717478036880493E-002,9.795341491699219E-001,4.522734880447388E-002,1.154296398162842E-001,1.717478036880493E-002,9.795341491699219E-001,
1.551766666666667E+009,4.991089180111885E-002,9.564851969480515E-002,4.058519750833511E-002,9.836335778236389E-001,4.991089180111885E-002,9.564851969480515E-002,4.058519750833511E-002,9.836335778236389E-001,
1.560133333333334E+009,4.428879544138908E-002,7.654995471239090E-002,6.838433444499970E-002,9.923396706581116E-001,4.428879544138908E-002,7.654995471239090E-002,6.838433444499970E-002,9.923396706581116E-001,
1.568500000000000E+009,2.900871075689793E-002,6.631870567798615E-002,8.660236746072769E-002,9.696652293205261E-001,2.900871075689793E-002,6.631870567798615E-002,8.660236746072769E-002,9.696652293205261E-001,
1.576866666666667E+009,1.088371314108372E-002,6.649148464202881E-002,1.135710626840591E-001,9.834211468696594E-001,1.088371314108372E-002,6.649148464202881E-002,1.135710626840591E-001,9.834211468696594E-001,
1.585233333333334E+009,-4.454873036593199E-003,7.858178019523621E-002,1.414265185594559E-001,9.699544310569763E-001,-4.454873036593199E-003,7.858178019523621E-002,1.414265185594559E-001,9.699544310569763E-001,
1.593600000000000E+009,-8.599660359323025E-003,9.507944434881210E-002,1.689335107803345E-001,9.740152955055237E-001,-8.599660359323025E-003,9.507944434881210E-002,1.689335107803345E-001,9.740152955055237E-001,
1.601966666666667E+009,-4.345512948930264E-003,1.150526776909828E-001,1.909492611885071E-001,9.791427254676819E-001,-4.345512948930264E-003,1.150526776909828E-001,1.909492611885071E-001,9.791427254676819E-001,
1.610333333333334E+009,1.123584154993296E-002,1.283340454101563E-001,2.162934839725494E-001,9.611329436302185E-001,1.123584154993296E-002,1.283340454101563E-001,2.162934839725494E-001,9.611329436302185E-001,
1.618700000000000E+009,3.082393854856491E-002,1.313865333795548E-001,2.366859912872315E-001,9.454923868179321E-001,3.082393854856491E-002,1.313865333795548E-001,2.366859912872315E-001,9.454923868179321E-001,
1.627066666666667E+009,4.993568733334541E-002,1.271364241838455E-001,2.606599330902100E-001,9.394233822822571E-001,4.993568733334541E-002,1.271364241838455E-001,2.606599330902100E-001,9.394233822822571E-001,
1.635433333333334E+009,6.134899705648422E-002,1.138404607772827E-001,2.762159705162048E-001,9.332383871078491E-001,6.134899705648422E-002,1.138404607772827E-001,2.762159705162048E-001,9.332383871078491E-001,
1.643800000000000E+009,6.476297229528427E-002,9.690657258033752E-002,3.072577118873596E-001,9.385078549385071E-001,6.476297229528427E-002,9.690657258033752E-002,3.072577118873596E-001,9.385078549385071E-001,
1.652166666666667E+009,5.929379910230637E-002,8.428067713975906E-002,3.329191505908966E-001,9.275425076484680E-001,5.929379910230637E-002,8.428067713975906E-002,3.329191505908966E-001,9.275425076484680E-001,
1.660533333333334E+009,4.560142382979393E-002,7.601661235094070E-002,3.474366366863251E-001,9.153112769126892E-001,4.560142382979393E-002,7.601661235094070E-002,3.474366366863251E-001,9.153112769126892E-001,
1.668900000000000E+009,3.182636201381683E-002,8.022680133581162E-002,3.820018768310547E-001,9.077216982841492E-001,3.182636201381683E-002,8.022680133581162E-002,3.820018768310547E-001,9.077216982841492E-001,
1.677266666666667E+009,2.147256582975388E-002,8.908891677856445E-002,4.127681851387024E-001,8.874192833900452E-001,2.147256582975388E-002,8.908891677856445E-002,4.127681851387024E-001,8.874192833900452E-001,
1.685633333333334E+009,2.023790217936039E-002,1.072103157639504E-001,4.332542121410370E-001,8.864517211914063E-001,2.023790217936039E-002,1.072103157639504E-001,4.332542121410370E-001,8.864517211914063E-001,
1.694000000000000E+009,2.754710614681244E-002,1.212864592671394E-001,4.525114297866821E-001,8.709098696708679E-001,2.754710614681244E-002,1.212864592671394E-001,4.525114297866821E-001,8.709098696708679E-001,
1.702366666666667E+009,4.205299168825150E-002,1.315684020519257E-001,4.683470129966736E-001,8.600666522979736E-001,4.205299168825150E-002,1.315684020519257E-001,4.683470129966736E-001,8.600666522979736E-001,
1.710733333333334E+009,6.360747665166855E-002,1.337534636259079E-001,4.986979663372040E-001,8.387057781219482E-001,6.360747665166855E-002,1.337534636259079E-001,4.986979663372040E-001,8.387057781219482E-001,
1.719100000000000E+009,8.094435930252075E-002,1.259703040122986E-001,5.126773715019226E-001,8.321987390518189E-001,8.094435930252075E-002,1.259703040122986E-001,5.126773715019226E-001,8.321987390518189E-001,
1.727466666666667E+009,9.226399660110474E-002,1.146724447607994E-001,5.387528538703919E-001,8.190293312072754E-001,9.226399660110474E-002,1.146724447607994E-001,5.387528538703919E-001,8.190293312072754E-001,
1.735833333333334E+009,9.900163114070892E-002,9.600031375885010E-002,5.572871565818787E-001,8.007561564445496E-001,9.900163114070892E-002,9.600031375885010E-002,5.572871565818787E-001,8.007561564445496E-001,
1.744200000000000E+009,9.333464503288269E-002,8.090300112962723E-002,5.792719125747681E-001,7.883391380310059E-001,9.333464503288269E-002,8.090300112962723E-002,5.792719125747681E-001,7.883391380310059E-001,
1.752566666666667E+009,8.318069577217102E-002,7.081226259469986E-002,5.987823605537415E-001,7.833474874496460E-001,8.318069577217102E-002,7.081226259469986E-002,5.987823605537415E-001,7.833474874496460E-001,
1.760933333333334E+009,7.087298482656479E-002,6.855637580156326E-002,6.146000623703003E-001,7.654617428779602E-001,7.087298482656479E-002,6.855637580156326E-002,6.146000623703003E-001,7.654617428779602E-001,
1.769300000000000E+009,5.845153331756592E-002,7.354879379272461E-002,6.389465928077698E-001,7.426247596740723E-001,5.845153331756592E-002,7.354879379272461E-002,6.389465928077698E-001,7.426247596740723E-001,
1.777666666666667E+009,5.186118930578232E-002,8.502808213233948E-002,6.610997915267944E-001,7.258992195129395E-001,5.186118930578232E-002,8.502808213233948E-002,6.610997915267944E-001,7.258992195129395E-001,
1.786033333333334E+009,5.213640257716179E-002,9.822774678468704E-002,6.749423742294312E-001,7.143788337707520E-001,5.213640257716179E-002,9.822774678468704E-002,6.749423742294312E-001,7.143788337707520E-001,
1.794400000000000E+009,5.816529691219330E-002,1.082787066698074E-001,6.928144097328186E-001,6.939909458160400E-001,5.816529691219330E-002,1.082787066698074E-001,6.928144097328186E-001,6.939909458160400E-001,
1.802766666666667E+009,7.233053445816040E-002,1.156854107975960E-001,7.117312550544739E-001,6.756443977355957E-001,7.233053445816040E-002,1.156854107975960E-001,7.117312550544739E-001,6.756443977355957E-001,
1.811133333333334E+009,8.673934638500214E-002,1.151484474539757E-001,7.296022772789002E-001,6.492319703102112E-001,8.673934638500214E-002,1.151484474539757E-001,7.296022772789002E-001,6.492319703102112E-001,
1.819500000000000E+009,9.845776110887528E-002,1.102412566542625E-001,7.399392724037170E-001,6.394397020339966E-001,9.845776110887528E-002,1.102412566542625E-001,7.399392724037170E-001,6.394397020339966E-001,
1.827866666666667E+009,1.088826656341553E-001,1.005430445075035E-001,7.552230358123779E-001,6.132753491401672E-001,1.088826656341553E-001,1.005430445075035E-001,7.552230358123779E-001,6.132753491401672E-001,
1.836233333333334E+009,1.111399903893471E-001,8.916553854942322E-002,7.757034897804260E-001,6.005231738090515E-001,1.111399903893471E-001,8.916553854942322E-002,7.757034897804260E-001,6.005231738090515E-001,
1.844600000000000E+009,1.070225313305855E-001,8.206223696470261E-002,7.897600531578064E-001,5.869745016098023E-001,1.070225313305855E-001,8.206223696470261E-002,7.897600531578064E-001,5.869745016098023E-001,
1.852966666666667E+009,1.008235439658165E-001,7.745880633592606E-002,8.070196509361267E-001,5.554761886596680E-001,1.008235439658165E-001,7.745880633592606E-002,8.070196509361267E-001,5.554761886596680E-001,
1.861333333333334E+009,9.628422558307648E-002,7.456538081169128E-002,8.242338895797730E-001,5.431408286094666E-001,9.628422558307648E-002,7.456538081169128E-002,8.242338895797730E-001,5.431408286094666E-001,
1.869700000000000E+009,9.203457087278366E-002,7.940475642681122E-002,8.299143910408020E-001,5.145478248596191E-001,9.203457087278366E-002,7.940475642681122E-002,8.299143910408020E-001,5.145478248596191E-001,
1.878066666666667E+009,9.195125102996826E-002,8.592860400676727E-002,8.479245305061340E-001,4.955424666404724E-001,9.195125102996826E-002,8.592860400676727E-002,8.479245305061340E-001,4.955424666404724E-001,
1.886433333333334E+009,9.820652008056641E-002,9.475664794445038E-002,8.547844886779785E-001,4.619462490081787E-001,9.820652008056641E-002,9.475664794445038E-002,8.547844886779785E-001,4.619462490081787E-001,
1.894800000000000E+009,1.066892892122269E-001,9.914368391036987E-002,8.679823875427246E-001,4.516960978507996E-001,1.066892892122269E-001,9.914368391036987E-002,8.679823875427246E-001,4.516960978507996E-001,
1.903166666666667E+009,1.184958219528198E-001,9.818917512893677E-002,8.794682621955872E-001,4.278229475021362E-001,1.184958219528198E-001,9.818917512893677E-002,8.794682621955872E-001,4.278229475021362E-001,
1.911533333333334E+009,1.320275515317917E-001,9.461645781993866E-002,8.856637477874756E-001,3.923442959785461E-001,1.320275515317917E-001,9.461645781993866E-002,8.856637477874756E-001,3.923442959785461E-001,
1.919900000000000E+009,1.427170038223267E-001,8.447066694498062E-002,9.076545238494873E-001,3.751001954078674E-001,1.427170038223267E-001,8.447066694498062E-002,9.076545238494873E-001,3.751001954078674E-001,
1.928266666666667E+009,1.466925144195557E-001,7.327503710985184E-002,9.095093607902527E-001,3.615488111972809E-001,1.466925144195557E-001,7.327503710985184E-002,9.095093607902527E-001,3.615488111972809E-001,
1.936633333333334E+009,1.476452201604843E-001,5.943461135029793E-002,9.138270616531372E-001,3.361195027828217E-001,1.476452201604843E-001,5.943461135029793E-002,9.138270616531372E-001,3.361195027828217E-001,
1.945000000000000E+009,1.410166621208191E-001,4.846274852752686E-002,9.261507987976074E-001,3.109357953071594E-001,1.410166621208191E-001,4.846274852752686E-002,9.261507987976074E-001,3.109357953071594E-001,
1.953366666666667E+009,1.319082528352737E-001,4.525275900959969E-002,9.379655122756958E-001,2.949706017971039E-001,1.319082528352737E-001,4.525275900959969E-002,9.379655122756958E-001,2.949706017971039E-001,
1.961733333333334E+009,1.212844625115395E-001,4.612889140844345E-002,9.399828910827637E-001,2.719031274318695E-001,1.212844625115395E-001,4.612889140844345E-002,9.399828910827637E-001,2.719031274318695E-001,
1.970100000000000E+009,1.151458770036697E-001,5.353742837905884E-002,9.537486433982849E-001,2.426011562347412E-001,1.151458770036697E-001,5.353742837905884E-002,9.537486433982849E-001,2.426011562347412E-001,
1.978466666666667E+009,1.159178689122200E-001,6.340655684471130E-002,9.508675336837769E-001,2.121653258800507E-001,1.159178689122200E-001,6.340655684471130E-002,9.508675336837769E-001,2.121653258800507E-001,
1.986833333333334E+009,1.232969760894775E-001,7.336112856864929E-002,9.654657244682312E-001,2.003850489854813E-001,1.232969760894775E-001,7.336112856864929E-002,9.654657244682312E-001,2.003850489854813E-001,
1.995200000000000E+009,1.368139684200287E-001,7.757429778575897E-002,9.519262313842773E-001,1.687738895416260E-001,1.368139684200287E-001,7.757429778575897E-002,9.519262313842773E-001,1.687738895416260E-001,
2.003566666666667E+009,1.539064645767212E-001,7.652822881937027E-002,9.649070501327515E-001,1.380252391099930E-001,1.539064645767212E-001,7.652822881937027E-002,9.649070501327515E-001,1.380252391099930E-001,
2.011933333333334E+009,1.688574254512787E-001,6.713821738958359E-002,9.662815928459168E-001,1.130846887826920E-001,1.688574254512787E-001,6.713821738958359E-002,9.662815928459168E-001,1.130846887826920E-001,
2.020300000000000E+009,1.781951338052750E-001,5.125268548727036E-002,9.646300673484802E-001,9.869255125522614E-002,1.781951338052750E-001,5.125268548727036E-002,9.646300673484802E-001,9.869255125522614E-002,
2.028666666666667E+009,1.815847903490067E-001,3.001477196812630E-002,9.746677875518799E-001,6.435150653123856E-002,1.815847903490067E-001,3.001477196812630E-002,9.746677875518799E-001,6.435150653123856E-002,
2.037033333333334E+009,1.748467534780502E-001,1.555495336651802E-002,9.746406078338623E-001,5.124985426664352E-002,1.748467534780502E-001,1.555495336651802E-002,9.746406078338623E-001,5.124985426664352E-002,
2.045400000000000E+009,1.635683178901672E-001,6.728116422891617E-003,9.763581752777100E-001,2.456610091030598E-002,1.635683178901672E-001,6.728116422891617E-003,9.763581752777100E-001,2.456610091030598E-002,
2.053766666666667E+009,1.498749554157257E-001,1.414973638020456E-003,9.774125814437866E-001,-2.977207768708468E-003,1.498749554157257E-001,1.414973638020456E-003,9.774125814437866E-001,-2.977207768708468E-003,
2.062133333333334E+009,1.379568427801132E-001,7.038715761154890E-003,9.816619157791138E-001,-3.211459890007973E-002,1.379568427801132E-001,7.038715761154890E-003,9.816619157791138E-001,-3.211459890007973E-002,
2.070500000000000E+009,1.325563341379166E-001,2.124795690178871E-002,9.778598546981812E-001,-5.807639285922051E-002,1.325563341379166E-001,2.124795690178871E-002,9.778598546981812E-001,-5.807639285922051E-002,
2.078866666666667E+009,1.389226019382477E-001,3.288244456052780E-002,9.731346368789673E-001,-8.632466197013855E-002,1.389226019382477E-001,3.288244456052780E-002,9.731346368789673E-001,-8.632466197013855E-002,
2.087233333333334E+009,1.548198014497757E-001,4.069985449314117E-002,9.772653579711914E-001,-1.151851639151573E-001,1.548198014497757E-001,4.069985449314117E-002,9.772653579711914E-001,-1.151851639151573E-001,
2.095600000000000E+009,1.712131500244141E-001,3.850319236516953E-002,9.672496318817139E-001,-1.376448869705200E-001,1.712131500244141E-001,3.850319236516953E-002,9.672496318817139E-001,-1.376448869705200E-001,
2.103966666666667E+009,1.899980008602142E-001,2.564246207475662E-002,9.508807063102722E-001,-1.615157872438431E-001,1.899980008602142E-001,2.564246207475662E-002,9.508807063102722E-001,-1.615157872438431E-001,
2.112333333333334E+009,2.004622817039490E-001,2.539808629080653E-003,9.509489536285400E-001,-1.801123619079590E-001,2.004622817039490E-001,2.539808629080653E-003,9.509489536285400E-001,-1.801123619079590E-001,
2.120700000000000E+009,2.003546655178070E-001,-2.220121771097183E-002,9.445322155952454E-001,-2.096068859100342E-001,2.003546655178070E-001,-2.220121771097183E-002,9.445322155952454E-001,-2.096068859100342E-001,
2.129066666666667E+009,1.918099522590637E-001,-4.216521978378296E-002,9.262292981147766E-001,-2.285871505737305E-001,1.918099522590637E-001,-4.216521978378296E-002,9.262292981147766E-001,-2.285871505737305E-001,
2.137433333333334E+009,1.710675507783890E-001,-5.352428928017616E-002,9.412742853164673E-001,-2.585518062114716E-001,1.710675507783890E-001,-5.352428928017616E-002,9.412742853164673E-001,-2.585518062114716E-001,
2.145800000000000E+009,1.494137346744537E-001,-5.601811408996582E-002,9.339630603790283E-001,-2.732970714569092E-001,1.494137346744537E-001,-5.601811408996582E-002,9.339630603790283E-001,-2.732970714569092E-001,
2.154166666666667E+009,1.299113035202026E-001,-4.355566948652268E-002,9.323061704635620E-001,-3.018079400062561E-001,1.299113035202026E-001,-4.355566948652268E-002,9.323061704635620E-001,-3.018079400062561E-001,
2.162533333333334E+009,1.221451610326767E-001,-2.543021552264690E-002,9.205251932144165E-001,-3.283471763134003E-001,1.221451610326767E-001,-2.543021552264690E-002,9.205251932144165E-001,-3.283471763134003E-001,
2.170900000000000E+009,1.297451406717300E-001,-5.716018844395876E-003,9.106550216674805E-001,-3.611615896224976E-001,1.297451406717300E-001,-5.716018844395876E-003,9.106550216674805E-001,-3.611615896224976E-001,
2.179266666666667E+009,1.461772173643112E-001,6.884783040732145E-003,9.023148417472839E-001,-3.811374902725220E-001,1.461772173643112E-001,6.884783040732145E-003,9.023148417472839E-001,-3.811374902725220E-001,
2.187633333333334E+009,1.695087403059006E-001,6.158301141113043E-003,8.883853554725647E-001,-3.991018235683441E-001,1.695087403059006E-001,6.158301141113043E-003,8.883853554725647E-001,-3.991018235683441E-001,
2.196000000000000E+009,1.891828328371048E-001,-9.873167611658573E-003,8.758922219276428E-001,-4.185313880443573E-001,1.891828328371048E-001,-9.873167611658573E-003,8.758922219276428E-001,-4.185313880443573E-001,
2.204366666666667E+009,2.024980634450913E-001,-3.287637233734131E-002,8.758575320243835E-001,-4.375378489494324E-001,2.024980634450913E-001,-3.287637233734131E-002,8.758575320243835E-001,-4.375378489494324E-001,
2.212733333333334E+009,2.022085189819336E-001,-6.175140291452408E-002,8.526290059089661E-001,-4.496161043643951E-001,2.022085189819336E-001,-6.175140291452408E-002,8.526290059089661E-001,-4.496161043643951E-001,
2.221100000000000E+009,1.868407875299454E-001,-8.497445285320282E-002,8.441650867462158E-001,-4.783948063850403E-001,1.868407875299454E-001,-8.497445285320282E-002,8.441650867462158E-001,-4.783948063850403E-001,
2.229466666666667E+009,1.646933406591415E-001,-9.919579327106476E-002,8.407921195030212E-001,-4.964558184146881E-001,1.646933406591415E-001,-9.919579327106476E-002,8.407921195030212E-001,-4.964558184146881E-001,
2.237833333333334E+009,1.372986137866974E-001,-9.966975450515747E-002,8.198251128196716E-001,-5.240325927734375E-001,1.372986137866974E-001,-9.966975450515747E-002,8.198251128196716E-001,-5.240325927734375E-001,
2.246200000000000E+009,1.168460622429848E-001,-8.774709701538086E-002,8.149938583374023E-001,-5.408267378807068E-001,1.168460622429848E-001,-8.774709701538086E-002,8.149938583374023E-001,-5.408267378807068E-001,
2.254566666666667E+009,1.090201437473297E-001,-6.504078954458237E-002,7.989376187324524E-001,-5.638340711593628E-001,1.090201437473297E-001,-6.504078954458237E-002,7.989376187324524E-001,-5.638340711593628E-001,
2.262933333333334E+009,1.151124536991119E-001,-4.354216903448105E-002,7.876127958297730E-001,-5.932188630104065E-001,1.151124536991119E-001,-4.354216903448105E-002,7.876127958297730E-001,-5.932188630104065E-001,
2.271300000000000E+009,1.338939815759659E-001,-3.018801100552082E-002,7.604148983955383E-001,-6.109765172004700E-001,1.338939815759659E-001,-3.018801100552082E-002,7.604148983955383E-001,-6.109765172004700E-001,
2.279666666666667E+009,1.586300730705261E-001,-3.152769058942795E-002,7.427369356155396E-001,-6.290006041526794E-001,1.586300730705261E-001,-3.152769058942795E-002,7.427369356155396E-001,-6.290006041526794E-001,
2.288033333333334E+009,1.779514849185944E-001,-4.816899448633194E-002,7.227699160575867E-001,-6.442621946334839E-001,1.779514849185944E-001,-4.816899448633194E-002,7.227699160575867E-001,-6.442621946334839E-001,
2.296400000000000E+009,1.872204095125198E-001,-7.471193373203278E-002,7.074584364891052E-001,-6.591383218765259E-001,1.872204095125198E-001,-7.471193373203278E-002,7.074584364891052E-001,-6.591383218765259E-001,
2.304766666666667E+009,1.833759397268295E-001,-1.011013388633728E-001,6.912632584571838E-001,-6.767340898513794E-001,1.833759397268295E-001,-1.011013388633728E-001,6.912632584571838E-001,-6.767340898513794E-001,
2.313133333333334E+009,1.630626171827316E-001,-1.222007200121880E-001,6.766821742057800E-001,-6.841416954994202E-001,1.630626171827316E-001,-1.222007200121880E-001,6.766821742057800E-001,-6.841416954994202E-001,
2.321500000000000E+009,1.394188553094864E-001,-1.303059309720993E-001,6.650359630584717E-001,-7.105759978294373E-001,1.394188553094864E-001,-1.303059309720993E-001,6.650359630584717E-001,-7.105759978294373E-001,
2.329866666666667E+009,1.119668409228325E-001,-1.237622275948525E-001,6.478813886642456E-001,-7.254845499992371E-001,1.119668409228325E-001,-1.237622275948525E-001,6.478813886642456E-001,-7.254845499992371E-001,
2.338233333333334E+009,9.711919724941254E-002,-1.044294089078903E-001,6.243126988410950E-001,-7.440932989120483E-001,9.711919724941254E-002,-1.044294089078903E-001,6.243126988410950E-001,-7.440932989120483E-001,
2.346600000000000E+009,9.824969619512558E-002,-8.060675859451294E-002,6.098952293395996E-001,-7.682692408561707E-001,9.824969619512558E-002,-8.060675859451294E-002,6.098952293395996E-001,-7.682692408561707E-001,
2.354966666666667E+009,1.129513755440712E-001,-6.211096420884132E-002,5.867474675178528E-001,-7.785674929618835E-001,1.129513755440712E-001,-6.211096420884132E-002,5.867474675178528E-001,-7.785674929618835E-001,
2.363333333333334E+009,1.368193775415421E-001,-5.652715638279915E-002,5.577648282051086E-001,-7.968128919601440E-001,1.368193775415421E-001,-5.652715638279915E-002,5.577648282051086E-001,-7.968128919601440E-001,
2.371700000000000E+009,1.631442606449127E-001,-7.006312161684036E-002,5.371988415718079E-001,-8.102244734764099E-001,1.631442606449127E-001,-7.006312161684036E-002,5.371988415718079E-001,-8.102244734764099E-001,
2.380066666666667E+009,1.799819916486740E-001,-9.842609614133835E-002,5.179535150527954E-001,-8.053866028785706E-001,1.799819916486740E-001,-9.842609614133835E-002,5.179535150527954E-001,-8.053866028785706E-001,
2.388433333333334E+009,1.806886941194534E-001,-1.330130994319916E-001,4.946002662181854E-001,-8.295210003852844E-001,1.806886941194534E-001,-1.330130994319916E-001,4.946002662181854E-001,-8.295210003852844E-001,
2.396800000000000E+009,1.587767153978348E-001,-1.679635792970657E-001,4.766963422298431E-001,-8.330629467964172E-001,1.587767153978348E-001,-1.679635792970657E-001,4.766963422298431E-001,-8.330629467964172E-001,
2.405166666666667E+009,1.290387511253357E-001,-1.888138949871063E-001,4.660152494907379E-001,-8.478019237518311E-001,1.290387511253357E-001,-1.888138949871063E-001,4.660152494907379E-001,-8.478019237518311E-001,
2.413533333333334E+009,9.112391620874405E-002,-1.926661282777786E-001,4.422489404678345E-001,-8.540095090866089E-001,9.112391620874405E-002,-1.926661282777786E-001,4.422489404678345E-001,-8.540095090866089E-001,
2.421900000000000E+009,5.374659597873688E-002,-1.740519106388092E-001,4.334005117416382E-001,-8.809993863105774E-001,5.374659597873688E-002,-1.740519106388092E-001,4.334005117416382E-001,-8.809993863105774E-001,
2.430266666666667E+009,3.303102776408196E-002,-1.436527222394943E-001,4.025287926197052E-001,-8.917499780654907E-001,3.303102776408196E-002,-1.436527222394943E-001,4.025287926197052E-001,-8.917499780654907E-001,
2.438633333333334E+009,3.046110831201077E-002,-1.048113778233528E-001,3.817961215972900E-001,-9.071657657623291E-001,3.046110831201077E-002,-1.048113778233528E-001,3.817961215972900E-001,-9.071657657623291E-001,
2.447000000000000E+009,4.875104129314423E-002,-7.186123728752136E-002,3.541705012321472E-001,-9.190804958343506E-001,4.875104129314423E-002,-7.186123728752136E-002,3.541705012321472E-001,-9.190804958343506E-001,
2.455366666666667E+009,8.188887685537338E-002,-5.741193145513535E-002,3.178139030933380E-001,-9.305518865585327E-001,8.188887685537338E-002,-5.741193145513535E-002,3.178139030933380E-001,-9.305518865585327E-001,
2.463733333333334E+009,1.162271425127983E-001,-6.222700700163841E-002,2.943581044673920E-001,-9.349843859672546E-001,1.162271425127983E-001,-6.222700700163841E-002,2.943581044673920E-001,-9.349843859672546E-001,
2.472100000000000E+009,1.433195322751999E-001,-8.894223719835281E-002,2.636917829513550E-001,-9.387325048446655E-001,1.433195322751999E-001,-8.894223719835281E-002,2.636917829513550E-001,-9.387325048446655E-001,
2.480466666666667E+009,1.515344977378845E-001,-1.248647421598434E-001,2.378027588129044E-001,-9.373317360877991E-001,1.515344977378845E-001,-1.248647421598434E-001,2.378027588129044E-001,-9.373317360877991E-001,
2.488833333333334E+009,1.398379057645798E-001,-1.605919748544693E-001,2.192768454551697E-001,-9.403564333915710E-001,1.398379057645798E-001,-1.605919748544693E-001,2.192768454551697E-001,-9.403564333915710E-001,
2.497200000000000E+009,1.125008836388588E-001,-1.829907000064850E-001,1.976423412561417E-001,-9.420244097709656E-001,1.125008836388588E-001,-1.829907000064850E-001,1.976423412561417E-001,-9.420244097709656E-001,
2.505566666666667E+009,7.927571237087250E-002,-1.894300580024719E-001,1.805267930030823E-001,-9.501414895057678E-001,7.927571237087250E-002,-1.894300580024719E-001,1.805267930030823E-001,-9.501414895057678E-001,
2.513933333333334E+009,4.646636545658112E-002,-1.763984560966492E-001,1.648706495761871E-001,-9.562954306602478E-001,4.646636545658112E-002,-1.763984560966492E-001,1.648706495761871E-001,-9.562954306602478E-001,
2.522300000000000E+009,2.785586938261986E-002,-1.500514000654221E-001,1.357128173112869E-001,-9.760891199111939E-001,2.785586938261986E-002,-1.500514000654221E-001,1.357128173112869E-001,-9.760891199111939E-001,
2.530666666666667E+009,2.822402678430080E-002,-1.184330806136131E-001,1.087692379951477E-001,-9.833285808563232E-001,2.822402678430080E-002,-1.184330806136131E-001,1.087692379951477E-001,-9.833285808563232E-001,
2.539033333333334E+009,4.810558632016182E-002,-9.297532588243485E-002,7.985650748014450E-002,-9.792135357856751E-001,4.810558632016182E-002,-9.297532588243485E-002,7.985650748014450E-002,-9.792135357856751E-001,
2.547400000000000E+009,7.743788510560989E-002,-8.395100384950638E-002,5.273174867033958E-002,-9.803854823112488E-001,7.743788510560989E-002,-8.395100384950638E-002,5.273174867033958E-002,-9.803854823112488E-001,
2.555766666666667E+009,1.056557223200798E-001,-9.488315135240555E-002,1.947139762341976E-002,-9.785168170928955E-001,1.056557223200798E-001,-9.488315135240555E-002,1.947139762341976E-002,-9.785168170928955E-001,
2.564133333333334E+009,1.245384961366653E-001,-1.222223639488220E-001,-8.723863284103572E-004,-9.723901152610779E-001,1.245384961366653E-001,-1.222223639488220E-001,-8.723863284103572E-004,-9.723901152610779E-001,
2.572500000000000E+009,1.257228404283524E-001,-1.588960289955139E-001,-2.850702591240406E-002,-9.695733785629273E-001,1.257228404283524E-001,-1.588960289955139E-001,-2.850702591240406E-002,-9.695733785629273E-001,
2.580866666666667E+009,1.088434234261513E-001,-1.900949031114578E-001,-4.728111252188683E-002,-9.628342390060425E-001,1.088434234261513E-001,-1.900949031114578E-001,-4.728111252188683E-002,-9.628342390060425E-001,
2.589233333333334E+009,7.710901647806168E-002,-2.098645269870758E-001,-6.614235043525696E-002,-9.554094076156616E-001,7.710901647806168E-002,-2.098645269870758E-001,-6.614235043525696E-002,-9.554094076156616E-001,
2.597600000000000E+009,3.972328454256058E-002,-2.104669809341431E-001,-8.306557685136795E-002,-9.568454623222351E-001,3.972328454256058E-002,-2.104669809341431E-001,-8.306557685136795E-002,-9.568454623222351E-001,
2.605966666666667E+009,8.902976289391518E-003,-1.947809904813767E-001,-1.090919226408005E-001,-9.663753509521484E-001,8.902976289391518E-003,-1.947809904813767E-001,-1.090919226408005E-001,-9.663753509521484E-001,
2.614333333333334E+009,-9.492445737123489E-003,-1.643794924020767E-001,-1.324536502361298E-001,-9.713155031204224E-001,-9.492445737123489E-003,-1.643794924020767E-001,-1.324536502361298E-001,-9.713155031204224E-001,
2.622700000000000E+009,-8.515040390193462E-003,-1.294527351856232E-001,-1.638370007276535E-001,-9.717258810997009E-001,-8.515040390193462E-003,-1.294527351856232E-001,-1.638370007276535E-001,-9.717258810997009E-001,
2.631066666666667E+009,1.368606369942427E-002,-1.017049998044968E-001,-1.878564804792404E-001,-9.699855446815491E-001,1.368606369942427E-002,-1.017049998044968E-001,-1.878564804792404E-001,-9.699855446815491E-001,
2.639433333333334E+009,4.329496249556541E-002,-9.158332645893097E-002,-2.221008688211441E-001,-9.581500291824341E-001,4.329496249556541E-002,-9.158332645893097E-002,-2.221008688211441E-001,-9.581500291824341E-001,
2.647800000000000E+009,7.494188845157623E-002,-1.024215370416641E-001,-2.468577027320862E-001,-9.465039372444153E-001,7.494188845157623E-002,-1.024215370416641E-001,-2.468577027320862E-001,-9.465039372444153E-001,
2.656166666666667E+009,9.203430265188217E-002,-1.282074004411697E-001,-2.781293690204620E-001,-9.413920640945435E-001,9.203430265188217E-002,-1.282074004411697E-001,-2.781293690204620E-001,-9.413920640945435E-001,
2.664533333333334E+009,9.290879219770432E-002,-1.632770746946335E-001,-2.935467958450317E-001,-9.212191104888916E-001,9.290879219770432E-002,-1.632770746946335E-001,-2.935467958450317E-001,-9.212191104888916E-001,
2.672900000000000E+009,7.518898695707321E-002,-1.915131360292435E-001,-3.115007281303406E-001,-9.144564867019653E-001,7.518898695707321E-002,-1.915131360292435E-001,-3.115007281303406E-001,-9.144564867019653E-001,
2.681266666666667E+009,4.519496485590935E-002,-2.092104405164719E-001,-3.319369554519653E-001,-9.081940650939941E-001,4.519496485590935E-002,-2.092104405164719E-001,-3.319369554519653E-001,-9.081940650939941E-001,
2.689633333333334E+009,1.098495721817017E-002,-2.095448672771454E-001,-3.532019853591919E-001,-9.015384316444397E-001,1.098495721817017E-002,-2.095448672771454E-001,-3.532019853591919E-001,-9.015384316444397E-001,
2.698000000000000E+009,-1.985783502459526E-002,-1.924945265054703E-001,-3.788605630397797E-001,-8.890633583068848E-001,-1.985783502459526E-002,-1.924945265054703E-001,-3.788605630397797E-001,-8.890633583068848E-001,
2.706366666666667E+009,-3.486843034625053E-002,-1.630044877529144E-001,-3.905310034751892E-001,-8.928802013397217E-001,-3.486843034625053E-002,-1.630044877529144E-001,-3.905310034751892E-001,-8.928802013397217E-001,
2.714733333333334E+009,-2.997160330414772E-002,-1.292108595371246E-001,-4.258356988430023E-001,-8.918691873550415E-001,-2.997160330414772E-002,-1.292108595371246E-001,-4.258356988430023E-001,-8.918691873550415E-001,
2.723100000000000E+009,-7.212353870272636E-003,-1.050396561622620E-001,-4.516363143920898E-001,-8.758847117424011E-001,-7.212353870272636E-003,-1.050396561622620E-001,-4.516363143920898E-001,-8.758847117424011E-001,
2.731466666666667E+009,2.419341169297695E-002,-9.470459818840027E-002,-4.755835235118866E-001,-8.643121123313904E-001,2.419341169297695E-002,-9.470459818840027E-002,-4.755835235118866E-001,-8.643121123313904E-001,
2.739833333333334E+009,5.641804262995720E-002,-1.060646623373032E-001,-5.021081566810608E-001,-8.524838685989380E-001,5.641804262995720E-002,-1.060646623373032E-001,-5.021081566810608E-001,-8.524838685989380E-001,
2.748200000000000E+009,7.578728348016739E-002,-1.327145248651505E-001,-5.275020599365234E-001,-8.281350731849670E-001,7.578728348016739E-002,-1.327145248651505E-001,-5.275020599365234E-001,-8.281350731849670E-001,
2.756566666666667E+009,7.758057117462158E-002,-1.687894314527512E-001,-5.445105433464050E-001,-8.063546419143677E-001,7.758057117462158E-002,-1.687894314527512E-001,-5.445105433464050E-001,-8.063546419143677E-001,
2.764933333333334E+009,6.015361845493317E-002,-1.997643709182739E-001,-5.579191446304321E-001,-7.872939705848694E-001,6.015361845493317E-002,-1.997643709182739E-001,-5.579191446304321E-001,-7.872939705848694E-001,
2.773300000000000E+009,2.952825464308262E-002,-2.173515111207962E-001,-5.720042586326599E-001,-7.776297330856323E-001,2.952825464308262E-002,-2.173515111207962E-001,-5.720042586326599E-001,-7.776297330856323E-001,
2.781666666666667E+009,-7.848313078284264E-003,-2.180868834257126E-001,-5.893675684928894E-001,-7.617587447166443E-001,-7.848313078284264E-003,-2.180868834257126E-001,-5.893675684928894E-001,-7.617587447166443E-001,
2.790033333333334E+009,-3.911981731653214E-002,-2.030682265758514E-001,-6.062445640563965E-001,-7.563206553459168E-001,-3.911981731653214E-002,-2.030682265758514E-001,-6.062445640563965E-001,-7.563206553459168E-001,
2.798400000000000E+009,-5.614423379302025E-002,-1.752019524574280E-001,-6.347562074661255E-001,-7.444024085998535E-001,-5.614423379302025E-002,-1.752019524574280E-001,-6.347562074661255E-001,-7.444024085998535E-001,
2.806766666666667E+009,-5.416745319962502E-002,-1.413086950778961E-001,-6.512140035629273E-001,-7.311229109764099E-001,-5.416745319962502E-002,-1.413086950778961E-001,-6.512140035629273E-001,-7.311229109764099E-001,
2.815133333333334E+009,-3.349991142749786E-002,-1.175392717123032E-001,-6.720961332321167E-001,-7.192748188972473E-001,-3.349991142749786E-002,-1.175392717123032E-001,-6.720961332321167E-001,-7.192748188972473E-001,
2.823500000000000E+009,-7.995147025212646E-004,-1.088787764310837E-001,-6.981290578842163E-001,-6.987227797508240E-001,-7.995147025212646E-004,-1.088787764310837E-001,-6.981290578842163E-001,-6.987227797508240E-001,
2.831866666666667E+009,2.942783571779728E-002,-1.192585527896881E-001,-7.189188003540039E-001,-6.770657300949097E-001,2.942783571779728E-002,-1.192585527896881E-001,-7.189188003540039E-001,-6.770657300949097E-001,
2.840233333333334E+009,4.899568110704422E-002,-1.458474546670914E-001,-7.381099462509155E-001,-6.442031860351563E-001,4.899568110704422E-002,-1.458474546670914E-001,-7.381099462509155E-001,-6.442031860351563E-001,
2.848600000000000E+009,5.006862804293633E-002,-1.800299733877182E-001,-7.497577071189880E-001,-6.185263395309448E-001,5.006862804293633E-002,-1.800299733877182E-001,-7.497577071189880E-001,-6.185263395309448E-001,
2.856966666666667E+009,3.162895888090134E-002,-2.105314284563065E-001,-7.607071995735169E-001,-5.982805490493774E-001,3.162895888090134E-002,-2.105314284563065E-001,-7.607071995735169E-001,-5.982805490493774E-001,
2.865333333333334E+009,3.112299600616098E-005,-2.286771237850189E-001,-7.731697559356690E-001,-5.843449234962463E-001,3.112299600616098E-005,-2.286771237850189E-001,-7.731697559356690E-001,-5.843449234962463E-001,
2.873700000000000E+009,-4.011325165629387E-002,-2.300002425909042E-001,-7.807510495185852E-001,-5.720363259315491E-001,-4.011325165629387E-002,-2.300002425909042E-001,-7.807510495185852E-001,-5.720363259315491E-001,
2.882066666666667E+009,-7.290194183588028E-002,-2.093209475278854E-001,-7.906382679939270E-001,-5.477534532546997E-001,-7.290194183588028E-002,-2.093209475278854E-001,-7.906382679939270E-001,-5.477534532546997E-001,
2.890433333333334E+009,-9.236059337854385E-002,-1.793859153985977E-001,-8.052505850791931E-001,-5.428022146224976E-001,-9.236059337854385E-002,-1.793859153985977E-001,-8.052505850791931E-001,-5.428022146224976E-001,
2.898800000000000E+009,-9.112292528152466E-002,-1.444475948810577E-001,-8.302057981491089E-001,-5.259809494018555E-001,-9.112292528152466E-002,-1.444475948810577E-001,-8.302057981491089E-001,-5.259809494018555E-001,
2.907166666666667E+009,-6.957178562879562E-002,-1.164179444313049E-001,-8.446421027183533E-001,-5.065138339996338E-001,-6.957178562879562E-002,-1.164179444313049E-001,-8.446421027183533E-001,-5.065138339996338E-001,
2.915533333333334E+009,-3.664238750934601E-002,-1.062598079442978E-001,-8.620825409889221E-001,-4.858744740486145E-001,-3.664238750934601E-002,-1.062598079442978E-001,-8.620825409889221E-001,-4.858744740486145E-001,
2.923900000000000E+009,-1.064641517587006E-003,-1.171012073755264E-001,-8.781738877296448E-001,-4.469470679759979E-001,-1.064641517587006E-003,-1.171012073755264E-001,-8.781738877296448E-001,-4.469470679759979E-001,
2.932266666666667E+009,2.117258496582508E-002,-1.457448750734329E-001,-8.877755403518677E-001,-4.196922481060028E-001,2.117258496582508E-002,-1.457448750734329E-001,-8.877755403518677E-001,-4.196922481060028E-001,
2.940633333333334E+009,2.354606240987778E-002,-1.821293979883194E-001,-9.001219868659973E-001,-3.866555690765381E-001,2.354606240987778E-002,-1.821293979883194E-001,-9.001219868659973E-001,-3.866555690765381E-001,
2.949000000000000E+009,5.920221563428640E-003,-2.159679532051086E-001,-8.999016880989075E-001,-3.652860820293427E-001,5.920221563428640E-003,-2.159679532051086E-001,-8.999016880989075E-001,-3.652860820293427E-001,
2.957366666666667E+009,-2.997828088700771E-002,-2.347775548696518E-001,-9.040760397911072E-001,-3.446405231952667E-001,-2.997828088700771E-002,-2.347775548696518E-001,-9.040760397911072E-001,-3.446405231952667E-001,
2.965733333333334E+009,-7.019390910863876E-002,-2.346884012222290E-001,-9.081212282180786E-001,-3.269076049327850E-001,-7.019390910863876E-002,-2.346884012222290E-001,-9.081212282180786E-001,-3.269076049327850E-001,
2.974100000000000E+009,-1.042163819074631E-001,-2.131987512111664E-001,-9.134417176246643E-001,-3.098699748516083E-001,-1.042163819074631E-001,-2.131987512111664E-001,-9.134417176246643E-001,-3.098699748516083E-001,
2.982466666666667E+009,-1.263974606990814E-001,-1.813309639692307E-001,-9.330763816833496E-001,-2.904151380062103E-001,-1.263974606990814E-001,-1.813309639692307E-001,-9.330763816833496E-001,-2.904151380062103E-001,
2.990833333333334E+009,-1.260735988616943E-001,-1.419042944908142E-001,-9.329596161842346E-001,-2.733623385429382E-001,-1.260735988616943E-001,-1.419042944908142E-001,-9.329596161842346E-001,-2.733623385429382E-001,
2.999200000000000E+009,-1.031390056014061E-001,-1.124602928757668E-001,-9.483057260513306E-001,-2.461836785078049E-001,-1.031390056014061E-001,-1.124602928757668E-001,-9.483057260513306E-001,-2.461836785078049E-001,
3.007566666666667E+009,-6.820817291736603E-002,-9.978071600198746E-002,-9.623157382011414E-001,-2.204421758651733E-001,-6.820817291736603E-002,-9.978071600198746E-002,-9.623157382011414E-001,-2.204421758651733E-001,
3.015933333333334E+009,-3.231119737029076E-002,-1.107770055532455E-001,-9.707729220390320E-001,-1.963179856538773E-001,-3.231119737029076E-002,-1.107770055532455E-001,-9.707729220390320E-001,-1.963179856538773E-001,
3.024300000000000E+009,-8.090870454907417E-003,-1.456395387649536E-001,-9.727448821067810E-001,-1.571430563926697E-001,-8.090870454907417E-003,-1.456395387649536E-001,-9.727448821067810E-001,-1.571430563926697E-001,
3.032666666666667E+009,-6.004786584526300E-003,-1.846273988485336E-001,-9.663369655609131E-001,-1.291088461875916E-001,-6.004786584526300E-003,-1.846273988485336E-001,-9.663369655609131E-001,-1.291088461875916E-001,
3.041033333333334E+009,-2.606762386858463E-002,-2.219415158033371E-001,-9.647868275642395E-001,-9.876536577939987E-002,-2.606762386858463E-002,-2.219415158033371E-001,-9.647868275642395E-001,-9.876536577939987E-002,
3.049400000000000E+009,-6.457313150167465E-002,-2.412700057029724E-001,-9.621002674102783E-001,-7.354593276977539E-002,-6.457313150167465E-002,-2.412700057029724E-001,-9.621002674102783E-001,-7.354593276977539E-002,
3.057766666666667E+009,-1.089038625359535E-001,-2.397444993257523E-001,-9.591577649116516E-001,-5.802295356988907E-002,-1.089038625359535E-001,-2.397444993257523E-001,-9.591577649116516E-001,-5.802295356988907E-002,
3.066133333333334E+009,-1.499139368534088E-001,-2.147814035415649E-001,-9.568150639533997E-001,-3.818233683705330E-002,-1.499139368534088E-001,-2.147814035415649E-001,-9.568150639533997E-001,-3.818233683705330E-002,
3.074500000000000E+009,-1.702321320772171E-001,-1.742159575223923E-001,-9.614895582199097E-001,-2.231403067708015E-002,-1.702321320772171E-001,-1.742159575223923E-001,-9.614895582199097E-001,-2.231403067708015E-002,
3.082866666666667E+009,-1.678071469068527E-001,-1.287967711687088E-001,-9.629834890365601E-001,-3.925781697034836E-003,-1.678071469068527E-001,-1.287967711687088E-001,-9.629834890365601E-001,-3.925781697034836E-003,
3.091233333333334E+009,-1.417135298252106E-001,-9.299051016569138E-002,-9.759648442268372E-001,2.335008978843689E-002,-1.417135298252106E-001,-9.299051016569138E-002,-9.759648442268372E-001,2.335008978843689E-002,
3.099600000000000E+009,-9.988222271203995E-002,-8.004678040742874E-002,-9.860776662826538E-001,5.143377929925919E-002,-9.988222271203995E-002,-8.004678040742874E-002,-9.860776662826538E-001,5.143377929925919E-002,
3.107966666666667E+009,-5.641048029065132E-002,-9.397753328084946E-002,-9.871173501014710E-001,9.025394171476364E-002,-5.641048029065132E-002,-9.397753328084946E-002,-9.871173501014710E-001,9.025394171476364E-002,
3.116333333333334E+009,-2.806797996163368E-002,-1.327229440212250E-001,-9.817636013031006E-001,1.273838281631470E-001,-2.806797996163368E-002,-1.327229440212250E-001,-9.817636013031006E-001,1.273838281631470E-001,
3.124700000000000E+009,-2.633153833448887E-002,-1.824071556329727E-001,-9.632764458656311E-001,1.538942903280258E-001,-2.633153833448887E-002,-1.824071556329727E-001,-9.632764458656311E-001,1.538942903280258E-001,
3.133066666666667E+009,-5.101274326443672E-002,-2.268663048744202E-001,-9.558306336402893E-001,1.806155890226364E-001,-5.101274326443672E-002,-2.268663048744202E-001,-9.558306336402893E-001,1.806155890226364E-001,
3.141433333333334E+009,-9.825988858938217E-002,-2.512060999870300E-001,-9.460995197296143E-001,2.047039717435837E-001,-9.825988858938217E-002,-2.512060999870300E-001,-9.460995197296143E-001,2.047039717435837E-001,
3.149800000000000E+009,-1.492850184440613E-001,-2.489332705736160E-001,-9.259111285209656E-001,2.211338579654694E-001,-1.492850184440613E-001,-2.489332705736160E-001,-9.259111285209656E-001,2.211338579654694E-001,
3.158166666666667E+009,-1.946745514869690E-001,-2.225682586431503E-001,-9.194018244743347E-001,2.372689545154572E-001,-1.946745514869690E-001,-2.225682586431503E-001,-9.194018244743347E-001,2.372689545154572E-001,
3.166533333333334E+009,-2.201118171215057E-001,-1.773511469364166E-001,-9.135630130767822E-001,2.473108917474747E-001,-2.201118171215057E-001,-1.773511469364166E-001,-9.135630130767822E-001,2.473108917474747E-001,
3.174900000000000E+009,-2.204929143190384E-001,-1.256256401538849E-001,-9.202979207038879E-001,2.656037211418152E-001,-2.204929143190384E-001,-1.256256401538849E-001,-9.202979207038879E-001,2.656037211418152E-001,
3.183266666666667E+009,-1.955629140138626E-001,-8.341704308986664E-002,-9.238798618316650E-001,2.851450145244598E-001,-1.955629140138626E-001,-8.341704308986664E-002,-9.238798618316650E-001,2.851450145244598E-001,
3.191633333333334E+009,-1.512143611907959E-001,-6.387402862310410E-002,-9.266581535339356E-001,3.169752955436707E-001,-1.512143611907959E-001,-6.387402862310410E-002,-9.266581535339356E-001,3.169752955436707E-001,
3.200000000000000E+009,-1.046993955969811E-001,-7.407276332378388E-002,-9.165837168693543E-001,3.455385863780975E-001,-1.046993955969811E-001,-7.407276332378388E-002,-9.165837168693543E-001,3.455385863780975E-001,
