% Version 1.00
%
%freq[Hz],re:Trc1_S11,im:Trc1_S11,re:Trc2_S21,im:Trc2_S21,re:Trc3_S11,im:Trc3_S11,re:Trc4_S21,im:Trc4_S21,
6.900000000000000E+008,-5.771907046437264E-002,1.561226602643728E-002,-5.017976760864258E-001,-8.495242595672607E-001,-5.771907046437264E-002,1.561226602643728E-002,-5.017976760864258E-001,-8.495242595672607E-001,
6.983666666666666E+008,-4.877498373389244E-002,1.610232330858707E-002,-5.247019529342651E-001,-8.393770456314087E-001,-4.877498373389244E-002,1.610232330858707E-002,-5.247019529342651E-001,-8.393770456314087E-001,
7.067333333333334E+008,-4.309466481208801E-002,1.093734148889780E-002,-5.691475868225098E-001,-7.771399617195129E-001,-4.309466481208801E-002,1.093734148889780E-002,-5.691475868225098E-001,-7.771399617195129E-001,
7.151000000000000E+008,-4.379673302173615E-002,3.663665149360895E-003,-5.878602266311646E-001,-7.903628945350647E-001,-4.379673302173615E-002,3.663665149360895E-003,-5.878602266311646E-001,-7.903628945350647E-001,
7.234666666666666E+008,-4.805473238229752E-002,-1.186260720714927E-003,-6.007179021835327E-001,-7.769949436187744E-001,-4.805473238229752E-002,-1.186260720714927E-003,-6.007179021835327E-001,-7.769949436187744E-001,
7.318333333333334E+008,-5.617453902959824E-002,-3.185361390933394E-003,-6.148196458816528E-001,-7.754176855087280E-001,-5.617453902959824E-002,-3.185361390933394E-003,-6.148196458816528E-001,-7.754176855087280E-001,
7.402000000000000E+008,-6.330704689025879E-002,-2.286515897139907E-003,-6.594877839088440E-001,-7.582233548164368E-001,-6.330704689025879E-002,-2.286515897139907E-003,-6.594877839088440E-001,-7.582233548164368E-001,
7.485666666666666E+008,-7.155666500329971E-002,4.431661684066057E-003,-6.587767601013184E-001,-7.541921734809876E-001,-7.155666500329971E-002,4.431661684066057E-003,-6.587767601013184E-001,-7.541921734809876E-001,
7.569333333333334E+008,-7.362505048513413E-002,1.274450309574604E-002,-6.637876629829407E-001,-7.336617112159729E-001,-7.362505048513413E-002,1.274450309574604E-002,-6.637876629829407E-001,-7.336617112159729E-001,
7.653000000000000E+008,-6.986526399850845E-002,2.089055068790913E-002,-6.833403706550598E-001,-7.145284414291382E-001,-6.986526399850845E-002,2.089055068790913E-002,-6.833403706550598E-001,-7.145284414291382E-001,
7.736666666666666E+008,-6.350000202655792E-002,2.712730504572392E-002,-7.151827812194824E-001,-6.874055266380310E-001,-6.350000202655792E-002,2.712730504572392E-002,-7.151827812194824E-001,-6.874055266380310E-001,
7.820333333333334E+008,-5.552121624350548E-002,3.033196553587914E-002,-7.280297279357910E-001,-6.757656335830689E-001,-5.552121624350548E-002,3.033196553587914E-002,-7.280297279357910E-001,-6.757656335830689E-001,
7.904000000000000E+008,-4.622801765799522E-002,2.975392155349255E-002,-7.326721549034119E-001,-6.539502739906311E-001,-4.622801765799522E-002,2.975392155349255E-002,-7.326721549034119E-001,-6.539502739906311E-001,
7.987666666666666E+008,-4.255089908838272E-002,2.443701773881912E-002,-7.661554217338562E-001,-6.330420970916748E-001,-4.255089908838272E-002,2.443701773881912E-002,-7.661554217338562E-001,-6.330420970916748E-001,
8.071333333333334E+008,-4.075803607702255E-002,2.007082290947437E-002,-7.725954055786133E-001,-6.221349239349365E-001,-4.075803607702255E-002,2.007082290947437E-002,-7.725954055786133E-001,-6.221349239349365E-001,
8.155000000000000E+008,-4.749299958348274E-002,1.400765031576157E-002,-7.958337068557739E-001,-5.986390113830566E-001,-4.749299958348274E-002,1.400765031576157E-002,-7.958337068557739E-001,-5.986390113830566E-001,
8.238666666666666E+008,-5.236332491040230E-002,1.149357203394175E-002,-7.960686087608337E-001,-5.703284740447998E-001,-5.236332491040230E-002,1.149357203394175E-002,-7.960686087608337E-001,-5.703284740447998E-001,
8.322333333333334E+008,-6.066295877099037E-002,1.276721898466349E-002,-8.180344104766846E-001,-5.504170656204224E-001,-6.066295877099037E-002,1.276721898466349E-002,-8.180344104766846E-001,-5.504170656204224E-001,
8.406000000000000E+008,-6.713861227035523E-002,1.810022071003914E-002,-8.276348710060120E-001,-5.372585654258728E-001,-6.713861227035523E-002,1.810022071003914E-002,-8.276348710060120E-001,-5.372585654258728E-001,
8.489666666666668E+008,-7.201741635799408E-002,2.562456764280796E-002,-8.387182354927063E-001,-5.224540233612061E-001,-7.201741635799408E-002,2.562456764280796E-002,-8.387182354927063E-001,-5.224540233612061E-001,
8.573333333333334E+008,-7.025533914566040E-002,3.356568887829781E-002,-8.557136654853821E-001,-4.826723337173462E-001,-7.025533914566040E-002,3.356568887829781E-002,-8.557136654853821E-001,-4.826723337173462E-001,
8.657000000000000E+008,-6.378733366727829E-002,4.219937697052956E-002,-8.722801208496094E-001,-4.623512327671051E-001,-6.378733366727829E-002,4.219937697052956E-002,-8.722801208496094E-001,-4.623512327671051E-001,
8.740666666666668E+008,-5.636033043265343E-002,4.562846571207047E-002,-8.702902197837830E-001,-4.512148499488831E-001,-5.636033043265343E-002,4.562846571207047E-002,-8.702902197837830E-001,-4.512148499488831E-001,
8.824333333333334E+008,-4.715831950306892E-002,4.549743607640266E-002,-8.882099986076355E-001,-4.350411593914032E-001,-4.715831950306892E-002,4.549743607640266E-002,-8.882099986076355E-001,-4.350411593914032E-001,
8.908000000000000E+008,-3.917166963219643E-002,4.198434576392174E-002,-8.900079727172852E-001,-4.028809368610382E-001,-3.917166963219643E-002,4.198434576392174E-002,-8.900079727172852E-001,-4.028809368610382E-001,
8.991666666666668E+008,-3.622326627373695E-002,3.604166582226753E-002,-9.049822688102722E-001,-3.756917715072632E-001,-3.622326627373695E-002,3.604166582226753E-002,-9.049822688102722E-001,-3.756917715072632E-001,
9.075333333333334E+008,-3.798086568713188E-002,3.052496723830700E-002,-9.339105486869812E-001,-3.568047285079956E-001,-3.798086568713188E-002,3.052496723830700E-002,-9.339105486869812E-001,-3.568047285079956E-001,
9.159000000000000E+008,-4.216954857110977E-002,2.979371324181557E-002,-9.395912289619446E-001,-3.285859227180481E-001,-4.216954857110977E-002,2.979371324181557E-002,-9.395912289619446E-001,-3.285859227180481E-001,
9.242666666666668E+008,-4.816406965255737E-002,2.803370170295239E-002,-9.447833299636841E-001,-3.124617338180542E-001,-4.816406965255737E-002,2.803370170295239E-002,-9.447833299636841E-001,-3.124617338180542E-001,
9.326333333333334E+008,-5.655565485358238E-002,3.030527010560036E-002,-9.648702740669251E-001,-2.874730229377747E-001,-5.655565485358238E-002,3.030527010560036E-002,-9.648702740669251E-001,-2.874730229377747E-001,
9.410000000000000E+008,-6.094012409448624E-002,3.608630597591400E-002,-9.569568037986755E-001,-2.545452713966370E-001,-6.094012409448624E-002,3.608630597591400E-002,-9.569568037986755E-001,-2.545452713966370E-001,
9.493666666666668E+008,-6.290303170681000E-002,4.390256479382515E-002,-9.555689096450806E-001,-2.375827878713608E-001,-6.290303170681000E-002,4.390256479382515E-002,-9.555689096450806E-001,-2.375827878713608E-001,
9.577333333333334E+008,-6.078698486089706E-002,5.320135504007340E-002,-9.698112607002258E-001,-2.157185375690460E-001,-6.078698486089706E-002,5.320135504007340E-002,-9.698112607002258E-001,-2.157185375690460E-001,
9.661000000000000E+008,-5.357456207275391E-002,6.172373890876770E-002,-9.687386155128479E-001,-1.915640681982040E-001,-5.357456207275391E-002,6.172373890876770E-002,-9.687386155128479E-001,-1.915640681982040E-001,
9.744666666666668E+008,-4.493995010852814E-002,6.279084086418152E-002,-9.760305881500244E-001,-1.682485044002533E-001,-4.493995010852814E-002,6.279084086418152E-002,-9.760305881500244E-001,-1.682485044002533E-001,
9.828333333333334E+008,-3.249501436948776E-002,6.088849529623985E-002,-9.785214662551880E-001,-1.470382809638977E-001,-3.249501436948776E-002,6.088849529623985E-002,-9.785214662551880E-001,-1.470382809638977E-001,
9.912000000000000E+008,-2.609471231698990E-002,5.527770519256592E-002,-9.780303835868835E-001,-1.190515831112862E-001,-2.609471231698990E-002,5.527770519256592E-002,-9.780303835868835E-001,-1.190515831112862E-001,
9.995666666666668E+008,-2.000732906162739E-002,4.835344105958939E-002,-9.944419860839844E-001,-7.956285774707794E-002,-2.000732906162739E-002,4.835344105958939E-002,-9.944419860839844E-001,-7.956285774707794E-002,
1.007933333333333E+009,-2.166000194847584E-002,4.059065878391266E-002,-9.909220337867737E-001,-6.747262924909592E-002,-2.166000194847584E-002,4.059065878391266E-002,-9.909220337867737E-001,-6.747262924909592E-002,
1.016300000000000E+009,-2.829178608953953E-002,3.691691905260086E-002,-9.931864142417908E-001,-3.785376250743866E-002,-2.829178608953953E-002,3.691691905260086E-002,-9.931864142417908E-001,-3.785376250743866E-002,
1.024666666666667E+009,-3.658505529165268E-002,3.256469964981079E-002,-9.937622547149658E-001,-5.416489206254482E-003,-3.658505529165268E-002,3.256469964981079E-002,-9.937622547149658E-001,-5.416489206254482E-003,
1.033033333333333E+009,-4.368871822953224E-002,3.748062252998352E-002,-9.918575286865234E-001,1.413467247039080E-002,-4.368871822953224E-002,3.748062252998352E-002,-9.918575286865234E-001,1.413467247039080E-002,
1.041400000000000E+009,-4.993361234664917E-002,4.513933882117271E-002,-9.765759110450745E-001,5.094494298100472E-002,-4.993361234664917E-002,4.513933882117271E-002,-9.765759110450745E-001,5.094494298100472E-002,
1.049766666666667E+009,-5.114892497658730E-002,5.529674515128136E-002,-9.879736304283142E-001,6.970781832933426E-002,-5.114892497658730E-002,5.529674515128136E-002,-9.879736304283142E-001,6.970781832933426E-002,
1.058133333333333E+009,-4.593182355165482E-002,6.332045048475266E-002,-9.834002852439880E-001,8.766604959964752E-002,-4.593182355165482E-002,6.332045048475266E-002,-9.834002852439880E-001,8.766604959964752E-002,
1.066500000000000E+009,-3.580230847001076E-002,6.969762593507767E-002,-9.906490445137024E-001,1.259984523057938E-001,-3.580230847001076E-002,6.969762593507767E-002,-9.906490445137024E-001,1.259984523057938E-001,
1.074866666666667E+009,-2.511273510754108E-002,6.794875115156174E-002,-9.733281135559082E-001,1.429825127124786E-001,-2.511273510754108E-002,6.794875115156174E-002,-9.733281135559082E-001,1.429825127124786E-001,
1.083233333333334E+009,-1.432716287672520E-002,5.877203121781349E-002,-9.715455174446106E-001,1.651037633419037E-001,-1.432716287672520E-002,5.877203121781349E-002,-9.715455174446106E-001,1.651037633419037E-001,
1.091600000000000E+009,-8.923843502998352E-003,4.957284778356552E-002,-9.631409645080566E-001,1.885620355606079E-001,-8.923843502998352E-003,4.957284778356552E-002,-9.631409645080566E-001,1.885620355606079E-001,
1.099966666666667E+009,-9.019342251121998E-003,3.868055343627930E-002,-9.674432873725891E-001,2.274397909641266E-001,-9.019342251121998E-003,3.868055343627930E-002,-9.674432873725891E-001,2.274397909641266E-001,
1.108333333333334E+009,-1.866157911717892E-002,3.008302114903927E-002,-9.451316595077515E-001,2.318508028984070E-001,-1.866157911717892E-002,3.008302114903927E-002,-9.451316595077515E-001,2.318508028984070E-001,
1.116700000000000E+009,-2.999016270041466E-002,3.171303868293762E-002,-9.435074329376221E-001,2.775599658489227E-001,-2.999016270041466E-002,3.171303868293762E-002,-9.435074329376221E-001,2.775599658489227E-001,
1.125066666666667E+009,-4.401044920086861E-002,3.492804616689682E-002,-9.463158845901489E-001,2.877662181854248E-001,-4.401044920086861E-002,3.492804616689682E-002,-9.463158845901489E-001,2.877662181854248E-001,
1.133433333333334E+009,-5.241707712411881E-002,4.939167574048042E-002,-9.447289109230042E-001,3.114842772483826E-001,-5.241707712411881E-002,4.939167574048042E-002,-9.447289109230042E-001,3.114842772483826E-001,
1.141800000000000E+009,-5.289099365472794E-002,6.292588263750076E-002,-9.166235923767090E-001,3.303323090076447E-001,-5.289099365472794E-002,6.292588263750076E-002,-9.166235923767090E-001,3.303323090076447E-001,
1.150166666666667E+009,-4.642140865325928E-002,7.974968850612640E-002,-9.003408551216126E-001,3.607815206050873E-001,-4.642140865325928E-002,7.974968850612640E-002,-9.003408551216126E-001,3.607815206050873E-001,
1.158533333333334E+009,-3.200701996684074E-002,8.780016750097275E-002,-9.027400612831116E-001,3.852723538875580E-001,-3.200701996684074E-002,8.780016750097275E-002,-9.027400612831116E-001,3.852723538875580E-001,
1.166900000000000E+009,-1.340010855346918E-002,8.813995867967606E-002,-8.946021795272827E-001,4.168250560760498E-001,-1.340010855346918E-002,8.813995867967606E-002,-8.946021795272827E-001,4.168250560760498E-001,
1.175266666666667E+009,2.796073909848929E-003,7.692700624465942E-002,-8.855484724044800E-001,4.243385493755341E-001,2.796073909848929E-003,7.692700624465942E-002,-8.855484724044800E-001,4.243385493755341E-001,
1.183633333333334E+009,1.340976171195507E-002,6.234085932374001E-002,-8.747396469116211E-001,4.618302583694458E-001,1.340976171195507E-002,6.234085932374001E-002,-8.747396469116211E-001,4.618302583694458E-001,
1.192000000000000E+009,1.408320013433695E-002,4.281076788902283E-002,-8.652346134185791E-001,4.715726077556610E-001,1.408320013433695E-002,4.281076788902283E-002,-8.652346134185791E-001,4.715726077556610E-001,
1.200366666666667E+009,3.016347531229258E-003,2.915787510573864E-002,-8.550344109535217E-001,5.002046823501587E-001,3.016347531229258E-003,2.915787510573864E-002,-8.550344109535217E-001,5.002046823501587E-001,
1.208733333333334E+009,-1.271021738648415E-002,2.150554023683071E-002,-8.480224609375000E-001,5.188090205192566E-001,-1.271021738648415E-002,2.150554023683071E-002,-8.480224609375000E-001,5.188090205192566E-001,
1.217100000000000E+009,-3.006654232740402E-002,2.853519283235073E-002,-8.316645622253418E-001,5.375112891197205E-001,-3.006654232740402E-002,2.853519283235073E-002,-8.316645622253418E-001,5.375112891197205E-001,
1.225466666666667E+009,-3.940319642424583E-002,4.057127609848976E-002,-8.041951656341553E-001,5.654056668281555E-001,-3.940319642424583E-002,4.057127609848976E-002,-8.041951656341553E-001,5.654056668281555E-001,
1.233833333333334E+009,-4.579396173357964E-002,5.799572542309761E-002,-7.869955897331238E-001,5.823301076889038E-001,-4.579396173357964E-002,5.799572542309761E-002,-7.869955897331238E-001,5.823301076889038E-001,
1.242200000000000E+009,-4.145473614335060E-002,7.658360153436661E-002,-7.718022465705872E-001,5.933665633201599E-001,-4.145473614335060E-002,7.658360153436661E-002,-7.718022465705872E-001,5.933665633201599E-001,
1.250566666666667E+009,-2.596266940236092E-002,8.740634471178055E-002,-7.463763952255249E-001,6.199002861976624E-001,-2.596266940236092E-002,8.740634471178055E-002,-7.463763952255249E-001,6.199002861976624E-001,
1.258933333333334E+009,-6.626074202358723E-003,8.881794661283493E-002,-7.564371228218079E-001,6.401091814041138E-001,-6.626074202358723E-003,8.881794661283493E-002,-7.564371228218079E-001,6.401091814041138E-001,
1.267300000000000E+009,1.145450863987207E-002,7.832957804203033E-002,-7.384634613990784E-001,6.522768735885620E-001,1.145450863987207E-002,7.832957804203033E-002,-7.384634613990784E-001,6.522768735885620E-001,
1.275666666666667E+009,2.067990787327290E-002,5.991053208708763E-002,-7.060377597808838E-001,6.771194338798523E-001,2.067990787327290E-002,5.991053208708763E-002,-7.060377597808838E-001,6.771194338798523E-001,
1.284033333333334E+009,2.015020884573460E-002,3.922080248594284E-002,-6.981786489486694E-001,6.990172863006592E-001,2.015020884573460E-002,3.922080248594284E-002,-6.981786489486694E-001,6.990172863006592E-001,
1.292400000000000E+009,8.993520401418209E-003,2.314617671072483E-002,-6.840519309043884E-001,7.153342366218567E-001,8.993520401418209E-003,2.314617671072483E-002,-6.840519309043884E-001,7.153342366218567E-001,
1.300766666666667E+009,-9.604499675333500E-003,1.564391329884529E-002,-6.596825718879700E-001,7.323187589645386E-001,-9.604499675333500E-003,1.564391329884529E-002,-6.596825718879700E-001,7.323187589645386E-001,
1.309133333333334E+009,-2.914028801023960E-002,2.039542235434055E-002,-6.449913978576660E-001,7.486182451248169E-001,-2.914028801023960E-002,2.039542235434055E-002,-6.449913978576660E-001,7.486182451248169E-001,
1.317500000000000E+009,-4.224860668182373E-002,3.600206226110458E-002,-6.203060746192932E-001,7.633274197578430E-001,-4.224860668182373E-002,3.600206226110458E-002,-6.203060746192932E-001,7.633274197578430E-001,
1.325866666666667E+009,-4.541384056210518E-002,5.675019696354866E-002,-6.030506491661072E-001,7.748105525970459E-001,-4.541384056210518E-002,5.675019696354866E-002,-6.030506491661072E-001,7.748105525970459E-001,
1.334233333333334E+009,-3.743990510702133E-002,7.543905079364777E-002,-5.747262239456177E-001,7.939408421516419E-001,-3.743990510702133E-002,7.543905079364777E-002,-5.747262239456177E-001,7.939408421516419E-001,
1.342600000000000E+009,-2.234920486807823E-002,8.522916585206986E-002,-5.563865900039673E-001,8.102115392684937E-001,-2.234920486807823E-002,8.522916585206986E-002,-5.563865900039673E-001,8.102115392684937E-001,
1.350966666666667E+009,-3.419922199100256E-003,8.515965938568115E-002,-5.282230377197266E-001,8.364438414573669E-001,-3.419922199100256E-003,8.515965938568115E-002,-5.282230377197266E-001,8.364438414573669E-001,
1.359333333333334E+009,1.136622484773397E-002,7.452443242073059E-002,-5.179547071456909E-001,8.376070857048035E-001,1.136622484773397E-002,7.452443242073059E-002,-5.179547071456909E-001,8.376070857048035E-001,
1.367700000000000E+009,1.523296162486076E-002,5.341636016964912E-002,-5.012948513031006E-001,8.470080494880676E-001,1.523296162486076E-002,5.341636016964912E-002,-5.012948513031006E-001,8.470080494880676E-001,
1.376066666666667E+009,1.075003389269114E-002,3.569660335779190E-002,-4.840073883533478E-001,8.656198382377625E-001,1.075003389269114E-002,3.569660335779190E-002,-4.840073883533478E-001,8.656198382377625E-001,
1.384433333333334E+009,-5.755705758929253E-003,2.030863054096699E-002,-4.569667875766754E-001,8.895874619483948E-001,-5.755705758929253E-003,2.030863054096699E-002,-4.569667875766754E-001,8.895874619483948E-001,
1.392800000000000E+009,-2.652865462005138E-002,1.940318755805492E-002,-4.417523443698883E-001,8.844375014305115E-001,-2.652865462005138E-002,1.940318755805492E-002,-4.417523443698883E-001,8.844375014305115E-001,
1.401166666666667E+009,-4.571205377578735E-002,3.093993477523327E-002,-4.146016836166382E-001,9.024158716201782E-001,-4.571205377578735E-002,3.093993477523327E-002,-4.146016836166382E-001,9.024158716201782E-001,
1.409533333333334E+009,-5.661138892173767E-002,4.821458458900452E-002,-3.814975321292877E-001,9.107973575592041E-001,-5.661138892173767E-002,4.821458458900452E-002,-3.814975321292877E-001,9.107973575592041E-001,
1.417900000000000E+009,-5.591993406414986E-002,7.436387985944748E-002,-3.679163455963135E-001,9.019806385040283E-001,-5.591993406414986E-002,7.436387985944748E-002,-3.679163455963135E-001,9.019806385040283E-001,
1.426266666666667E+009,-4.148883372545242E-002,9.305128455162048E-002,-3.349116444587708E-001,9.251671433448792E-001,-4.148883372545242E-002,9.305128455162048E-002,-3.349116444587708E-001,9.251671433448792E-001,
1.434633333333334E+009,-2.219584211707115E-002,1.045909151434898E-001,-3.053509593009949E-001,9.325050115585327E-001,-2.219584211707115E-002,1.045909151434898E-001,-3.053509593009949E-001,9.325050115585327E-001,
1.443000000000000E+009,-1.430567863280885E-005,1.039426326751709E-001,-2.908106744289398E-001,9.371022582054138E-001,-1.430567863280885E-005,1.039426326751709E-001,-2.908106744289398E-001,9.371022582054138E-001,
1.451366666666667E+009,1.585970632731915E-002,9.180738031864166E-002,-2.624395191669464E-001,9.408966302871704E-001,1.585970632731915E-002,9.180738031864166E-002,-2.624395191669464E-001,9.408966302871704E-001,
1.459733333333334E+009,2.429991774260998E-002,7.126008719205856E-002,-2.447592616081238E-001,9.482455253601074E-001,2.429991774260998E-002,7.126008719205856E-002,-2.447592616081238E-001,9.482455253601074E-001,
1.468100000000000E+009,1.509077940136194E-002,5.249194055795670E-002,-2.224182188510895E-001,9.619986414909363E-001,1.509077940136194E-002,5.249194055795670E-002,-2.224182188510895E-001,9.619986414909363E-001,
1.476466666666667E+009,-1.297009643167257E-003,4.249149933457375E-002,-1.986486911773682E-001,9.700322151184082E-001,-1.297009643167257E-003,4.249149933457375E-002,-1.986486911773682E-001,9.700322151184082E-001,
1.484833333333334E+009,-2.139222994446755E-002,4.005395248532295E-002,-1.677196770906448E-001,9.766932129859924E-001,-2.139222994446755E-002,4.005395248532295E-002,-1.677196770906448E-001,9.766932129859924E-001,
1.493200000000000E+009,-3.859219700098038E-002,5.158236995339394E-002,-1.372680813074112E-001,9.823571443557739E-001,-3.859219700098038E-002,5.158236995339394E-002,-1.372680813074112E-001,9.823571443557739E-001,
1.501566666666667E+009,-4.677049070596695E-002,7.103353738784790E-002,-1.200244203209877E-001,9.770512580871582E-001,-4.677049070596695E-002,7.103353738784790E-002,-1.200244203209877E-001,9.770512580871582E-001,
1.509933333333334E+009,-4.302540048956871E-002,9.396101534366608E-002,-9.384518861770630E-002,9.757601022720337E-001,-4.302540048956871E-002,9.396101534366608E-002,-9.384518861770630E-002,9.757601022720337E-001,
1.518300000000000E+009,-2.611222304403782E-002,1.116217225790024E-001,-6.852760910987854E-002,9.793166518211365E-001,-2.611222304403782E-002,1.116217225790024E-001,-6.852760910987854E-002,9.793166518211365E-001,
1.526666666666667E+009,-4.956556018441916E-003,1.183590367436409E-001,-4.564007744193077E-002,9.822096824645996E-001,-4.956556018441916E-003,1.183590367436409E-001,-4.564007744193077E-002,9.822096824645996E-001,
1.535033333333334E+009,1.702067442238331E-002,1.153146103024483E-001,-2.327050268650055E-002,9.792634248733521E-001,1.702067442238331E-002,1.153146103024483E-001,-2.327050268650055E-002,9.792634248733521E-001,
1.543400000000000E+009,3.319180011749268E-002,1.037667170166969E-001,4.337239544838667E-003,9.804503321647644E-001,3.319180011749268E-002,1.037667170166969E-001,4.337239544838667E-003,9.804503321647644E-001,
1.551766666666667E+009,3.776805475354195E-002,8.440574258565903E-002,2.774811722338200E-002,9.848825335502625E-001,3.776805475354195E-002,8.440574258565903E-002,2.774811722338200E-002,9.848825335502625E-001,
1.560133333333334E+009,3.179753944277763E-002,6.562331318855286E-002,5.716238543391228E-002,9.923853278160095E-001,3.179753944277763E-002,6.562331318855286E-002,5.716238543391228E-002,9.923853278160095E-001,
1.568500000000000E+009,1.607511937618256E-002,5.545679852366447E-002,7.439289987087250E-002,9.706090092658997E-001,1.607511937618256E-002,5.545679852366447E-002,7.439289987087250E-002,9.706090092658997E-001,
1.576866666666667E+009,-2.622541040182114E-003,5.525690689682961E-002,1.014402508735657E-001,9.840787053108215E-001,-2.622541040182114E-003,5.525690689682961E-002,1.014402508735657E-001,9.840787053108215E-001,
1.585233333333334E+009,-1.821150630712509E-002,6.702085584402084E-002,1.288904547691345E-001,9.720243811607361E-001,-1.821150630712509E-002,6.702085584402084E-002,1.288904547691345E-001,9.720243811607361E-001,
1.593600000000000E+009,-2.332057617604733E-002,8.334321528673172E-002,1.546839028596878E-001,9.750296473503113E-001,-2.332057617604733E-002,8.334321528673172E-002,1.546839028596878E-001,9.750296473503113E-001,
1.601966666666667E+009,-1.939429529011250E-002,1.032385155558586E-001,1.770425289869309E-001,9.809879660606384E-001,-1.939429529011250E-002,1.032385155558586E-001,1.770425289869309E-001,9.809879660606384E-001,
1.610333333333334E+009,-4.151417408138514E-003,1.169154271483421E-001,2.031035274267197E-001,9.642692208290100E-001,-4.151417408138514E-003,1.169154271483421E-001,2.031035274267197E-001,9.642692208290100E-001,
1.618700000000000E+009,1.536878198385239E-002,1.206530109047890E-001,2.248362302780151E-001,9.493466019630432E-001,1.536878198385239E-002,1.206530109047890E-001,2.248362302780151E-001,9.493466019630432E-001,
1.627066666666667E+009,3.419972583651543E-002,1.172466203570366E-001,2.481496483087540E-001,9.443452954292297E-001,3.419972583651543E-002,1.172466203570366E-001,2.481496483087540E-001,9.443452954292297E-001,
1.635433333333334E+009,4.586735367774963E-002,1.045774966478348E-001,2.642244398593903E-001,9.371944665908814E-001,4.586735367774963E-002,1.045774966478348E-001,2.642244398593903E-001,9.371944665908814E-001,
1.643800000000000E+009,4.935566335916519E-002,8.839326351881027E-002,2.939780652523041E-001,9.431481361389160E-001,4.935566335916519E-002,8.839326351881027E-002,2.939780652523041E-001,9.431481361389160E-001,
1.652166666666667E+009,4.369973018765450E-002,7.622680068016052E-002,3.216118216514587E-001,9.310467243194580E-001,4.369973018765450E-002,7.622680068016052E-002,3.216118216514587E-001,9.310467243194580E-001,
1.660533333333334E+009,2.933447994291782E-002,6.832948327064514E-002,3.371177911758423E-001,9.197424650192261E-001,2.933447994291782E-002,6.832948327064514E-002,3.371177911758423E-001,9.197424650192261E-001,
1.668900000000000E+009,1.503437198698521E-002,7.259637117385864E-002,3.697600960731506E-001,9.123045802116394E-001,1.503437198698521E-002,7.259637117385864E-002,3.697600960731506E-001,9.123045802116394E-001,
1.677266666666667E+009,4.181599710136652E-003,8.138211816549301E-002,4.005446434020996E-001,8.926947116851807E-001,4.181599710136652E-003,8.138211816549301E-002,4.005446434020996E-001,8.926947116851807E-001,
1.685633333333334E+009,1.877781818620861E-003,9.958778321743012E-002,4.203634560108185E-001,8.920359611511231E-001,1.877781818620861E-003,9.958778321743012E-002,4.203634560108185E-001,8.920359611511231E-001,
1.694000000000000E+009,8.365292102098465E-003,1.137925386428833E-001,4.397526085376740E-001,8.772771358489990E-001,8.365292102098465E-003,1.137925386428833E-001,4.397526085376740E-001,8.772771358489990E-001,
1.702366666666667E+009,2.254646457731724E-002,1.246011033654213E-001,4.565583765506744E-001,8.679409027099609E-001,2.254646457731724E-002,1.246011033654213E-001,4.565583765506744E-001,8.679409027099609E-001,
1.710733333333334E+009,4.410142078995705E-002,1.272487342357636E-001,4.873445928096771E-001,8.458991646766663E-001,4.410142078995705E-002,1.272487342357636E-001,4.873445928096771E-001,8.458991646766663E-001,
1.719100000000000E+009,6.158750504255295E-002,1.202000752091408E-001,5.016905665397644E-001,8.397361040115356E-001,6.158750504255295E-002,1.202000752091408E-001,5.016905665397644E-001,8.397361040115356E-001,
1.727466666666667E+009,7.325693219900131E-002,1.093009859323502E-001,5.273280739784241E-001,8.272573947906494E-001,7.325693219900131E-002,1.093009859323502E-001,5.273280739784241E-001,8.272573947906494E-001,
1.735833333333334E+009,8.046510815620422E-002,9.139448404312134E-002,5.463087558746338E-001,8.085764646530151E-001,8.046510815620422E-002,9.139448404312134E-002,5.463087558746338E-001,8.085764646530151E-001,
1.744200000000000E+009,7.504297047853470E-002,7.673679292201996E-002,5.687681436538696E-001,7.961404919624329E-001,7.504297047853470E-002,7.673679292201996E-002,5.687681436538696E-001,7.961404919624329E-001,
1.752566666666667E+009,6.476763635873795E-002,6.728447228670120E-002,5.885003209114075E-001,7.919998168945313E-001,6.476763635873795E-002,6.728447228670120E-002,5.885003209114075E-001,7.919998168945313E-001,
1.760933333333334E+009,5.226358026266098E-002,6.551426649093628E-002,6.035928726196289E-001,7.742022871971130E-001,5.226358026266098E-002,6.551426649093628E-002,6.035928726196289E-001,7.742022871971130E-001,
1.769300000000000E+009,3.944226726889610E-002,7.071205228567123E-002,6.274037361145020E-001,7.514733076095581E-001,3.944226726889610E-002,7.071205228567123E-002,6.274037361145020E-001,7.514733076095581E-001,
1.777666666666667E+009,3.184185549616814E-002,8.247128129005432E-002,6.515327692031860E-001,7.346434593200684E-001,3.184185549616814E-002,8.247128129005432E-002,6.515327692031860E-001,7.346434593200684E-001,
1.786033333333334E+009,3.140206634998322E-002,9.575095027685165E-002,6.645964384078980E-001,7.240482568740845E-001,3.140206634998322E-002,9.575095027685165E-002,6.645964384078980E-001,7.240482568740845E-001,
1.794400000000000E+009,3.688648343086243E-002,1.060283780097961E-001,6.834309101104736E-001,7.035746574401856E-001,3.688648343086243E-002,1.060283780097961E-001,6.834309101104736E-001,7.035746574401856E-001,
1.802766666666667E+009,5.063305422663689E-002,1.139556989073753E-001,7.049821615219116E-001,6.868520975112915E-001,5.063305422663689E-002,1.139556989073753E-001,7.049821615219116E-001,6.868520975112915E-001,
1.811133333333334E+009,6.489957869052887E-002,1.138276830315590E-001,7.200232148170471E-001,6.604176163673401E-001,6.489957869052887E-002,1.138276830315590E-001,7.200232148170471E-001,6.604176163673401E-001,
1.819500000000000E+009,7.677229493856430E-002,1.092755645513535E-001,7.314726710319519E-001,6.502373814582825E-001,7.677229493856430E-002,1.092755645513535E-001,7.314726710319519E-001,6.502373814582825E-001,
1.827866666666667E+009,8.744574338197708E-002,1.002305746078491E-001,7.463932633399963E-001,6.252102851867676E-001,8.744574338197708E-002,1.002305746078491E-001,7.463932633399963E-001,6.252102851867676E-001,
1.836233333333334E+009,9.046438336372376E-002,8.934358507394791E-002,7.671396732330322E-001,6.112279295921326E-001,9.046438336372376E-002,8.934358507394791E-002,7.671396732330322E-001,6.112279295921326E-001,
1.844600000000000E+009,8.666063100099564E-002,8.319745957851410E-002,7.832647562026978E-001,5.983163714408875E-001,8.666063100099564E-002,8.319745957851410E-002,7.832647562026978E-001,5.983163714408875E-001,
1.852966666666667E+009,8.060189336538315E-002,7.930383831262589E-002,7.992389798164368E-001,5.675659775733948E-001,8.060189336538315E-002,7.930383831262589E-002,7.992389798164368E-001,5.675659775733948E-001,
1.861333333333334E+009,7.601922005414963E-002,7.728426158428192E-002,8.163377642631531E-001,5.545509457588196E-001,7.601922005414963E-002,7.728426158428192E-002,8.163377642631531E-001,5.545509457588196E-001,
1.869700000000000E+009,7.143794745206833E-002,8.284667134284973E-002,8.215435743331909E-001,5.281430482864380E-001,7.143794745206833E-002,8.284667134284973E-002,8.215435743331909E-001,5.281430482864380E-001,
1.878066666666667E+009,7.074069231748581E-002,8.970198035240173E-002,8.413805961608887E-001,5.090837478637695E-001,7.074069231748581E-002,8.970198035240173E-002,8.413805961608887E-001,5.090837478637695E-001,
1.886433333333334E+009,7.647925615310669E-002,9.921786934137344E-002,8.476799726486206E-001,4.755067825317383E-001,7.647925615310669E-002,9.921786934137344E-002,8.476799726486206E-001,4.755067825317383E-001,
1.894800000000000E+009,8.451347053050995E-002,1.040099412202835E-001,8.617317080497742E-001,4.654083549976349E-001,8.451347053050995E-002,1.040099412202835E-001,8.617317080497742E-001,4.654083549976349E-001,
1.903166666666667E+009,9.605176001787186E-002,1.034097373485565E-001,8.740370273590088E-001,4.417508542537689E-001,9.605176001787186E-002,1.034097373485565E-001,8.740370273590088E-001,4.417508542537689E-001,
1.911533333333334E+009,1.098516806960106E-001,9.998496621847153E-002,8.805539011955261E-001,4.071097075939179E-001,1.098516806960106E-001,9.998496621847153E-002,8.805539011955261E-001,4.071097075939179E-001,
1.919900000000000E+009,1.208413094282150E-001,9.014786034822464E-002,9.027300477027893E-001,3.899445533752441E-001,1.208413094282150E-001,9.014786034822464E-002,9.027300477027893E-001,3.899445533752441E-001,
1.928266666666667E+009,1.255954951047897E-001,7.915922999382019E-002,9.050349593162537E-001,3.760322928428650E-001,1.255954951047897E-001,7.915922999382019E-002,9.050349593162537E-001,3.760322928428650E-001,
1.936633333333334E+009,1.268438845872879E-001,6.601786613464356E-002,9.091277718544006E-001,3.502620160579681E-001,1.268438845872879E-001,6.601786613464356E-002,9.091277718544006E-001,3.502620160579681E-001,
1.945000000000000E+009,1.211589872837067E-001,5.565322190523148E-002,9.219602346420288E-001,3.238006234169006E-001,1.211589872837067E-001,5.565322190523148E-002,9.219602346420288E-001,3.238006234169006E-001,
1.953366666666667E+009,1.122834607958794E-001,5.330305173993111E-002,9.337071776390076E-001,3.092983961105347E-001,1.122834607958794E-001,5.330305173993111E-002,9.337071776390076E-001,3.092983961105347E-001,
1.961733333333334E+009,1.020571812987328E-001,5.472154170274735E-002,9.364612102508545E-001,2.862386107444763E-001,1.020571812987328E-001,5.472154170274735E-002,9.364612102508545E-001,2.862386107444763E-001,
1.970100000000000E+009,9.567346423864365E-002,6.272213160991669E-002,9.506948590278626E-001,2.570157945156097E-001,9.567346423864365E-002,6.272213160991669E-002,9.506948590278626E-001,2.570157945156097E-001,
1.978466666666667E+009,9.604787081480026E-002,7.321398705244064E-002,9.483134150505066E-001,2.263333946466446E-001,9.604787081480026E-002,7.321398705244064E-002,9.483134150505066E-001,2.263333946466446E-001,
1.986833333333334E+009,1.026631221175194E-001,8.382738381624222E-002,9.624363183975220E-001,2.151358276605606E-001,1.026631221175194E-001,8.382738381624222E-002,9.624363183975220E-001,2.151358276605606E-001,
1.995200000000000E+009,1.158509775996208E-001,8.880286663770676E-002,9.495577216148377E-001,1.842030435800552E-001,1.158509775996208E-001,8.880286663770676E-002,9.495577216148377E-001,1.842030435800552E-001,
2.003566666666667E+009,1.327049583196640E-001,8.833704888820648E-002,9.624711871147156E-001,1.543014049530029E-001,1.327049583196640E-001,8.833704888820648E-002,9.624711871147156E-001,1.543014049530029E-001,
2.011933333333334E+009,1.477898806333542E-001,7.930638641119003E-002,9.647451043128967E-001,1.295037418603897E-001,1.477898806333542E-001,7.930638641119003E-002,9.647451043128967E-001,1.295037418603897E-001,
2.020300000000000E+009,1.577926576137543E-001,6.390537321567535E-002,9.631689786911011E-001,1.161299571394920E-001,1.577926576137543E-001,6.390537321567535E-002,9.631689786911011E-001,1.161299571394920E-001,
2.028666666666667E+009,1.623304188251495E-001,4.303371161222458E-002,9.745970964431763E-001,8.045653253793716E-002,1.623304188251495E-001,4.303371161222458E-002,9.745970964431763E-001,8.045653253793716E-002,
2.037033333333334E+009,1.566133052110672E-001,2.872777357697487E-002,9.754476547241211E-001,6.665484607219696E-002,1.566133052110672E-001,2.872777357697487E-002,9.754476547241211E-001,6.665484607219696E-002,
2.045400000000000E+009,1.459883898496628E-001,2.028194442391396E-002,9.781408905982971E-001,3.973111882805824E-002,1.459883898496628E-001,2.028194442391396E-002,9.781408905982971E-001,3.973111882805824E-002,
2.053766666666667E+009,1.329590678215027E-001,1.536979991942644E-002,9.781284332275391E-001,1.287797465920448E-002,1.329590678215027E-001,1.536979991942644E-002,9.781284332275391E-001,1.287797465920448E-002,
2.062133333333334E+009,1.215310320258141E-001,2.162437327206135E-002,9.831900000572205E-001,-1.642709597945213E-002,1.215310320258141E-001,2.162437327206135E-002,9.831900000572205E-001,-1.642709597945213E-002,
2.070500000000000E+009,1.157179102301598E-001,3.641048818826675E-002,9.784432649612427E-001,-4.220248758792877E-002,1.157179102301598E-001,3.641048818826675E-002,9.784432649612427E-001,-4.220248758792877E-002,
2.078866666666667E+009,1.222066953778267E-001,4.915395751595497E-002,9.755421280860901E-001,-6.923271715641022E-002,1.222066953778267E-001,4.915395751595497E-002,9.755421280860901E-001,-6.923271715641022E-002,
2.087233333333334E+009,1.373255848884583E-001,5.804107710719109E-002,9.792908430099487E-001,-9.816118329763413E-002,1.373255848884583E-001,5.804107710719109E-002,9.792908430099487E-001,-9.816118329763413E-002,
2.095600000000000E+009,1.538386344909668E-001,5.647961795330048E-002,9.704080224037170E-001,-1.208085790276527E-001,1.538386344909668E-001,5.647961795330048E-002,9.704080224037170E-001,-1.208085790276527E-001,
2.103966666666667E+009,1.724964827299118E-001,4.453411325812340E-002,9.548445940017700E-001,-1.452749222517014E-001,1.724964827299118E-001,4.453411325812340E-002,9.548445940017700E-001,-1.452749222517014E-001,
2.112333333333334E+009,1.832959204912186E-001,2.215822786092758E-002,9.549358487129211E-001,-1.640021055936813E-001,1.832959204912186E-001,2.215822786092758E-002,9.549358487129211E-001,-1.640021055936813E-001,
2.120700000000000E+009,1.843013316392899E-001,-2.486621728166938E-003,9.504259228706360E-001,-1.939451098442078E-001,1.843013316392899E-001,-2.486621728166938E-003,9.504259228706360E-001,-1.939451098442078E-001,
2.129066666666667E+009,1.767868995666504E-001,-2.288972958922386E-002,9.316463470458984E-001,-2.127196788787842E-001,1.767868995666504E-001,-2.288972958922386E-002,9.316463470458984E-001,-2.127196788787842E-001,
2.137433333333334E+009,1.572577804327011E-001,-3.464614227414131E-002,9.475961923599243E-001,-2.429860383272171E-001,1.572577804327011E-001,-3.464614227414131E-002,9.475961923599243E-001,-2.429860383272171E-001,
2.145800000000000E+009,1.365495771169663E-001,-3.758291527628899E-002,9.401783347129822E-001,-2.570637762546539E-001,1.365495771169663E-001,-3.758291527628899E-002,9.401783347129822E-001,-2.570637762546539E-001,
2.154166666666667E+009,1.174334809184074E-001,-2.528154291212559E-002,9.369258284568787E-001,-2.860314846038818E-001,1.174334809184074E-001,-2.528154291212559E-002,9.369258284568787E-001,-2.860314846038818E-001,
2.162533333333334E+009,1.099393740296364E-001,-7.036958355456591E-003,9.264230132102966E-001,-3.132597208023071E-001,1.099393740296364E-001,-7.036958355456591E-003,9.264230132102966E-001,-3.132597208023071E-001,
2.170900000000000E+009,1.171724498271942E-001,1.352359261363745E-002,9.168726205825806E-001,-3.458728790283203E-001,1.171724498271942E-001,1.352359261363745E-002,9.168726205825806E-001,-3.458728790283203E-001,
2.179266666666667E+009,1.333379596471787E-001,2.718732692301273E-002,9.092768430709839E-001,-3.656298518180847E-001,1.333379596471787E-001,2.718732692301273E-002,9.092768430709839E-001,-3.656298518180847E-001,
2.187633333333334E+009,1.565669625997543E-001,2.795151248574257E-002,8.957428336143494E-001,-3.842270970344544E-001,1.565669625997543E-001,2.795151248574257E-002,8.957428336143494E-001,-3.842270970344544E-001,
2.196000000000000E+009,1.765085160732269E-001,1.320659834891558E-002,8.843869566917419E-001,-4.031778275966644E-001,1.765085160732269E-001,1.320659834891558E-002,8.843869566917419E-001,-4.031778275966644E-001,
2.204366666666667E+009,1.902152001857758E-001,-9.098036214709282E-003,8.854815959930420E-001,-4.231216609477997E-001,1.902152001857758E-001,-9.098036214709282E-003,8.854815959930420E-001,-4.231216609477997E-001,
2.212733333333334E+009,1.908584982156754E-001,-3.774815052747726E-002,8.620802164077759E-001,-4.362541139125824E-001,1.908584982156754E-001,-3.774815052747726E-002,8.620802164077759E-001,-4.362541139125824E-001,
2.221100000000000E+009,1.764783710241318E-001,-6.131427735090256E-002,8.545136451721191E-001,-4.643657207489014E-001,1.764783710241318E-001,-6.131427735090256E-002,8.545136451721191E-001,-4.643657207489014E-001,
2.229466666666667E+009,1.551606655120850E-001,-7.651091367006302E-002,8.503807783126831E-001,-4.824382960796356E-001,1.551606655120850E-001,-7.651091367006302E-002,8.503807783126831E-001,-4.824382960796356E-001,
2.237833333333334E+009,1.285400241613388E-001,-7.785355299711227E-002,8.296394348144531E-001,-5.116592049598694E-001,1.285400241613388E-001,-7.785355299711227E-002,8.296394348144531E-001,-5.116592049598694E-001,
2.246200000000000E+009,1.086726710200310E-001,-6.668704003095627E-002,8.255302906036377E-001,-5.289006233215332E-001,1.086726710200310E-001,-6.668704003095627E-002,8.255302906036377E-001,-5.289006233215332E-001,
2.254566666666667E+009,1.012715697288513E-001,-4.410425201058388E-002,8.081226348876953E-001,-5.512635111808777E-001,1.012715697288513E-001,-4.410425201058388E-002,8.081226348876953E-001,-5.512635111808777E-001,
2.262933333333334E+009,1.074485406279564E-001,-2.197317220270634E-002,7.975854873657227E-001,-5.795097947120667E-001,1.074485406279564E-001,-2.197317220270634E-002,7.975854873657227E-001,-5.795097947120667E-001,
2.271300000000000E+009,1.261336058378220E-001,-7.471710909157991E-003,7.706236839294434E-001,-5.980172157287598E-001,1.261336058378220E-001,-7.471710909157991E-003,7.706236839294434E-001,-5.980172157287598E-001,
2.279666666666667E+009,1.512500792741776E-001,-7.321819197386503E-003,7.545222640037537E-001,-6.155284643173218E-001,1.512500792741776E-001,-7.321819197386503E-003,7.545222640037537E-001,-6.155284643173218E-001,
2.288033333333334E+009,1.711308807134628E-001,-2.231439389288425E-002,7.345702052116394E-001,-6.307217478752136E-001,1.711308807134628E-001,-2.231439389288425E-002,7.345702052116394E-001,-6.307217478752136E-001,
2.296400000000000E+009,1.813563704490662E-001,-4.809417203068733E-002,7.204684019088745E-001,-6.467480659484863E-001,1.813563704490662E-001,-4.809417203068733E-002,7.204684019088745E-001,-6.467480659484863E-001,
2.304766666666667E+009,1.784648448228836E-001,-7.414814829826355E-002,7.048376798629761E-001,-6.652089953422546E-001,1.784648448228836E-001,-7.414814829826355E-002,7.048376798629761E-001,-6.652089953422546E-001,
2.313133333333334E+009,1.586179733276367E-001,-9.579075127840042E-002,6.899071335792542E-001,-6.724998354911804E-001,1.586179733276367E-001,-9.579075127840042E-002,6.899071335792542E-001,-6.724998354911804E-001,
2.321500000000000E+009,1.353231966495514E-001,-1.045614853501320E-001,6.782031059265137E-001,-6.998600959777832E-001,1.353231966495514E-001,-1.045614853501320E-001,6.782031059265137E-001,-6.998600959777832E-001,
2.329866666666667E+009,1.081837937235832E-001,-9.928285330533981E-002,6.617708206176758E-001,-7.155137062072754E-001,1.081837937235832E-001,-9.928285330533981E-002,6.617708206176758E-001,-7.155137062072754E-001,
2.338233333333334E+009,9.318346530199051E-002,-8.103486150503159E-002,6.380444169044495E-001,-7.343280911445618E-001,9.318346530199051E-002,-8.103486150503159E-002,6.380444169044495E-001,-7.343280911445618E-001,
2.346600000000000E+009,9.418635070323944E-002,-5.740829557180405E-002,6.236659288406372E-001,-7.581887841224670E-001,9.418635070323944E-002,-5.740829557180405E-002,6.236659288406372E-001,-7.581887841224670E-001,
2.354966666666667E+009,1.087188124656677E-001,-3.840564191341400E-002,6.001410484313965E-001,-7.694370746612549E-001,1.087188124656677E-001,-3.840564191341400E-002,6.001410484313965E-001,-7.694370746612549E-001,
2.363333333333334E+009,1.333795636892319E-001,-3.167539089918137E-002,5.728183388710022E-001,-7.865280508995056E-001,1.333795636892319E-001,-3.167539089918137E-002,5.728183388710022E-001,-7.865280508995056E-001,
2.371700000000000E+009,1.607174128293991E-001,-4.337212443351746E-002,5.524522662162781E-001,-8.008695244789124E-001,1.607174128293991E-001,-4.337212443351746E-002,5.524522662162781E-001,-8.008695244789124E-001,
2.380066666666667E+009,1.794235259294510E-001,-7.021083682775497E-002,5.342778563499451E-001,-7.967721223831177E-001,1.794235259294510E-001,-7.021083682775497E-002,5.342778563499451E-001,-7.967721223831177E-001,
2.388433333333334E+009,1.819801479578018E-001,-1.037533283233643E-001,5.114827156066895E-001,-8.218882679939270E-001,1.819801479578018E-001,-1.037533283233643E-001,5.114827156066895E-001,-8.218882679939270E-001,
2.396800000000000E+009,1.619967371225357E-001,-1.389039903879166E-001,4.933348596096039E-001,-8.256532549858093E-001,1.619967371225357E-001,-1.389039903879166E-001,4.933348596096039E-001,-8.256532549858093E-001,
2.405166666666667E+009,1.329330652952194E-001,-1.604508310556412E-001,4.824030995368958E-001,-8.415839076042175E-001,1.329330652952194E-001,-1.604508310556412E-001,4.824030995368958E-001,-8.415839076042175E-001,
2.413533333333334E+009,9.490123391151428E-002,-1.655530035495758E-001,4.587109982967377E-001,-8.474447727203369E-001,9.490123391151428E-002,-1.655530035495758E-001,4.587109982967377E-001,-8.474447727203369E-001,
2.421900000000000E+009,5.708219856023789E-002,-1.484093964099884E-001,4.492594599723816E-001,-8.760860562324524E-001,5.708219856023789E-002,-1.484093964099884E-001,4.492594599723816E-001,-8.760860562324524E-001,
2.430266666666667E+009,3.538521006703377E-002,-1.192701011896133E-001,4.176724851131439E-001,-8.868164420127869E-001,3.538521006703377E-002,-1.192701011896133E-001,4.176724851131439E-001,-8.868164420127869E-001,
2.438633333333334E+009,3.162501379847527E-002,-8.104968070983887E-002,3.974479734897614E-001,-9.019634127616882E-001,3.162501379847527E-002,-8.104968070983887E-002,3.974479734897614E-001,-9.019634127616882E-001,
2.447000000000000E+009,4.920812696218491E-002,-4.802471399307251E-002,3.695352673530579E-001,-9.125908613204956E-001,4.920812696218491E-002,-4.802471399307251E-002,3.695352673530579E-001,-9.125908613204956E-001,
2.455366666666667E+009,8.252003788948059E-002,-3.272156044840813E-002,3.354414105415344E-001,-9.247806668281555E-001,8.252003788948059E-002,-3.272156044840813E-002,3.354414105415344E-001,-9.247806668281555E-001,
2.463733333333334E+009,1.174514517188072E-001,-3.556870669126511E-002,3.110652267932892E-001,-9.287289381027222E-001,1.174514517188072E-001,-3.556870669126511E-002,3.110652267932892E-001,-9.287289381027222E-001,
2.472100000000000E+009,1.465389132499695E-001,-6.097798049449921E-002,2.823610007762909E-001,-9.336199164390564E-001,1.465389132499695E-001,-6.097798049449921E-002,2.823610007762909E-001,-9.336199164390564E-001,
2.480466666666667E+009,1.570063978433609E-001,-9.565206617116928E-002,2.551912367343903E-001,-9.342471957206726E-001,1.570063978433609E-001,-9.565206617116928E-002,2.551912367343903E-001,-9.342471957206726E-001,
2.488833333333334E+009,1.474629640579224E-001,-1.310818046331406E-001,2.371267378330231E-001,-9.378829002380371E-001,1.474629640579224E-001,-1.310818046331406E-001,2.371267378330231E-001,-9.378829002380371E-001,
2.497200000000000E+009,1.219228655099869E-001,-1.538457572460175E-001,2.164009213447571E-001,-9.404937028884888E-001,1.219228655099869E-001,-1.538457572460175E-001,2.164009213447571E-001,-9.404937028884888E-001,
2.505566666666667E+009,8.869950473308563E-002,-1.613414734601975E-001,1.975963115692139E-001,-9.493145942687988E-001,8.869950473308563E-002,-1.613414734601975E-001,1.975963115692139E-001,-9.493145942687988E-001,
2.513933333333334E+009,5.544316023588181E-002,-1.492654532194138E-001,1.808336526155472E-001,-9.559690356254578E-001,5.544316023588181E-002,-1.492654532194138E-001,1.808336526155472E-001,-9.559690356254578E-001,
2.522300000000000E+009,3.602074086666107E-002,-1.237938925623894E-001,1.526815891265869E-001,-9.755780100822449E-001,3.602074086666107E-002,-1.237938925623894E-001,1.526815891265869E-001,-9.755780100822449E-001,
2.530666666666667E+009,3.527457267045975E-002,-9.240238368511200E-002,1.265767812728882E-001,-9.822806119918823E-001,3.527457267045975E-002,-9.240238368511200E-002,1.265767812728882E-001,-9.822806119918823E-001,
2.539033333333334E+009,5.418382212519646E-002,-6.698027253150940E-002,9.778428822755814E-002,-9.777753949165344E-001,5.418382212519646E-002,-6.698027253150940E-002,9.778428822755814E-002,-9.777753949165344E-001,
2.547400000000000E+009,8.342142403125763E-002,-5.714862793684006E-002,7.111708819866180E-002,-9.790285825729370E-001,8.342142403125763E-002,-5.714862793684006E-002,7.111708819866180E-002,-9.790285825729370E-001,
2.555766666666667E+009,1.128552556037903E-001,-6.694798171520233E-002,3.762803971767426E-002,-9.780474305152893E-001,1.128552556037903E-001,-6.694798171520233E-002,3.762803971767426E-002,-9.780474305152893E-001,
2.564133333333334E+009,1.337363868951798E-001,-9.339155256748200E-002,1.802777312695980E-002,-9.719938635826111E-001,1.337363868951798E-001,-9.339155256748200E-002,1.802777312695980E-002,-9.719938635826111E-001,
2.572500000000000E+009,1.377371549606323E-001,-1.296136975288391E-001,-9.728568606078625E-003,-9.700992107391357E-001,1.377371549606323E-001,-1.296136975288391E-001,-9.728568606078625E-003,-9.700992107391357E-001,
2.580866666666667E+009,1.231705322861671E-001,-1.610589623451233E-001,-2.798916772007942E-002,-9.653589725494385E-001,1.231705322861671E-001,-1.610589623451233E-001,-2.798916772007942E-002,-9.653589725494385E-001,
2.589233333333334E+009,9.354110062122345E-002,-1.816794276237488E-001,-4.716246947646141E-002,-9.590030312538147E-001,9.354110062122345E-002,-1.816794276237488E-001,-4.716246947646141E-002,-9.590030312538147E-001,
2.597600000000000E+009,5.658886209130287E-002,-1.834663748741150E-001,-6.542640179395676E-002,-9.616097211837769E-001,5.658886209130287E-002,-1.834663748741150E-001,-6.542640179395676E-002,-9.616097211837769E-001,
2.605966666666667E+009,2.502344921231270E-002,-1.683935523033142E-001,-9.149929136037827E-002,-9.718825221061707E-001,2.502344921231270E-002,-1.683935523033142E-001,-9.149929136037827E-002,-9.718825221061707E-001,
2.614333333333334E+009,5.852178204804659E-003,-1.384249627590179E-001,-1.155879646539688E-001,-9.761180281639099E-001,5.852178204804659E-003,-1.384249627590179E-001,-1.155879646539688E-001,-9.761180281639099E-001,
2.622700000000000E+009,5.147966090589762E-003,-1.035785973072052E-001,-1.485220193862915E-001,-9.757708907127380E-001,5.147966090589762E-003,-1.035785973072052E-001,-1.485220193862915E-001,-9.757708907127380E-001,
2.631066666666667E+009,2.583617717027664E-002,-7.496107369661331E-002,-1.717763245105743E-001,-9.722917079925537E-001,2.583617717027664E-002,-7.496107369661331E-002,-1.717763245105743E-001,-9.722917079925537E-001,
2.639433333333334E+009,5.521292239427567E-002,-6.403482705354691E-002,-2.050144523382187E-001,-9.616211056709290E-001,5.521292239427567E-002,-6.403482705354691E-002,-2.050144523382187E-001,-9.616211056709290E-001,
2.647800000000000E+009,8.755631744861603E-002,-7.353230565786362E-002,-2.285689562559128E-001,-9.513108134269714E-001,8.755631744861603E-002,-7.353230565786362E-002,-2.285689562559128E-001,-9.513108134269714E-001,
2.656166666666667E+009,1.064867079257965E-001,-9.912212938070297E-002,-2.598862051963806E-001,-9.474090933799744E-001,1.064867079257965E-001,-9.912212938070297E-002,-2.598862051963806E-001,-9.474090933799744E-001,
2.664533333333334E+009,1.101796105504036E-001,-1.342263966798782E-001,-2.766608297824860E-001,-9.275633096694946E-001,1.101796105504036E-001,-1.342263966798782E-001,-2.766608297824860E-001,-9.275633096694946E-001,
2.672900000000000E+009,9.533996134996414E-002,-1.634253412485123E-001,-2.932587563991547E-001,-9.217805862426758E-001,9.533996134996414E-002,-1.634253412485123E-001,-2.932587563991547E-001,-9.217805862426758E-001,
2.681266666666667E+009,6.757392734289169E-002,-1.823420971632004E-001,-3.149024546146393E-001,-9.167129397392273E-001,6.757392734289169E-002,-1.823420971632004E-001,-3.149024546146393E-001,-9.167129397392273E-001,
2.689633333333334E+009,3.436342626810074E-002,-1.841760277748108E-001,-3.355990350246429E-001,-9.117621183395386E-001,3.436342626810074E-002,-1.841760277748108E-001,-3.355990350246429E-001,-9.117621183395386E-001,
2.698000000000000E+009,3.881407901644707E-003,-1.682479381561279E-001,-3.624031245708466E-001,-9.001055955886841E-001,3.881407901644707E-003,-1.682479381561279E-001,-3.624031245708466E-001,-9.001055955886841E-001,
2.706366666666667E+009,-1.217217836529017E-002,-1.384832710027695E-001,-3.750642538070679E-001,-9.022959470748901E-001,-1.217217836529017E-002,-1.384832710027695E-001,-3.750642538070679E-001,-9.022959470748901E-001,
2.714733333333334E+009,-9.079654701054096E-003,-1.040443256497383E-001,-4.102484583854675E-001,-9.009014964103699E-001,-9.079654701054096E-003,-1.040443256497383E-001,-4.102484583854675E-001,-9.009014964103699E-001,
2.723100000000000E+009,1.304081268608570E-002,-7.864573597908020E-002,-4.358762502670288E-001,-8.851379752159119E-001,1.304081268608570E-002,-7.864573597908020E-002,-4.358762502670288E-001,-8.851379752159119E-001,
2.731466666666667E+009,4.398072138428688E-002,-6.732377409934998E-002,-4.604260921478272E-001,-8.726969361305237E-001,4.398072138428688E-002,-6.732377409934998E-002,-4.604260921478272E-001,-8.726969361305237E-001,
2.739833333333334E+009,7.687673717737198E-002,-7.698654383420944E-002,-4.856156408786774E-001,-8.611456751823425E-001,7.687673717737198E-002,-7.698654383420944E-002,-4.856156408786774E-001,-8.611456751823425E-001,
2.748200000000000E+009,9.794393181800842E-002,-1.030781269073486E-001,-5.112423896789551E-001,-8.377915024757385E-001,9.794393181800842E-002,-1.030781269073486E-001,-5.112423896789551E-001,-8.377915024757385E-001,
2.756566666666667E+009,1.019838452339172E-001,-1.397480666637421E-001,-5.284580588340759E-001,-8.169704079627991E-001,1.019838452339172E-001,-1.397480666637421E-001,-5.284580588340759E-001,-8.169704079627991E-001,
2.764933333333334E+009,8.751951903104782E-002,-1.721131801605225E-001,-5.400426983833313E-001,-8.007056713104248E-001,8.751951903104782E-002,-1.721131801605225E-001,-5.400426983833313E-001,-8.007056713104248E-001,
2.773300000000000E+009,5.912691727280617E-002,-1.919833421707153E-001,-5.568933486938477E-001,-7.916448712348938E-001,5.912691727280617E-002,-1.919833421707153E-001,-5.568933486938477E-001,-7.916448712348938E-001,
2.781666666666667E+009,2.310273982584477E-002,-1.951451748609543E-001,-5.748345255851746E-001,-7.766473889350891E-001,2.310273982584477E-002,-1.951451748609543E-001,-5.748345255851746E-001,-7.766473889350891E-001,
2.790033333333334E+009,-7.748819887638092E-003,-1.816337108612061E-001,-5.928153395652771E-001,-7.703998684883118E-001,-7.748819887638092E-003,-1.816337108612061E-001,-5.928153395652771E-001,-7.703998684883118E-001,
2.798400000000000E+009,-2.559405006468296E-002,-1.540317982435226E-001,-6.227088570594788E-001,-7.579291462898254E-001,-2.559405006468296E-002,-1.540317982435226E-001,-6.227088570594788E-001,-7.579291462898254E-001,
2.806766666666667E+009,-2.416658960282803E-002,-1.199655234813690E-001,-6.386213898658752E-001,-7.453146576881409E-001,-2.416658960282803E-002,-1.199655234813690E-001,-6.386213898658752E-001,-7.453146576881409E-001,
2.815133333333334E+009,-4.420408047735691E-003,-9.435458481311798E-002,-6.599691510200501E-001,-7.310797572135925E-001,-4.420408047735691E-003,-9.435458481311798E-002,-6.599691510200501E-001,-7.310797572135925E-001,
2.823500000000000E+009,2.827412448823452E-002,-8.401373773813248E-002,-6.849372982978821E-001,-7.118628025054932E-001,2.827412448823452E-002,-8.401373773813248E-002,-6.849372982978821E-001,-7.118628025054932E-001,
2.831866666666667E+009,5.925176665186882E-002,-9.282143414020538E-002,-7.045062780380249E-001,-6.914681792259216E-001,5.925176665186882E-002,-9.282143414020538E-002,-7.045062780380249E-001,-6.914681792259216E-001,
2.840233333333334E+009,8.059395849704742E-002,-1.184478253126144E-001,-7.244592905044556E-001,-6.583476662635803E-001,8.059395849704742E-002,-1.184478253126144E-001,-7.244592905044556E-001,-6.583476662635803E-001,
2.848600000000000E+009,8.395281434059143E-002,-1.529707759618759E-001,-7.347727417945862E-001,-6.362538337707520E-001,8.395281434059143E-002,-1.529707759618759E-001,-7.347727417945862E-001,-6.362538337707520E-001,
2.856966666666667E+009,6.740561872720718E-002,-1.855018436908722E-001,-7.463116049766541E-001,-6.169560551643372E-001,6.740561872720718E-002,-1.855018436908722E-001,-7.463116049766541E-001,-6.169560551643372E-001,
2.865333333333334E+009,3.805821016430855E-002,-2.063501030206680E-001,-7.604360580444336E-001,-6.046007871627808E-001,3.805821016430855E-002,-2.063501030206680E-001,-7.604360580444336E-001,-6.046007871627808E-001,
2.873700000000000E+009,-1.119393738918006E-003,-2.110863327980042E-001,-7.707673311233521E-001,-5.910311341285706E-001,-1.119393738918006E-003,-2.110863327980042E-001,-7.707673311233521E-001,-5.910311341285706E-001,
2.882066666666667E+009,-3.373698145151138E-002,-1.930401623249054E-001,-7.818292379379273E-001,-5.664122700691223E-001,-3.373698145151138E-002,-1.930401623249054E-001,-7.818292379379273E-001,-5.664122700691223E-001,
2.890433333333334E+009,-5.353265255689621E-002,-1.643662154674530E-001,-7.970151901245117E-001,-5.613600015640259E-001,-5.353265255689621E-002,-1.643662154674530E-001,-7.970151901245117E-001,-5.613600015640259E-001,
2.898800000000000E+009,-5.293503776192665E-002,-1.293523907661438E-001,-8.224123120307922E-001,-5.432112812995911E-001,-5.293503776192665E-002,-1.293523907661438E-001,-8.224123120307922E-001,-5.432112812995911E-001,
2.907166666666667E+009,-3.145075216889381E-002,-1.001656651496887E-001,-8.355915546417236E-001,-5.244246125221252E-001,-3.145075216889381E-002,-1.001656651496887E-001,-8.355915546417236E-001,-5.244246125221252E-001,
2.915533333333334E+009,2.148641040548682E-003,-8.795450627803803E-002,-8.522944450378418E-001,-5.027703046798706E-001,2.148641040548682E-003,-8.795450627803803E-002,-8.522944450378418E-001,-5.027703046798706E-001,
2.923900000000000E+009,3.877491131424904E-002,-9.688057005405426E-002,-8.679425716400147E-001,-4.645228385925293E-001,3.877491131424904E-002,-9.688057005405426E-002,-8.679425716400147E-001,-4.645228385925293E-001,
2.932266666666667E+009,6.266618520021439E-002,-1.245429590344429E-001,-8.779826164245606E-001,-4.377190768718720E-001,6.266618520021439E-002,-1.245429590344429E-001,-8.779826164245606E-001,-4.377190768718720E-001,
2.940633333333334E+009,6.752064079046249E-002,-1.606313288211823E-001,-8.910155892372131E-001,-4.085796773433685E-001,6.752064079046249E-002,-1.606313288211823E-001,-8.910155892372131E-001,-4.085796773433685E-001,
2.949000000000000E+009,5.173980072140694E-002,-1.965450644493103E-001,-8.912073969841003E-001,-3.873108923435211E-001,5.173980072140694E-002,-1.965450644493103E-001,-8.912073969841003E-001,-3.873108923435211E-001,
2.957366666666667E+009,1.732422038912773E-002,-2.186826616525650E-001,-8.971638083457947E-001,-3.675868213176727E-001,1.732422038912773E-002,-2.186826616525650E-001,-8.971638083457947E-001,-3.675868213176727E-001,
2.965733333333334E+009,-2.296278998255730E-002,-2.220275700092316E-001,-9.025770425796509E-001,-3.489430546760559E-001,-2.296278998255730E-002,-2.220275700092316E-001,-9.025770425796509E-001,-3.489430546760559E-001,
2.974100000000000E+009,-5.787511542439461E-002,-2.038354873657227E-001,-9.093177914619446E-001,-3.316221833229065E-001,-5.787511542439461E-002,-2.038354873657227E-001,-9.093177914619446E-001,-3.316221833229065E-001,
2.982466666666667E+009,-8.083254098892212E-002,-1.740758270025253E-001,-9.303036332130432E-001,-3.129902184009552E-001,-8.083254098892212E-002,-1.740758270025253E-001,-9.303036332130432E-001,-3.129902184009552E-001,
2.990833333333334E+009,-8.141072094440460E-002,-1.352468580007553E-001,-9.303994774818420E-001,-2.939763367176056E-001,-8.141072094440460E-002,-1.352468580007553E-001,-9.303994774818420E-001,-2.939763367176056E-001,
2.999200000000000E+009,-5.854807794094086E-002,-1.049232035875320E-001,-9.462096691131592E-001,-2.661433815956116E-001,-5.854807794094086E-002,-1.049232035875320E-001,-9.462096691131592E-001,-2.661433815956116E-001,
3.007566666666667E+009,-2.275189012289047E-002,-9.073637425899506E-002,-9.589145183563232E-001,-2.394553571939468E-001,-2.275189012289047E-002,-9.073637425899506E-002,-9.589145183563232E-001,-2.394553571939468E-001,
3.015933333333334E+009,1.498308219015598E-002,-1.001957803964615E-001,-9.654480218887329E-001,-2.151494473218918E-001,1.498308219015598E-002,-1.001957803964615E-001,-9.654480218887329E-001,-2.151494473218918E-001,
3.024300000000000E+009,4.175040125846863E-002,-1.336986422538757E-001,-9.672759175300598E-001,-1.780847460031509E-001,4.175040125846863E-002,-1.336986422538757E-001,-9.672759175300598E-001,-1.780847460031509E-001,
3.032666666666667E+009,4.654271155595779E-002,-1.729363799095154E-001,-9.618564844131470E-001,-1.524568349123001E-001,4.654271155595779E-002,-1.729363799095154E-001,-9.618564844131470E-001,-1.524568349123001E-001,
3.041033333333334E+009,2.948882989585400E-002,-2.120213508605957E-001,-9.628571867942810E-001,-1.247499585151672E-001,2.948882989585400E-002,-2.120213508605957E-001,-9.628571867942810E-001,-1.247499585151672E-001,
3.049400000000000E+009,-8.375392295420170E-003,-2.348662912845612E-001,-9.622542262077332E-001,-9.720829874277115E-002,-8.375392295420170E-003,-2.348662912845612E-001,-9.622542262077332E-001,-9.720829874277115E-002,
3.057766666666667E+009,-5.319068580865860E-002,-2.371637076139450E-001,-9.606721997261047E-001,-8.131006360054016E-002,-5.319068580865860E-002,-2.371637076139450E-001,-9.606721997261047E-001,-8.131006360054016E-002,
3.066133333333334E+009,-9.578758478164673E-002,-2.160711735486984E-001,-9.606684446334839E-001,-6.259993463754654E-002,-9.578758478164673E-002,-2.160711735486984E-001,-9.606684446334839E-001,-6.259993463754654E-002,
3.074500000000000E+009,-1.188618838787079E-001,-1.776861399412155E-001,-9.664883613586426E-001,-4.647276923060417E-002,-1.188618838787079E-001,-1.776861399412155E-001,-9.664883613586426E-001,-4.647276923060417E-002,
3.082866666666667E+009,-1.185610815882683E-001,-1.331373900175095E-001,-9.683636426925659E-001,-2.441778965294361E-002,-1.185610815882683E-001,-1.331373900175095E-001,-9.683636426925659E-001,-2.441778965294361E-002,
3.091233333333334E+009,-9.317626059055328E-002,-9.677532315254211E-002,-9.795885682106018E-001,5.964103620499373E-003,-9.317626059055328E-002,-9.677532315254211E-002,-9.795885682106018E-001,5.964103620499373E-003,
3.099600000000000E+009,-5.030553042888641E-002,-8.267755061388016E-002,-9.881897568702698E-001,3.387151658535004E-002,-5.030553042888641E-002,-8.267755061388016E-002,-9.881897568702698E-001,3.387151658535004E-002,
3.107966666666667E+009,-5.112397950142622E-003,-9.556141495704651E-002,-9.881305098533630E-001,7.019025832414627E-002,-5.112397950142622E-003,-9.556141495704651E-002,-9.881305098533630E-001,7.019025832414627E-002,
3.116333333333334E+009,2.681036107242107E-002,-1.334404647350311E-001,-9.823278188705444E-001,1.047356948256493E-001,2.681036107242107E-002,-1.334404647350311E-001,-9.823278188705444E-001,1.047356948256493E-001,
3.124700000000000E+009,3.191879019141197E-002,-1.838748455047607E-001,-9.640942811965942E-001,1.313274055719376E-001,3.191879019141197E-002,-1.838748455047607E-001,-9.640942811965942E-001,1.313274055719376E-001,
3.133066666666667E+009,1.028303150087595E-002,-2.303848415613174E-001,-9.582378864288330E-001,1.556957960128784E-001,1.028303150087595E-002,-2.303848415613174E-001,-9.582378864288330E-001,1.556957960128784E-001,
3.141433333333334E+009,-3.527680411934853E-002,-2.588405013084412E-001,-9.519823789596558E-001,1.783341020345688E-001,-3.527680411934853E-002,-2.588405013084412E-001,-9.519823789596558E-001,1.783341020345688E-001,
3.149800000000000E+009,-8.697140961885452E-002,-2.607505917549133E-001,-9.343168735504150E-001,1.951689869165421E-001,-8.697140961885452E-002,-2.607505917549133E-001,-9.343168735504150E-001,1.951689869165421E-001,
3.158166666666667E+009,-1.352833658456802E-001,-2.383102178573608E-001,-9.308754205703735E-001,2.135095298290253E-001,-1.352833658456802E-001,-2.383102178573608E-001,-9.308754205703735E-001,2.135095298290253E-001,
3.166533333333334E+009,-1.644245833158493E-001,-1.952664852142334E-001,-9.257054328918457E-001,2.257082313299179E-001,-1.644245833158493E-001,-1.952664852142334E-001,-9.257054328918457E-001,2.257082313299179E-001,
3.174900000000000E+009,-1.681116521358490E-001,-1.440991461277008E-001,-9.329916238784790E-001,2.468243390321732E-001,-1.681116521358490E-001,-1.440991461277008E-001,-9.329916238784790E-001,2.468243390321732E-001,
3.183266666666667E+009,-1.448972970247269E-001,-1.010265424847603E-001,-9.351817965507507E-001,2.679204940795898E-001,-1.448972970247269E-001,-1.010265424847603E-001,-9.351817965507507E-001,2.679204940795898E-001,
3.191633333333334E+009,-1.007500961422920E-001,-8.056937903165817E-002,-9.372209310531616E-001,2.988355755805969E-001,-1.007500961422920E-001,-8.056937903165817E-002,-9.372209310531616E-001,2.988355755805969E-001,
3.200000000000000E+009,-5.222649127244949E-002,-8.977851271629334E-002,-9.243298768997192E-001,3.282472789287567E-001,-5.222649127244949E-002,-8.977851271629334E-002,-9.243298768997192E-001,3.282472789287567E-001,
