% Version 1.00
%
%freq[Hz],re:Trc1_S11,im:Trc1_S11,re:Trc2_S21,im:Trc2_S21,re:Trc3_S11,im:Trc3_S11,re:Trc4_S21,im:Trc4_S21,
6.900000000000000E+008,-5.327675864100456E-002,1.973346108570695E-003,-4.940663576126099E-001,-8.470949530601502E-001,-5.327675864100456E-002,1.973346108570695E-003,-4.940663576126099E-001,-8.470949530601502E-001,
6.983666666666666E+008,-4.456696286797524E-002,2.244802424684167E-003,-5.204755663871765E-001,-8.385626673698425E-001,-4.456696286797524E-002,2.244802424684167E-003,-5.204755663871765E-001,-8.385626673698425E-001,
7.067333333333334E+008,-3.883889690041542E-002,-3.106207819655538E-003,-5.666159391403198E-001,-7.785154581069946E-001,-3.883889690041542E-002,-3.106207819655538E-003,-5.666159391403198E-001,-7.785154581069946E-001,
7.151000000000000E+008,-3.945243731141090E-002,-1.102308463305235E-002,-5.856046676635742E-001,-7.925595641136169E-001,-3.945243731141090E-002,-1.102308463305235E-002,-5.856046676635742E-001,-7.925595641136169E-001,
7.234666666666666E+008,-4.393007233738899E-002,-1.621366292238236E-002,-5.969548821449280E-001,-7.752355337142944E-001,-4.393007233738899E-002,-1.621366292238236E-002,-5.969548821449280E-001,-7.752355337142944E-001,
7.318333333333334E+008,-5.253296718001366E-002,-1.906795054674149E-002,-6.132785081863403E-001,-7.817572355270386E-001,-5.253296718001366E-002,-1.906795054674149E-002,-6.132785081863403E-001,-7.817572355270386E-001,
7.402000000000000E+008,-5.975327640771866E-002,-1.835271902382374E-002,-6.549506187438965E-001,-7.595559954643250E-001,-5.975327640771866E-002,-1.835271902382374E-002,-6.549506187438965E-001,-7.595559954643250E-001,
7.485666666666666E+008,-6.818009167909622E-002,-1.206045877188444E-002,-6.579617857933044E-001,-7.580885887145996E-001,-6.818009167909622E-002,-1.206045877188444E-002,-6.579617857933044E-001,-7.580885887145996E-001,
7.569333333333334E+008,-7.039984315633774E-002,-4.368051420897245E-003,-6.632234454154968E-001,-7.371033430099487E-001,-7.039984315633774E-002,-4.368051420897245E-003,-6.632234454154968E-001,-7.371033430099487E-001,
7.653000000000000E+008,-6.685864180326462E-002,3.514496609568596E-003,-6.804044842720032E-001,-7.142251729965210E-001,-6.685864180326462E-002,3.514496609568596E-003,-6.804044842720032E-001,-7.142251729965210E-001,
7.736666666666666E+008,-6.095394492149353E-002,9.353190660476685E-003,-7.153229117393494E-001,-6.900287270545960E-001,-6.095394492149353E-002,9.353190660476685E-003,-7.153229117393494E-001,-6.900287270545960E-001,
7.820333333333334E+008,-5.301956459879875E-002,1.197620108723640E-002,-7.252988219261169E-001,-6.784158349037170E-001,-5.301956459879875E-002,1.197620108723640E-002,-7.252988219261169E-001,-6.784158349037170E-001,
7.904000000000000E+008,-4.430475085973740E-002,1.119998563081026E-002,-7.315022945404053E-001,-6.541481018066406E-001,-4.430475085973740E-002,1.119998563081026E-002,-7.315022945404053E-001,-6.541481018066406E-001,
7.987666666666666E+008,-4.090923443436623E-002,5.846923217177391E-003,-7.627394199371338E-001,-6.364934444427490E-001,-4.090923443436623E-002,5.846923217177391E-003,-7.627394199371338E-001,-6.364934444427490E-001,
8.071333333333334E+008,-3.940649703145027E-002,6.521395989693701E-004,-7.706987261772156E-001,-6.266841292381287E-001,-3.940649703145027E-002,6.521395989693701E-004,-7.706987261772156E-001,-6.266841292381287E-001,
8.155000000000000E+008,-4.596880450844765E-002,-6.030591204762459E-003,-7.944508790969849E-001,-5.998765826225281E-001,-4.596880450844765E-002,-6.030591204762459E-003,-7.944508790969849E-001,-5.998765826225281E-001,
8.238666666666666E+008,-5.149276554584503E-002,-8.494412526488304E-003,-7.938728332519531E-001,-5.723935961723328E-001,-5.149276554584503E-002,-8.494412526488304E-003,-7.938728332519531E-001,-5.723935961723328E-001,
8.322333333333334E+008,-6.010816246271133E-002,-8.175171911716461E-003,-8.178739547729492E-001,-5.539249181747437E-001,-6.010816246271133E-002,-8.175171911716461E-003,-8.178739547729492E-001,-5.539249181747437E-001,
8.406000000000000E+008,-6.705903261899948E-002,-2.498215064406395E-003,-8.271949291229248E-001,-5.402530431747437E-001,-6.705903261899948E-002,-2.498215064406395E-003,-8.271949291229248E-001,-5.402530431747437E-001,
8.489666666666668E+008,-7.216755300760269E-002,3.387009026482701E-003,-8.360053300857544E-001,-5.248477458953857E-001,-7.216755300760269E-002,3.387009026482701E-003,-8.360053300857544E-001,-5.248477458953857E-001,
8.573333333333334E+008,-7.060558348894119E-002,1.189604494720697E-002,-8.552474975585938E-001,-4.858201742172241E-001,-7.060558348894119E-002,1.189604494720697E-002,-8.552474975585938E-001,-4.858201742172241E-001,
8.657000000000000E+008,-6.499682366847992E-002,1.987574994564056E-002,-8.667265176773071E-001,-4.612889885902405E-001,-6.499682366847992E-002,1.987574994564056E-002,-8.667265176773071E-001,-4.612889885902405E-001,
8.740666666666668E+008,-5.794078111648560E-002,2.265810593962669E-002,-8.705514073371887E-001,-4.537789821624756E-001,-5.794078111648560E-002,2.265810593962669E-002,-8.705514073371887E-001,-4.537789821624756E-001,
8.824333333333334E+008,-4.906924068927765E-002,2.263720519840717E-002,-8.876711130142212E-001,-4.372587502002716E-001,-4.906924068927765E-002,2.263720519840717E-002,-8.876711130142212E-001,-4.372587502002716E-001,
8.908000000000000E+008,-4.161512851715088E-002,1.824929937720299E-002,-8.896288871765137E-001,-4.069297313690186E-001,-4.161512851715088E-002,1.824929937720299E-002,-8.896288871765137E-001,-4.069297313690186E-001,
8.991666666666668E+008,-3.877444192767143E-002,1.217580959200859E-002,-9.040707349777222E-001,-3.767053782939911E-001,-3.877444192767143E-002,1.217580959200859E-002,-9.040707349777222E-001,-3.767053782939911E-001,
9.075333333333334E+008,-4.097328335046768E-002,5.907300394028425E-003,-9.315692186355591E-001,-3.597285449504852E-001,-4.097328335046768E-002,5.907300394028425E-003,-9.315692186355591E-001,-3.597285449504852E-001,
9.159000000000000E+008,-4.566992819309235E-002,4.711705725640059E-003,-9.374157786369324E-001,-3.287467062473297E-001,-4.566992819309235E-002,4.711705725640059E-003,-9.374157786369324E-001,-3.287467062473297E-001,
9.242666666666668E+008,-5.232962593436241E-002,2.722686156630516E-003,-9.435974955558777E-001,-3.164862692356110E-001,-5.232962593436241E-002,2.722686156630516E-003,-9.435974955558777E-001,-3.164862692356110E-001,
9.326333333333334E+008,-6.131344288587570E-002,4.645257256925106E-003,-9.630222916603088E-001,-2.911420166492462E-001,-6.131344288587570E-002,4.645257256925106E-003,-9.630222916603088E-001,-2.911420166492462E-001,
9.410000000000000E+008,-6.618665158748627E-002,9.952934458851814E-003,-9.565628170967102E-001,-2.616766691207886E-001,-6.618665158748627E-002,9.952934458851814E-003,-9.565628170967102E-001,-2.616766691207886E-001,
9.493666666666668E+008,-6.876064836978912E-002,1.752615720033646E-002,-9.550455808639526E-001,-2.428279966115952E-001,-6.876064836978912E-002,1.752615720033646E-002,-9.550455808639526E-001,-2.428279966115952E-001,
9.577333333333334E+008,-6.687764078378677E-002,2.655630744993687E-002,-9.684331417083740E-001,-2.188554853200913E-001,-6.687764078378677E-002,2.655630744993687E-002,-9.684331417083740E-001,-2.188554853200913E-001,
9.661000000000000E+008,-6.096417456865311E-002,3.443416580557823E-002,-9.711802005767822E-001,-1.941330879926682E-001,-6.096417456865311E-002,3.443416580557823E-002,-9.711802005767822E-001,-1.941330879926682E-001,
9.744666666666668E+008,-5.251977965235710E-002,3.571601212024689E-002,-9.772650003433228E-001,-1.716895848512650E-001,-5.251977965235710E-002,3.571601212024689E-002,-9.772650003433228E-001,-1.716895848512650E-001,
9.828333333333334E+008,-4.060796648263931E-002,3.338205441832542E-002,-9.789349436759949E-001,-1.482374817132950E-001,-4.060796648263931E-002,3.338205441832542E-002,-9.789349436759949E-001,-1.482374817132950E-001,
9.912000000000000E+008,-3.488391265273094E-002,2.738279290497303E-002,-9.784483313560486E-001,-1.234557256102562E-001,-3.488391265273094E-002,2.738279290497303E-002,-9.784483313560486E-001,-1.234557256102562E-001,
9.995666666666668E+008,-2.943334728479385E-002,2.049854025244713E-002,-9.953140020370483E-001,-8.382054418325424E-002,-2.943334728479385E-002,2.049854025244713E-002,-9.953140020370483E-001,-8.382054418325424E-002,
1.007933333333333E+009,-3.155073150992394E-002,1.218951866030693E-002,-9.939334392547607E-001,-6.851712614297867E-002,-3.155073150992394E-002,1.218951866030693E-002,-9.939334392547607E-001,-6.851712614297867E-002,
1.016300000000000E+009,-3.871789574623108E-002,8.178095333278179E-003,-9.943549633026123E-001,-4.173783212900162E-002,-3.871789574623108E-002,8.178095333278179E-003,-9.943549633026123E-001,-4.173783212900162E-002,
1.024666666666667E+009,-4.791916906833649E-002,3.623328171670437E-003,-9.957651495933533E-001,-9.481410495936871E-003,-4.791916906833649E-002,3.623328171670437E-003,-9.957651495933533E-001,-9.481410495936871E-003,
1.033033333333333E+009,-5.572035536170006E-002,7.894805632531643E-003,-9.969854354858398E-001,9.966704063117504E-003,-5.572035536170006E-002,7.894805632531643E-003,-9.969854354858398E-001,9.966704063117504E-003,
1.041400000000000E+009,-6.267610937356949E-002,1.554635073989630E-002,-9.827568531036377E-001,4.801887646317482E-002,-6.267610937356949E-002,1.554635073989630E-002,-9.827568531036377E-001,4.801887646317482E-002,
1.049766666666667E+009,-6.402236223220825E-002,2.538944967091084E-002,-9.889144897460938E-001,6.571654230356216E-002,-6.402236223220825E-002,2.538944967091084E-002,-9.889144897460938E-001,6.571654230356216E-002,
1.058133333333333E+009,-6.012344732880592E-002,3.333025425672531E-002,-9.862933158874512E-001,8.231412619352341E-002,-6.012344732880592E-002,3.333025425672531E-002,-9.862933158874512E-001,8.231412619352341E-002,
1.066500000000000E+009,-5.100067332386971E-002,3.942310065031052E-002,-9.952476024627686E-001,1.220915764570236E-001,-5.100067332386971E-002,3.942310065031052E-002,-9.952476024627686E-001,1.220915764570236E-001,
1.074866666666667E+009,-4.027414694428444E-002,3.765706345438957E-002,-9.800854921340942E-001,1.395484656095505E-001,-4.027414694428444E-002,3.765706345438957E-002,-9.800854921340942E-001,1.395484656095505E-001,
1.083233333333334E+009,-3.041019104421139E-002,2.840615436434746E-002,-9.770865440368652E-001,1.595794707536697E-001,-3.041019104421139E-002,2.840615436434746E-002,-9.770865440368652E-001,1.595794707536697E-001,
1.091600000000000E+009,-2.537979930639267E-002,1.919947005808353E-002,-9.673060774803162E-001,1.866325885057449E-001,-2.537979930639267E-002,1.919947005808353E-002,-9.673060774803162E-001,1.866325885057449E-001,
1.099966666666667E+009,-2.659029327332974E-002,7.682748604565859E-003,-9.679194688796997E-001,2.244907468557358E-001,-2.659029327332974E-002,7.682748604565859E-003,-9.679194688796997E-001,2.244907468557358E-001,
1.108333333333334E+009,-3.708032146096230E-002,-1.305769430473447E-003,-9.455364942550659E-001,2.296861857175827E-001,-3.708032146096230E-002,-1.305769430473447E-003,-9.455364942550659E-001,2.296861857175827E-001,
1.116700000000000E+009,-4.928085207939148E-002,8.751220884732902E-004,-9.483584761619568E-001,2.753167450428009E-001,-4.928085207939148E-002,8.751220884732902E-004,-9.483584761619568E-001,2.753167450428009E-001,
1.125066666666667E+009,-6.427343189716339E-002,3.274248214438558E-003,-9.493284821510315E-001,2.829259634017944E-001,-6.427343189716339E-002,3.274248214438558E-003,-9.493284821510315E-001,2.829259634017944E-001,
1.133433333333334E+009,-7.322657853364945E-002,1.731701754033566E-002,-9.481151700019836E-001,3.056503832340241E-001,-7.322657853364945E-002,1.731701754033566E-002,-9.481151700019836E-001,3.056503832340241E-001,
1.141800000000000E+009,-7.442999631166458E-002,3.090199641883373E-002,-9.196227788925171E-001,3.260754048824310E-001,-7.442999631166458E-002,3.090199641883373E-002,-9.196227788925171E-001,3.260754048824310E-001,
1.150166666666667E+009,-6.962738186120987E-002,4.754361510276794E-002,-9.075201153755188E-001,3.562802672386169E-001,-6.962738186120987E-002,4.754361510276794E-002,-9.075201153755188E-001,3.562802672386169E-001,
1.158533333333334E+009,-5.559641495347023E-002,5.597601830959320E-002,-9.078157544136047E-001,3.814534544944763E-001,-5.559641495347023E-002,5.597601830959320E-002,-9.078157544136047E-001,3.814534544944763E-001,
1.166900000000000E+009,-3.767221793532372E-002,5.624432116746903E-002,-8.989967703819275E-001,4.147410690784454E-001,-3.767221793532372E-002,5.624432116746903E-002,-8.989967703819275E-001,4.147410690784454E-001,
1.175266666666667E+009,-2.223101817071438E-002,4.577798768877983E-002,-8.885611891746521E-001,4.213779568672180E-001,-2.223101817071438E-002,4.577798768877983E-002,-8.885611891746521E-001,4.213779568672180E-001,
1.183633333333334E+009,-1.221414376050234E-002,3.111710585653782E-002,-8.826822042465210E-001,4.623511135578156E-001,-1.221414376050234E-002,3.111710585653782E-002,-8.826822042465210E-001,4.623511135578156E-001,
1.192000000000000E+009,-1.274451054632664E-002,1.138049736618996E-002,-8.686810731887817E-001,4.718239307403565E-001,-1.274451054632664E-002,1.138049736618996E-002,-8.686810731887817E-001,4.718239307403565E-001,
1.200366666666667E+009,-2.453681267797947E-002,-2.339081373065710E-003,-8.593268394470215E-001,4.990395903587341E-001,-2.453681267797947E-002,-2.339081373065710E-003,-8.593268394470215E-001,4.990395903587341E-001,
1.208733333333334E+009,-4.082261398434639E-002,-9.874428622424603E-003,-8.489906787872315E-001,5.192037820816040E-001,-4.082261398434639E-002,-9.874428622424603E-003,-8.489906787872315E-001,5.192037820816040E-001,
1.217100000000000E+009,-5.953558161854744E-002,-3.123020054772496E-003,-8.342483639717102E-001,5.380558967590332E-001,-5.953558161854744E-002,-3.123020054772496E-003,-8.342483639717102E-001,5.380558967590332E-001,
1.225466666666667E+009,-7.040057331323624E-002,8.521612733602524E-003,-8.052079081535339E-001,5.587626099586487E-001,-7.040057331323624E-002,8.521612733602524E-003,-8.052079081535339E-001,5.587626099586487E-001,
1.233833333333334E+009,-7.746884226799011E-002,2.576063573360443E-002,-7.920510768890381E-001,5.800516009330750E-001,-7.746884226799011E-002,2.576063573360443E-002,-7.920510768890381E-001,5.800516009330750E-001,
1.242200000000000E+009,-7.430277019739151E-002,4.426700621843338E-002,-7.781136631965637E-001,5.904544591903687E-001,-7.430277019739151E-002,4.426700621843338E-002,-7.781136631965637E-001,5.904544591903687E-001,
1.250566666666667E+009,-5.959519743919373E-002,5.566444620490074E-002,-7.521073222160339E-001,6.165981292724609E-001,-5.959519743919373E-002,5.566444620490074E-002,-7.521073222160339E-001,6.165981292724609E-001,
1.258933333333334E+009,-4.106430336833000E-002,5.773935094475746E-002,-7.616767883300781E-001,6.377753615379334E-001,-4.106430336833000E-002,5.773935094475746E-002,-7.616767883300781E-001,6.377753615379334E-001,
1.267300000000000E+009,-2.371308766305447E-002,4.782633855938911E-002,-7.443671822547913E-001,6.517583131790161E-001,-2.371308766305447E-002,4.782633855938911E-002,-7.443671822547913E-001,6.517583131790161E-001,
1.275666666666667E+009,-1.473679300397635E-002,2.921137213706970E-002,-7.099822163581848E-001,6.768736243247986E-001,-1.473679300397635E-002,2.921137213706970E-002,-7.099822163581848E-001,6.768736243247986E-001,
1.284033333333334E+009,-1.621847599744797E-002,9.100239723920822E-003,-7.009515762329102E-001,6.994516849517822E-001,-1.621847599744797E-002,9.100239723920822E-003,-7.009515762329102E-001,6.994516849517822E-001,
1.292400000000000E+009,-2.872660011053085E-002,-6.678595673292875E-003,-6.883352398872376E-001,7.170496582984924E-001,-2.872660011053085E-002,-6.678595673292875E-003,-6.883352398872376E-001,7.170496582984924E-001,
1.300766666666667E+009,-4.783041402697563E-002,-1.425279397517443E-002,-6.622732877731323E-001,7.318559885025024E-001,-4.783041402697563E-002,-1.425279397517443E-002,-6.622732877731323E-001,7.318559885025024E-001,
1.309133333333334E+009,-6.793206185102463E-002,-9.029830805957317E-003,-6.470949649810791E-001,7.459690570831299E-001,-6.793206185102463E-002,-9.029830805957317E-003,-6.470949649810791E-001,7.459690570831299E-001,
1.317500000000000E+009,-8.328296989202499E-002,6.053267512470484E-003,-6.245064139366150E-001,7.612628340721130E-001,-8.328296989202499E-002,6.053267512470484E-003,-6.245064139366150E-001,7.612628340721130E-001,
1.325866666666667E+009,-8.788638561964035E-002,2.744722925126553E-002,-6.119750142097473E-001,7.745720148086548E-001,-8.788638561964035E-002,2.744722925126553E-002,-6.119750142097473E-001,7.745720148086548E-001,
1.334233333333334E+009,-8.054570853710175E-002,4.633235931396484E-002,-5.818132162094116E-001,7.932006120681763E-001,-8.054570853710175E-002,4.633235931396484E-002,-5.818132162094116E-001,7.932006120681763E-001,
1.342600000000000E+009,-6.654073297977448E-002,5.642736330628395E-002,-5.644971728324890E-001,8.083515763282776E-001,-6.654073297977448E-002,5.642736330628395E-002,-5.644971728324890E-001,8.083515763282776E-001,
1.350966666666667E+009,-4.869296029210091E-002,5.729468539357185E-002,-5.313330888748169E-001,8.359074592590332E-001,-4.869296029210091E-002,5.729468539357185E-002,-5.313330888748169E-001,8.359074592590332E-001,
1.359333333333334E+009,-3.442239388823509E-002,4.662586376070976E-002,-5.209294557571411E-001,8.379701375961304E-001,-3.442239388823509E-002,4.662586376070976E-002,-5.209294557571411E-001,8.379701375961304E-001,
1.367700000000000E+009,-3.065576590597630E-002,2.631662227213383E-002,-5.062620639801025E-001,8.488397002220154E-001,-3.065576590597630E-002,2.631662227213383E-002,-5.062620639801025E-001,8.488397002220154E-001,
1.376066666666667E+009,-3.596915304660797E-002,8.900114335119724E-003,-4.871235489845276E-001,8.674757480621338E-001,-3.596915304660797E-002,8.900114335119724E-003,-4.871235489845276E-001,8.674757480621338E-001,
1.384433333333334E+009,-5.401907488703728E-002,-5.603158380836248E-003,-4.630946815013886E-001,8.872475624084473E-001,-5.401907488703728E-002,-5.603158380836248E-003,-4.630946815013886E-001,8.872475624084473E-001,
1.392800000000000E+009,-7.536924630403519E-002,-6.781743373721838E-003,-4.455305337905884E-001,8.840537667274475E-001,-7.536924630403519E-002,-6.781743373721838E-003,-4.455305337905884E-001,8.840537667274475E-001,
1.401166666666667E+009,-9.594549983739853E-002,5.203935783356428E-003,-4.191560447216034E-001,9.001649022102356E-001,-9.594549983739853E-002,5.203935783356428E-003,-4.191560447216034E-001,9.001649022102356E-001,
1.409533333333334E+009,-1.073044687509537E-001,2.311712875962257E-002,-3.853117227554321E-001,9.070827364921570E-001,-1.073044687509537E-001,2.311712875962257E-002,-3.853117227554321E-001,9.070827364921570E-001,
1.417900000000000E+009,-1.085245311260223E-001,4.970636963844299E-002,-3.737320601940155E-001,9.009045362472534E-001,-1.085245311260223E-001,4.970636963844299E-002,-3.737320601940155E-001,9.009045362472534E-001,
1.426266666666667E+009,-9.629794210195541E-002,6.969518959522247E-002,-3.434984087944031E-001,9.239357709884644E-001,-9.629794210195541E-002,6.969518959522247E-002,-3.434984087944031E-001,9.239357709884644E-001,
1.434633333333334E+009,-7.755381613969803E-002,8.149150013923645E-002,-3.137422502040863E-001,9.326450228691101E-001,-7.755381613969803E-002,8.149150013923645E-002,-3.137422502040863E-001,9.326450228691101E-001,
1.443000000000000E+009,-5.640448629856110E-002,8.172523975372315E-002,-2.988841831684113E-001,9.379691481590271E-001,-5.640448629856110E-002,8.172523975372315E-002,-2.988841831684113E-001,9.379691481590271E-001,
1.451366666666667E+009,-4.057058319449425E-002,6.975967437028885E-002,-2.699517011642456E-001,9.414210915565491E-001,-4.057058319449425E-002,6.975967437028885E-002,-2.699517011642456E-001,9.414210915565491E-001,
1.459733333333334E+009,-3.306629136204720E-002,5.024791136384010E-002,-2.505403161048889E-001,9.519075751304627E-001,-3.306629136204720E-002,5.024791136384010E-002,-2.505403161048889E-001,9.519075751304627E-001,
1.468100000000000E+009,-4.252760857343674E-002,3.195649385452271E-002,-2.272465825080872E-001,9.655373096466065E-001,-4.252760857343674E-002,3.195649385452271E-002,-2.272465825080872E-001,9.655373096466065E-001,
1.476466666666667E+009,-6.000020727515221E-002,2.245462313294411E-002,-2.022305577993393E-001,9.718084335327148E-001,-6.000020727515221E-002,2.245462313294411E-002,-2.022305577993393E-001,9.718084335327148E-001,
1.484833333333334E+009,-8.112101256847382E-002,2.051081322133541E-002,-1.694197058677673E-001,9.754034280776978E-001,-8.112101256847382E-002,2.051081322133541E-002,-1.694197058677673E-001,9.754034280776978E-001,
1.493200000000000E+009,-9.899505227804184E-002,3.337426111102104E-002,-1.459272801876068E-001,9.811457991600037E-001,-9.899505227804184E-002,3.337426111102104E-002,-1.459272801876068E-001,9.811457991600037E-001,
1.501566666666667E+009,-1.089850366115570E-001,5.329622700810432E-002,-1.269391030073166E-001,9.748247861862183E-001,-1.089850366115570E-001,5.329622700810432E-002,-1.269391030073166E-001,9.748247861862183E-001,
1.509933333333334E+009,-1.062521561980248E-001,7.744134962558746E-002,-1.012093275785446E-001,9.734780788421631E-001,-1.062521561980248E-001,7.744134962558746E-002,-1.012093275785446E-001,9.734780788421631E-001,
1.518300000000000E+009,-9.123285859823227E-002,9.603371471166611E-002,-7.727167010307312E-002,9.804193973541260E-001,-9.123285859823227E-002,9.603371471166611E-002,-7.727167010307312E-002,9.804193973541260E-001,
1.526666666666667E+009,-7.035422325134277E-002,1.041244566440582E-001,-5.274016037583351E-002,9.811760187149048E-001,-7.035422325134277E-002,1.041244566440582E-001,-5.274016037583351E-002,9.811760187149048E-001,
1.535033333333334E+009,-4.980544000864029E-002,1.014609187841415E-001,-3.135288879275322E-002,9.806150794029236E-001,-4.980544000864029E-002,1.014609187841415E-001,-3.135288879275322E-002,9.806150794029236E-001,
1.543400000000000E+009,-3.415614366531372E-002,9.118860960006714E-002,-2.920966362580657E-003,9.845191240310669E-001,-3.415614366531372E-002,9.118860960006714E-002,-2.920966362580657E-003,9.845191240310669E-001,
1.551766666666667E+009,-3.063368797302246E-002,7.247555255889893E-002,2.192804589867592E-002,9.905779957771301E-001,-3.063368797302246E-002,7.247555255889893E-002,2.192804589867592E-002,9.905779957771301E-001,
1.560133333333334E+009,-3.633404150605202E-002,5.443508177995682E-002,5.459930747747421E-002,9.936594963073731E-001,-3.633404150605202E-002,5.443508177995682E-002,5.459930747747421E-002,9.936594963073731E-001,
1.568500000000000E+009,-5.287523567676544E-002,4.533424973487854E-002,7.013203203678131E-002,9.708532094955444E-001,-5.287523567676544E-002,4.533424973487854E-002,7.013203203678131E-002,9.708532094955444E-001,
1.576866666666667E+009,-7.223320007324219E-002,4.535329341888428E-002,9.731096029281616E-002,9.857493042945862E-001,-7.223320007324219E-002,4.535329341888428E-002,9.731096029281616E-002,9.857493042945862E-001,
1.585233333333334E+009,-8.896376192569733E-002,5.779548361897469E-002,1.239271610975266E-001,9.710123538970947E-001,-8.896376192569733E-002,5.779548361897469E-002,1.239271610975266E-001,9.710123538970947E-001,
1.593600000000000E+009,-9.450396895408630E-002,7.616107910871506E-002,1.488940864801407E-001,9.766398668289185E-001,-9.450396895408630E-002,7.616107910871506E-002,1.488940864801407E-001,9.766398668289185E-001,
1.601966666666667E+009,-9.168255329132080E-002,9.649667143821716E-002,1.725186109542847E-001,9.812350869178772E-001,-9.168255329132080E-002,9.649667143821716E-002,1.725186109542847E-001,9.812350869178772E-001,
1.610333333333334E+009,-7.797643542289734E-002,1.123827844858170E-001,1.949561536312103E-001,9.668608903884888E-001,-7.797643542289734E-002,1.123827844858170E-001,1.949561536312103E-001,9.668608903884888E-001,
1.618700000000000E+009,-5.908093973994255E-002,1.174854412674904E-001,2.161656916141510E-001,9.538736343383789E-001,-5.908093973994255E-002,1.174854412674904E-001,2.161656916141510E-001,9.538736343383789E-001,
1.627066666666667E+009,-4.193183407187462E-002,1.158695295453072E-001,2.377764433622360E-001,9.501308202743530E-001,-4.193183407187462E-002,1.158695295453072E-001,2.377764433622360E-001,9.501308202743530E-001,
1.635433333333334E+009,-3.083593025803566E-002,1.043628081679344E-001,2.560155987739563E-001,9.452327489852905E-001,-3.083593025803566E-002,1.043628081679344E-001,2.560155987739563E-001,9.452327489852905E-001,
1.643800000000000E+009,-2.795250713825226E-002,8.877149224281311E-002,2.909453809261322E-001,9.477373361587524E-001,-2.795250713825226E-002,8.877149224281311E-002,2.909453809261322E-001,9.477373361587524E-001,
1.652166666666667E+009,-3.385411575436592E-002,7.735417038202286E-002,3.166776597499847E-001,9.367352724075317E-001,-3.385411575436592E-002,7.735417038202286E-002,3.166776597499847E-001,9.367352724075317E-001,
1.660533333333334E+009,-4.870644211769104E-002,7.054864615201950E-002,3.321582078933716E-001,9.253716468811035E-001,-4.870644211769104E-002,7.054864615201950E-002,3.321582078933716E-001,9.253716468811035E-001,
1.668900000000000E+009,-6.397446244955063E-002,7.534898072481155E-002,3.657295405864716E-001,9.151706099510193E-001,-6.397446244955063E-002,7.534898072481155E-002,3.657295405864716E-001,9.151706099510193E-001,
1.677266666666667E+009,-7.485471665859222E-002,8.520473539829254E-002,3.958515822887421E-001,8.949335813522339E-001,-7.485471665859222E-002,8.520473539829254E-002,3.958515822887421E-001,8.949335813522339E-001,
1.685633333333334E+009,-7.801116257905960E-002,1.046627387404442E-001,4.137043654918671E-001,8.938422799110413E-001,-7.801116257905960E-002,1.046627387404442E-001,4.137043654918671E-001,8.938422799110413E-001,
1.694000000000000E+009,-7.266555726528168E-002,1.208575367927551E-001,4.299049377441406E-001,8.811294436454773E-001,-7.266555726528168E-002,1.208575367927551E-001,4.299049377441406E-001,8.811294436454773E-001,
1.702366666666667E+009,-5.903721228241921E-002,1.335794925689697E-001,4.479455053806305E-001,8.739421963691711E-001,-5.903721228241921E-002,1.335794925689697E-001,4.479455053806305E-001,8.739421963691711E-001,
1.710733333333334E+009,-3.781987726688385E-002,1.394395977258682E-001,4.784727096557617E-001,8.532600402832031E-001,-3.781987726688385E-002,1.394395977258682E-001,4.784727096557617E-001,8.532600402832031E-001,
1.719100000000000E+009,-2.118871174752712E-002,1.335989236831665E-001,4.945308268070221E-001,8.478417992591858E-001,-2.118871174752712E-002,1.335989236831665E-001,4.945308268070221E-001,8.478417992591858E-001,
1.727466666666667E+009,-1.049814932048321E-002,1.232901066541672E-001,5.210416316986084E-001,8.359129428863525E-001,-1.049814932048321E-002,1.232901066541672E-001,5.210416316986084E-001,8.359129428863525E-001,
1.735833333333334E+009,-3.546287771314383E-003,1.074149608612061E-001,5.427752733230591E-001,8.150125741958618E-001,-3.546287771314383E-003,1.074149608612061E-001,5.427752733230591E-001,8.150125741958618E-001,
1.744200000000000E+009,-8.674903772771359E-003,9.384924173355103E-002,5.671225190162659E-001,8.036215305328369E-001,-8.674903772771359E-003,9.384924173355103E-002,5.671225190162659E-001,8.036215305328369E-001,
1.752566666666667E+009,-2.048438601195812E-002,8.519729971885681E-002,5.864323973655701E-001,7.983813881874085E-001,-2.048438601195812E-002,8.519729971885681E-002,5.864323973655701E-001,7.983813881874085E-001,
1.760933333333334E+009,-3.296810016036034E-002,8.522456884384155E-002,6.010239720344544E-001,7.783280014991760E-001,-3.296810016036034E-002,8.522456884384155E-002,6.010239720344544E-001,7.783280014991760E-001,
1.769300000000000E+009,-4.624358564615250E-002,9.069751948118210E-002,6.206034421920776E-001,7.560771107673645E-001,-4.624358564615250E-002,9.069751948118210E-002,6.206034421920776E-001,7.560771107673645E-001,
1.777666666666667E+009,-5.443029478192329E-002,1.038425937294960E-001,6.474173665046692E-001,7.398612499237061E-001,-5.443029478192329E-002,1.038425937294960E-001,6.474173665046692E-001,7.398612499237061E-001,
1.786033333333334E+009,-5.526808276772499E-002,1.189815327525139E-001,6.584948897361755E-001,7.282063961029053E-001,-5.526808276772499E-002,1.189815327525139E-001,6.584948897361755E-001,7.282063961029053E-001,
1.794400000000000E+009,-5.010594055056572E-002,1.310575008392334E-001,6.758623123168945E-001,7.098037004470825E-001,-5.010594055056572E-002,1.310575008392334E-001,6.758623123168945E-001,7.098037004470825E-001,
1.802766666666667E+009,-3.708162903785706E-002,1.408629119396210E-001,6.973360180854797E-001,6.923108100891113E-001,-3.708162903785706E-002,1.408629119396210E-001,6.973360180854797E-001,6.923108100891113E-001,
1.811133333333334E+009,-2.246347814798355E-002,1.426261067390442E-001,7.128608226776123E-001,6.668920516967773E-001,-2.246347814798355E-002,1.426261067390442E-001,7.128608226776123E-001,6.668920516967773E-001,
1.819500000000000E+009,-1.130262296646833E-002,1.405910551548004E-001,7.262333035469055E-001,6.598312854766846E-001,-1.130262296646833E-002,1.405910551548004E-001,7.262333035469055E-001,6.598312854766846E-001,
1.827866666666667E+009,-1.387788564898074E-003,1.337095350027084E-001,7.422600388526917E-001,6.370911598205566E-001,-1.387788564898074E-003,1.337095350027084E-001,7.422600388526917E-001,6.370911598205566E-001,
1.836233333333334E+009,1.890321727842093E-003,1.246401295065880E-001,7.663086652755737E-001,6.234266757965088E-001,1.890321727842093E-003,1.246401295065880E-001,7.663086652755737E-001,6.234266757965088E-001,
1.844600000000000E+009,-2.202427480369806E-003,1.193690970540047E-001,7.807502150535584E-001,6.079074144363403E-001,-2.202427480369806E-003,1.193690970540047E-001,7.807502150535584E-001,6.079074144363403E-001,
1.852966666666667E+009,-9.856278076767921E-003,1.166976988315582E-001,7.971637248992920E-001,5.764943957328796E-001,-9.856278076767921E-003,1.166976988315582E-001,7.971637248992920E-001,5.764943957328796E-001,
1.861333333333334E+009,-1.294581312686205E-002,1.169457584619522E-001,8.137187957763672E-001,5.603772997856140E-001,-1.294581312686205E-002,1.169457584619522E-001,8.137187957763672E-001,5.603772997856140E-001,
1.869700000000000E+009,-1.836834661662579E-002,1.232863888144493E-001,8.190612196922302E-001,5.369437336921692E-001,-1.836834661662579E-002,1.232863888144493E-001,8.190612196922302E-001,5.369437336921692E-001,
1.878066666666667E+009,-1.982467062771320E-002,1.320971846580505E-001,8.359864354133606E-001,5.143617391586304E-001,-1.982467062771320E-002,1.320971846580505E-001,8.359864354133606E-001,5.143617391586304E-001,
1.886433333333334E+009,-1.285033952444792E-002,1.431242376565933E-001,8.433139324188232E-001,4.855804145336151E-001,-1.285033952444792E-002,1.431242376565933E-001,8.433139324188232E-001,4.855804145336151E-001,
1.894800000000000E+009,-4.470756743103266E-003,1.504065692424774E-001,8.571318984031677E-001,4.752286076545715E-001,-4.470756743103266E-003,1.504065692424774E-001,8.571318984031677E-001,4.752286076545715E-001,
1.903166666666667E+009,7.783884182572365E-003,1.523497849702835E-001,8.720042109489441E-001,4.506137371063232E-001,7.783884182572365E-003,1.523497849702835E-001,8.720042109489441E-001,4.506137371063232E-001,
1.911533333333334E+009,2.080497331917286E-002,1.512733548879623E-001,8.782914876937866E-001,4.201225042343140E-001,2.080497331917286E-002,1.512733548879623E-001,8.782914876937866E-001,4.201225042343140E-001,
1.919900000000000E+009,3.219583630561829E-002,1.441670507192612E-001,9.026916623115540E-001,4.025716185569763E-001,3.219583630561829E-002,1.441670507192612E-001,9.026916623115540E-001,4.025716185569763E-001,
1.928266666666667E+009,3.721174970269203E-002,1.345186978578568E-001,9.057311415672302E-001,3.882242441177368E-001,3.721174970269203E-002,1.345186978578568E-001,9.057311415672302E-001,3.882242441177368E-001,
1.936633333333334E+009,3.831379860639572E-002,1.233437731862068E-001,9.105421304702759E-001,3.618949651718140E-001,3.831379860639572E-002,1.233437731862068E-001,9.105421304702759E-001,3.618949651718140E-001,
1.945000000000000E+009,3.271568566560745E-002,1.143738105893135E-001,9.259471297264099E-001,3.343779146671295E-001,3.271568566560745E-002,1.143738105893135E-001,9.259471297264099E-001,3.343779146671295E-001,
1.953366666666667E+009,2.375300042331219E-002,1.132619231939316E-001,9.355536103248596E-001,3.195169270038605E-001,2.375300042331219E-002,1.132619231939316E-001,9.355536103248596E-001,3.195169270038605E-001,
1.961733333333334E+009,1.323710009455681E-002,1.159517839550972E-001,9.371728897094727E-001,2.954798936843872E-001,1.323710009455681E-002,1.159517839550972E-001,9.371728897094727E-001,2.954798936843872E-001,
1.970100000000000E+009,7.226034533232451E-003,1.252738386392593E-001,9.497658610343933E-001,2.647079229354858E-001,7.226034533232451E-003,1.252738386392593E-001,9.497658610343933E-001,2.647079229354858E-001,
1.978466666666667E+009,7.989747449755669E-003,1.375361680984497E-001,9.470255374908447E-001,2.364702224731445E-001,7.989747449755669E-003,1.375361680984497E-001,9.470255374908447E-001,2.364702224731445E-001,
1.986833333333334E+009,1.502397842705250E-002,1.504998952150345E-001,9.602190256118774E-001,2.262766808271408E-001,1.502397842705250E-002,1.504998952150345E-001,9.602190256118774E-001,2.262766808271408E-001,
1.995200000000000E+009,2.919792570173740E-002,1.573598235845566E-001,9.483539462089539E-001,1.949253827333450E-001,2.919792570173740E-002,1.573598235845566E-001,9.483539462089539E-001,1.949253827333450E-001,
2.003566666666667E+009,4.653461277484894E-002,1.608421802520752E-001,9.642971158027649E-001,1.679494380950928E-001,4.653461277484894E-002,1.608421802520752E-001,9.642971158027649E-001,1.679494380950928E-001,
2.011933333333334E+009,6.257288157939911E-002,1.536311656236649E-001,9.682542681694031E-001,1.438788324594498E-001,6.257288157939911E-002,1.536311656236649E-001,9.682542681694031E-001,1.438788324594498E-001,
2.020300000000000E+009,7.377750426530838E-002,1.408561617136002E-001,9.687071442604065E-001,1.289341896772385E-001,7.377750426530838E-002,1.408561617136002E-001,9.687071442604065E-001,1.289341896772385E-001,
2.028666666666667E+009,7.940255105495453E-002,1.219642236828804E-001,9.824455976486206E-001,9.340695291757584E-002,7.940255105495453E-002,1.219642236828804E-001,9.824455976486206E-001,9.340695291757584E-002,
2.037033333333334E+009,7.351727783679962E-002,1.092044413089752E-001,9.827920794487000E-001,7.803972065448761E-002,7.351727783679962E-002,1.092044413089752E-001,9.827920794487000E-001,7.803972065448761E-002,
2.045400000000000E+009,6.297842413187027E-002,1.030688956379890E-001,9.880062341690064E-001,4.979057610034943E-002,6.297842413187027E-002,1.030688956379890E-001,9.880062341690064E-001,4.979057610034943E-002,
2.053766666666667E+009,4.997223988175392E-002,9.900798648595810E-002,9.853764772415161E-001,2.260237559676170E-002,4.997223988175392E-002,9.900798648595810E-002,9.853764772415161E-001,2.260237559676170E-002,
2.062133333333334E+009,3.965568542480469E-002,1.072781980037689E-001,9.881623387336731E-001,-9.295920841395855E-003,3.965568542480469E-002,1.072781980037689E-001,9.881623387336731E-001,-9.295920841395855E-003,
2.070500000000000E+009,3.320318832993507E-002,1.227734312415123E-001,9.803936481475830E-001,-3.371737524867058E-002,3.320318832993507E-002,1.227734312415123E-001,9.803936481475830E-001,-3.371737524867058E-002,
2.078866666666667E+009,4.062100499868393E-002,1.380994319915772E-001,9.779205918312073E-001,-5.832977220416069E-002,4.062100499868393E-002,1.380994319915772E-001,9.779205918312073E-001,-5.832977220416069E-002,
2.087233333333334E+009,5.708853527903557E-002,1.489265710115433E-001,9.822217822074890E-001,-8.484442532062531E-002,5.708853527903557E-002,1.489265710115433E-001,9.822217822074890E-001,-8.484442532062531E-002,
2.095600000000000E+009,7.571688294410706E-002,1.491728276014328E-001,9.756265282630920E-001,-1.064561977982521E-001,7.571688294410706E-002,1.491728276014328E-001,9.756265282630920E-001,-1.064561977982521E-001,
2.103966666666667E+009,9.476386010646820E-002,1.398697048425674E-001,9.625955820083618E-001,-1.293457448482513E-001,9.476386010646820E-002,1.398697048425674E-001,9.625955820083618E-001,-1.293457448482513E-001,
2.112333333333334E+009,1.079609990119934E-001,1.205586567521095E-001,9.648534655570984E-001,-1.489555686712265E-001,1.079609990119934E-001,1.205586567521095E-001,9.648534655570984E-001,-1.489555686712265E-001,
2.120700000000000E+009,1.112200170755386E-001,9.862708300352097E-002,9.623454809188843E-001,-1.819065511226654E-001,1.112200170755386E-001,9.862708300352097E-002,9.623454809188843E-001,-1.819065511226654E-001,
2.129066666666667E+009,1.039486899971962E-001,7.914184033870697E-002,9.454728364944458E-001,-2.035466581583023E-001,1.039486899971962E-001,7.914184033870697E-002,9.454728364944458E-001,-2.035466581583023E-001,
2.137433333333334E+009,8.476828038692474E-002,6.863378733396530E-002,9.579590559005737E-001,-2.363378256559372E-001,8.476828038692474E-002,6.863378733396530E-002,9.579590559005737E-001,-2.363378256559372E-001,
2.145800000000000E+009,6.504388153553009E-002,6.809449195861816E-002,9.511005282402039E-001,-2.541182041168213E-001,6.504388153553009E-002,6.809449195861816E-002,9.511005282402039E-001,-2.541182041168213E-001,
2.154166666666667E+009,4.504480585455895E-002,8.160471916198731E-002,9.443174004554749E-001,-2.814899682998657E-001,4.504480585455895E-002,8.160471916198731E-002,9.443174004554749E-001,-2.814899682998657E-001,
2.162533333333334E+009,3.887860849499703E-002,1.013025641441345E-001,9.328455924987793E-001,-3.089944124221802E-001,3.887860849499703E-002,1.013025641441345E-001,9.328455924987793E-001,-3.089944124221802E-001,
2.170900000000000E+009,4.701991379261017E-002,1.245398223400116E-001,9.205790758132935E-001,-3.388977348804474E-001,4.701991379261017E-002,1.245398223400116E-001,9.205790758132935E-001,-3.388977348804474E-001,
2.179266666666667E+009,6.413783878087997E-002,1.398281753063202E-001,9.160313606262207E-001,-3.538830280303955E-001,6.413783878087997E-002,1.398281753063202E-001,9.160313606262207E-001,-3.538830280303955E-001,
2.187633333333334E+009,8.984495699405670E-002,1.427687108516693E-001,9.053963422775269E-001,-3.713847100734711E-001,8.984495699405670E-002,1.427687108516693E-001,9.053963422775269E-001,-3.713847100734711E-001,
2.196000000000000E+009,1.122521907091141E-001,1.298037618398666E-001,8.949753046035767E-001,-3.909714818000794E-001,1.122521907091141E-001,1.298037618398666E-001,8.949753046035767E-001,-3.909714818000794E-001,
2.204366666666667E+009,1.284096240997315E-001,1.091501787304878E-001,8.977778553962708E-001,-4.103631377220154E-001,1.284096240997315E-001,1.091501787304878E-001,8.977778553962708E-001,-4.103631377220154E-001,
2.212733333333334E+009,1.313723176717758E-001,8.199303597211838E-002,8.799765110015869E-001,-4.291786551475525E-001,1.313723176717758E-001,8.199303597211838E-002,8.799765110015869E-001,-4.291786551475525E-001,
2.221100000000000E+009,1.185530051589012E-001,6.008084118366242E-002,8.697946667671204E-001,-4.608823955059052E-001,1.185530051589012E-001,6.008084118366242E-002,8.697946667671204E-001,-4.608823955059052E-001,
2.229466666666667E+009,9.892891347408295E-002,4.512307047843933E-002,8.649418950080872E-001,-4.831403493881226E-001,9.892891347408295E-002,4.512307047843933E-002,8.649418950080872E-001,-4.831403493881226E-001,
2.237833333333334E+009,7.261035591363907E-002,4.695504158735275E-002,8.429074287414551E-001,-5.147471427917481E-001,7.261035591363907E-002,4.695504158735275E-002,8.429074287414551E-001,-5.147471427917481E-001,
2.246200000000000E+009,5.334046855568886E-002,6.038884446024895E-002,8.330968618392944E-001,-5.295782685279846E-001,5.334046855568886E-002,6.038884446024895E-002,8.330968618392944E-001,-5.295782685279846E-001,
2.254566666666667E+009,4.669580981135368E-002,8.559778332710266E-002,8.157123327255249E-001,-5.537723898887634E-001,4.669580981135368E-002,8.559778332710266E-002,8.157123327255249E-001,-5.537723898887634E-001,
2.262933333333334E+009,5.462898686528206E-002,1.101054251194000E-001,8.033431172370911E-001,-5.765066146850586E-001,5.462898686528206E-002,1.101054251194000E-001,8.033431172370911E-001,-5.765066146850586E-001,
2.271300000000000E+009,7.425761967897415E-002,1.256899535655975E-001,7.763393521308899E-001,-5.915351510047913E-001,7.425761967897415E-002,1.256899535655975E-001,7.763393521308899E-001,-5.915351510047913E-001,
2.279666666666667E+009,1.012259647250176E-001,1.274877637624741E-001,7.643972635269165E-001,-6.067093014717102E-001,1.012259647250176E-001,1.274877637624741E-001,7.643972635269165E-001,-6.067093014717102E-001,
2.288033333333334E+009,1.236649304628372E-001,1.143275275826454E-001,7.488769888877869E-001,-6.219509840011597E-001,1.236649304628372E-001,1.143275275826454E-001,7.488769888877869E-001,-6.219509840011597E-001,
2.296400000000000E+009,1.368239372968674E-001,8.908066898584366E-002,7.372581362724304E-001,-6.406511068344116E-001,1.368239372968674E-001,8.908066898584366E-002,7.372581362724304E-001,-6.406511068344116E-001,
2.304766666666667E+009,1.363886892795563E-001,6.409183889627457E-002,7.223265171051025E-001,-6.631941199302673E-001,1.363886892795563E-001,6.409183889627457E-002,7.223265171051025E-001,-6.631941199302673E-001,
2.313133333333334E+009,1.192396432161331E-001,4.296327382326126E-002,7.044959664344788E-001,-6.761499643325806E-001,1.192396432161331E-001,4.296327382326126E-002,7.044959664344788E-001,-6.761499643325806E-001,
2.321500000000000E+009,9.815175086259842E-002,3.613533452153206E-002,6.934750080108643E-001,-7.060095071792603E-001,9.815175086259842E-002,3.613533452153206E-002,6.934750080108643E-001,-7.060095071792603E-001,
2.329866666666667E+009,7.250630110502243E-002,4.331323131918907E-002,6.708782315254211E-001,-7.207880020141602E-001,7.250630110502243E-002,4.331323131918907E-002,6.708782315254211E-001,-7.207880020141602E-001,
2.338233333333334E+009,5.872917547821999E-002,6.456333398818970E-002,6.445668339729309E-001,-7.389770746231079E-001,5.872917547821999E-002,6.456333398818970E-002,6.445668339729309E-001,-7.389770746231079E-001,
2.346600000000000E+009,6.192239746451378E-002,8.997686207294464E-002,6.284788846969605E-001,-7.608954310417175E-001,6.192239746451378E-002,8.997686207294464E-002,6.284788846969605E-001,-7.608954310417175E-001,
2.354966666666667E+009,7.776216417551041E-002,1.113974377512932E-001,6.057512760162354E-001,-7.668656706809998E-001,7.776216417551041E-002,1.113974377512932E-001,6.057512760162354E-001,-7.668656706809998E-001,
2.363333333333334E+009,1.049544885754585E-001,1.187259256839752E-001,5.823301672935486E-001,-7.823989391326904E-001,1.049544885754585E-001,1.187259256839752E-001,5.823301672935486E-001,-7.823989391326904E-001,
2.371700000000000E+009,1.347320526838303E-001,1.090759262442589E-001,5.660029053688049E-001,-7.942829132080078E-001,1.347320526838303E-001,1.090759262442589E-001,5.660029053688049E-001,-7.942829132080078E-001,
2.380066666666667E+009,1.554573923349381E-001,8.387009799480438E-002,5.540624260902405E-001,-7.949004769325256E-001,1.554573923349381E-001,8.387009799480438E-002,5.540624260902405E-001,-7.949004769325256E-001,
2.388433333333334E+009,1.612468510866165E-001,5.045859888195992E-002,5.329631567001343E-001,-8.223080635070801E-001,1.612468510866165E-001,5.045859888195992E-002,5.329631567001343E-001,-8.223080635070801E-001,
2.396800000000000E+009,1.455784887075424E-001,1.477709412574768E-002,5.133317112922669E-001,-8.341150879859924E-001,1.455784887075424E-001,1.477709412574768E-002,5.133317112922669E-001,-8.341150879859924E-001,
2.405166666666667E+009,1.180587559938431E-001,-6.914767436683178E-003,4.975902736186981E-001,-8.550062179565430E-001,1.180587559938431E-001,-6.914767436683178E-003,4.975902736186981E-001,-8.550062179565430E-001,
2.413533333333334E+009,8.122260868549347E-002,-1.068703643977642E-002,4.707497060298920E-001,-8.653039336204529E-001,8.122260868549347E-002,-1.068703643977642E-002,4.707497060298920E-001,-8.653039336204529E-001,
2.421900000000000E+009,4.537344351410866E-002,8.574643172323704E-003,4.531485140323639E-001,-8.937370777130127E-001,4.537344351410866E-002,8.574643172323704E-003,4.531485140323639E-001,-8.937370777130127E-001,
2.430266666666667E+009,2.584673091769218E-002,4.093831032514572E-002,4.164531528949738E-001,-8.996026515960693E-001,2.584673091769218E-002,4.093831032514572E-002,4.164531528949738E-001,-8.996026515960693E-001,
2.438633333333334E+009,2.618637122213841E-002,8.064065873622894E-002,3.919185996055603E-001,-9.080955386161804E-001,2.618637122213841E-002,8.064065873622894E-002,3.919185996055603E-001,-9.080955386161804E-001,
2.447000000000000E+009,4.608922451734543E-002,1.147116497159004E-001,3.672793209552765E-001,-9.142573475837708E-001,4.608922451734543E-002,1.147116497159004E-001,3.672793209552765E-001,-9.142573475837708E-001,
2.455366666666667E+009,8.204706013202667E-002,1.310307681560516E-001,3.377837240695953E-001,-9.182949662208557E-001,8.204706013202667E-002,1.310307681560516E-001,3.377837240695953E-001,-9.182949662208557E-001,
2.463733333333334E+009,1.192817762494087E-001,1.305417716503143E-001,3.189067542552948E-001,-9.229775667190552E-001,1.192817762494087E-001,1.305417716503143E-001,3.189067542552948E-001,-9.229775667190552E-001,
2.472100000000000E+009,1.507848352193832E-001,1.062284186482430E-001,2.938202619552612E-001,-9.299379587173462E-001,1.507848352193832E-001,1.062284186482430E-001,2.938202619552612E-001,-9.299379587173462E-001,
2.480466666666667E+009,1.640783995389938E-001,7.221982628107071E-002,2.706928849220276E-001,-9.345911145210266E-001,1.640783995389938E-001,7.221982628107071E-002,2.706928849220276E-001,-9.345911145210266E-001,
2.488833333333334E+009,1.573953628540039E-001,3.641388937830925E-002,2.529813647270203E-001,-9.455667734146118E-001,1.573953628540039E-001,3.641388937830925E-002,2.529813647270203E-001,-9.455667734146118E-001,
2.497200000000000E+009,1.347979754209518E-001,1.304250117391348E-002,2.298403233289719E-001,-9.522526264190674E-001,1.347979754209518E-001,1.304250117391348E-002,2.298403233289719E-001,-9.522526264190674E-001,
2.505566666666667E+009,1.025894284248352E-001,5.619315430521965E-003,2.037014961242676E-001,-9.616268277168274E-001,1.025894284248352E-001,5.619315430521965E-003,2.037014961242676E-001,-9.616268277168274E-001,
2.513933333333334E+009,7.254874706268311E-002,1.879221014678478E-002,1.829560250043869E-001,-9.674544930458069E-001,7.254874706268311E-002,1.879221014678478E-002,1.829560250043869E-001,-9.674544930458069E-001,
2.522300000000000E+009,5.625493079423904E-002,4.563947767019272E-002,1.496344506740570E-001,-9.802171587944031E-001,5.625493079423904E-002,4.563947767019272E-002,1.496344506740570E-001,-9.802171587944031E-001,
2.530666666666667E+009,5.954591184854507E-002,7.792209088802338E-002,1.194598674774170E-001,-9.833884239196777E-001,5.954591184854507E-002,7.792209088802338E-002,1.194598674774170E-001,-9.833884239196777E-001,
2.539033333333334E+009,8.217716962099075E-002,1.037417501211166E-001,9.277854114770889E-002,-9.721223115921021E-001,8.217716962099075E-002,1.037417501211166E-001,9.277854114770889E-002,-9.721223115921021E-001,
2.547400000000000E+009,1.141948848962784E-001,1.135726645588875E-001,7.235343009233475E-002,-9.714482426643372E-001,1.141948848962784E-001,1.135726645588875E-001,7.235343009233475E-002,-9.714482426643372E-001,
2.555766666666667E+009,1.463835686445236E-001,1.050225272774696E-001,4.568670690059662E-002,-9.704552292823792E-001,1.463835686445236E-001,1.050225272774696E-001,4.568670690059662E-002,-9.704552292823792E-001,
2.564133333333334E+009,1.697251498699188E-001,8.007272332906723E-002,3.042472526431084E-002,-9.663739204406738E-001,1.697251498699188E-001,8.007272332906723E-002,3.042472526431084E-002,-9.663739204406738E-001,
2.572500000000000E+009,1.778920292854309E-001,4.525751993060112E-002,4.799182526767254E-003,-9.715973138809204E-001,1.778920292854309E-001,4.525751993060112E-002,4.799182526767254E-003,-9.715973138809204E-001,
2.580866666666667E+009,1.650832891464233E-001,1.406851503998041E-002,-1.425847131758928E-002,-9.725429415702820E-001,1.650832891464233E-001,1.406851503998041E-002,-1.425847131758928E-002,-9.725429415702820E-001,
2.589233333333334E+009,1.388896554708481E-001,-7.402742747217417E-003,-3.740653023123741E-002,-9.727639555931091E-001,1.388896554708481E-001,-7.402742747217417E-003,-3.740653023123741E-002,-9.727639555931091E-001,
2.597600000000000E+009,1.031317710876465E-001,-9.707303717732430E-003,-6.264522671699524E-002,-9.736761450767517E-001,1.031317710876465E-001,-9.707303717732430E-003,-6.264522671699524E-002,-9.736761450767517E-001,
2.605966666666667E+009,7.409931719303131E-002,5.295398179441690E-003,-9.446220099925995E-002,-9.838437438011169E-001,7.409931719303131E-002,5.295398179441690E-003,-9.446220099925995E-002,-9.838437438011169E-001,
2.614333333333334E+009,5.736513435840607E-002,3.614905476570129E-002,-1.240455284714699E-001,-9.824597835540772E-001,5.736513435840607E-002,3.614905476570129E-002,-1.240455284714699E-001,-9.824597835540772E-001,
2.622700000000000E+009,6.264661252498627E-002,6.992821395397186E-002,-1.585084646940231E-001,-9.752547144889832E-001,6.264661252498627E-002,6.992821395397186E-002,-1.585084646940231E-001,-9.752547144889832E-001,
2.631066666666667E+009,8.689983189105988E-002,9.837492555379868E-002,-1.758174896240234E-001,-9.669426679611206E-001,8.689983189105988E-002,9.837492555379868E-002,-1.758174896240234E-001,-9.669426679611206E-001,
2.639433333333334E+009,1.191703975200653E-001,1.076981797814369E-001,-2.052376121282578E-001,-9.523804187774658E-001,1.191703975200653E-001,1.076981797814369E-001,-2.052376121282578E-001,-9.523804187774658E-001,
2.647800000000000E+009,1.550770103931427E-001,9.894140809774399E-002,-2.216080576181412E-001,-9.412718415260315E-001,1.550770103931427E-001,9.894140809774399E-002,-2.216080576181412E-001,-9.412718415260315E-001,
2.656166666666667E+009,1.763913631439209E-001,7.435581833124161E-002,-2.478403151035309E-001,-9.400410056114197E-001,1.763913631439209E-001,7.435581833124161E-002,-2.478403151035309E-001,-9.400410056114197E-001,
2.664533333333334E+009,1.851060390472412E-001,4.111710563302040E-002,-2.631270289421082E-001,-9.282056093215942E-001,1.851060390472412E-001,4.111710563302040E-002,-2.631270289421082E-001,-9.282056093215942E-001,
2.672900000000000E+009,1.726770550012589E-001,1.043995749205351E-002,-2.815579473972321E-001,-9.271344542503357E-001,1.726770550012589E-001,1.043995749205351E-002,-2.815579473972321E-001,-9.271344542503357E-001,
2.681266666666667E+009,1.476893424987793E-001,-7.853595539927483E-003,-3.080873787403107E-001,-9.270848035812378E-001,1.476893424987793E-001,-7.853595539927483E-003,-3.080873787403107E-001,-9.270848035812378E-001,
2.689633333333334E+009,1.166749373078346E-001,-1.001549884676933E-002,-3.358120322227478E-001,-9.218698143959045E-001,1.166749373078346E-001,-1.001549884676933E-002,-3.358120322227478E-001,-9.218698143959045E-001,
2.698000000000000E+009,8.894535154104233E-002,5.453777499496937E-003,-3.675111830234528E-001,-9.060438871383667E-001,8.894535154104233E-002,5.453777499496937E-003,-3.675111830234528E-001,-9.060438871383667E-001,
2.706366666666667E+009,7.639116793870926E-002,3.511713445186615E-002,-3.818361759185791E-001,-9.036182165145874E-001,7.639116793870926E-002,3.511713445186615E-002,-3.818361759185791E-001,-9.036182165145874E-001,
2.714733333333334E+009,8.258242160081863E-002,6.871008127927780E-002,-4.188803434371948E-001,-8.946197628974915E-001,8.258242160081863E-002,6.871008127927780E-002,-4.188803434371948E-001,-8.946197628974915E-001,
2.723100000000000E+009,1.081981435418129E-001,9.121218323707581E-002,-4.402777254581451E-001,-8.727170825004578E-001,1.081981435418129E-001,9.121218323707581E-002,-4.402777254581451E-001,-8.727170825004578E-001,
2.731466666666667E+009,1.435877531766892E-001,1.000021100044251E-001,-4.555642604827881E-001,-8.579932451248169E-001,1.435877531766892E-001,1.000021100044251E-001,-4.555642604827881E-001,-8.579932451248169E-001,
2.739833333333334E+009,1.782612949609757E-001,9.072410315275192E-002,-4.720007479190826E-001,-8.479087948799133E-001,1.782612949609757E-001,9.072410315275192E-002,-4.720007479190826E-001,-8.479087948799133E-001,
2.748200000000000E+009,2.026090621948242E-001,6.474555283784866E-002,-4.933983087539673E-001,-8.314616680145264E-001,2.026090621948242E-001,6.474555283784866E-002,-4.933983087539673E-001,-8.314616680145264E-001,
2.756566666666667E+009,2.117285728454590E-001,2.961914800107479E-002,-5.097321867942810E-001,-8.168272972106934E-001,2.117285728454590E-001,2.961914800107479E-002,-5.097321867942810E-001,-8.168272972106934E-001,
2.764933333333334E+009,2.003038972616196E-001,-3.380062989890575E-003,-5.262320637702942E-001,-8.044173121452332E-001,2.003038972616196E-001,-3.380062989890575E-003,-5.262320637702942E-001,-8.044173121452332E-001,
2.773300000000000E+009,1.760274916887283E-001,-2.391196228563786E-002,-5.459793806076050E-001,-8.026846051216126E-001,1.760274916887283E-001,-2.391196228563786E-002,-5.459793806076050E-001,-8.026846051216126E-001,
2.781666666666667E+009,1.427405476570129E-001,-2.938264049589634E-002,-5.730995535850525E-001,-7.871644496917725E-001,1.427405476570129E-001,-2.938264049589634E-002,-5.730995535850525E-001,-7.871644496917725E-001,
2.790033333333334E+009,1.147156804800034E-001,-1.583846285939217E-002,-5.963928103446960E-001,-7.780420780181885E-001,1.147156804800034E-001,-1.583846285939217E-002,-5.963928103446960E-001,-7.780420780181885E-001,
2.798400000000000E+009,9.880170226097107E-002,1.151989866048098E-002,-6.283907890319824E-001,-7.614902257919312E-001,9.880170226097107E-002,1.151989866048098E-002,-6.283907890319824E-001,-7.614902257919312E-001,
2.806766666666667E+009,1.045540794730187E-001,4.360976070165634E-002,-6.436316967010498E-001,-7.392778992652893E-001,1.045540794730187E-001,4.360976070165634E-002,-6.436316967010498E-001,-7.392778992652893E-001,
2.815133333333334E+009,1.268973350524902E-001,6.666789203882217E-002,-6.593919992446899E-001,-7.212308645248413E-001,1.268973350524902E-001,6.666789203882217E-002,-6.593919992446899E-001,-7.212308645248413E-001,
2.823500000000000E+009,1.613666117191315E-001,7.445021718740463E-002,-6.771234869956970E-001,-6.996182799339294E-001,1.613666117191315E-001,7.445021718740463E-002,-6.771234869956970E-001,-6.996182799339294E-001,
2.831866666666667E+009,1.947562098503113E-001,6.259879469871521E-002,-6.886531114578247E-001,-6.806780695915222E-001,1.947562098503113E-001,6.259879469871521E-002,-6.886531114578247E-001,-6.806780695915222E-001,
2.840233333333334E+009,2.199488431215286E-001,3.689687699079514E-002,-7.051206827163696E-001,-6.539072394371033E-001,2.199488431215286E-001,3.689687699079514E-002,-7.051206827163696E-001,-6.539072394371033E-001,
2.848600000000000E+009,2.270048409700394E-001,2.113481285050511E-003,-7.139888405799866E-001,-6.393697857856751E-001,2.270048409700394E-001,2.113481285050511E-003,-7.139888405799866E-001,-6.393697857856751E-001,
2.856966666666667E+009,2.157716155052185E-001,-3.137521445751190E-002,-7.267016768455505E-001,-6.306946277618408E-001,2.157716155052185E-001,-3.137521445751190E-002,-7.267016768455505E-001,-6.306946277618408E-001,
2.865333333333334E+009,1.906726509332657E-001,-5.328556895256043E-002,-7.483431100845337E-001,-6.172018647193909E-001,1.906726509332657E-001,-5.328556895256043E-002,-7.483431100845337E-001,-6.172018647193909E-001,
2.873700000000000E+009,1.554523706436157E-001,-6.022963300347328E-002,-7.674432992935181E-001,-6.051948070526123E-001,1.554523706436157E-001,-6.022963300347328E-002,-7.674432992935181E-001,-6.051948070526123E-001,
2.882066666666667E+009,1.250396519899368E-001,-4.414952918887138E-002,-7.837548255920410E-001,-5.764459967613220E-001,1.250396519899368E-001,-4.414952918887138E-002,-7.837548255920410E-001,-5.764459967613220E-001,
2.890433333333334E+009,1.084426492452622E-001,-1.506482437252998E-002,-8.017996549606323E-001,-5.647135972976685E-001,1.084426492452622E-001,-1.506482437252998E-002,-8.017996549606323E-001,-5.647135972976685E-001,
2.898800000000000E+009,1.118802130222321E-001,1.769634336233139E-002,-8.273417949676514E-001,-5.375899076461792E-001,1.118802130222321E-001,1.769634336233139E-002,-8.273417949676514E-001,-5.375899076461792E-001,
2.907166666666667E+009,1.355951875448227E-001,4.404860734939575E-002,-8.341373205184937E-001,-5.117802619934082E-001,1.355951875448227E-001,4.404860734939575E-002,-8.341373205184937E-001,-5.117802619934082E-001,
2.915533333333334E+009,1.706987619400024E-001,5.324615910649300E-002,-8.394423723220825E-001,-4.907256960868835E-001,1.706987619400024E-001,5.324615910649300E-002,-8.394423723220825E-001,-4.907256960868835E-001,
2.923900000000000E+009,2.090373784303665E-001,4.210164025425911E-002,-8.473522067070007E-001,-4.603497982025147E-001,2.090373784303665E-001,4.210164025425911E-002,-8.473522067070007E-001,-4.603497982025147E-001,
2.932266666666667E+009,2.351842075586319E-001,1.244873087853193E-002,-8.531305789947510E-001,-4.404440224170685E-001,2.351842075586319E-001,1.244873087853193E-002,-8.531305789947510E-001,-4.404440224170685E-001,
2.940633333333334E+009,2.440320402383804E-001,-2.412725985050201E-002,-8.670609593391419E-001,-4.170798659324646E-001,2.440320402383804E-001,-2.412725985050201E-002,-8.670609593391419E-001,-4.170798659324646E-001,
2.949000000000000E+009,2.332032173871994E-001,-6.158891692757607E-002,-8.711501955986023E-001,-4.048795104026794E-001,2.332032173871994E-001,-6.158891692757607E-002,-8.711501955986023E-001,-4.048795104026794E-001,
2.957366666666667E+009,2.042699158191681E-001,-8.737839013338089E-002,-8.857175707817078E-001,-3.886433243751526E-001,2.042699158191681E-001,-8.737839013338089E-002,-8.857175707817078E-001,-3.886433243751526E-001,
2.965733333333334E+009,1.683785170316696E-001,-9.412989765405655E-002,-8.984280824661255E-001,-3.703725934028626E-001,1.683785170316696E-001,-9.412989765405655E-002,-8.984280824661255E-001,-3.703725934028626E-001,
2.974100000000000E+009,1.345936357975006E-001,-7.808377593755722E-002,-9.106081128120422E-001,-3.472145199775696E-001,1.345936357975006E-001,-7.808377593755722E-002,-9.106081128120422E-001,-3.472145199775696E-001,
2.982466666666667E+009,1.159519329667091E-001,-5.030887573957443E-002,-9.366138577461243E-001,-3.201503455638886E-001,1.159519329667091E-001,-5.030887573957443E-002,-9.366138577461243E-001,-3.201503455638886E-001,
2.990833333333334E+009,1.174284741282463E-001,-1.367192622274160E-002,-9.321697354316711E-001,-2.921482920646668E-001,1.174284741282463E-001,-1.367192622274160E-002,-9.321697354316711E-001,-2.921482920646668E-001,
2.999200000000000E+009,1.428124010562897E-001,1.439241971820593E-002,-9.438927173614502E-001,-2.598052918910980E-001,1.428124010562897E-001,1.439241971820593E-002,-9.438927173614502E-001,-2.598052918910980E-001,
3.007566666666667E+009,1.802581101655960E-001,2.488956227898598E-002,-9.449601769447327E-001,-2.327099442481995E-001,1.802581101655960E-001,2.488956227898598E-002,-9.449601769447327E-001,-2.327099442481995E-001,
3.015933333333334E+009,2.170888632535934E-001,1.259911246597767E-002,-9.446760416030884E-001,-2.120143175125122E-001,2.170888632535934E-001,1.259911246597767E-002,-9.446760416030884E-001,-2.120143175125122E-001,
3.024300000000000E+009,2.454194277524948E-001,-2.273596264421940E-002,-9.410486817359924E-001,-1.853801459074020E-001,2.454194277524948E-001,-2.273596264421940E-002,-9.410486817359924E-001,-1.853801459074020E-001,
3.032666666666667E+009,2.528720200061798E-001,-6.149332970380783E-002,-9.373494982719421E-001,-1.696808934211731E-001,2.528720200061798E-001,-6.149332970380783E-002,-9.373494982719421E-001,-1.696808934211731E-001,
3.041033333333334E+009,2.417213618755341E-001,-1.022052988409996E-001,-9.435945153236389E-001,-1.521623730659485E-001,2.417213618755341E-001,-1.022052988409996E-001,-9.435945153236389E-001,-1.521623730659485E-001,
3.049400000000000E+009,2.094069123268127E-001,-1.305999010801315E-001,-9.522693753242493E-001,-1.272350400686264E-001,2.094069123268127E-001,-1.305999010801315E-001,-9.522693753242493E-001,-1.272350400686264E-001,
3.057766666666667E+009,1.682822406291962E-001,-1.382197886705399E-001,-9.632345438003540E-001,-1.102276593446732E-001,1.682822406291962E-001,-1.382197886705399E-001,-9.632345438003540E-001,-1.102276593446732E-001,
3.066133333333334E+009,1.291985213756561E-001,-1.216294020414352E-001,-9.697332978248596E-001,-8.283523470163345E-002,1.291985213756561E-001,-1.216294020414352E-001,-9.697332978248596E-001,-8.283523470163345E-002,
3.074500000000000E+009,1.067804768681526E-001,-8.687832206487656E-002,-9.763247370719910E-001,-5.337237194180489E-002,1.067804768681526E-001,-8.687832206487656E-002,-9.763247370719910E-001,-5.337237194180489E-002,
3.082866666666667E+009,1.105004251003265E-001,-4.413205385208130E-002,-9.747191071510315E-001,-2.474739961326122E-002,1.105004251003265E-001,-4.413205385208130E-002,-9.747191071510315E-001,-2.474739961326122E-002,
3.091233333333334E+009,1.387730389833450E-001,-1.144690252840519E-002,-9.781252741813660E-001,1.040000934153795E-002,1.387730389833450E-001,-1.144690252840519E-002,-9.781252741813660E-001,1.040000934153795E-002,
3.099600000000000E+009,1.831844449043274E-001,-1.034837099723518E-003,-9.762240648269653E-001,3.776277229189873E-002,1.831844449043274E-001,-1.034837099723518E-003,-9.762240648269653E-001,3.776277229189873E-002,
3.107966666666667E+009,2.276695370674133E-001,-1.783172041177750E-002,-9.616910815238953E-001,6.540634483098984E-002,2.276695370674133E-001,-1.783172041177750E-002,-9.616910815238953E-001,6.540634483098984E-002,
3.116333333333334E+009,2.606360018253326E-001,-5.500229820609093E-002,-9.539309144020081E-001,8.857829868793488E-002,2.606360018253326E-001,-5.500229820609093E-002,-9.539309144020081E-001,8.857829868793488E-002,
3.124700000000000E+009,2.687897980213165E-001,-1.059549450874329E-001,-9.408199191093445E-001,1.002633720636368E-001,2.687897980213165E-001,-1.059549450874329E-001,-9.408199191093445E-001,1.002633720636368E-001,
3.133066666666667E+009,2.522296905517578E-001,-1.542095094919205E-001,-9.438166022300720E-001,1.188353002071381E-001,2.522296905517578E-001,-1.542095094919205E-001,-9.438166022300720E-001,1.188353002071381E-001,
3.141433333333334E+009,2.126782536506653E-001,-1.893108636140823E-001,-9.500789642333984E-001,1.397471129894257E-001,2.126782536506653E-001,-1.893108636140823E-001,-9.500789642333984E-001,1.397471129894257E-001,
3.149800000000000E+009,1.642279922962189E-001,-1.981173753738403E-001,-9.445624351501465E-001,1.593358665704727E-001,1.642279922962189E-001,-1.981173753738403E-001,-9.445624351501465E-001,1.593358665704727E-001,
3.158166666666667E+009,1.167429536581039E-001,-1.825099438428879E-001,-9.510891437530518E-001,1.841229945421219E-001,1.167429536581039E-001,-1.825099438428879E-001,-9.510891437530518E-001,1.841229945421219E-001,
3.166533333333334E+009,8.693892508745194E-002,-1.440668106079102E-001,-9.481099843978882E-001,2.108701765537262E-001,8.693892508745194E-002,-1.440668106079102E-001,-9.481099843978882E-001,2.108701765537262E-001,
3.174900000000000E+009,8.458928018808365E-002,-9.621460735797882E-002,-9.506068825721741E-001,2.435844093561173E-001,8.458928018808365E-002,-9.621460735797882E-002,-9.506068825721741E-001,2.435844093561173E-001,
3.183266666666667E+009,1.107556521892548E-001,-5.559863895177841E-002,-9.424587488174439E-001,2.716729640960693E-001,1.107556521892548E-001,-5.559863895177841E-002,-9.424587488174439E-001,2.716729640960693E-001,
3.191633333333334E+009,1.565496772527695E-001,-3.910066559910774E-002,-9.311221241950989E-001,3.018245995044708E-001,1.565496772527695E-001,-3.910066559910774E-002,-9.311221241950989E-001,3.018245995044708E-001,
3.200000000000000E+009,2.048633247613907E-001,-5.200855806469917E-002,-9.085053801536560E-001,3.231946825981140E-001,2.048633247613907E-001,-5.200855806469917E-002,-9.085053801536560E-001,3.231946825981140E-001,
