% Version 1.00
%
%freq[Hz],re:Trc1_S11,im:Trc1_S11,re:Trc2_S21,im:Trc2_S21,re:Trc3_S11,im:Trc3_S11,re:Trc4_S21,im:Trc4_S21,
6.900000000000000E+008,-5.327933281660080E-002,2.036004094406962E-003,-4.999762773513794E-001,-8.530463576316834E-001,-5.327933281660080E-002,2.036004094406962E-003,-4.999762773513794E-001,-8.530463576316834E-001,
6.983666666666666E+008,-4.418184980750084E-002,2.017846098169684E-003,-5.229399800300598E-001,-8.397825360298157E-001,-4.418184980750084E-002,2.017846098169684E-003,-5.229399800300598E-001,-8.397825360298157E-001,
7.067333333333334E+008,-3.880624473094940E-002,-3.477776888757944E-003,-5.655478835105896E-001,-7.784202694892883E-001,-3.880624473094940E-002,-3.477776888757944E-003,-5.655478835105896E-001,-7.784202694892883E-001,
7.151000000000000E+008,-3.983965888619423E-002,-1.098745130002499E-002,-5.874456167221069E-001,-7.925416231155396E-001,-3.983965888619423E-002,-1.098745130002499E-002,-5.874456167221069E-001,-7.925416231155396E-001,
7.234666666666666E+008,-4.393374174833298E-002,-1.640841364860535E-002,-5.994785428047180E-001,-7.811197042465210E-001,-4.393374174833298E-002,-1.640841364860535E-002,-5.994785428047180E-001,-7.811197042465210E-001,
7.318333333333334E+008,-5.219570919871330E-002,-1.872658729553223E-002,-6.124773621559143E-001,-7.760926485061646E-001,-5.219570919871330E-002,-1.872658729553223E-002,-6.124773621559143E-001,-7.760926485061646E-001,
7.402000000000000E+008,-5.982169508934021E-002,-1.852388493716717E-002,-6.572113633155823E-001,-7.611330747604370E-001,-5.982169508934021E-002,-1.852388493716717E-002,-6.572113633155823E-001,-7.611330747604370E-001,
7.485666666666666E+008,-6.799208372831345E-002,-1.212464366108179E-002,-6.563249230384827E-001,-7.567442059516907E-001,-6.799208372831345E-002,-1.212464366108179E-002,-6.563249230384827E-001,-7.567442059516907E-001,
7.569333333333334E+008,-7.066049426794052E-002,-4.443527199327946E-003,-6.627845764160156E-001,-7.365288734436035E-001,-7.066049426794052E-002,-4.443527199327946E-003,-6.627845764160156E-001,-7.365288734436035E-001,
7.653000000000000E+008,-6.706091016530991E-002,3.482634900137782E-003,-6.781008243560791E-001,-7.155067324638367E-001,-6.706091016530991E-002,3.482634900137782E-003,-6.781008243560791E-001,-7.155067324638367E-001,
7.736666666666666E+008,-6.090473383665085E-002,9.242796339094639E-003,-7.141058444976807E-001,-6.915978789329529E-001,-6.090473383665085E-002,9.242796339094639E-003,-7.141058444976807E-001,-6.915978789329529E-001,
7.820333333333334E+008,-5.299309641122818E-002,1.227047666907311E-002,-7.269433140754700E-001,-6.787774562835693E-001,-5.299309641122818E-002,1.227047666907311E-002,-7.269433140754700E-001,-6.787774562835693E-001,
7.904000000000000E+008,-4.447403550148010E-002,1.106581650674343E-002,-7.282626628875732E-001,-6.600527167320252E-001,-4.447403550148010E-002,1.106581650674343E-002,-7.282626628875732E-001,-6.600527167320252E-001,
7.987666666666666E+008,-4.052814841270447E-002,5.452315323054791E-003,-7.671303749084473E-001,-6.339284181594849E-001,-4.052814841270447E-002,5.452315323054791E-003,-7.671303749084473E-001,-6.339284181594849E-001,
8.071333333333334E+008,-3.882160782814026E-002,7.203802233561873E-004,-7.721716165542603E-001,-6.217822432518005E-001,-3.882160782814026E-002,7.203802233561873E-004,-7.721716165542603E-001,-6.217822432518005E-001,
8.155000000000000E+008,-4.593047872185707E-002,-5.586408544331789E-003,-7.948837876319885E-001,-6.016647815704346E-001,-4.593047872185707E-002,-5.586408544331789E-003,-7.948837876319885E-001,-6.016647815704346E-001,
8.238666666666666E+008,-5.155675485730171E-002,-8.867328986525536E-003,-7.951156497001648E-001,-5.744125247001648E-001,-5.155675485730171E-002,-8.867328986525536E-003,-7.951156497001648E-001,-5.744125247001648E-001,
8.322333333333334E+008,-5.991125479340553E-002,-7.945874705910683E-003,-8.180141448974609E-001,-5.528278946876526E-001,-5.991125479340553E-002,-7.945874705910683E-003,-8.180141448974609E-001,-5.528278946876526E-001,
8.406000000000000E+008,-6.692299246788025E-002,-2.917723264545202E-003,-8.271667957305908E-001,-5.407990217208862E-001,-6.692299246788025E-002,-2.917723264545202E-003,-8.271667957305908E-001,-5.407990217208862E-001,
8.489666666666668E+008,-7.186672091484070E-002,4.001912660896778E-003,-8.374617695808411E-001,-5.247224569320679E-001,-7.186672091484070E-002,4.001912660896778E-003,-8.374617695808411E-001,-5.247224569320679E-001,
8.573333333333334E+008,-7.075345516204834E-002,1.178856287151575E-002,-8.549556136131287E-001,-4.839572608470917E-001,-7.075345516204834E-002,1.178856287151575E-002,-8.549556136131287E-001,-4.839572608470917E-001,
8.657000000000000E+008,-6.478400528430939E-002,1.951467618346214E-002,-8.710086345672607E-001,-4.659554958343506E-001,-6.478400528430939E-002,1.951467618346214E-002,-8.710086345672607E-001,-4.659554958343506E-001,
8.740666666666668E+008,-5.784028023481369E-002,2.276931516826153E-002,-8.699756264686585E-001,-4.543195068836212E-001,-5.784028023481369E-002,2.276931516826153E-002,-8.699756264686585E-001,-4.543195068836212E-001,
8.824333333333334E+008,-4.871195182204247E-002,2.238503284752369E-002,-8.869747519493103E-001,-4.393739104270935E-001,-4.871195182204247E-002,2.238503284752369E-002,-8.869747519493103E-001,-4.393739104270935E-001,
8.908000000000000E+008,-4.126506298780441E-002,1.820738986134529E-002,-8.885107636451721E-001,-4.056142270565033E-001,-4.126506298780441E-002,1.820738986134529E-002,-8.885107636451721E-001,-4.056142270565033E-001,
8.991666666666668E+008,-3.876919299364090E-002,1.185409910976887E-002,-9.028307199478149E-001,-3.813768923282623E-001,-3.876919299364090E-002,1.185409910976887E-002,-9.028307199478149E-001,-3.813768923282623E-001,
9.075333333333334E+008,-4.106657952070236E-002,6.052120123058558E-003,-9.337648153305054E-001,-3.569850027561188E-001,-4.106657952070236E-002,6.052120123058558E-003,-9.337648153305054E-001,-3.569850027561188E-001,
9.159000000000000E+008,-4.601094871759415E-002,4.778232425451279E-003,-9.374633431434631E-001,-3.311651647090912E-001,-4.601094871759415E-002,4.778232425451279E-003,-9.374633431434631E-001,-3.311651647090912E-001,
9.242666666666668E+008,-5.233743786811829E-002,2.747373189777136E-003,-9.440442323684692E-001,-3.143362402915955E-001,-5.233743786811829E-002,2.747373189777136E-003,-9.440442323684692E-001,-3.143362402915955E-001,
9.326333333333334E+008,-6.119787320494652E-002,4.488924983888865E-003,-9.615721702575684E-001,-2.929308712482452E-001,-6.119787320494652E-002,4.488924983888865E-003,-9.615721702575684E-001,-2.929308712482452E-001,
9.410000000000000E+008,-6.603197753429413E-002,1.014383323490620E-002,-9.583182930946350E-001,-2.570134401321411E-001,-6.603197753429413E-002,1.014383323490620E-002,-9.583182930946350E-001,-2.570134401321411E-001,
9.493666666666668E+008,-6.858365982770920E-002,1.751337572932243E-002,-9.559500813484192E-001,-2.417741715908051E-001,-6.858365982770920E-002,1.751337572932243E-002,-9.559500813484192E-001,-2.417741715908051E-001,
9.577333333333334E+008,-6.706132739782333E-002,2.641927078366280E-002,-9.695746302604675E-001,-2.177786976099014E-001,-6.706132739782333E-002,2.641927078366280E-002,-9.695746302604675E-001,-2.177786976099014E-001,
9.661000000000000E+008,-6.088421866297722E-002,3.448430821299553E-002,-9.703962206840515E-001,-1.946517825126648E-001,-6.088421866297722E-002,3.448430821299553E-002,-9.703962206840515E-001,-1.946517825126648E-001,
9.744666666666668E+008,-5.260085687041283E-002,3.564194962382317E-002,-9.746041893959045E-001,-1.721931248903275E-001,-5.260085687041283E-002,3.564194962382317E-002,-9.746041893959045E-001,-1.721931248903275E-001,
9.828333333333334E+008,-4.057104513049126E-002,3.334988653659821E-002,-9.797729849815369E-001,-1.509282588958740E-001,-4.057104513049126E-002,3.334988653659821E-002,-9.797729849815369E-001,-1.509282588958740E-001,
9.912000000000000E+008,-3.484440222382546E-002,2.750642783939838E-002,-9.780098199844360E-001,-1.217654794454575E-001,-3.484440222382546E-002,2.750642783939838E-002,-9.780098199844360E-001,-1.217654794454575E-001,
9.995666666666668E+008,-2.961325831711292E-002,2.075682766735554E-002,-9.969290494918823E-001,-8.373427391052246E-002,-2.961325831711292E-002,2.075682766735554E-002,-9.969290494918823E-001,-8.373427391052246E-002,
1.007933333333333E+009,-3.164897486567497E-002,1.233535259962082E-002,-9.928023815155029E-001,-7.005628943443298E-002,-3.164897486567497E-002,1.233535259962082E-002,-9.928023815155029E-001,-7.005628943443298E-002,
1.016300000000000E+009,-3.892487660050392E-002,8.469210006296635E-003,-9.953279495239258E-001,-4.118164256215096E-002,-3.892487660050392E-002,8.469210006296635E-003,-9.953279495239258E-001,-4.118164256215096E-002,
1.024666666666667E+009,-4.787355288863182E-002,3.458967199549079E-003,-9.958027601242065E-001,-8.866531774401665E-003,-4.787355288863182E-002,3.458967199549079E-003,-9.958027601242065E-001,-8.866531774401665E-003,
1.033033333333333E+009,-5.588098615407944E-002,8.081222884356976E-003,-9.954591989517212E-001,1.026226580142975E-002,-5.588098615407944E-002,8.081222884356976E-003,-9.954591989517212E-001,1.026226580142975E-002,
1.041400000000000E+009,-6.264854222536087E-002,1.537342742085457E-002,-9.817617535591126E-001,4.603055864572525E-002,-6.264854222536087E-002,1.537342742085457E-002,-9.817617535591126E-001,4.603055864572525E-002,
1.049766666666667E+009,-6.449040025472641E-002,2.545951120555401E-002,-9.911434650421143E-001,6.363154947757721E-002,-6.449040025472641E-002,2.545951120555401E-002,-9.911434650421143E-001,6.363154947757721E-002,
1.058133333333333E+009,-5.980806425213814E-002,3.309262171387672E-002,-9.870380163192749E-001,8.322943747043610E-002,-5.980806425213814E-002,3.309262171387672E-002,-9.870380163192749E-001,8.322943747043610E-002,
1.066500000000000E+009,-5.087814852595329E-002,3.936388716101646E-002,-9.942257404327393E-001,1.203443631529808E-001,-5.087814852595329E-002,3.936388716101646E-002,-9.942257404327393E-001,1.203443631529808E-001,
1.074866666666667E+009,-4.044355452060700E-002,3.750610351562500E-002,-9.766123890876770E-001,1.402667164802551E-001,-4.044355452060700E-002,3.750610351562500E-002,-9.766123890876770E-001,1.402667164802551E-001,
1.083233333333334E+009,-3.037727251648903E-002,2.860696241259575E-002,-9.768473505973816E-001,1.611634790897369E-001,-3.037727251648903E-002,2.860696241259575E-002,-9.768473505973816E-001,1.611634790897369E-001,
1.091600000000000E+009,-2.559496834874153E-002,1.940086297690868E-002,-9.669507145881653E-001,1.864166855812073E-001,-2.559496834874153E-002,1.940086297690868E-002,-9.669507145881653E-001,1.864166855812073E-001,
1.099966666666667E+009,-2.677747793495655E-002,7.602125871926546E-003,-9.697383642196655E-001,2.254992425441742E-001,-2.677747793495655E-002,7.602125871926546E-003,-9.697383642196655E-001,2.254992425441742E-001,
1.108333333333334E+009,-3.700562193989754E-002,-1.324131153523922E-003,-9.457151889801025E-001,2.285140603780747E-001,-3.700562193989754E-002,-1.324131153523922E-003,-9.457151889801025E-001,2.285140603780747E-001,
1.116700000000000E+009,-4.933825135231018E-002,1.088431570678949E-003,-9.468615651130676E-001,2.749552726745606E-001,-4.933825135231018E-002,1.088431570678949E-003,-9.468615651130676E-001,2.749552726745606E-001,
1.125066666666667E+009,-6.391142308712006E-002,2.904639113694429E-003,-9.487090110778809E-001,2.847005128860474E-001,-6.391142308712006E-002,2.904639113694429E-003,-9.487090110778809E-001,2.847005128860474E-001,
1.133433333333334E+009,-7.329834252595902E-002,1.740971393883228E-002,-9.484907388687134E-001,3.081103563308716E-001,-7.329834252595902E-002,1.740971393883228E-002,-9.484907388687134E-001,3.081103563308716E-001,
1.141800000000000E+009,-7.461708784103394E-002,3.104477003216744E-002,-9.207705855369568E-001,3.268692195415497E-001,-7.461708784103394E-002,3.104477003216744E-002,-9.207705855369568E-001,3.268692195415497E-001,
1.150166666666667E+009,-6.947100907564163E-002,4.778571426868439E-002,-9.074925184249878E-001,3.589897751808167E-001,-6.947100907564163E-002,4.778571426868439E-002,-9.074925184249878E-001,3.589897751808167E-001,
1.158533333333334E+009,-5.566153302788734E-002,5.611624196171761E-002,-9.075505137443543E-001,3.819661140441895E-001,-5.566153302788734E-002,5.611624196171761E-002,-9.075505137443543E-001,3.819661140441895E-001,
1.166900000000000E+009,-3.775054588913918E-002,5.626434087753296E-002,-8.990479111671448E-001,4.137627482414246E-001,-3.775054588913918E-002,5.626434087753296E-002,-8.990479111671448E-001,4.137627482414246E-001,
1.175266666666667E+009,-2.240022458136082E-002,4.559927806258202E-002,-8.902573585510254E-001,4.219633638858795E-001,-2.240022458136082E-002,4.559927806258202E-002,-8.902573585510254E-001,4.219633638858795E-001,
1.183633333333334E+009,-1.237999275326729E-002,3.122802637517452E-002,-8.804503679275513E-001,4.602070152759552E-001,-1.237999275326729E-002,3.122802637517452E-002,-8.804503679275513E-001,4.602070152759552E-001,
1.192000000000000E+009,-1.250446774065495E-002,1.168543472886086E-002,-8.700338006019592E-001,4.695424139499664E-001,-1.250446774065495E-002,1.168543472886086E-002,-8.700338006019592E-001,4.695424139499664E-001,
1.200366666666667E+009,-2.436365373432636E-002,-2.073359675705433E-003,-8.594279885292053E-001,4.996721148490906E-001,-2.436365373432636E-002,-2.073359675705433E-003,-8.594279885292053E-001,4.996721148490906E-001,
1.208733333333334E+009,-4.093006998300552E-002,-1.030841935425997E-002,-8.538961410522461E-001,5.165320634841919E-001,-4.093006998300552E-002,-1.030841935425997E-002,-8.538961410522461E-001,5.165320634841919E-001,
1.217100000000000E+009,-5.926976352930069E-002,-3.346812212839723E-003,-8.326758146286011E-001,5.347707271575928E-001,-5.926976352930069E-002,-3.346812212839723E-003,-8.326758146286011E-001,5.347707271575928E-001,
1.225466666666667E+009,-7.025270909070969E-002,8.759475313127041E-003,-8.053318858146668E-001,5.632416009902954E-001,-7.025270909070969E-002,8.759475313127041E-003,-8.053318858146668E-001,5.632416009902954E-001,
1.233833333333334E+009,-7.716451585292816E-002,2.604833617806435E-002,-7.911090850830078E-001,5.789183378219605E-001,-7.716451585292816E-002,2.604833617806435E-002,-7.911090850830078E-001,5.789183378219605E-001,
1.242200000000000E+009,-7.401278614997864E-002,4.419822618365288E-002,-7.778342366218567E-001,5.901994705200195E-001,-7.401278614997864E-002,4.419822618365288E-002,-7.778342366218567E-001,5.901994705200195E-001,
1.250566666666667E+009,-5.945775657892227E-002,5.566535890102387E-002,-7.528284192085266E-001,6.185726523399353E-001,-5.945775657892227E-002,5.566535890102387E-002,-7.528284192085266E-001,6.185726523399353E-001,
1.258933333333334E+009,-4.093893617391586E-002,5.772260203957558E-002,-7.633302807807922E-001,6.383066773414612E-001,-4.093893617391586E-002,5.772260203957558E-002,-7.633302807807922E-001,6.383066773414612E-001,
1.267300000000000E+009,-2.341699600219727E-002,4.796916246414185E-002,-7.437604665756226E-001,6.522680521011353E-001,-2.341699600219727E-002,4.796916246414185E-002,-7.437604665756226E-001,6.522680521011353E-001,
1.275666666666667E+009,-1.472432911396027E-002,2.936264686286449E-002,-7.099869847297669E-001,6.771405935287476E-001,-1.472432911396027E-002,2.936264686286449E-002,-7.099869847297669E-001,6.771405935287476E-001,
1.284033333333334E+009,-1.622109860181809E-002,9.022330865263939E-003,-7.017301917076111E-001,7.022338509559631E-001,-1.622109860181809E-002,9.022330865263939E-003,-7.017301917076111E-001,7.022338509559631E-001,
1.292400000000000E+009,-2.853030338883400E-002,-6.713194772601128E-003,-6.874073147773743E-001,7.161092758178711E-001,-2.853030338883400E-002,-6.713194772601128E-003,-6.874073147773743E-001,7.161092758178711E-001,
1.300766666666667E+009,-4.751747474074364E-002,-1.409043464809656E-002,-6.611157059669495E-001,7.325499057769775E-001,-4.751747474074364E-002,-1.409043464809656E-002,-6.611157059669495E-001,7.325499057769775E-001,
1.309133333333334E+009,-6.832598149776459E-002,-8.663596585392952E-003,-6.460695266723633E-001,7.497687339782715E-001,-6.832598149776459E-002,-8.663596585392952E-003,-6.460695266723633E-001,7.497687339782715E-001,
1.317500000000000E+009,-8.300576359033585E-002,6.008122116327286E-003,-6.222202181816101E-001,7.611849308013916E-001,-8.300576359033585E-002,6.008122116327286E-003,-6.222202181816101E-001,7.611849308013916E-001,
1.325866666666667E+009,-8.723482489585877E-002,2.732948400080204E-002,-6.051281094551086E-001,7.744525074958801E-001,-8.723482489585877E-002,2.732948400080204E-002,-6.051281094551086E-001,7.744525074958801E-001,
1.334233333333334E+009,-8.057221770286560E-002,4.646073281764984E-002,-5.804034471511841E-001,7.919955849647522E-001,-8.057221770286560E-002,4.646073281764984E-002,-5.804034471511841E-001,7.919955849647522E-001,
1.342600000000000E+009,-6.668036431074143E-002,5.686205998063088E-002,-5.624824166297913E-001,8.098651170730591E-001,-6.668036431074143E-002,5.686205998063088E-002,-5.624824166297913E-001,8.098651170730591E-001,
1.350966666666667E+009,-4.859421774744988E-002,5.715219676494598E-002,-5.361117124557495E-001,8.369167447090149E-001,-4.859421774744988E-002,5.715219676494598E-002,-5.361117124557495E-001,8.369167447090149E-001,
1.359333333333334E+009,-3.454353660345078E-002,4.636453092098236E-002,-5.236864686012268E-001,8.387263417243958E-001,-3.454353660345078E-002,4.636453092098236E-002,-5.236864686012268E-001,8.387263417243958E-001,
1.367700000000000E+009,-3.062355518341065E-002,2.624775283038616E-002,-5.037754178047180E-001,8.490715026855469E-001,-3.062355518341065E-002,2.624775283038616E-002,-5.037754178047180E-001,8.490715026855469E-001,
1.376066666666667E+009,-3.566882759332657E-002,9.103107266128063E-003,-4.867267012596130E-001,8.680180311203003E-001,-3.566882759332657E-002,9.103107266128063E-003,-4.867267012596130E-001,8.680180311203003E-001,
1.384433333333334E+009,-5.331695079803467E-002,-6.088266149163246E-003,-4.613616466522217E-001,8.901947140693665E-001,-5.331695079803467E-002,-6.088266149163246E-003,-4.613616466522217E-001,8.901947140693665E-001,
1.392800000000000E+009,-7.521472126245499E-002,-6.626428104937077E-003,-4.418650269508362E-001,8.839650154113770E-001,-7.521472126245499E-002,-6.626428104937077E-003,-4.418650269508362E-001,8.839650154113770E-001,
1.401166666666667E+009,-9.600488841533661E-002,5.259732715785503E-003,-4.172448217868805E-001,9.003332853317261E-001,-9.600488841533661E-002,5.259732715785503E-003,-4.172448217868805E-001,9.003332853317261E-001,
1.409533333333334E+009,-1.076880991458893E-001,2.308242581784725E-002,-3.852196335792542E-001,9.093157052993774E-001,-1.076880991458893E-001,2.308242581784725E-002,-3.852196335792542E-001,9.093157052993774E-001,
1.417900000000000E+009,-1.083125025033951E-001,4.971794784069061E-002,-3.736052811145783E-001,8.990842700004578E-001,-1.083125025033951E-001,4.971794784069061E-002,-3.736052811145783E-001,8.990842700004578E-001,
1.426266666666667E+009,-9.620488435029984E-002,6.943886727094650E-002,-3.441065847873688E-001,9.258987307548523E-001,-9.620488435029984E-002,6.943886727094650E-002,-3.441065847873688E-001,9.258987307548523E-001,
1.434633333333334E+009,-7.750760018825531E-002,8.151476085186005E-002,-3.119636476039887E-001,9.334160089492798E-001,-7.750760018825531E-002,8.151476085186005E-002,-3.119636476039887E-001,9.334160089492798E-001,
1.443000000000000E+009,-5.616782605648041E-002,8.193098753690720E-002,-2.979212105274200E-001,9.397340416908264E-001,-5.616782605648041E-002,8.193098753690720E-002,-2.979212105274200E-001,9.397340416908264E-001,
1.451366666666667E+009,-4.056350886821747E-002,7.017877697944641E-002,-2.687018215656281E-001,9.432545304298401E-001,-4.056350886821747E-002,7.017877697944641E-002,-2.687018215656281E-001,9.432545304298401E-001,
1.459733333333334E+009,-3.304750844836235E-002,5.024234205484390E-002,-2.509191632270813E-001,9.513324499130249E-001,-3.304750844836235E-002,5.024234205484390E-002,-2.509191632270813E-001,9.513324499130249E-001,
1.468100000000000E+009,-4.229449480772018E-002,3.215714544057846E-002,-2.251303941011429E-001,9.633790850639343E-001,-4.229449480772018E-002,3.215714544057846E-002,-2.251303941011429E-001,9.633790850639343E-001,
1.476466666666667E+009,-5.964489653706551E-002,2.222219668328762E-002,-2.006584107875824E-001,9.717850685119629E-001,-5.964489653706551E-002,2.222219668328762E-002,-2.006584107875824E-001,9.717850685119629E-001,
1.484833333333334E+009,-8.041822165250778E-002,2.103557810187340E-002,-1.707059144973755E-001,9.787188768386841E-001,-8.041822165250778E-002,2.103557810187340E-002,-1.707059144973755E-001,9.787188768386841E-001,
1.493200000000000E+009,-9.887557476758957E-002,3.320762515068054E-002,-1.402506381273270E-001,9.798001646995544E-001,-9.887557476758957E-002,3.320762515068054E-002,-1.402506381273270E-001,9.798001646995544E-001,
1.501566666666667E+009,-1.087028384208679E-001,5.330835282802582E-002,-1.275651901960373E-001,9.758782982826233E-001,-1.087028384208679E-001,5.330835282802582E-002,-1.275651901960373E-001,9.758782982826233E-001,
1.509933333333334E+009,-1.057768985629082E-001,7.703981548547745E-002,-1.010230928659439E-001,9.739530682563782E-001,-1.057768985629082E-001,7.703981548547745E-002,-1.010230928659439E-001,9.739530682563782E-001,
1.518300000000000E+009,-9.073171764612198E-002,9.618803858757019E-002,-7.622016966342926E-002,9.791840910911560E-001,-9.073171764612198E-002,9.618803858757019E-002,-7.622016966342926E-002,9.791840910911560E-001,
1.526666666666667E+009,-7.056144624948502E-002,1.041548997163773E-001,-5.471735447645187E-002,9.824722409248352E-001,-7.056144624948502E-002,1.041548997163773E-001,-5.471735447645187E-002,9.824722409248352E-001,
1.535033333333334E+009,-4.933788627386093E-002,1.017854586243630E-001,-3.031161800026894E-002,9.821844100952148E-001,-4.933788627386093E-002,1.017854586243630E-001,-3.031161800026894E-002,9.821844100952148E-001,
1.543400000000000E+009,-3.367784991860390E-002,9.122570604085922E-002,-4.052533477079123E-004,9.851502776145935E-001,-3.367784991860390E-002,9.122570604085922E-002,-4.052533477079123E-004,9.851502776145935E-001,
1.551766666666667E+009,-3.017280250787735E-002,7.221335917711258E-002,2.140627428889275E-002,9.898852705955505E-001,-3.017280250787735E-002,7.221335917711258E-002,2.140627428889275E-002,9.898852705955505E-001,
1.560133333333334E+009,-3.644275665283203E-002,5.406418815255165E-002,5.413350090384483E-002,9.967887997627258E-001,-3.644275665283203E-002,5.406418815255165E-002,5.413350090384483E-002,9.967887997627258E-001,
1.568500000000000E+009,-5.277062579989433E-002,4.565702006220818E-002,7.095842808485031E-002,9.717398881912231E-001,-5.277062579989433E-002,4.565702006220818E-002,7.095842808485031E-002,9.717398881912231E-001,
1.576866666666667E+009,-7.232477515935898E-002,4.555678367614746E-002,9.747536480426788E-002,9.845569729804993E-001,-7.232477515935898E-002,4.555678367614746E-002,9.747536480426788E-002,9.845569729804993E-001,
1.585233333333334E+009,-8.877614140510559E-002,5.851955339312553E-002,1.236988902091980E-001,9.728622436523438E-001,-8.877614140510559E-002,5.851955339312553E-002,1.236988902091980E-001,9.728622436523438E-001,
1.593600000000000E+009,-9.448225051164627E-002,7.619384676218033E-002,1.517782211303711E-001,9.768528938293457E-001,-9.448225051164627E-002,7.619384676218033E-002,1.517782211303711E-001,9.768528938293457E-001,
1.601966666666667E+009,-9.220680594444275E-002,9.660352021455765E-002,1.697400063276291E-001,9.814702272415161E-001,-9.220680594444275E-002,9.660352021455765E-002,1.697400063276291E-001,9.814702272415161E-001,
1.610333333333334E+009,-7.795389741659164E-002,1.124319285154343E-001,1.964656859636307E-001,9.657412171363831E-001,-7.795389741659164E-002,1.124319285154343E-001,1.964656859636307E-001,9.657412171363831E-001,
1.618700000000000E+009,-5.849604681134224E-002,1.176175326108933E-001,2.174042761325836E-001,9.538024067878723E-001,-5.849604681134224E-002,1.176175326108933E-001,2.174042761325836E-001,9.538024067878723E-001,
1.627066666666667E+009,-4.196589440107346E-002,1.155966594815254E-001,2.396780699491501E-001,9.497233033180237E-001,-4.196589440107346E-002,1.155966594815254E-001,2.396780699491501E-001,9.497233033180237E-001,
1.635433333333334E+009,-3.029057383537293E-002,1.041215732693672E-001,2.577102780342102E-001,9.411154389381409E-001,-3.029057383537293E-002,1.041215732693672E-001,2.577102780342102E-001,9.411154389381409E-001,
1.643800000000000E+009,-2.752672135829926E-002,8.878433704376221E-002,2.907053530216217E-001,9.480683207511902E-001,-2.752672135829926E-002,8.878433704376221E-002,2.907053530216217E-001,9.480683207511902E-001,
1.652166666666667E+009,-3.361326456069946E-002,7.723006606101990E-002,3.187032043933868E-001,9.373713135719299E-001,-3.361326456069946E-002,7.723006606101990E-002,3.187032043933868E-001,9.373713135719299E-001,
1.660533333333334E+009,-4.845000803470612E-002,7.072173058986664E-002,3.331658244132996E-001,9.221026301383972E-001,-4.845000803470612E-002,7.072173058986664E-002,3.331658244132996E-001,9.221026301383972E-001,
1.668900000000000E+009,-6.357592344284058E-002,7.567465305328369E-002,3.658145666122437E-001,9.154720902442932E-001,-6.357592344284058E-002,7.567465305328369E-002,3.658145666122437E-001,9.154720902442932E-001,
1.677266666666667E+009,-7.480266690254211E-002,8.542118966579437E-002,3.969451785087585E-001,8.937667608261108E-001,-7.480266690254211E-002,8.542118966579437E-002,3.969451785087585E-001,8.937667608261108E-001,
1.685633333333334E+009,-7.794623076915741E-002,1.052652969956398E-001,4.138250648975372E-001,8.952335119247437E-001,-7.794623076915741E-002,1.052652969956398E-001,4.138250648975372E-001,8.952335119247437E-001,
1.694000000000000E+009,-7.224760204553604E-002,1.206355318427086E-001,4.327644407749176E-001,8.802551031112671E-001,-7.224760204553604E-002,1.206355318427086E-001,4.327644407749176E-001,8.802551031112671E-001,
1.702366666666667E+009,-5.861629918217659E-002,1.331198811531067E-001,4.486134350299835E-001,8.704023957252502E-001,-5.861629918217659E-002,1.331198811531067E-001,4.486134350299835E-001,8.704023957252502E-001,
1.710733333333334E+009,-3.759998455643654E-002,1.393824070692062E-001,4.802928566932678E-001,8.532694578170776E-001,-3.759998455643654E-002,1.393824070692062E-001,4.802928566932678E-001,8.532694578170776E-001,
1.719100000000000E+009,-2.104699052870274E-002,1.335439980030060E-001,4.963189065456390E-001,8.483573794364929E-001,-2.104699052870274E-002,1.335439980030060E-001,4.963189065456390E-001,8.483573794364929E-001,
1.727466666666667E+009,-1.035081874579191E-002,1.233051717281342E-001,5.226779580116272E-001,8.367657065391541E-001,-1.035081874579191E-002,1.233051717281342E-001,5.226779580116272E-001,8.367657065391541E-001,
1.735833333333334E+009,-3.329021856188774E-003,1.073404550552368E-001,5.441697835922241E-001,8.174557685852051E-001,-3.329021856188774E-003,1.073404550552368E-001,5.441697835922241E-001,8.174557685852051E-001,
1.744200000000000E+009,-8.675671182572842E-003,9.392625838518143E-002,5.669990777969360E-001,8.029141426086426E-001,-8.675671182572842E-003,9.392625838518143E-002,5.669990777969360E-001,8.029141426086426E-001,
1.752566666666667E+009,-1.999905891716480E-002,8.523658663034439E-002,5.858913064002991E-001,7.979473471641541E-001,-1.999905891716480E-002,8.523658663034439E-002,5.858913064002991E-001,7.979473471641541E-001,
1.760933333333334E+009,-3.307309001684189E-002,8.508091419935226E-002,6.008684635162354E-001,7.782896757125855E-001,-3.307309001684189E-002,8.508091419935226E-002,6.008684635162354E-001,7.782896757125855E-001,
1.769300000000000E+009,-4.610366374254227E-002,9.058841317892075E-002,6.221013665199280E-001,7.558379173278809E-001,-4.610366374254227E-002,9.058841317892075E-002,6.221013665199280E-001,7.558379173278809E-001,
1.777666666666667E+009,-5.423807725310326E-002,1.040733084082604E-001,6.469326019287109E-001,7.387227416038513E-001,-5.423807725310326E-002,1.040733084082604E-001,6.469326019287109E-001,7.387227416038513E-001,
1.786033333333334E+009,-5.472118780016899E-002,1.189604103565216E-001,6.598274707794190E-001,7.278312444686890E-001,-5.472118780016899E-002,1.189604103565216E-001,6.598274707794190E-001,7.278312444686890E-001,
1.794400000000000E+009,-4.979002475738525E-002,1.309493035078049E-001,6.764838695526123E-001,7.093542218208313E-001,-4.979002475738525E-002,1.309493035078049E-001,6.764838695526123E-001,7.093542218208313E-001,
1.802766666666667E+009,-3.685942292213440E-002,1.412191987037659E-001,6.967768073081970E-001,6.945305466651917E-001,-3.685942292213440E-002,1.412191987037659E-001,6.967768073081970E-001,6.945305466651917E-001,
1.811133333333334E+009,-2.229040488600731E-002,1.431283354759216E-001,7.149050831794739E-001,6.678305268287659E-001,-2.229040488600731E-002,1.431283354759216E-001,7.149050831794739E-001,6.678305268287659E-001,
1.819500000000000E+009,-1.082775089889765E-002,1.406022310256958E-001,7.268970608711243E-001,6.585137248039246E-001,-1.082775089889765E-002,1.406022310256958E-001,7.268970608711243E-001,6.585137248039246E-001,
1.827866666666667E+009,-6.177773466333747E-004,1.337577700614929E-001,7.427005171775818E-001,6.330641508102417E-001,-6.177773466333747E-004,1.337577700614929E-001,7.427005171775818E-001,6.330641508102417E-001,
1.836233333333334E+009,2.115578390657902E-003,1.247453987598419E-001,7.647771835327148E-001,6.200976371765137E-001,2.115578390657902E-003,1.247453987598419E-001,7.647771835327148E-001,6.200976371765137E-001,
1.844600000000000E+009,-2.166799968108535E-003,1.195037439465523E-001,7.797415852546692E-001,6.090734601020813E-001,-2.166799968108535E-003,1.195037439465523E-001,7.797415852546692E-001,6.090734601020813E-001,
1.852966666666667E+009,-8.982965722680092E-003,1.165937259793282E-001,7.975181937217712E-001,5.746710300445557E-001,-8.982965722680092E-003,1.165937259793282E-001,7.975181937217712E-001,5.746710300445557E-001,
1.861333333333334E+009,-1.313888840377331E-002,1.164907813072205E-001,8.155850172042847E-001,5.627376437187195E-001,-1.313888840377331E-002,1.164907813072205E-001,8.155850172042847E-001,5.627376437187195E-001,
1.869700000000000E+009,-1.811015233397484E-002,1.229603663086891E-001,8.211755156517029E-001,5.345742702484131E-001,-1.811015233397484E-002,1.229603663086891E-001,8.211755156517029E-001,5.345742702484131E-001,
1.878066666666667E+009,-1.946295425295830E-002,1.321233361959457E-001,8.378319144248962E-001,5.157154798507690E-001,-1.946295425295830E-002,1.321233361959457E-001,8.378319144248962E-001,5.157154798507690E-001,
1.886433333333334E+009,-1.260050293058157E-002,1.429696232080460E-001,8.440826535224915E-001,4.844516813755035E-001,-1.260050293058157E-002,1.429696232080460E-001,8.440826535224915E-001,4.844516813755035E-001,
1.894800000000000E+009,-4.575686529278755E-003,1.499559730291367E-001,8.556100130081177E-001,4.756237268447876E-001,-4.575686529278755E-003,1.499559730291367E-001,8.556100130081177E-001,4.756237268447876E-001,
1.903166666666667E+009,7.631994783878326E-003,1.526912301778793E-001,8.715466260910034E-001,4.539496004581451E-001,7.631994783878326E-003,1.526912301778793E-001,8.715466260910034E-001,4.539496004581451E-001,
1.911533333333334E+009,2.104932256042957E-002,1.507973074913025E-001,8.788297772407532E-001,4.172689020633698E-001,2.104932256042957E-002,1.507973074913025E-001,8.788297772407532E-001,4.172689020633698E-001,
1.919900000000000E+009,3.239601477980614E-002,1.436172127723694E-001,9.022780656814575E-001,4.011240899562836E-001,3.239601477980614E-002,1.436172127723694E-001,9.022780656814575E-001,4.011240899562836E-001,
1.928266666666667E+009,3.732746839523315E-002,1.341207623481751E-001,9.058261513710022E-001,3.861623704433441E-001,3.732746839523315E-002,1.341207623481751E-001,9.058261513710022E-001,3.861623704433441E-001,
1.936633333333334E+009,3.870151937007904E-002,1.230184957385063E-001,9.099010825157166E-001,3.599121570587158E-001,3.870151937007904E-002,1.230184957385063E-001,9.099010825157166E-001,3.599121570587158E-001,
1.945000000000000E+009,3.298335894942284E-002,1.142456606030464E-001,9.266821146011353E-001,3.346572220325470E-001,3.298335894942284E-002,1.142456606030464E-001,9.266821146011353E-001,3.346572220325470E-001,
1.953366666666667E+009,2.347506769001484E-002,1.133922636508942E-001,9.353129267692566E-001,3.190545439720154E-001,2.347506769001484E-002,1.133922636508942E-001,9.353129267692566E-001,3.190545439720154E-001,
1.961733333333334E+009,1.334196142852306E-002,1.157869026064873E-001,9.390709996223450E-001,2.952489554882050E-001,1.334196142852306E-002,1.157869026064873E-001,9.390709996223450E-001,2.952489554882050E-001,
1.970100000000000E+009,7.264920510351658E-003,1.249147355556488E-001,9.502676129341126E-001,2.631377279758453E-001,7.264920510351658E-003,1.249147355556488E-001,9.502676129341126E-001,2.631377279758453E-001,
1.978466666666667E+009,7.875953800976276E-003,1.373079717159271E-001,9.490302205085754E-001,2.352637052536011E-001,7.875953800976276E-003,1.373079717159271E-001,9.490302205085754E-001,2.352637052536011E-001,
1.986833333333334E+009,1.523395534604788E-002,1.505364030599594E-001,9.616758823394775E-001,2.253561466932297E-001,1.523395534604788E-002,1.505364030599594E-001,9.616758823394775E-001,2.253561466932297E-001,
1.995200000000000E+009,2.898927032947540E-002,1.576775759458542E-001,9.494823813438416E-001,1.959470063447952E-001,2.898927032947540E-002,1.576775759458542E-001,9.494823813438416E-001,1.959470063447952E-001,
2.003566666666667E+009,4.660755395889282E-002,1.600590944290161E-001,9.629108905792236E-001,1.663184165954590E-001,4.660755395889282E-002,1.600590944290161E-001,9.629108905792236E-001,1.663184165954590E-001,
2.011933333333334E+009,6.227996200323105E-002,1.535516083240509E-001,9.675276279449463E-001,1.446318477392197E-001,6.227996200323105E-002,1.535516083240509E-001,9.675276279449463E-001,1.446318477392197E-001,
2.020300000000000E+009,7.394701987504959E-002,1.403625458478928E-001,9.673750996589661E-001,1.296258568763733E-001,7.394701987504959E-002,1.403625458478928E-001,9.673750996589661E-001,1.296258568763733E-001,
2.028666666666667E+009,7.988823205232620E-002,1.215888038277626E-001,9.822998642921448E-001,9.276667982339859E-002,7.988823205232620E-002,1.215888038277626E-001,9.822998642921448E-001,9.276667982339859E-002,
2.037033333333334E+009,7.406669110059738E-002,1.090457662940025E-001,9.833068847656250E-001,7.640126347541809E-002,7.406669110059738E-002,1.090457662940025E-001,9.833068847656250E-001,7.640126347541809E-002,
2.045400000000000E+009,6.287138164043427E-002,1.023508459329605E-001,9.862642288208008E-001,4.985442385077477E-002,6.287138164043427E-002,1.023508459329605E-001,9.862642288208008E-001,4.985442385077477E-002,
2.053766666666667E+009,5.047086626291275E-002,9.841808676719666E-002,9.845445752143860E-001,1.928408630192280E-002,5.047086626291275E-002,9.841808676719666E-002,9.845445752143860E-001,1.928408630192280E-002,
2.062133333333334E+009,3.985426574945450E-002,1.073875501751900E-001,9.881424903869629E-001,-9.394164197146893E-003,3.985426574945450E-002,1.073875501751900E-001,9.881424903869629E-001,-9.394164197146893E-003,
2.070500000000000E+009,3.331104665994644E-002,1.227243393659592E-001,9.810299873352051E-001,-3.448046371340752E-002,3.331104665994644E-002,1.227243393659592E-001,9.810299873352051E-001,-3.448046371340752E-002,
2.078866666666667E+009,4.088386148214340E-002,1.380133628845215E-001,9.769740104675293E-001,-6.003684550523758E-002,4.088386148214340E-002,1.380133628845215E-001,9.769740104675293E-001,-6.003684550523758E-002,
2.087233333333334E+009,5.707980319857597E-002,1.486876904964447E-001,9.818882346153259E-001,-8.561420440673828E-002,5.707980319857597E-002,1.486876904964447E-001,9.818882346153259E-001,-8.561420440673828E-002,
2.095600000000000E+009,7.550104707479477E-002,1.494100242853165E-001,9.747796654701233E-001,-1.065285652875900E-001,7.550104707479477E-002,1.494100242853165E-001,9.747796654701233E-001,-1.065285652875900E-001,
2.103966666666667E+009,9.530892968177795E-002,1.398931592702866E-001,9.632685780525208E-001,-1.301623731851578E-001,9.530892968177795E-002,1.398931592702866E-001,9.632685780525208E-001,-1.301623731851578E-001,
2.112333333333334E+009,1.086784824728966E-001,1.205539554357529E-001,9.660105705261231E-001,-1.514774411916733E-001,1.086784824728966E-001,1.205539554357529E-001,9.660105705261231E-001,-1.514774411916733E-001,
2.120700000000000E+009,1.111769452691078E-001,9.825675934553146E-002,9.620882272720337E-001,-1.827387511730194E-001,1.111769452691078E-001,9.825675934553146E-002,9.620882272720337E-001,-1.827387511730194E-001,
2.129066666666667E+009,1.041550859808922E-001,7.880161702632904E-002,9.451922178268433E-001,-2.046822458505631E-001,1.041550859808922E-001,7.880161702632904E-002,9.451922178268433E-001,-2.046822458505631E-001,
2.137433333333334E+009,8.520229160785675E-002,6.850572675466538E-002,9.593090415000916E-001,-2.367147952318192E-001,8.520229160785675E-002,6.850572675466538E-002,9.593090415000916E-001,-2.367147952318192E-001,
2.145800000000000E+009,6.482049077749252E-002,6.776192039251328E-002,9.508889317512512E-001,-2.542873322963715E-001,6.482049077749252E-002,6.776192039251328E-002,9.508889317512512E-001,-2.542873322963715E-001,
2.154166666666667E+009,4.540778696537018E-002,8.167627453804016E-002,9.462409615516663E-001,-2.834106385707855E-001,4.540778696537018E-002,8.167627453804016E-002,9.462409615516663E-001,-2.834106385707855E-001,
2.162533333333334E+009,3.865597397089005E-002,1.009944453835487E-001,9.327064156532288E-001,-3.088866770267487E-001,3.865597397089005E-002,1.009944453835487E-001,9.327064156532288E-001,-3.088866770267487E-001,
2.170900000000000E+009,4.719696938991547E-002,1.244339644908905E-001,9.218494296073914E-001,-3.399378657341003E-001,4.719696938991547E-002,1.244339644908905E-001,9.218494296073914E-001,-3.399378657341003E-001,
2.179266666666667E+009,6.414456665515900E-002,1.390044242143631E-001,9.129613637924194E-001,-3.543276488780975E-001,6.414456665515900E-002,1.390044242143631E-001,9.129613637924194E-001,-3.543276488780975E-001,
2.187633333333334E+009,8.977939188480377E-002,1.422419100999832E-001,9.039019346237183E-001,-3.728348910808563E-001,8.977939188480377E-002,1.422419100999832E-001,9.039019346237183E-001,-3.728348910808563E-001,
2.196000000000000E+009,1.125019714236260E-001,1.297101527452469E-001,8.956444263458252E-001,-3.912411928176880E-001,1.125019714236260E-001,1.297101527452469E-001,8.956444263458252E-001,-3.912411928176880E-001,
2.204366666666667E+009,1.283434927463532E-001,1.088572591543198E-001,9.010734558105469E-001,-4.127947390079498E-001,1.283434927463532E-001,1.088572591543198E-001,9.010734558105469E-001,-4.127947390079498E-001,
2.212733333333334E+009,1.317186802625656E-001,8.163528144359589E-002,8.784583806991577E-001,-4.312477707862854E-001,1.317186802625656E-001,8.163528144359589E-002,8.784583806991577E-001,-4.312477707862854E-001,
2.221100000000000E+009,1.190071925520897E-001,5.986420437693596E-002,8.702172040939331E-001,-4.618622660636902E-001,1.190071925520897E-001,5.986420437693596E-002,8.702172040939331E-001,-4.618622660636902E-001,
2.229466666666667E+009,9.870132803916931E-002,4.467308148741722E-002,8.656140565872192E-001,-4.823309183120728E-001,9.870132803916931E-002,4.467308148741722E-002,8.656140565872192E-001,-4.823309183120728E-001,
2.237833333333334E+009,7.258185744285584E-002,4.672519117593765E-002,8.421119451522827E-001,-5.141655802726746E-001,7.258185744285584E-002,4.672519117593765E-002,8.421119451522827E-001,-5.141655802726746E-001,
2.246200000000000E+009,5.348542705178261E-002,6.004805117845535E-002,8.324502706527710E-001,-5.313656330108643E-001,5.348542705178261E-002,6.004805117845535E-002,8.324502706527710E-001,-5.313656330108643E-001,
2.254566666666667E+009,4.709076881408691E-002,8.521488308906555E-002,8.133798241615295E-001,-5.525484085083008E-001,4.709076881408691E-002,8.521488308906555E-002,8.133798241615295E-001,-5.525484085083008E-001,
2.262933333333334E+009,5.499716848134995E-002,1.099654734134674E-001,8.031544685363770E-001,-5.761115550994873E-001,5.499716848134995E-002,1.099654734134674E-001,8.031544685363770E-001,-5.761115550994873E-001,
2.271300000000000E+009,7.412464171648026E-002,1.255604028701782E-001,7.759830355644226E-001,-5.924412012100220E-001,7.412464171648026E-002,1.255604028701782E-001,7.759830355644226E-001,-5.924412012100220E-001,
2.279666666666667E+009,1.014051362872124E-001,1.271861791610718E-001,7.642366290092468E-001,-6.080759763717651E-001,1.014051362872124E-001,1.271861791610718E-001,7.642366290092468E-001,-6.080759763717651E-001,
2.288033333333334E+009,1.242441758513451E-001,1.136401742696762E-001,7.479574680328369E-001,-6.244173049926758E-001,1.242441758513451E-001,1.136401742696762E-001,7.479574680328369E-001,-6.244173049926758E-001,
2.296400000000000E+009,1.372574865818024E-001,8.908371627330780E-002,7.361429929733276E-001,-6.414853334426880E-001,1.372574865818024E-001,8.908371627330780E-002,7.361429929733276E-001,-6.414853334426880E-001,
2.304766666666667E+009,1.364963948726654E-001,6.390751153230667E-002,7.218480110168457E-001,-6.630871891975403E-001,1.364963948726654E-001,6.390751153230667E-002,7.218480110168457E-001,-6.630871891975403E-001,
2.313133333333334E+009,1.193541884422302E-001,4.269176721572876E-002,7.066771388053894E-001,-6.750598549842835E-001,1.193541884422302E-001,4.269176721572876E-002,7.066771388053894E-001,-6.750598549842835E-001,
2.321500000000000E+009,9.790481626987457E-002,3.584536910057068E-002,6.932685971260071E-001,-7.060527205467224E-001,9.790481626987457E-002,3.584536910057068E-002,6.932685971260071E-001,-7.060527205467224E-001,
2.329866666666667E+009,7.248345017433167E-002,4.311757162213326E-002,6.721128821372986E-001,-7.228609919548035E-001,7.248345017433167E-002,4.311757162213326E-002,6.721128821372986E-001,-7.228609919548035E-001,
2.338233333333334E+009,5.937759950757027E-002,6.404052674770355E-002,6.428099274635315E-001,-7.391543984413147E-001,5.937759950757027E-002,6.404052674770355E-002,6.428099274635315E-001,-7.391543984413147E-001,
2.346600000000000E+009,6.189361587166786E-002,8.972790092229843E-002,6.273175477981567E-001,-7.596016526222229E-001,6.189361587166786E-002,8.972790092229843E-002,6.273175477981567E-001,-7.596016526222229E-001,
2.354966666666667E+009,7.800538092851639E-002,1.111713871359825E-001,6.058077216148377E-001,-7.682525515556335E-001,7.800538092851639E-002,1.111713871359825E-001,6.058077216148377E-001,-7.682525515556335E-001,
2.363333333333334E+009,1.053274944424629E-001,1.184652447700501E-001,5.796098113059998E-001,-7.816163301467896E-001,1.053274944424629E-001,1.184652447700501E-001,5.796098113059998E-001,-7.816163301467896E-001,
2.371700000000000E+009,1.347965151071549E-001,1.087316647171974E-001,5.647563934326172E-001,-7.958190441131592E-001,1.347965151071549E-001,1.087316647171974E-001,5.647563934326172E-001,-7.958190441131592E-001,
2.380066666666667E+009,1.554705947637558E-001,8.364889770746231E-002,5.525575280189514E-001,-7.934621572494507E-001,1.554705947637558E-001,8.364889770746231E-002,5.525575280189514E-001,-7.934621572494507E-001,
2.388433333333334E+009,1.612455099821091E-001,5.007331445813179E-002,5.293583273887634E-001,-8.231012821197510E-001,1.612455099821091E-001,5.007331445813179E-002,5.293583273887634E-001,-8.231012821197510E-001,
2.396800000000000E+009,1.455654650926590E-001,1.455486565828323E-002,5.130370259284973E-001,-8.336049914360046E-001,1.455654650926590E-001,1.455486565828323E-002,5.130370259284973E-001,-8.336049914360046E-001,
2.405166666666667E+009,1.177195459604263E-001,-6.988750770688057E-003,4.973126351833344E-001,-8.553233146667481E-001,1.177195459604263E-001,-6.988750770688057E-003,4.973126351833344E-001,-8.553233146667481E-001,
2.413533333333334E+009,8.109251409769058E-002,-1.071696914732456E-002,4.680009782314301E-001,-8.648535609245300E-001,8.109251409769058E-002,-1.071696914732456E-002,4.680009782314301E-001,-8.648535609245300E-001,
2.421900000000000E+009,4.521442577242851E-002,8.309095166623592E-003,4.521132707595825E-001,-8.917862176895142E-001,4.521442577242851E-002,8.309095166623592E-003,4.521132707595825E-001,-8.917862176895142E-001,
2.430266666666667E+009,2.582418173551559E-002,4.082774370908737E-002,4.161186814308167E-001,-8.993760347366333E-001,2.582418173551559E-002,4.082774370908737E-002,4.161186814308167E-001,-8.993760347366333E-001,
2.438633333333334E+009,2.600382640957832E-002,8.078266680240631E-002,3.928504586219788E-001,-9.086773991584778E-001,2.600382640957832E-002,8.078266680240631E-002,3.928504586219788E-001,-9.086773991584778E-001,
2.447000000000000E+009,4.659148305654526E-002,1.147819384932518E-001,3.651689589023590E-001,-9.127071499824524E-001,4.659148305654526E-002,1.147819384932518E-001,3.651689589023590E-001,-9.127071499824524E-001,
2.455366666666667E+009,8.243787288665772E-002,1.310669630765915E-001,3.348438739776611E-001,-9.206595420837402E-001,8.243787288665772E-002,1.310669630765915E-001,3.348438739776611E-001,-9.206595420837402E-001,
2.463733333333334E+009,1.192947104573250E-001,1.303830742835999E-001,3.175219893455505E-001,-9.223930239677429E-001,1.192947104573250E-001,1.303830742835999E-001,3.175219893455505E-001,-9.223930239677429E-001,
2.472100000000000E+009,1.506374776363373E-001,1.055473983287811E-001,2.942990660667419E-001,-9.299697875976563E-001,1.506374776363373E-001,1.055473983287811E-001,2.942990660667419E-001,-9.299697875976563E-001,
2.480466666666667E+009,1.641836166381836E-001,7.139698415994644E-002,2.703384160995483E-001,-9.346711039543152E-001,1.641836166381836E-001,7.139698415994644E-002,2.703384160995483E-001,-9.346711039543152E-001,
2.488833333333334E+009,1.576270610094070E-001,3.608057275414467E-002,2.542514801025391E-001,-9.452175498008728E-001,1.576270610094070E-001,3.608057275414467E-002,2.542514801025391E-001,-9.452175498008728E-001,
2.497200000000000E+009,1.349555402994156E-001,1.267957873642445E-002,2.295455634593964E-001,-9.523571729660034E-001,1.349555402994156E-001,1.267957873642445E-002,2.295455634593964E-001,-9.523571729660034E-001,
2.505566666666667E+009,1.024680510163307E-001,5.571346729993820E-003,2.029766291379929E-001,-9.618666172027588E-001,1.024680510163307E-001,5.571346729993820E-003,2.029766291379929E-001,-9.618666172027588E-001,
2.513933333333334E+009,7.254536449909210E-002,1.870127767324448E-002,1.817637979984283E-001,-9.679222702980042E-001,7.254536449909210E-002,1.870127767324448E-002,1.817637979984283E-001,-9.679222702980042E-001,
2.522300000000000E+009,5.637739598751068E-002,4.536994919180870E-002,1.493198722600937E-001,-9.828764200210571E-001,5.637739598751068E-002,4.536994919180870E-002,1.493198722600937E-001,-9.828764200210571E-001,
2.530666666666667E+009,5.928177386522293E-002,7.769016921520233E-002,1.172271147370338E-001,-9.830924868583679E-001,5.928177386522293E-002,7.769016921520233E-002,1.172271147370338E-001,-9.830924868583679E-001,
2.539033333333334E+009,8.250276744365692E-002,1.033638939261437E-001,9.118566662073135E-002,-9.739089608192444E-001,8.250276744365692E-002,1.033638939261437E-001,9.118566662073135E-002,-9.739089608192444E-001,
2.547400000000000E+009,1.146904304623604E-001,1.135844662785530E-001,7.000093907117844E-002,-9.701550006866455E-001,1.146904304623604E-001,1.135844662785530E-001,7.000093907117844E-002,-9.701550006866455E-001,
2.555766666666667E+009,1.465559303760529E-001,1.047587692737579E-001,4.300716146826744E-002,-9.701607227325440E-001,1.465559303760529E-001,1.047587692737579E-001,4.300716146826744E-002,-9.701607227325440E-001,
2.564133333333334E+009,1.700907796621323E-001,7.966221868991852E-002,2.993627078831196E-002,-9.674502611160278E-001,1.700907796621323E-001,7.966221868991852E-002,2.993627078831196E-002,-9.674502611160278E-001,
2.572500000000000E+009,1.780099421739578E-001,4.451944306492806E-002,4.363810643553734E-003,-9.736511707305908E-001,1.780099421739578E-001,4.451944306492806E-002,4.363810643553734E-003,-9.736511707305908E-001,
2.580866666666667E+009,1.653484255075455E-001,1.375695224851370E-002,-1.417962554842234E-002,-9.736009240150452E-001,1.653484255075455E-001,1.375695224851370E-002,-1.417962554842234E-002,-9.736009240150452E-001,
2.589233333333334E+009,1.388199925422669E-001,-7.641318254172802E-003,-3.736340254545212E-002,-9.718344807624817E-001,1.388199925422669E-001,-7.641318254172802E-003,-3.736340254545212E-002,-9.718344807624817E-001,
2.597600000000000E+009,1.034974381327629E-001,-9.763468988239765E-003,-6.292095035314560E-002,-9.759559035301209E-001,1.034974381327629E-001,-9.763468988239765E-003,-6.292095035314560E-002,-9.759559035301209E-001,
2.605966666666667E+009,7.413725554943085E-002,5.082584451884031E-003,-9.741902351379395E-002,-9.832230210304260E-001,7.413725554943085E-002,5.082584451884031E-003,-9.741902351379395E-002,-9.832230210304260E-001,
2.614333333333334E+009,5.724364146590233E-002,3.599665686488152E-002,-1.242654845118523E-001,-9.817956089973450E-001,5.724364146590233E-002,3.599665686488152E-002,-1.242654845118523E-001,-9.817956089973450E-001,
2.622700000000000E+009,6.262776255607605E-002,6.994624435901642E-002,-1.573300063610077E-001,-9.751540422439575E-001,6.262776255607605E-002,6.994624435901642E-002,-1.573300063610077E-001,-9.751540422439575E-001,
2.631066666666667E+009,8.684430271387100E-002,9.852990508079529E-002,-1.751987636089325E-001,-9.651166200637817E-001,8.684430271387100E-002,9.852990508079529E-002,-1.751987636089325E-001,-9.651166200637817E-001,
2.639433333333334E+009,1.197923198342323E-001,1.079104691743851E-001,-2.047223299741745E-001,-9.522941708564758E-001,1.197923198342323E-001,1.079104691743851E-001,-2.047223299741745E-001,-9.522941708564758E-001,
2.647800000000000E+009,1.548616141080856E-001,9.926212579011917E-002,-2.220028638839722E-001,-9.409941434860230E-001,1.548616141080856E-001,9.926212579011917E-002,-2.220028638839722E-001,-9.409941434860230E-001,
2.656166666666667E+009,1.764181256294251E-001,7.415731996297836E-002,-2.480482459068298E-001,-9.397338628768921E-001,1.764181256294251E-001,7.415731996297836E-002,-2.480482459068298E-001,-9.397338628768921E-001,
2.664533333333334E+009,1.852223575115204E-001,4.065736383199692E-002,-2.626426219940186E-001,-9.276393651962280E-001,1.852223575115204E-001,4.065736383199692E-002,-2.626426219940186E-001,-9.276393651962280E-001,
2.672900000000000E+009,1.727935522794724E-001,1.017196942120791E-002,-2.819169461727142E-001,-9.276892542839050E-001,1.727935522794724E-001,1.017196942120791E-002,-2.819169461727142E-001,-9.276892542839050E-001,
2.681266666666667E+009,1.476860195398331E-001,-8.074542507529259E-003,-3.074143230915070E-001,-9.264463782310486E-001,1.476860195398331E-001,-8.074542507529259E-003,-3.074143230915070E-001,-9.264463782310486E-001,
2.689633333333334E+009,1.165762916207314E-001,-1.019392628222704E-002,-3.340697586536408E-001,-9.221714735031128E-001,1.165762916207314E-001,-1.019392628222704E-002,-3.340697586536408E-001,-9.221714735031128E-001,
2.698000000000000E+009,8.873384445905685E-002,5.467919632792473E-003,-3.680296838283539E-001,-9.064106941223145E-001,8.873384445905685E-002,5.467919632792473E-003,-3.680296838283539E-001,-9.064106941223145E-001,
2.706366666666667E+009,7.632690668106079E-002,3.515987098217011E-002,-3.828727304935455E-001,-9.036577939987183E-001,7.632690668106079E-002,3.515987098217011E-002,-3.828727304935455E-001,-9.036577939987183E-001,
2.714733333333334E+009,8.275804668664932E-002,6.864786893129349E-002,-4.193323254585266E-001,-8.936980962753296E-001,8.275804668664932E-002,6.864786893129349E-002,-4.193323254585266E-001,-8.936980962753296E-001,
2.723100000000000E+009,1.082618236541748E-001,9.108345210552216E-002,-4.408016502857208E-001,-8.737151026725769E-001,1.082618236541748E-001,9.108345210552216E-002,-4.408016502857208E-001,-8.737151026725769E-001,
2.731466666666667E+009,1.437243223190308E-001,9.983240813016892E-002,-4.561430215835571E-001,-8.581862449645996E-001,1.437243223190308E-001,9.983240813016892E-002,-4.561430215835571E-001,-8.581862449645996E-001,
2.739833333333334E+009,1.789624989032745E-001,8.974382281303406E-002,-4.756171107292175E-001,-8.486450910568237E-001,1.789624989032745E-001,8.974382281303406E-002,-4.756171107292175E-001,-8.486450910568237E-001,
2.748200000000000E+009,2.027136832475662E-001,6.401132047176361E-002,-4.954738914966583E-001,-8.309027552604675E-001,2.027136832475662E-001,6.401132047176361E-002,-4.954738914966583E-001,-8.309027552604675E-001,
2.756566666666667E+009,2.118110060691834E-001,2.903772331774235E-002,-5.103707909584045E-001,-8.163078427314758E-001,2.118110060691834E-001,2.903772331774235E-002,-5.103707909584045E-001,-8.163078427314758E-001,
2.764933333333334E+009,2.005983442068100E-001,-3.802712075412273E-003,-5.258359313011169E-001,-8.062201142311096E-001,2.005983442068100E-001,-3.802712075412273E-003,-5.258359313011169E-001,-8.062201142311096E-001,
2.773300000000000E+009,1.758322417736054E-001,-2.440158277750015E-002,-5.468365550041199E-001,-8.024427294731140E-001,1.758322417736054E-001,-2.440158277750015E-002,-5.468365550041199E-001,-8.024427294731140E-001,
2.781666666666667E+009,1.431023031473160E-001,-2.945008501410484E-002,-5.735154151916504E-001,-7.866405844688416E-001,1.431023031473160E-001,-2.945008501410484E-002,-5.735154151916504E-001,-7.866405844688416E-001,
2.790033333333334E+009,1.146216541528702E-001,-1.651465892791748E-002,-5.956907272338867E-001,-7.777338027954102E-001,1.146216541528702E-001,-1.651465892791748E-002,-5.956907272338867E-001,-7.777338027954102E-001,
2.798400000000000E+009,9.920866042375565E-002,1.134512759745121E-002,-6.295361518859863E-001,-7.594048380851746E-001,9.920866042375565E-002,1.134512759745121E-002,-6.295361518859863E-001,-7.594048380851746E-001,
2.806766666666667E+009,1.042539700865746E-001,4.332410171627998E-002,-6.441495418548584E-001,-7.390470504760742E-001,1.042539700865746E-001,4.332410171627998E-002,-6.441495418548584E-001,-7.390470504760742E-001,
2.815133333333334E+009,1.265585869550705E-001,6.658712774515152E-002,-6.593651771545410E-001,-7.197019457817078E-001,1.265585869550705E-001,6.658712774515152E-002,-6.593651771545410E-001,-7.197019457817078E-001,
2.823500000000000E+009,1.618743538856506E-001,7.407265156507492E-002,-6.776334047317505E-001,-6.996548771858215E-001,1.618743538856506E-001,7.407265156507492E-002,-6.776334047317505E-001,-6.996548771858215E-001,
2.831866666666667E+009,1.953540146350861E-001,6.229668110609055E-002,-6.904157400131226E-001,-6.797063946723938E-001,1.953540146350861E-001,6.229668110609055E-002,-6.904157400131226E-001,-6.797063946723938E-001,
2.840233333333334E+009,2.201228886842728E-001,3.672388941049576E-002,-7.065293192863464E-001,-6.530728340148926E-001,2.201228886842728E-001,3.672388941049576E-002,-7.065293192863464E-001,-6.530728340148926E-001,
2.848600000000000E+009,2.271565645933151E-001,2.049960894510150E-003,-7.135749459266663E-001,-6.408494114875794E-001,2.271565645933151E-001,2.049960894510150E-003,-7.135749459266663E-001,-6.408494114875794E-001,
2.856966666666667E+009,2.151474803686142E-001,-3.135651350021362E-002,-7.267107367515564E-001,-6.311679482460022E-001,2.151474803686142E-001,-3.135651350021362E-002,-7.267107367515564E-001,-6.311679482460022E-001,
2.865333333333334E+009,1.906055659055710E-001,-5.349775031208992E-002,-7.497491836547852E-001,-6.172084212303162E-001,1.906055659055710E-001,-5.349775031208992E-002,-7.497491836547852E-001,-6.172084212303162E-001,
2.873700000000000E+009,1.553235501050949E-001,-6.045695021748543E-002,-7.677872180938721E-001,-6.046543717384338E-001,1.553235501050949E-001,-6.045695021748543E-002,-7.677872180938721E-001,-6.046543717384338E-001,
2.882066666666667E+009,1.246264949440956E-001,-4.447018727660179E-002,-7.847311496734619E-001,-5.745995044708252E-001,1.246264949440956E-001,-4.447018727660179E-002,-7.847311496734619E-001,-5.745995044708252E-001,
2.890433333333334E+009,1.087119430303574E-001,-1.545096654444933E-002,-8.031510114669800E-001,-5.646553039550781E-001,1.087119430303574E-001,-1.545096654444933E-002,-8.031510114669800E-001,-5.646553039550781E-001,
2.898800000000000E+009,1.118085831403732E-001,1.720179058611393E-002,-8.255610466003418E-001,-5.364503860473633E-001,1.118085831403732E-001,1.720179058611393E-002,-8.255610466003418E-001,-5.364503860473633E-001,
2.907166666666667E+009,1.355377733707428E-001,4.333375021815300E-002,-8.324338197708130E-001,-5.135967135429382E-001,1.355377733707428E-001,4.333375021815300E-002,-8.324338197708130E-001,-5.135967135429382E-001,
2.915533333333334E+009,1.705249547958374E-001,5.310982093214989E-002,-8.403119444847107E-001,-4.900568127632141E-001,1.705249547958374E-001,5.310982093214989E-002,-8.403119444847107E-001,-4.900568127632141E-001,
2.923900000000000E+009,2.090682685375214E-001,4.167445749044418E-002,-8.479827046394348E-001,-4.574553370475769E-001,2.090682685375214E-001,4.167445749044418E-002,-8.479827046394348E-001,-4.574553370475769E-001,
2.932266666666667E+009,2.349103689193726E-001,1.178622618317604E-002,-8.537324070930481E-001,-4.384425878524780E-001,2.349103689193726E-001,1.178622618317604E-002,-8.537324070930481E-001,-4.384425878524780E-001,
2.940633333333334E+009,2.433397769927979E-001,-2.485207282006741E-002,-8.661765456199646E-001,-4.159903526306152E-001,2.433397769927979E-001,-2.485207282006741E-002,-8.661765456199646E-001,-4.159903526306152E-001,
2.949000000000000E+009,2.331730574369431E-001,-6.209217384457588E-002,-8.726979494094849E-001,-4.035139977931976E-001,2.331730574369431E-001,-6.209217384457588E-002,-8.726979494094849E-001,-4.035139977931976E-001,
2.957366666666667E+009,2.038542181253433E-001,-8.830554783344269E-002,-8.858286738395691E-001,-3.866651356220245E-001,2.038542181253433E-001,-8.830554783344269E-002,-8.858286738395691E-001,-3.866651356220245E-001,
2.965733333333334E+009,1.679610610008240E-001,-9.451244026422501E-002,-8.981082439422607E-001,-3.704513609409332E-001,1.679610610008240E-001,-9.451244026422501E-002,-8.981082439422607E-001,-3.704513609409332E-001,
2.974100000000000E+009,1.343656182289124E-001,-7.834132760763168E-002,-9.128040671348572E-001,-3.465321362018585E-001,1.343656182289124E-001,-7.834132760763168E-002,-9.128040671348572E-001,-3.465321362018585E-001,
2.982466666666667E+009,1.156776025891304E-001,-5.049070715904236E-002,-9.349747896194458E-001,-3.198086619377136E-001,1.156776025891304E-001,-5.049070715904236E-002,-9.349747896194458E-001,-3.198086619377136E-001,
2.990833333333334E+009,1.171710491180420E-001,-1.369302533566952E-002,-9.329867362976074E-001,-2.924269437789917E-001,1.171710491180420E-001,-1.369302533566952E-002,-9.329867362976074E-001,-2.924269437789917E-001,
2.999200000000000E+009,1.435036808252335E-001,1.412861607968807E-002,-9.422828555107117E-001,-2.586245834827423E-001,1.435036808252335E-001,1.412861607968807E-002,-9.422828555107117E-001,-2.586245834827423E-001,
3.007566666666667E+009,1.806234866380692E-001,2.461823262274265E-002,-9.463722109794617E-001,-2.302620112895966E-001,1.806234866380692E-001,2.461823262274265E-002,-9.463722109794617E-001,-2.302620112895966E-001,
3.015933333333334E+009,2.172972857952118E-001,1.173804700374603E-002,-9.434112906455994E-001,-2.123814523220062E-001,2.172972857952118E-001,1.173804700374603E-002,-9.434112906455994E-001,-2.123814523220062E-001,
3.024300000000000E+009,2.449723929166794E-001,-2.334780432283878E-002,-9.409785270690918E-001,-1.844811886548996E-001,2.449723929166794E-001,-2.334780432283878E-002,-9.409785270690918E-001,-1.844811886548996E-001,
3.032666666666667E+009,2.528302967548370E-001,-6.215967610478401E-002,-9.372746348381043E-001,-1.706735044717789E-001,2.528302967548370E-001,-6.215967610478401E-002,-9.372746348381043E-001,-1.706735044717789E-001,
3.041033333333334E+009,2.415170371532440E-001,-1.032983586192131E-001,-9.440864324569702E-001,-1.485671997070313E-001,2.415170371532440E-001,-1.032983586192131E-001,-9.440864324569702E-001,-1.485671997070313E-001,
3.049400000000000E+009,2.093330472707748E-001,-1.309935897588730E-001,-9.529506564140320E-001,-1.267852932214737E-001,2.093330472707748E-001,-1.309935897588730E-001,-9.529506564140320E-001,-1.267852932214737E-001,
3.057766666666667E+009,1.681620478630066E-001,-1.382532715797424E-001,-9.633044600486755E-001,-1.097709387540817E-001,1.681620478630066E-001,-1.382532715797424E-001,-9.633044600486755E-001,-1.097709387540817E-001,
3.066133333333334E+009,1.289654225111008E-001,-1.220464110374451E-001,-9.695954322814941E-001,-8.486416935920715E-002,1.289654225111008E-001,-1.220464110374451E-001,-9.695954322814941E-001,-8.486416935920715E-002,
3.074500000000000E+009,1.067590415477753E-001,-8.691099286079407E-002,-9.778696298599243E-001,-5.363776907324791E-002,1.067590415477753E-001,-8.691099286079407E-002,-9.778696298599243E-001,-5.363776907324791E-002,
3.082866666666667E+009,1.111397221684456E-001,-4.478617012500763E-002,-9.751843214035034E-001,-2.217259444296360E-002,1.111397221684456E-001,-4.478617012500763E-002,-9.751843214035034E-001,-2.217259444296360E-002,
3.091233333333334E+009,1.388953626155853E-001,-1.173011399805546E-002,-9.781537652015686E-001,1.202540844678879E-002,1.388953626155853E-001,-1.173011399805546E-002,-9.781537652015686E-001,1.202540844678879E-002,
3.099600000000000E+009,1.832903027534485E-001,-1.243663835339248E-003,-9.751083850860596E-001,3.883635252714157E-002,1.832903027534485E-001,-1.243663835339248E-003,-9.751083850860596E-001,3.883635252714157E-002,
3.107966666666667E+009,2.275811582803726E-001,-1.824044249951839E-002,-9.651407599449158E-001,6.605700403451920E-002,2.275811582803726E-001,-1.824044249951839E-002,-9.651407599449158E-001,6.605700403451920E-002,
3.116333333333334E+009,2.605036497116089E-001,-5.586240068078041E-002,-9.552090167999268E-001,9.050376713275909E-002,2.605036497116089E-001,-5.586240068078041E-002,-9.552090167999268E-001,9.050376713275909E-002,
3.124700000000000E+009,2.684970796108246E-001,-1.067914962768555E-001,-9.405402541160584E-001,1.031504645943642E-001,2.684970796108246E-001,-1.067914962768555E-001,-9.405402541160584E-001,1.031504645943642E-001,
3.133066666666667E+009,2.525487840175629E-001,-1.547558903694153E-001,-9.439176321029663E-001,1.190255880355835E-001,2.525487840175629E-001,-1.547558903694153E-001,-9.439176321029663E-001,1.190255880355835E-001,
3.141433333333334E+009,2.122968137264252E-001,-1.894303262233734E-001,-9.500172734260559E-001,1.375474184751511E-001,2.122968137264252E-001,-1.894303262233734E-001,-9.500172734260559E-001,1.375474184751511E-001,
3.149800000000000E+009,1.636435091495514E-001,-1.988398432731628E-001,-9.452470541000366E-001,1.605340242385864E-001,1.636435091495514E-001,-1.988398432731628E-001,-9.452470541000366E-001,1.605340242385864E-001,
3.158166666666667E+009,1.164649799466133E-001,-1.831546276807785E-001,-9.513415694236755E-001,1.851220130920410E-001,1.164649799466133E-001,-1.831546276807785E-001,-9.513415694236755E-001,1.851220130920410E-001,
3.166533333333334E+009,8.690433204174042E-002,-1.447700113058090E-001,-9.481192231178284E-001,2.115915268659592E-001,8.690433204174042E-002,-1.447700113058090E-001,-9.481192231178284E-001,2.115915268659592E-001,
3.174900000000000E+009,8.423152565956116E-002,-9.664817154407501E-002,-9.515541195869446E-001,2.439268976449966E-001,8.423152565956116E-002,-9.664817154407501E-002,-9.515541195869446E-001,2.439268976449966E-001,
3.183266666666667E+009,1.103414073586464E-001,-5.637298524379730E-002,-9.427115917205811E-001,2.735813260078430E-001,1.103414073586464E-001,-5.637298524379730E-002,-9.427115917205811E-001,2.735813260078430E-001,
3.191633333333334E+009,1.568206101655960E-001,-4.012636840343475E-002,-9.322734475135803E-001,3.042638897895813E-001,1.568206101655960E-001,-4.012636840343475E-002,-9.322734475135803E-001,3.042638897895813E-001,
3.200000000000000E+009,2.045248150825501E-001,-5.252199620008469E-002,-9.070524573326111E-001,3.242599666118622E-001,2.045248150825501E-001,-5.252199620008469E-002,-9.070524573326111E-001,3.242599666118622E-001,
