% Version 1.00
%
%freq[Hz],re:Trc1_S11,im:Trc1_S11,re:Trc2_S21,im:Trc2_S21,re:Trc3_S11,im:Trc3_S11,re:Trc4_S21,im:Trc4_S21,
6.900000000000000E+008,-1.807413995265961E-002,6.058661267161369E-002,-4.990405142307282E-001,-8.491505384445190E-001,-1.807413995265961E-002,6.058661267161369E-002,-4.990405142307282E-001,-8.491505384445190E-001,
6.983666666666666E+008,-7.294612936675549E-003,6.156279519200325E-002,-5.218378305435181E-001,-8.401288390159607E-001,-7.294612936675549E-003,6.156279519200325E-002,-5.218378305435181E-001,-8.401288390159607E-001,
7.067333333333334E+008,3.865942126139998E-004,5.662392079830170E-002,-5.667945146560669E-001,-7.783400416374207E-001,3.865942126139998E-004,5.662392079830170E-002,-5.667945146560669E-001,-7.783400416374207E-001,
7.151000000000000E+008,2.674416406080127E-003,4.879895597696304E-002,-5.858656764030457E-001,-7.918379306793213E-001,2.674416406080127E-003,4.879895597696304E-002,-5.858656764030457E-001,-7.918379306793213E-001,
7.234666666666666E+008,8.727362728677690E-004,4.311251640319824E-002,-5.975801944732666E-001,-7.802374958992004E-001,8.727362728677690E-004,4.311251640319824E-002,-5.975801944732666E-001,-7.802374958992004E-001,
7.318333333333334E+008,-4.529782105237246E-003,4.034109786152840E-002,-6.125142574310303E-001,-7.783101201057434E-001,-4.529782105237246E-003,4.034109786152840E-002,-6.125142574310303E-001,-7.783101201057434E-001,
7.402000000000000E+008,-9.994759224355221E-003,4.020448774099350E-002,-6.573725342750549E-001,-7.607528567314148E-001,-9.994759224355221E-003,4.020448774099350E-002,-6.573725342750549E-001,-7.607528567314148E-001,
7.485666666666666E+008,-1.564058475196362E-002,4.576982557773590E-002,-6.559923887252808E-001,-7.570751309394836E-001,-1.564058475196362E-002,4.576982557773590E-002,-6.559923887252808E-001,-7.570751309394836E-001,
7.569333333333334E+008,-1.579181104898453E-002,5.323446914553642E-002,-6.644880175590515E-001,-7.357352375984192E-001,-1.579181104898453E-002,5.323446914553642E-002,-6.644880175590515E-001,-7.357352375984192E-001,
7.653000000000000E+008,-9.836624376475811E-003,6.038535758852959E-002,-6.824832558631897E-001,-7.158582806587219E-001,-9.836624376475811E-003,6.038535758852959E-002,-6.824832558631897E-001,-7.158582806587219E-001,
7.736666666666666E+008,-2.044818364083767E-003,6.638155132532120E-002,-7.149806022644043E-001,-6.900864839553833E-001,-2.044818364083767E-003,6.638155132532120E-002,-7.149806022644043E-001,-6.900864839553833E-001,
7.820333333333334E+008,8.290885016322136E-003,6.870644539594650E-002,-7.262744903564453E-001,-6.769363284111023E-001,8.290885016322136E-003,6.870644539594650E-002,-7.262744903564453E-001,-6.769363284111023E-001,
7.904000000000000E+008,1.992210187017918E-002,6.704939156770706E-002,-7.304198145866394E-001,-6.556478738784790E-001,1.992210187017918E-002,6.704939156770706E-002,-7.304198145866394E-001,-6.556478738784790E-001,
7.987666666666666E+008,2.588215470314026E-002,6.102896109223366E-002,-7.650155425071716E-001,-6.346969008445740E-001,2.588215470314026E-002,6.102896109223366E-002,-7.650155425071716E-001,-6.346969008445740E-001,
8.071333333333334E+008,3.011585958302021E-002,5.505410581827164E-002,-7.701054215431213E-001,-6.232885122299194E-001,3.011585958302021E-002,5.505410581827164E-002,-7.701054215431213E-001,-6.232885122299194E-001,
8.155000000000000E+008,2.562531083822250E-002,4.825784638524056E-002,-7.930008172988892E-001,-6.020075082778931E-001,2.562531083822250E-002,4.825784638524056E-002,-7.930008172988892E-001,-6.020075082778931E-001,
8.238666666666666E+008,2.285887859761715E-002,4.293864965438843E-002,-7.941892743110657E-001,-5.726739168167114E-001,2.285887859761715E-002,4.293864965438843E-002,-7.941892743110657E-001,-5.726739168167114E-001,
8.322333333333334E+008,1.652055606245995E-002,4.268151149153709E-002,-8.159919381141663E-001,-5.528773665428162E-001,1.652055606245995E-002,4.268151149153709E-002,-8.159919381141663E-001,-5.528773665428162E-001,
8.406000000000000E+008,1.178901735693216E-002,4.557948186993599E-002,-8.271343111991882E-001,-5.402727723121643E-001,1.178901735693216E-002,4.557948186993599E-002,-8.271343111991882E-001,-5.402727723121643E-001,
8.489666666666668E+008,9.438892826437950E-003,5.219425261020660E-002,-8.380125164985657E-001,-5.247655510902405E-001,9.438892826437950E-003,5.219425261020660E-002,-8.380125164985657E-001,-5.247655510902405E-001,
8.573333333333334E+008,1.210745517164469E-002,5.922032892704010E-002,-8.550568819046021E-001,-4.838476479053497E-001,1.210745517164469E-002,5.922032892704010E-002,-8.550568819046021E-001,-4.838476479053497E-001,
8.657000000000000E+008,2.214486151933670E-002,6.479896605014801E-002,-8.715289831161499E-001,-4.638871848583221E-001,2.214486151933670E-002,6.479896605014801E-002,-8.715289831161499E-001,-4.638871848583221E-001,
8.740666666666668E+008,3.080235235393047E-002,6.643754243850708E-002,-8.691344261169434E-001,-4.517451822757721E-001,3.080235235393047E-002,6.643754243850708E-002,-8.691344261169434E-001,-4.517451822757721E-001,
8.824333333333334E+008,4.163372144103050E-002,6.473283469676971E-002,-8.862481117248535E-001,-4.362961351871491E-001,4.163372144103050E-002,6.473283469676971E-002,-8.862481117248535E-001,-4.362961351871491E-001,
8.908000000000000E+008,5.143792554736137E-002,5.857710912823677E-002,-8.861817717552185E-001,-4.046466946601868E-001,5.143792554736137E-002,5.857710912823677E-002,-8.861817717552185E-001,-4.046466946601868E-001,
8.991666666666668E+008,5.556439235806465E-002,5.061500146985054E-002,-9.007191061973572E-001,-3.772593736648560E-001,5.556439235806465E-002,5.061500146985054E-002,-9.007191061973572E-001,-3.772593736648560E-001,
9.075333333333334E+008,5.675068125128746E-002,4.254021868109703E-002,-9.306240081787109E-001,-3.583006262779236E-001,5.675068125128746E-002,4.254021868109703E-002,-9.306240081787109E-001,-3.583006262779236E-001,
9.159000000000000E+008,5.429143086075783E-002,3.847816586494446E-002,-9.368947148323059E-001,-3.298862874507904E-001,5.429143086075783E-002,3.847816586494446E-002,-9.368947148323059E-001,-3.298862874507904E-001,
9.242666666666668E+008,4.934616014361382E-002,3.414253145456314E-002,-9.421654939651489E-001,-3.160717189311981E-001,4.934616014361382E-002,3.414253145456314E-002,-9.421654939651489E-001,-3.160717189311981E-001,
9.326333333333334E+008,4.219385981559753E-002,3.402831777930260E-002,-9.634059071540833E-001,-2.920448184013367E-001,4.219385981559753E-002,3.402831777930260E-002,-9.634059071540833E-001,-2.920448184013367E-001,
9.410000000000000E+008,3.904830664396286E-002,3.736643493175507E-002,-9.562631845474243E-001,-2.586007118225098E-001,3.904830664396286E-002,3.736643493175507E-002,-9.562631845474243E-001,-2.586007118225098E-001,
9.493666666666668E+008,3.879052773118019E-002,4.232593625783920E-002,-9.544253349304199E-001,-2.403478771448135E-001,3.879052773118019E-002,4.232593625783920E-002,-9.544253349304199E-001,-2.403478771448135E-001,
9.577333333333334E+008,4.206876084208489E-002,4.934954270720482E-002,-9.708560109138489E-001,-2.162421345710754E-001,4.206876084208489E-002,4.934954270720482E-002,-9.708560109138489E-001,-2.162421345710754E-001,
9.661000000000000E+008,5.175101384520531E-002,5.402506515383720E-002,-9.684523344039917E-001,-1.923740804195404E-001,5.175101384520531E-002,5.402506515383720E-002,-9.684523344039917E-001,-1.923740804195404E-001,
9.744666666666668E+008,6.004404649138451E-002,5.248918756842613E-002,-9.732761979103088E-001,-1.680026650428772E-001,6.004404649138451E-002,5.248918756842613E-002,-9.732761979103088E-001,-1.680026650428772E-001,
9.828333333333334E+008,7.365683466196060E-002,4.752644896507263E-002,-9.755134582519531E-001,-1.470038741827011E-001,7.365683466196060E-002,4.752644896507263E-002,-9.755134582519531E-001,-1.470038741827011E-001,
9.912000000000000E+008,8.138068020343781E-002,3.923427686095238E-002,-9.750878214836121E-001,-1.199881210923195E-001,8.138068020343781E-002,3.923427686095238E-002,-9.750878214836121E-001,-1.199881210923195E-001,
9.995666666666668E+008,8.703365921974182E-002,2.840904891490936E-002,-9.898368716239929E-001,-8.235473185777664E-002,8.703365921974182E-002,2.840904891490936E-002,-9.898368716239929E-001,-8.235473185777664E-002,
1.007933333333333E+009,8.696287125349045E-002,1.768446527421475E-002,-9.876052737236023E-001,-6.771180033683777E-002,8.696287125349045E-002,1.768446527421475E-002,-9.876052737236023E-001,-6.771180033683777E-002,
1.016300000000000E+009,8.083200454711914E-002,1.051380671560764E-002,-9.896306991577148E-001,-4.154089838266373E-002,8.083200454711914E-002,1.051380671560764E-002,-9.896306991577148E-001,-4.154089838266373E-002,
1.024666666666667E+009,7.350468635559082E-002,3.399871289730072E-003,-9.890185594558716E-001,-9.181425906717777E-003,7.350468635559082E-002,3.399871289730072E-003,-9.890185594558716E-001,-9.181425906717777E-003,
1.033033333333333E+009,6.635566800832748E-002,4.947951529175043E-003,-9.886454939842224E-001,9.573904797434807E-003,6.635566800832748E-002,4.947951529175043E-003,-9.886454939842224E-001,9.573904797434807E-003,
1.041400000000000E+009,6.024027615785599E-002,9.508196264505386E-003,-9.743838906288147E-001,4.784975945949554E-002,6.024027615785599E-002,9.508196264505386E-003,-9.743838906288147E-001,4.784975945949554E-002,
1.049766666666667E+009,5.957690998911858E-002,1.576713100075722E-002,-9.867092967033386E-001,6.764514744281769E-002,5.957690998911858E-002,1.576713100075722E-002,-9.867092967033386E-001,6.764514744281769E-002,
1.058133333333333E+009,6.494356691837311E-002,2.037155441939831E-002,-9.804475307464600E-001,8.635564148426056E-002,6.494356691837311E-002,2.037155441939831E-002,-9.804475307464600E-001,8.635564148426056E-002,
1.066500000000000E+009,7.549130916595459E-002,2.167069539427757E-002,-9.867435097694397E-001,1.255139410495758E-001,7.549130916595459E-002,2.167069539427757E-002,-9.867435097694397E-001,1.255139410495758E-001,
1.074866666666667E+009,8.528024703264237E-002,1.812191493809223E-002,-9.689910411834717E-001,1.422344446182251E-001,8.528024703264237E-002,1.812191493809223E-002,-9.689910411834717E-001,1.422344446182251E-001,
1.083233333333334E+009,9.523531794548035E-002,4.638086073100567E-003,-9.667469263076782E-001,1.639627665281296E-001,9.523531794548035E-002,4.638086073100567E-003,-9.667469263076782E-001,1.639627665281296E-001,
1.091600000000000E+009,1.006853133440018E-001,-7.141140755265951E-003,-9.571830630302429E-001,1.853994727134705E-001,1.006853133440018E-001,-7.141140755265951E-003,-9.571830630302429E-001,1.853994727134705E-001,
1.099966666666667E+009,1.010427400469780E-001,-2.344593033194542E-002,-9.598603844642639E-001,2.234124541282654E-001,1.010427400469780E-001,-2.344593033194542E-002,-9.598603844642639E-001,2.234124541282654E-001,
1.108333333333334E+009,9.133230149745941E-002,-3.501266241073608E-002,-9.383785724639893E-001,2.267766296863556E-001,9.133230149745941E-002,-3.501266241073608E-002,-9.383785724639893E-001,2.267766296863556E-001,
1.116700000000000E+009,7.663045078516007E-002,-3.611283376812935E-002,-9.382847547531128E-001,2.703188955783844E-001,7.663045078516007E-002,-3.611283376812935E-002,-9.382847547531128E-001,2.703188955783844E-001,
1.125066666666667E+009,6.416989117860794E-002,-3.683163970708847E-002,-9.432280659675598E-001,2.800952792167664E-001,6.416989117860794E-002,-3.683163970708847E-002,-9.432280659675598E-001,2.800952792167664E-001,
1.133433333333334E+009,5.438602343201637E-002,-2.623863518238068E-002,-9.439947009086609E-001,3.054002821445465E-001,5.438602343201637E-002,-2.623863518238068E-002,-9.439947009086609E-001,3.054002821445465E-001,
1.141800000000000E+009,5.265106260776520E-002,-1.622655801475048E-002,-9.166260361671448E-001,3.266329169273377E-001,5.265106260776520E-002,-1.622655801475048E-002,-9.166260361671448E-001,3.266329169273377E-001,
1.150166666666667E+009,5.830908939242363E-002,-3.800660138949752E-003,-8.997012376785278E-001,3.575901389122009E-001,5.830908939242363E-002,-3.800660138949752E-003,-8.997012376785278E-001,3.575901389122009E-001,
1.158533333333334E+009,7.132288813591003E-002,1.286372775211930E-003,-9.017913937568665E-001,3.833777010440826E-001,7.132288813591003E-002,1.286372775211930E-003,-9.017913937568665E-001,3.833777010440826E-001,
1.166900000000000E+009,8.895362913608551E-002,-2.622240688651800E-003,-8.909795284271240E-001,4.171965718269348E-001,8.895362913608551E-002,-2.622240688651800E-003,-8.909795284271240E-001,4.171965718269348E-001,
1.175266666666667E+009,1.014827638864517E-001,-1.660412177443504E-002,-8.799243569374085E-001,4.221915304660797E-001,1.014827638864517E-001,-1.660412177443504E-002,-8.799243569374085E-001,4.221915304660797E-001,
1.183633333333334E+009,1.104353070259094E-001,-3.516903892159462E-002,-8.670563697814941E-001,4.596510827541351E-001,1.104353070259094E-001,-3.516903892159462E-002,-8.670563697814941E-001,4.596510827541351E-001,
1.192000000000000E+009,1.091309785842896E-001,-5.759158357977867E-002,-8.564481139183044E-001,4.656722545623779E-001,1.091309785842896E-001,-5.759158357977867E-002,-8.564481139183044E-001,4.656722545623779E-001,
1.200366666666667E+009,9.660163521766663E-002,-7.415433228015900E-002,-8.471826314926148E-001,4.920929670333862E-001,9.660163521766663E-002,-7.415433228015900E-002,-8.471826314926148E-001,4.920929670333862E-001,
1.208733333333334E+009,8.004876971244812E-002,-8.464500308036804E-002,-8.417835235595703E-001,5.082815289497376E-001,8.004876971244812E-002,-8.464500308036804E-002,-8.417835235595703E-001,5.082815289497376E-001,
1.217100000000000E+009,6.040929257869721E-002,-8.240408450365067E-002,-8.270362019538879E-001,5.285351872444153E-001,6.040929257869721E-002,-8.240408450365067E-002,-8.270362019538879E-001,5.285351872444153E-001,
1.225466666666667E+009,4.739436879754067E-002,-7.504236698150635E-002,-8.032942414283752E-001,5.547488927841187E-001,4.739436879754067E-002,-7.504236698150635E-002,-8.032942414283752E-001,5.547488927841187E-001,
1.233833333333334E+009,3.979302570223808E-002,-5.971040576696396E-002,-7.877719402313232E-001,5.736298561096191E-001,3.979302570223808E-002,-5.971040576696396E-002,-7.877719402313232E-001,5.736298561096191E-001,
1.242200000000000E+009,4.210662469267845E-002,-4.484909027814865E-002,-7.737661600112915E-001,5.876665711402893E-001,4.210662469267845E-002,-4.484909027814865E-002,-7.737661600112915E-001,5.876665711402893E-001,
1.250566666666667E+009,5.504594370722771E-002,-3.731170296669006E-002,-7.467271685600281E-001,6.160986423492432E-001,5.504594370722771E-002,-3.731170296669006E-002,-7.467271685600281E-001,6.160986423492432E-001,
1.258933333333334E+009,7.006843388080597E-002,-3.891219943761826E-002,-7.558398246765137E-001,6.372516751289368E-001,7.006843388080597E-002,-3.891219943761826E-002,-7.558398246765137E-001,6.372516751289368E-001,
1.267300000000000E+009,8.420639485120773E-002,-5.244653671979904E-002,-7.334969043731690E-001,6.497058272361755E-001,8.420639485120773E-002,-5.244653671979904E-002,-7.334969043731690E-001,6.497058272361755E-001,
1.275666666666667E+009,9.144823998212814E-002,-7.272384315729141E-002,-6.986283659934998E-001,6.722187399864197E-001,9.144823998212814E-002,-7.272384315729141E-002,-6.986283659934998E-001,6.722187399864197E-001,
1.284033333333334E+009,8.704487234354019E-002,-9.607058763504028E-002,-6.902950406074524E-001,6.901214718818665E-001,8.704487234354019E-002,-9.607058763504028E-002,-6.902950406074524E-001,6.901214718818665E-001,
1.292400000000000E+009,7.274127751588821E-002,-1.153239086270332E-001,-6.786125898361206E-001,7.042605876922607E-001,7.274127751588821E-002,-1.153239086270332E-001,-6.786125898361206E-001,7.042605876922607E-001,
1.300766666666667E+009,5.250438675284386E-002,-1.239290982484818E-001,-6.556634306907654E-001,7.185443639755249E-001,5.250438675284386E-002,-1.239290982484818E-001,-6.556634306907654E-001,7.185443639755249E-001,
1.309133333333334E+009,2.838478051126003E-002,-1.225388050079346E-001,-6.444932818412781E-001,7.349358201026917E-001,2.838478051126003E-002,-1.225388050079346E-001,-6.444932818412781E-001,7.349358201026917E-001,
1.317500000000000E+009,1.329664792865515E-002,-1.119333505630493E-001,-6.213321685791016E-001,7.491060495376587E-001,1.329664792865515E-002,-1.119333505630493E-001,-6.213321685791016E-001,7.491060495376587E-001,
1.325866666666667E+009,5.413328763097525E-003,-9.291011840105057E-002,-6.070120334625244E-001,7.644007205963135E-001,5.413328763097525E-003,-9.291011840105057E-002,-6.070120334625244E-001,7.644007205963135E-001,
1.334233333333334E+009,9.500828571617603E-003,-7.660733163356781E-002,-5.792350172996521E-001,7.860652208328247E-001,9.500828571617603E-003,-7.660733163356781E-002,-5.792350172996521E-001,7.860652208328247E-001,
1.342600000000000E+009,2.025876753032208E-002,-6.893263012170792E-002,-5.595294833183289E-001,8.055428862571716E-001,2.025876753032208E-002,-6.893263012170792E-002,-5.595294833183289E-001,8.055428862571716E-001,
1.350966666666667E+009,3.510222211480141E-002,-7.153114676475525E-002,-5.279483795166016E-001,8.294655680656433E-001,3.510222211480141E-002,-7.153114676475525E-002,-5.279483795166016E-001,8.294655680656433E-001,
1.359333333333334E+009,4.760562628507614E-002,-8.463263511657715E-002,-5.157480835914612E-001,8.318046331405640E-001,4.760562628507614E-002,-8.463263511657715E-002,-5.157480835914612E-001,8.318046331405640E-001,
1.367700000000000E+009,4.612711444497109E-002,-1.054232493042946E-001,-4.969319105148315E-001,8.397538065910339E-001,4.612711444497109E-002,-1.054232493042946E-001,-4.969319105148315E-001,8.397538065910339E-001,
1.376066666666667E+009,3.745963051915169E-002,-1.244396641850472E-001,-4.805299341678619E-001,8.544965386390686E-001,3.745963051915169E-002,-1.244396641850472E-001,-4.805299341678619E-001,8.544965386390686E-001,
1.384433333333334E+009,1.692642085254192E-002,-1.414693295955658E-001,-4.549640715122223E-001,8.736717104911804E-001,1.692642085254192E-002,-1.414693295955658E-001,-4.549640715122223E-001,8.736717104911804E-001,
1.392800000000000E+009,-7.613386493176222E-003,-1.446041464805603E-001,-4.423001408576965E-001,8.672257065773010E-001,-7.613386493176222E-003,-1.446041464805603E-001,-4.423001408576965E-001,8.672257065773010E-001,
1.401166666666667E+009,-3.041648492217064E-002,-1.362123191356659E-001,-4.198762476444244E-001,8.849160075187683E-001,-3.041648492217064E-002,-1.362123191356659E-001,-4.198762476444244E-001,8.849160075187683E-001,
1.409533333333334E+009,-4.606024548411369E-002,-1.189596205949783E-001,-3.899248242378235E-001,8.958696722984314E-001,-4.606024548411369E-002,-1.189596205949783E-001,-3.899248242378235E-001,8.958696722984314E-001,
1.417900000000000E+009,-5.041664093732834E-002,-9.448850154876709E-002,-3.781849443912506E-001,8.914832472801209E-001,-5.041664093732834E-002,-9.448850154876709E-002,-3.781849443912506E-001,8.914832472801209E-001,
1.426266666666667E+009,-4.231004044413567E-002,-7.734046131372452E-002,-3.466600179672241E-001,9.177740216255188E-001,-4.231004044413567E-002,-7.734046131372452E-002,-3.466600179672241E-001,9.177740216255188E-001,
1.434633333333334E+009,-2.634821645915508E-002,-6.642293184995651E-002,-3.130335807800293E-001,9.278219938278198E-001,-2.634821645915508E-002,-6.642293184995651E-002,-3.130335807800293E-001,9.278219938278198E-001,
1.443000000000000E+009,-9.791553951799870E-003,-6.739275902509689E-002,-2.956865727901459E-001,9.328852295875549E-001,-9.791553951799870E-003,-6.739275902509689E-002,-2.956865727901459E-001,9.328852295875549E-001,
1.451366666666667E+009,2.790948376059532E-003,-7.927609235048294E-002,-2.622810602188110E-001,9.354484081268311E-001,2.790948376059532E-003,-7.927609235048294E-002,-2.622810602188110E-001,9.354484081268311E-001,
1.459733333333334E+009,6.085581611841917E-003,-1.007917374372482E-001,-2.449441999197006E-001,9.387673735618591E-001,6.085581611841917E-003,-1.007917374372482E-001,-2.449441999197006E-001,9.387673735618591E-001,
1.468100000000000E+009,-7.881670258939266E-003,-1.184783503413200E-001,-2.221742719411850E-001,9.498488903045654E-001,-7.881670258939266E-003,-1.184783503413200E-001,-2.221742719411850E-001,9.498488903045654E-001,
1.476466666666667E+009,-2.845520898699760E-002,-1.292000859975815E-001,-1.996901184320450E-001,9.553667306900024E-001,-2.845520898699760E-002,-1.292000859975815E-001,-1.996901184320450E-001,9.553667306900024E-001,
1.484833333333334E+009,-5.309743806719780E-002,-1.312419176101685E-001,-1.736937314271927E-001,9.598608613014221E-001,-5.309743806719780E-002,-1.312419176101685E-001,-1.736937314271927E-001,9.598608613014221E-001,
1.493200000000000E+009,-7.546582818031311E-002,-1.204542368650436E-001,-1.473814994096756E-001,9.659076333045960E-001,-7.546582818031311E-002,-1.204542368650436E-001,-1.473814994096756E-001,9.659076333045960E-001,
1.501566666666667E+009,-8.812189847230911E-002,-1.017808392643929E-001,-1.338296383619309E-001,9.612010717391968E-001,-8.812189847230911E-002,-1.017808392643929E-001,-1.338296383619309E-001,9.612010717391968E-001,
1.509933333333334E+009,-8.961773663759232E-002,-7.764431089162827E-002,-1.075514405965805E-001,9.639336466789246E-001,-8.961773663759232E-002,-7.764431089162827E-002,-1.075514405965805E-001,9.639336466789246E-001,
1.518300000000000E+009,-7.940176874399185E-002,-5.999585241079330E-002,-8.165253698825836E-002,9.740450382232666E-001,-7.940176874399185E-002,-5.999585241079330E-002,-8.165253698825836E-002,9.740450382232666E-001,
1.526666666666667E+009,-6.298121809959412E-002,-5.164469778537750E-002,-5.897704511880875E-002,9.795992970466614E-001,-6.298121809959412E-002,-5.164469778537750E-002,-5.897704511880875E-002,9.795992970466614E-001,
1.535033333333334E+009,-4.464873671531677E-002,-5.394021794199944E-002,-3.209366276860237E-002,9.773827195167542E-001,-4.464873671531677E-002,-5.394021794199944E-002,-3.209366276860237E-002,9.773827195167542E-001,
1.543400000000000E+009,-3.282316401600838E-002,-6.475293636322022E-002,-6.568026146851480E-004,9.775756597518921E-001,-3.282316401600838E-002,-6.475293636322022E-002,-6.568026146851480E-004,9.775756597518921E-001,
1.551766666666667E+009,-3.321467712521553E-002,-8.317897468805313E-002,2.389829047024250E-002,9.786278605461121E-001,-3.321467712521553E-002,-8.317897468805313E-002,2.389829047024250E-002,9.786278605461121E-001,
1.560133333333334E+009,-4.311284050345421E-002,-1.004427596926689E-001,5.260589718818665E-002,9.830568432807922E-001,-4.311284050345421E-002,-1.004427596926689E-001,5.260589718818665E-002,9.830568432807922E-001,
1.568500000000000E+009,-6.552088260650635E-002,-1.071633696556091E-001,7.034023106098175E-002,9.569451212882996E-001,-6.552088260650635E-002,-1.071633696556091E-001,7.034023106098175E-002,9.569451212882996E-001,
1.576866666666667E+009,-8.751360327005386E-002,-1.073679998517036E-001,9.224358946084976E-002,9.712470769882202E-001,-8.751360327005386E-002,-1.073679998517036E-001,9.224358946084976E-002,9.712470769882202E-001,
1.585233333333334E+009,-1.074262559413910E-001,-9.393519163131714E-002,1.167654171586037E-001,9.588925242424011E-001,-1.074262559413910E-001,-9.393519163131714E-002,1.167654171586037E-001,9.588925242424011E-001,
1.593600000000000E+009,-1.174244880676270E-001,-7.569733262062073E-002,1.396774798631668E-001,9.657125473022461E-001,-1.174244880676270E-001,-7.569733262062073E-002,1.396774798631668E-001,9.657125473022461E-001,
1.601966666666667E+009,-1.183975785970688E-001,-5.499173328280449E-002,1.602874398231506E-001,9.743806123733521E-001,-1.183975785970688E-001,-5.499173328280449E-002,1.602874398231506E-001,9.743806123733521E-001,
1.610333333333334E+009,-1.085410863161087E-001,-3.739785775542259E-002,1.872489005327225E-001,9.627760052680969E-001,-1.085410863161087E-001,-3.739785775542259E-002,1.872489005327225E-001,9.627760052680969E-001,
1.618700000000000E+009,-9.220719337463379E-002,-2.991209179162979E-002,2.108300775289536E-001,9.485048651695252E-001,-9.220719337463379E-002,-2.991209179162979E-002,2.108300775289536E-001,9.485048651695252E-001,
1.627066666666667E+009,-7.931022346019745E-002,-3.250452876091003E-002,2.376762628555298E-001,9.430938959121704E-001,-7.931022346019745E-002,-3.250452876091003E-002,2.376762628555298E-001,9.430938959121704E-001,
1.635433333333334E+009,-7.109770178794861E-002,-4.187172651290894E-002,2.556235790252686E-001,9.363140463829041E-001,-7.109770178794861E-002,-4.187172651290894E-002,2.556235790252686E-001,9.363140463829041E-001,
1.643800000000000E+009,-7.189687341451645E-002,-5.556187406182289E-002,2.877985835075378E-001,9.398838877677918E-001,-7.189687341451645E-002,-5.556187406182289E-002,2.877985835075378E-001,9.398838877677918E-001,
1.652166666666667E+009,-8.058016002178192E-002,-6.470735371112824E-002,3.134871125221252E-001,9.252332448959351E-001,-8.058016002178192E-002,-6.470735371112824E-002,3.134871125221252E-001,9.252332448959351E-001,
1.660533333333334E+009,-1.000518649816513E-001,-6.884641945362091E-002,3.275270164012909E-001,9.091901183128357E-001,-1.000518649816513E-001,-6.884641945362091E-002,3.275270164012909E-001,9.091901183128357E-001,
1.668900000000000E+009,-1.177393943071365E-001,-6.231808289885521E-002,3.572198748588562E-001,9.047449231147766E-001,-1.177393943071365E-001,-6.231808289885521E-002,3.572198748588562E-001,9.047449231147766E-001,
1.677266666666667E+009,-1.321123689413071E-001,-4.980823025107384E-002,3.853849172592163E-001,8.860467076301575E-001,-1.321123689413071E-001,-4.980823025107384E-002,3.853849172592163E-001,8.860467076301575E-001,
1.685633333333334E+009,-1.383682787418366E-001,-2.911634556949139E-002,4.023034572601318E-001,8.873148560523987E-001,-1.383682787418366E-001,-2.911634556949139E-002,4.023034572601318E-001,8.873148560523987E-001,
1.694000000000000E+009,-1.363223046064377E-001,-1.151080615818501E-002,4.207906126976013E-001,8.769550919532776E-001,-1.363223046064377E-001,-1.151080615818501E-002,4.207906126976013E-001,8.769550919532776E-001,
1.702366666666667E+009,-1.256050467491150E-001,3.023535944521427E-003,4.392302930355072E-001,8.697933554649353E-001,-1.256050467491150E-001,3.023535944521427E-003,4.392302930355072E-001,8.697933554649353E-001,
1.710733333333334E+009,-1.083587333559990E-001,1.253395155072212E-002,4.707831740379334E-001,8.512058854103088E-001,-1.083587333559990E-001,1.253395155072212E-002,4.707831740379334E-001,8.512058854103088E-001,
1.719100000000000E+009,-9.441675245761871E-002,8.528517559170723E-003,4.889589846134186E-001,8.470622301101685E-001,-9.441675245761871E-002,8.528517559170723E-003,4.889589846134186E-001,8.470622301101685E-001,
1.727466666666667E+009,-8.511048555374146E-002,-5.208894726820290E-004,5.163592100143433E-001,8.326955437660217E-001,-8.511048555374146E-002,-5.208894726820290E-004,5.163592100143433E-001,8.326955437660217E-001,
1.735833333333334E+009,-8.132150024175644E-002,-1.279874518513680E-002,5.381994247436523E-001,8.111933469772339E-001,-8.132150024175644E-002,-1.279874518513680E-002,5.381994247436523E-001,8.111933469772339E-001,
1.744200000000000E+009,-8.854994177818298E-002,-2.273446694016457E-002,5.616771578788757E-001,7.959794998168945E-001,-8.854994177818298E-002,-2.273446694016457E-002,5.616771578788757E-001,7.959794998168945E-001,
1.752566666666667E+009,-1.025012508034706E-001,-2.827751077711582E-002,5.793711543083191E-001,7.880405783653259E-001,-1.025012508034706E-001,-2.827751077711582E-002,5.793711543083191E-001,7.880405783653259E-001,
1.760933333333334E+009,-1.174583211541176E-001,-2.434290573000908E-002,5.912626385688782E-001,7.693054080009460E-001,-1.174583211541176E-001,-2.434290573000908E-002,5.912626385688782E-001,7.693054080009460E-001,
1.769300000000000E+009,-1.316831558942795E-001,-1.586296595633030E-002,6.117074489593506E-001,7.464759349822998E-001,-1.316831558942795E-001,-1.586296595633030E-002,6.117074489593506E-001,7.464759349822998E-001,
1.777666666666667E+009,-1.421419829130173E-001,-2.421277313260362E-004,6.332795619964600E-001,7.330341339111328E-001,-1.421419829130173E-001,-2.421277313260362E-004,6.332795619964600E-001,7.330341339111328E-001,
1.786033333333334E+009,-1.447360664606094E-001,1.745533570647240E-002,6.451983451843262E-001,7.244811654090881E-001,-1.447360664606094E-001,1.745533570647240E-002,6.451983451843262E-001,7.244811654090881E-001,
1.794400000000000E+009,-1.415935903787613E-001,3.198887407779694E-002,6.641271710395813E-001,7.072296738624573E-001,-1.415935903787613E-001,3.198887407779694E-002,6.641271710395813E-001,7.072296738624573E-001,
1.802766666666667E+009,-1.312867701053619E-001,4.497559368610382E-002,6.863583326339722E-001,6.935249567031860E-001,-1.312867701053619E-001,4.497559368610382E-002,6.863583326339722E-001,6.935249567031860E-001,
1.811133333333334E+009,-1.183939427137375E-001,5.062818154692650E-002,7.044056653976440E-001,6.690621972084045E-001,-1.183939427137375E-001,5.062818154692650E-002,7.044056653976440E-001,6.690621972084045E-001,
1.819500000000000E+009,-1.085084676742554E-001,5.091619119048119E-002,7.188326120376587E-001,6.598443388938904E-001,-1.085084676742554E-001,5.091619119048119E-002,7.188326120376587E-001,6.598443388938904E-001,
1.827866666666667E+009,-9.988910704851151E-002,4.710808396339417E-002,7.347120642662048E-001,6.345365643501282E-001,-9.988910704851151E-002,4.710808396339417E-002,7.347120642662048E-001,6.345365643501282E-001,
1.836233333333334E+009,-9.746194630861282E-002,4.182498157024384E-002,7.574367523193359E-001,6.197203397750855E-001,-9.746194630861282E-002,4.182498157024384E-002,7.574367523193359E-001,6.197203397750855E-001,
1.844600000000000E+009,-1.017372608184815E-001,3.973433375358582E-002,7.714116573333740E-001,6.049060821533203E-001,-1.017372608184815E-001,3.973433375358582E-002,7.714116573333740E-001,6.049060821533203E-001,
1.852966666666667E+009,-1.095524579286575E-001,4.000354930758476E-002,7.876914739608765E-001,5.726796388626099E-001,-1.095524579286575E-001,4.000354930758476E-002,7.876914739608765E-001,5.726796388626099E-001,
1.861333333333334E+009,-1.139735803008080E-001,4.495142027735710E-002,8.043555617332459E-001,5.619781017303467E-001,-1.139735803008080E-001,4.495142027735710E-002,8.043555617332459E-001,5.619781017303467E-001,
1.869700000000000E+009,-1.194178983569145E-001,5.444838851690292E-002,8.085474371910095E-001,5.334470272064209E-001,-1.194178983569145E-001,5.444838851690292E-002,8.085474371910095E-001,5.334470272064209E-001,
1.878066666666667E+009,-1.224691271781921E-001,6.629022955894470E-002,8.254517912864685E-001,5.150563716888428E-001,-1.224691271781921E-001,6.629022955894470E-002,8.254517912864685E-001,5.150563716888428E-001,
1.886433333333334E+009,-1.155701726675034E-001,8.073894679546356E-002,8.319707512855530E-001,4.855143725872040E-001,-1.155701726675034E-001,8.073894679546356E-002,8.319707512855530E-001,4.855143725872040E-001,
1.894800000000000E+009,-1.079648062586784E-001,9.182043373584747E-002,8.467047810554504E-001,4.769216477870941E-001,-1.079648062586784E-001,9.182043373584747E-002,8.467047810554504E-001,4.769216477870941E-001,
1.903166666666667E+009,-9.666063636541367E-002,9.763322770595551E-002,8.606768250465393E-001,4.541510343551636E-001,-9.666063636541367E-002,9.763322770595551E-002,8.606768250465393E-001,4.541510343551636E-001,
1.911533333333334E+009,-8.358304202556610E-002,9.862976521253586E-002,8.699066638946533E-001,4.213220179080963E-001,-8.358304202556610E-002,9.862976521253586E-002,8.699066638946533E-001,4.213220179080963E-001,
1.919900000000000E+009,-7.216982543468475E-002,9.481518715620041E-002,8.959017395973206E-001,4.047481119632721E-001,-7.216982543468475E-002,9.481518715620041E-002,8.959017395973206E-001,4.047481119632721E-001,
1.928266666666667E+009,-6.574130803346634E-002,8.844130486249924E-002,8.990489244461060E-001,3.884907662868500E-001,-6.574130803346634E-002,8.844130486249924E-002,8.990489244461060E-001,3.884907662868500E-001,
1.936633333333334E+009,-6.394759565591812E-002,8.091990649700165E-002,9.045671820640564E-001,3.613304793834686E-001,-6.394759565591812E-002,8.091990649700165E-002,9.045671820640564E-001,3.613304793834686E-001,
1.945000000000000E+009,-6.862421333789825E-002,7.520074397325516E-002,9.167246818542481E-001,3.344339728355408E-001,-6.862421333789825E-002,7.520074397325516E-002,9.167246818542481E-001,3.344339728355408E-001,
1.953366666666667E+009,-7.657589018344879E-002,7.710942625999451E-002,9.253066182136536E-001,3.181929588317871E-001,-7.657589018344879E-002,7.710942625999451E-002,9.253066182136536E-001,3.181929588317871E-001,
1.961733333333334E+009,-8.563280105590820E-002,8.265300840139389E-002,9.281633496284485E-001,2.952291965484619E-001,-8.563280105590820E-002,8.265300840139389E-002,9.281633496284485E-001,2.952291965484619E-001,
1.970100000000000E+009,-9.022034704685211E-002,9.475665539503098E-002,9.397783279418945E-001,2.666685879230499E-001,-9.022034704685211E-002,9.475665539503098E-002,9.397783279418945E-001,2.666685879230499E-001,
1.978466666666667E+009,-8.957731723785400E-002,1.103999391198158E-001,9.363744854927063E-001,2.386139333248138E-001,-8.957731723785400E-002,1.103999391198158E-001,9.363744854927063E-001,2.386139333248138E-001,
1.986833333333334E+009,-8.165967464447022E-002,1.262882947921753E-001,9.504601359367371E-001,2.305922061204910E-001,-8.165967464447022E-002,1.262882947921753E-001,9.504601359367371E-001,2.305922061204910E-001,
1.995200000000000E+009,-6.681343168020248E-002,1.365632563829422E-001,9.393415451049805E-001,2.014053314924240E-001,-6.681343168020248E-002,1.365632563829422E-001,9.393415451049805E-001,2.014053314924240E-001,
2.003566666666667E+009,-4.881794005632401E-002,1.425032019615173E-001,9.552637934684753E-001,1.732365339994431E-001,-4.881794005632401E-002,1.425032019615173E-001,9.552637934684753E-001,1.732365339994431E-001,
2.011933333333334E+009,-3.123790957033634E-002,1.380911469459534E-001,9.610030651092529E-001,1.498194038867950E-001,-3.123790957033634E-002,1.380911469459534E-001,9.610030651092529E-001,1.498194038867950E-001,
2.020300000000000E+009,-1.772242411971092E-002,1.279010325670242E-001,9.626954793930054E-001,1.345488429069519E-001,-1.772242411971092E-002,1.279010325670242E-001,9.626954793930054E-001,1.345488429069519E-001,
2.028666666666667E+009,-9.533748961985111E-003,1.116652935743332E-001,9.769784212112427E-001,9.735585749149323E-002,-9.533748961985111E-003,1.116652935743332E-001,9.769784212112427E-001,9.735585749149323E-002,
2.037033333333334E+009,-1.352800242602825E-002,1.010463610291481E-001,9.768657684326172E-001,8.060069382190704E-002,-1.352800242602825E-002,1.010463610291481E-001,9.768657684326172E-001,8.060069382190704E-002,
2.045400000000000E+009,-2.232887968420982E-002,9.652367234230042E-002,9.786590337753296E-001,5.089624598622322E-002,-2.232887968420982E-002,9.652367234230042E-002,9.786590337753296E-001,5.089624598622322E-002,
2.053766666666667E+009,-3.240223601460457E-002,9.499911963939667E-002,9.770465493202210E-001,2.322867326438427E-002,-3.240223601460457E-002,9.499911963939667E-002,9.770465493202210E-001,2.322867326438427E-002,
2.062133333333334E+009,-4.062518849968910E-002,1.065419912338257E-001,9.792054891586304E-001,-5.370717495679855E-003,-4.062518849968910E-002,1.065419912338257E-001,9.792054891586304E-001,-5.370717495679855E-003,
2.070500000000000E+009,-4.544755816459656E-002,1.230945736169815E-001,9.711012840270996E-001,-2.964809909462929E-002,-4.544755816459656E-002,1.230945736169815E-001,9.711012840270996E-001,-2.964809909462929E-002,
2.078866666666667E+009,-3.605598583817482E-002,1.409585028886795E-001,9.684948921203613E-001,-5.357939004898071E-002,-3.605598583817482E-002,1.409585028886795E-001,9.684948921203613E-001,-5.357939004898071E-002,
2.087233333333334E+009,-1.770407892763615E-002,1.533906310796738E-001,9.745434522628784E-001,-7.893983274698257E-002,-1.770407892763615E-002,1.533906310796738E-001,9.745434522628784E-001,-7.893983274698257E-002,
2.095600000000000E+009,3.233950119465590E-003,1.564847528934479E-001,9.688304662704468E-001,-9.929832071065903E-002,3.233950119465590E-003,1.564847528934479E-001,9.688304662704468E-001,-9.929832071065903E-002,
2.103966666666667E+009,2.517547830939293E-002,1.485598534345627E-001,9.581615328788757E-001,-1.234038695693016E-001,2.517547830939293E-002,1.485598534345627E-001,9.581615328788757E-001,-1.234038695693016E-001,
2.112333333333334E+009,4.131027683615685E-002,1.314344108104706E-001,9.624991416931152E-001,-1.447855681180954E-001,4.131027683615685E-002,1.314344108104706E-001,9.624991416931152E-001,-1.447855681180954E-001,
2.120700000000000E+009,4.666017740964890E-002,1.094313189387322E-001,9.589156508445740E-001,-1.783557385206223E-001,4.666017740964890E-002,1.094313189387322E-001,9.589156508445740E-001,-1.783557385206223E-001,
2.129066666666667E+009,4.237584769725800E-002,9.052615612745285E-002,9.404769539833069E-001,-2.012172639369965E-001,4.237584769725800E-002,9.052615612745285E-002,9.404769539833069E-001,-2.012172639369965E-001,
2.137433333333334E+009,2.643883787095547E-002,8.105689287185669E-002,9.532098770141602E-001,-2.339273095130920E-001,2.643883787095547E-002,8.105689287185669E-002,9.532098770141602E-001,-2.339273095130920E-001,
2.145800000000000E+009,9.098135866224766E-003,8.102733641862869E-002,9.429431557655335E-001,-2.504944503307343E-001,9.098135866224766E-003,8.102733641862869E-002,9.429431557655335E-001,-2.504944503307343E-001,
2.154166666666667E+009,-7.963170297443867E-003,9.524314105510712E-002,9.369898438453674E-001,-2.782293856143951E-001,-7.963170297443867E-003,9.524314105510712E-002,9.369898438453674E-001,-2.782293856143951E-001,
2.162533333333334E+009,-1.098178885877132E-002,1.153063923120499E-001,9.245244860649109E-001,-3.024563491344452E-001,-1.098178885877132E-002,1.153063923120499E-001,9.245244860649109E-001,-3.024563491344452E-001,
2.170900000000000E+009,-3.012446395587176E-004,1.395231485366821E-001,9.135817289352417E-001,-3.314997255802155E-001,-3.012446395587176E-004,1.395231485366821E-001,9.135817289352417E-001,-3.314997255802155E-001,
2.179266666666667E+009,1.935696974396706E-002,1.547650992870331E-001,9.072631001472473E-001,-3.468385040760040E-001,1.935696974396706E-002,1.547650992870331E-001,9.072631001472473E-001,-3.468385040760040E-001,
2.187633333333334E+009,4.787649214267731E-002,1.584476679563522E-001,8.979392647743225E-001,-3.642922341823578E-001,4.787649214267731E-002,1.584476679563522E-001,8.979392647743225E-001,-3.642922341823578E-001,
2.196000000000000E+009,7.364865392446518E-002,1.462243199348450E-001,8.906543850898743E-001,-3.832662105560303E-001,7.364865392446518E-002,1.462243199348450E-001,8.906543850898743E-001,-3.832662105560303E-001,
2.204366666666667E+009,9.229841083288193E-002,1.249838843941689E-001,8.957141041755676E-001,-4.046246707439423E-001,9.229841083288193E-002,1.249838843941689E-001,8.957141041755676E-001,-4.046246707439423E-001,
2.212733333333334E+009,9.831395745277405E-002,9.754343330860138E-002,8.760102391242981E-001,-4.233396947383881E-001,9.831395745277405E-002,9.754343330860138E-002,8.760102391242981E-001,-4.233396947383881E-001,
2.221100000000000E+009,8.812076598405838E-002,7.446248084306717E-002,8.661542534828186E-001,-4.560362696647644E-001,8.812076598405838E-002,7.446248084306717E-002,8.661542534828186E-001,-4.560362696647644E-001,
2.229466666666667E+009,7.114872336387634E-002,5.826040357351303E-002,8.602551221847534E-001,-4.774836897850037E-001,7.114872336387634E-002,5.826040357351303E-002,8.602551221847534E-001,-4.774836897850037E-001,
2.237833333333334E+009,4.799287766218185E-002,5.926673859357834E-002,8.372681140899658E-001,-5.085926055908203E-001,4.799287766218185E-002,5.926673859357834E-002,8.372681140899658E-001,-5.085926055908203E-001,
2.246200000000000E+009,3.157093748450279E-002,7.203658670186997E-002,8.276932239532471E-001,-5.248418450355530E-001,3.157093748450279E-002,7.203658670186997E-002,8.276932239532471E-001,-5.248418450355530E-001,
2.254566666666667E+009,2.801392227411270E-002,9.598171710968018E-002,8.084952831268311E-001,-5.451053977012634E-001,2.801392227411270E-002,9.598171710968018E-002,8.084952831268311E-001,-5.451053977012634E-001,
2.262933333333334E+009,3.856063261628151E-002,1.198369562625885E-001,7.970787286758423E-001,-5.679342150688171E-001,3.856063261628151E-002,1.198369562625885E-001,7.970787286758423E-001,-5.679342150688171E-001,
2.271300000000000E+009,6.029457226395607E-002,1.344149559736252E-001,7.713067531585693E-001,-5.829955339431763E-001,6.029457226395607E-002,1.344149559736252E-001,7.713067531585693E-001,-5.829955339431763E-001,
2.279666666666667E+009,9.008496254682541E-002,1.352506279945374E-001,7.591862082481384E-001,-5.988367199897766E-001,9.008496254682541E-002,1.352506279945374E-001,7.591862082481384E-001,-5.988367199897766E-001,
2.288033333333334E+009,1.152349635958672E-001,1.204288154840469E-001,7.436132431030273E-001,-6.143051385879517E-001,1.152349635958672E-001,1.204288154840469E-001,7.436132431030273E-001,-6.143051385879517E-001,
2.296400000000000E+009,1.309993416070938E-001,9.381376206874847E-002,7.328028082847595E-001,-6.325722932815552E-001,1.309993416070938E-001,9.381376206874847E-002,7.328028082847595E-001,-6.325722932815552E-001,
2.304766666666667E+009,1.325942128896713E-001,6.675698608160019E-002,7.183019518852234E-001,-6.543857455253601E-001,1.325942128896713E-001,6.675698608160019E-002,7.183019518852234E-001,-6.543857455253601E-001,
2.313133333333334E+009,1.172012239694595E-001,4.312221705913544E-002,7.020586729049683E-001,-6.656566262245178E-001,1.172012239694595E-001,4.312221705913544E-002,7.020586729049683E-001,-6.656566262245178E-001,
2.321500000000000E+009,9.776281565427780E-002,3.393685072660446E-002,6.891195774078369E-001,-6.960597038269043E-001,9.776281565427780E-002,3.393685072660446E-002,6.891195774078369E-001,-6.960597038269043E-001,
2.329866666666667E+009,7.431321591138840E-002,3.849594667553902E-002,6.683079004287720E-001,-7.114569544792175E-001,7.431321591138840E-002,3.849594667553902E-002,6.683079004287720E-001,-7.114569544792175E-001,
2.338233333333334E+009,6.309398263692856E-002,5.692116916179657E-002,6.411111354827881E-001,-7.293313145637512E-001,6.309398263692856E-002,5.692116916179657E-002,6.411111354827881E-001,-7.293313145637512E-001,
2.346600000000000E+009,6.757117062807083E-002,8.002819120883942E-002,6.254037618637085E-001,-7.501513957977295E-001,6.757117062807083E-002,8.002819120883942E-002,6.254037618637085E-001,-7.501513957977295E-001,
2.354966666666667E+009,8.534292131662369E-002,9.894195944070816E-002,6.042608618736267E-001,-7.576491236686707E-001,8.534292131662369E-002,9.894195944070816E-002,6.042608618736267E-001,-7.576491236686707E-001,
2.363333333333334E+009,1.143376082181931E-001,1.041871532797813E-001,5.790594816207886E-001,-7.723203301429749E-001,1.143376082181931E-001,1.041871532797813E-001,5.790594816207886E-001,-7.723203301429749E-001,
2.371700000000000E+009,1.458175629377365E-001,9.210270643234253E-002,5.627700686454773E-001,-7.851722836494446E-001,1.458175629377365E-001,9.210270643234253E-002,5.627700686454773E-001,-7.851722836494446E-001,
2.380066666666667E+009,1.682953238487244E-001,6.393747031688690E-002,5.491282343864441E-001,-7.830287814140320E-001,1.682953238487244E-001,6.393747031688690E-002,5.491282343864441E-001,-7.830287814140320E-001,
2.388433333333334E+009,1.755621433258057E-001,2.776447683572769E-002,5.290095806121826E-001,-8.124691843986511E-001,1.755621433258057E-001,2.776447683572769E-002,5.290095806121826E-001,-8.124691843986511E-001,
2.396800000000000E+009,1.606874018907547E-001,-1.068998966366053E-002,5.110606551170349E-001,-8.206866979598999E-001,1.606874018907547E-001,-1.068998966366053E-002,5.110606551170349E-001,-8.206866979598999E-001,
2.405166666666667E+009,1.337580680847168E-001,-3.566954284906387E-002,4.976353049278259E-001,-8.413523435592651E-001,1.337580680847168E-001,-3.566954284906387E-002,4.976353049278259E-001,-8.413523435592651E-001,
2.413533333333334E+009,9.812524169683456E-002,-4.328230768442154E-002,4.703445434570313E-001,-8.503720164299011E-001,9.812524169683456E-002,-4.328230768442154E-002,4.703445434570313E-001,-8.503720164299011E-001,
2.421900000000000E+009,6.286122649908066E-002,-2.813489362597466E-002,4.564288556575775E-001,-8.783964514732361E-001,6.286122649908066E-002,-2.813489362597466E-002,4.564288556575775E-001,-8.783964514732361E-001,
2.430266666666667E+009,4.383864253759384E-002,2.869126328732818E-004,4.206488728523254E-001,-8.875103592872620E-001,4.383864253759384E-002,2.869126328732818E-004,4.206488728523254E-001,-8.875103592872620E-001,
2.438633333333334E+009,4.385082423686981E-002,3.655228018760681E-002,3.975821733474731E-001,-8.976845741271973E-001,4.385082423686981E-002,3.655228018760681E-002,3.975821733474731E-001,-8.976845741271973E-001,
2.447000000000000E+009,6.416822224855423E-002,6.730731576681137E-002,3.701173961162567E-001,-9.047198295593262E-001,6.416822224855423E-002,6.730731576681137E-002,3.701173961162567E-001,-9.047198295593262E-001,
2.455366666666667E+009,1.001173853874207E-001,8.040683716535568E-002,3.392529189586639E-001,-9.134678244590759E-001,1.001173853874207E-001,8.040683716535568E-002,3.392529189586639E-001,-9.134678244590759E-001,
2.463733333333334E+009,1.374359428882599E-001,7.606898248195648E-002,3.200456202030182E-001,-9.155337810516357E-001,1.374359428882599E-001,7.606898248195648E-002,3.200456202030182E-001,-9.155337810516357E-001,
2.472100000000000E+009,1.687977612018585E-001,4.804374277591705E-002,2.939610481262207E-001,-9.214513301849365E-001,1.687977612018585E-001,4.804374277591705E-002,2.939610481262207E-001,-9.214513301849365E-001,
2.480466666666667E+009,1.818148195743561E-001,1.025019492954016E-002,2.706933021545410E-001,-9.243641495704651E-001,1.818148195743561E-001,1.025019492954016E-002,2.706933021545410E-001,-9.243641495704651E-001,
2.488833333333334E+009,1.744644194841385E-001,-2.890069410204887E-002,2.532711327075958E-001,-9.324954748153687E-001,1.744644194841385E-001,-2.890069410204887E-002,2.532711327075958E-001,-9.324954748153687E-001,
2.497200000000000E+009,1.507713049650192E-001,-5.566118285059929E-002,2.318856865167618E-001,-9.379678964614868E-001,1.507713049650192E-001,-5.566118285059929E-002,2.318856865167618E-001,-9.379678964614868E-001,
2.505566666666667E+009,1.178172752261162E-001,-6.684822589159012E-002,2.080393284559250E-001,-9.476493597030640E-001,1.178172752261162E-001,-6.684822589159012E-002,2.080393284559250E-001,-9.476493597030640E-001,
2.513933333333334E+009,8.633470535278320E-002,-5.808825790882111E-002,1.895562708377838E-001,-9.549599289894104E-001,8.633470535278320E-002,-5.808825790882111E-002,1.895562708377838E-001,-9.549599289894104E-001,
2.522300000000000E+009,6.848324835300446E-002,-3.555125743150711E-002,1.590973585844040E-001,-9.727285504341126E-001,6.848324835300446E-002,-3.555125743150711E-002,1.590973585844040E-001,-9.727285504341126E-001,
2.530666666666667E+009,6.945469975471497E-002,-6.916724145412445E-003,1.296147704124451E-001,-9.765390753746033E-001,6.945469975471497E-002,-6.916724145412445E-003,1.296147704124451E-001,-9.765390753746033E-001,
2.539033333333334E+009,9.034316241741180E-002,1.561319082975388E-002,1.024981141090393E-001,-9.697234630584717E-001,9.034316241741180E-002,1.561319082975388E-002,1.024981141090393E-001,-9.697234630584717E-001,
2.547400000000000E+009,1.207736358046532E-001,2.258389443159103E-002,7.837244123220444E-002,-9.688004255294800E-001,1.207736358046532E-001,2.258389443159103E-002,7.837244123220444E-002,-9.688004255294800E-001,
2.555766666666667E+009,1.509124934673309E-001,1.015088986605406E-002,4.867484793066979E-002,-9.675769209861755E-001,1.509124934673309E-001,1.015088986605406E-002,4.867484793066979E-002,-9.675769209861755E-001,
2.564133333333334E+009,1.727905869483948E-001,-1.858460716903210E-002,3.240483999252319E-002,-9.629623293876648E-001,1.727905869483948E-001,-1.858460716903210E-002,3.240483999252319E-002,-9.629623293876648E-001,
2.572500000000000E+009,1.777902096509934E-001,-5.800161510705948E-002,5.476619582623243E-003,-9.638980627059937E-001,1.777902096509934E-001,-5.800161510705948E-002,5.476619582623243E-003,-9.638980627059937E-001,
2.580866666666667E+009,1.630008816719055E-001,-9.261478483676910E-002,-1.269781496375799E-002,-9.609233736991882E-001,1.630008816719055E-001,-9.261478483676910E-002,-1.269781496375799E-002,-9.609233736991882E-001,
2.589233333333334E+009,1.332442313432694E-001,-1.173223704099655E-001,-3.320065885782242E-002,-9.571167826652527E-001,1.332442313432694E-001,-1.173223704099655E-001,-3.320065885782242E-002,-9.571167826652527E-001,
2.597600000000000E+009,9.509860724210739E-002,-1.226212233304977E-001,-5.413193628191948E-002,-9.610053300857544E-001,9.509860724210739E-002,-1.226212233304977E-001,-5.413193628191948E-002,-9.610053300857544E-001,
2.605966666666667E+009,6.311453878879547E-002,-1.112503185868263E-001,-8.154800534248352E-002,-9.713293910026550E-001,6.311453878879547E-002,-1.112503185868263E-001,-8.154800534248352E-002,-9.713293910026550E-001,
2.614333333333334E+009,4.293735697865486E-002,-8.428063243627548E-002,-1.059789359569550E-001,-9.747968912124634E-001,4.293735697865486E-002,-8.428063243627548E-002,-1.059789359569550E-001,-9.747968912124634E-001,
2.622700000000000E+009,4.286230728030205E-002,-5.317461118102074E-002,-1.395181864500046E-001,-9.727265834808350E-001,4.286230728030205E-002,-5.317461118102074E-002,-1.395181864500046E-001,-9.727265834808350E-001,
2.631066666666667E+009,6.342879682779312E-002,-2.724676579236984E-002,-1.616287827491760E-001,-9.676248431205750E-001,6.342879682779312E-002,-2.724676579236984E-002,-1.616287827491760E-001,-9.676248431205750E-001,
2.639433333333334E+009,9.236875921487808E-002,-1.951212808489800E-002,-1.940567791461945E-001,-9.556339383125305E-001,9.236875921487808E-002,-1.951212808489800E-002,-1.940567791461945E-001,-9.556339383125305E-001,
2.647800000000000E+009,1.242491155862808E-001,-3.141224384307861E-002,-2.161526083946228E-001,-9.442119598388672E-001,1.242491155862808E-001,-3.141224384307861E-002,-2.161526083946228E-001,-9.442119598388672E-001,
2.656166666666667E+009,1.424703598022461E-001,-5.890520662069321E-002,-2.443562299013138E-001,-9.426751732826233E-001,1.424703598022461E-001,-5.890520662069321E-002,-2.443562299013138E-001,-9.426751732826233E-001,
2.664533333333334E+009,1.460588574409485E-001,-9.603878855705261E-002,-2.593649625778198E-001,-9.255056977272034E-001,1.460588574409485E-001,-9.603878855705261E-002,-2.593649625778198E-001,-9.255056977272034E-001,
2.672900000000000E+009,1.293172687292099E-001,-1.282204240560532E-001,-2.772277891635895E-001,-9.201240539550781E-001,1.293172687292099E-001,-1.282204240560532E-001,-2.772277891635895E-001,-9.201240539550781E-001,
2.681266666666667E+009,9.995511174201965E-002,-1.497561037540436E-001,-2.989429831504822E-001,-9.162573218345642E-001,9.995511174201965E-002,-1.497561037540436E-001,-2.989429831504822E-001,-9.162573218345642E-001,
2.689633333333334E+009,6.463553756475449E-002,-1.542373448610306E-001,-3.225170969963074E-001,-9.119283556938171E-001,6.463553756475449E-002,-1.542373448610306E-001,-3.225170969963074E-001,-9.119283556938171E-001,
2.698000000000000E+009,3.146903961896896E-002,-1.408126503229141E-001,-3.500040769577026E-001,-8.997882604598999E-001,3.146903961896896E-002,-1.408126503229141E-001,-3.500040769577026E-001,-8.997882604598999E-001,
2.706366666666667E+009,1.331434957683086E-002,-1.140124201774597E-001,-3.622593581676483E-001,-9.021682143211365E-001,1.331434957683086E-002,-1.140124201774597E-001,-3.622593581676483E-001,-9.021682143211365E-001,
2.714733333333334E+009,1.421837136149406E-002,-8.230962604284287E-002,-3.976221978664398E-001,-8.999273777008057E-001,1.421837136149406E-002,-8.230962604284287E-002,-3.976221978664398E-001,-8.999273777008057E-001,
2.723100000000000E+009,3.403339162468910E-002,-5.958842486143112E-002,-4.221245944499970E-001,-8.845167756080627E-001,3.403339162468910E-002,-5.958842486143112E-002,-4.221245944499970E-001,-8.845167756080627E-001,
2.731466666666667E+009,6.333675235509872E-002,-5.009461566805840E-002,-4.448780715465546E-001,-8.723123669624329E-001,6.333675235509872E-002,-5.009461566805840E-002,-4.448780715465546E-001,-8.723123669624329E-001,
2.739833333333334E+009,9.383492916822434E-002,-6.144945695996285E-002,-4.704715013504028E-001,-8.608815670013428E-001,9.383492916822434E-002,-6.144945695996285E-002,-4.704715013504028E-001,-8.608815670013428E-001,
2.748200000000000E+009,1.132418215274811E-001,-8.844055980443955E-002,-4.949949383735657E-001,-8.383419513702393E-001,1.132418215274811E-001,-8.844055980443955E-002,-4.949949383735657E-001,-8.383419513702393E-001,
2.756566666666667E+009,1.160689964890480E-001,-1.257325261831284E-001,-5.125578045845032E-001,-8.187496662139893E-001,1.160689964890480E-001,-1.257325261831284E-001,-5.125578045845032E-001,-8.187496662139893E-001,
2.764933333333334E+009,9.920924901962280E-002,-1.593456566333771E-001,-5.254553556442261E-001,-8.018675446510315E-001,9.920924901962280E-002,-1.593456566333771E-001,-5.254553556442261E-001,-8.018675446510315E-001,
2.773300000000000E+009,6.853116303682327E-002,-1.806143224239349E-001,-5.409324169158936E-001,-7.951020598411560E-001,6.853116303682327E-002,-1.806143224239349E-001,-5.409324169158936E-001,-7.951020598411560E-001,
2.781666666666667E+009,2.928276918828487E-002,-1.850105971097946E-001,-5.611236095428467E-001,-7.788596153259277E-001,2.928276918828487E-002,-1.850105971097946E-001,-5.611236095428467E-001,-7.788596153259277E-001,
2.790033333333334E+009,-4.570789169520140E-003,-1.726856082677841E-001,-5.772446393966675E-001,-7.740656733512878E-001,-4.570789169520140E-003,-1.726856082677841E-001,-5.772446393966675E-001,-7.740656733512878E-001,
2.798400000000000E+009,-2.625245787203312E-002,-1.464516967535019E-001,-6.073170900344849E-001,-7.616475224494934E-001,-2.625245787203312E-002,-1.464516967535019E-001,-6.073170900344849E-001,-7.616475224494934E-001,
2.806766666666667E+009,-2.866177633404732E-002,-1.137645095586777E-001,-6.235109567642212E-001,-7.491213083267212E-001,-2.866177633404732E-002,-1.137645095586777E-001,-6.235109567642212E-001,-7.491213083267212E-001,
2.815133333333334E+009,-1.271792314946652E-002,-8.944603800773621E-002,-6.438174247741699E-001,-7.367952466011047E-001,-1.271792314946652E-002,-8.944603800773621E-002,-6.438174247741699E-001,-7.367952466011047E-001,
2.823500000000000E+009,1.640396192669869E-002,-7.945238798856735E-002,-6.696707606315613E-001,-7.181268930435181E-001,1.640396192669869E-002,-7.945238798856735E-002,-6.696707606315613E-001,-7.181268930435181E-001,
2.831866666666667E+009,4.443308711051941E-002,-8.800157159566879E-002,-6.901032924652100E-001,-6.965513825416565E-001,4.443308711051941E-002,-8.800157159566879E-002,-6.901032924652100E-001,-6.965513825416565E-001,
2.840233333333334E+009,6.339922547340393E-002,-1.130472943186760E-001,-7.110873460769653E-001,-6.655478477478027E-001,6.339922547340393E-002,-1.130472943186760E-001,-7.110873460769653E-001,-6.655478477478027E-001,
2.848600000000000E+009,6.468340009450913E-002,-1.472024470567703E-001,-7.223910689353943E-001,-6.447782516479492E-001,6.468340009450913E-002,-1.472024470567703E-001,-7.223910689353943E-001,-6.447782516479492E-001,
2.856966666666667E+009,4.641388356685638E-002,-1.790097951889038E-001,-7.329560518264771E-001,-6.272155046463013E-001,4.641388356685638E-002,-1.790097951889038E-001,-7.329560518264771E-001,-6.272155046463013E-001,
2.865333333333334E+009,1.441261451691389E-002,-1.995981484651566E-001,-7.491484284400940E-001,-6.103820204734802E-001,1.441261451691389E-002,-1.995981484651566E-001,-7.491484284400940E-001,-6.103820204734802E-001,
2.873700000000000E+009,-2.751173265278339E-002,-2.036316543817520E-001,-7.576460242271423E-001,-5.979844927787781E-001,-2.751173265278339E-002,-2.036316543817520E-001,-7.576460242271423E-001,-5.979844927787781E-001,
2.882066666666667E+009,-6.328461319208145E-002,-1.847682744264603E-001,-7.690538763999939E-001,-5.729910135269165E-001,-6.328461319208145E-002,-1.847682744264603E-001,-7.690538763999939E-001,-5.729910135269165E-001,
2.890433333333334E+009,-8.683763444423676E-002,-1.552751362323761E-001,-7.825304269790649E-001,-5.692259669303894E-001,-8.683763444423676E-002,-1.552751362323761E-001,-7.825304269790649E-001,-5.692259669303894E-001,
2.898800000000000E+009,-9.064242243766785E-002,-1.198400184512138E-001,-8.068795204162598E-001,-5.522576570510864E-001,-9.064242243766785E-002,-1.198400184512138E-001,-8.068795204162598E-001,-5.522576570510864E-001,
2.907166666666667E+009,-7.418143004179001E-002,-8.957116305828095E-002,-8.201594948768616E-001,-5.348471403121948E-001,-7.418143004179001E-002,-8.957116305828095E-002,-8.201594948768616E-001,-5.348471403121948E-001,
2.915533333333334E+009,-4.529698193073273E-002,-7.560611516237259E-002,-8.372728824615479E-001,-5.158442854881287E-001,-4.529698193073273E-002,-7.560611516237259E-002,-8.372728824615479E-001,-5.158442854881287E-001,
2.923900000000000E+009,-1.189301814883947E-002,-8.194904774427414E-002,-8.549564480781555E-001,-4.802187085151672E-001,-1.189301814883947E-002,-8.194904774427414E-002,-8.549564480781555E-001,-4.802187085151672E-001,
2.932266666666667E+009,9.800110012292862E-003,-1.066725105047226E-001,-8.669180274009705E-001,-4.542122781276703E-001,9.800110012292862E-003,-1.066725105047226E-001,-8.669180274009705E-001,-4.542122781276703E-001,
2.940633333333334E+009,1.263980846852064E-002,-1.408633589744568E-001,-8.832674026489258E-001,-4.217113852500916E-001,1.263980846852064E-002,-1.408633589744568E-001,-8.832674026489258E-001,-4.217113852500916E-001,
2.949000000000000E+009,-4.088965710252523E-003,-1.745660305023193E-001,-8.851128816604614E-001,-4.003283977508545E-001,-4.088965710252523E-003,-1.745660305023193E-001,-8.851128816604614E-001,-4.003283977508545E-001,
2.957366666666667E+009,-4.034931585192680E-002,-1.948908269405365E-001,-8.910201191902161E-001,-3.771651685237885E-001,-4.034931585192680E-002,-1.948908269405365E-001,-8.910201191902161E-001,-3.771651685237885E-001,
2.965733333333334E+009,-8.258702605962753E-002,-1.959377080202103E-001,-8.942414522171021E-001,-3.582153022289276E-001,-8.258702605962753E-002,-1.959377080202103E-001,-8.942414522171021E-001,-3.582153022289276E-001,
2.974100000000000E+009,-1.198146343231201E-001,-1.754632145166397E-001,-8.990008234977722E-001,-3.390190005302429E-001,-1.198146343231201E-001,-1.754632145166397E-001,-8.990008234977722E-001,-3.390190005302429E-001,
2.982466666666667E+009,-1.456528007984161E-001,-1.428950875997543E-001,-9.172678589820862E-001,-3.222410678863525E-001,-1.456528007984161E-001,-1.428950875997543E-001,-9.172678589820862E-001,-3.222410678863525E-001,
2.990833333333334E+009,-1.496065407991409E-001,-1.013087779283524E-001,-9.159531593322754E-001,-3.052508831024170E-001,-1.496065407991409E-001,-1.013087779283524E-001,-9.159531593322754E-001,-3.052508831024170E-001,
2.999200000000000E+009,-1.310898959636688E-001,-6.760841608047485E-002,-9.303106665611267E-001,-2.815686464309692E-001,-1.310898959636688E-001,-6.760841608047485E-002,-9.303106665611267E-001,-2.815686464309692E-001,
3.007566666666667E+009,-9.982772916555405E-002,-4.880783334374428E-002,-9.451232552528381E-001,-2.575335502624512E-001,-9.982772916555405E-002,-4.880783334374428E-002,-9.451232552528381E-001,-2.575335502624512E-001,
3.015933333333334E+009,-6.464100629091263E-002,-5.332316830754280E-002,-9.555848240852356E-001,-2.361659109592438E-001,-6.464100629091263E-002,-5.332316830754280E-002,-9.555848240852356E-001,-2.361659109592438E-001,
3.024300000000000E+009,-3.875207155942917E-002,-8.175650984048843E-002,-9.625160694122315E-001,-2.002616971731186E-001,-3.875207155942917E-002,-8.175650984048843E-002,-9.625160694122315E-001,-2.002616971731186E-001,
3.032666666666667E+009,-3.408180922269821E-002,-1.170755177736282E-001,-9.611352682113648E-001,-1.726318597793579E-001,-3.408180922269821E-002,-1.170755177736282E-001,-9.611352682113648E-001,-1.726318597793579E-001,
3.041033333333334E+009,-5.153893306851387E-002,-1.529102921485901E-001,-9.632859826087952E-001,-1.395719349384308E-001,-5.153893306851387E-002,-1.529102921485901E-001,-9.632859826087952E-001,-1.395719349384308E-001,
3.049400000000000E+009,-8.944805711507797E-002,-1.729693412780762E-001,-9.619783759117127E-001,-1.085753962397575E-001,-8.944805711507797E-002,-1.729693412780762E-001,-9.619783759117127E-001,-1.085753962397575E-001,
3.057766666666667E+009,-1.353828161954880E-001,-1.722531616687775E-001,-9.585742354393005E-001,-9.060134738683701E-002,-1.353828161954880E-001,-1.722531616687775E-001,-9.585742354393005E-001,-9.060134738683701E-002,
3.066133333333334E+009,-1.788010746240616E-001,-1.468460112810135E-001,-9.535164833068848E-001,-6.992206722497940E-002,-1.788010746240616E-001,-1.468460112810135E-001,-9.535164833068848E-001,-6.992206722497940E-002,
3.074500000000000E+009,-2.027651965618134E-001,-1.048865467309952E-001,-9.546788930892944E-001,-5.316341295838356E-002,-2.027651965618134E-001,-1.048865467309952E-001,-9.546788930892944E-001,-5.316341295838356E-002,
3.082866666666667E+009,-2.039354890584946E-001,-5.611150711774826E-002,-9.529768824577332E-001,-3.648400306701660E-002,-2.039354890584946E-001,-5.611150711774826E-002,-9.529768824577332E-001,-3.648400306701660E-002,
3.091233333333334E+009,-1.814937442541122E-001,-1.509620994329453E-002,-9.642071723937988E-001,-1.454027183353901E-002,-1.814937442541122E-001,-1.509620994329453E-002,-9.642071723937988E-001,-1.454027183353901E-002,
3.099600000000000E+009,-1.421468555927277E-001,5.786600988358259E-003,-9.759005308151245E-001,6.836861837655306E-003,-1.421468555927277E-001,5.786600988358259E-003,-9.759005308151245E-001,6.836861837655306E-003,
3.107966666666667E+009,-9.763345867395401E-002,5.458728992380202E-004,-9.819392561912537E-001,4.040018096566200E-002,-9.763345867395401E-002,5.458728992380202E-004,-9.819392561912537E-001,4.040018096566200E-002,
3.116333333333334E+009,-6.485448777675629E-002,-2.972961962223053E-002,-9.834700226783752E-001,7.601843029260635E-002,-6.485448777675629E-002,-2.972961962223053E-002,-9.834700226783752E-001,7.601843029260635E-002,
3.124700000000000E+009,-5.608057603240013E-002,-7.466195523738861E-002,-9.717462658882141E-001,1.061621159315109E-001,-5.608057603240013E-002,-7.466195523738861E-002,-9.717462658882141E-001,1.061621159315109E-001,
3.133066666666667E+009,-7.535149902105331E-002,-1.182192340493202E-001,-9.698772430419922E-001,1.376119405031204E-001,-7.535149902105331E-002,-1.182192340493202E-001,-9.698772430419922E-001,1.376119405031204E-001,
3.141433333333334E+009,-1.192295998334885E-001,-1.436776816844940E-001,-9.626745581626892E-001,1.676986366510391E-001,-1.192295998334885E-001,-1.436776816844940E-001,-9.626745581626892E-001,1.676986366510391E-001,
3.149800000000000E+009,-1.705885380506516E-001,-1.421271413564682E-001,-9.410185813903809E-001,1.901474148035049E-001,-1.705885380506516E-001,-1.421271413564682E-001,-9.410185813903809E-001,1.901474148035049E-001,
3.158166666666667E+009,-2.177116721868515E-001,-1.148955971002579E-001,-9.303870201110840E-001,2.090204805135727E-001,-2.177116721868515E-001,-1.148955971002579E-001,-9.303870201110840E-001,2.090204805135727E-001,
3.166533333333334E+009,-2.450989782810211E-001,-6.686363369226456E-002,-9.178963303565979E-001,2.205801457166672E-001,-2.450989782810211E-001,-6.686363369226456E-002,-9.178963303565979E-001,2.205801457166672E-001,
3.174900000000000E+009,-2.472195029258728E-001,-1.162597257643938E-002,-9.201163053512573E-001,2.343866080045700E-001,-2.472195029258728E-001,-1.162597257643938E-002,-9.201163053512573E-001,2.343866080045700E-001,
3.183266666666667E+009,-2.243788540363312E-001,3.667307272553444E-002,-9.213533401489258E-001,2.480192035436630E-001,-2.243788540363312E-001,3.667307272553444E-002,-9.213533401489258E-001,2.480192035436630E-001,
3.191633333333334E+009,-1.809856444597244E-001,6.404791027307510E-002,-9.260414242744446E-001,2.705988585948944E-001,-1.809856444597244E-001,6.404791027307510E-002,-9.260414242744446E-001,2.705988585948944E-001,
3.200000000000000E+009,-1.322573870420456E-001,6.357420980930328E-002,-9.218708276748657E-001,2.935081720352173E-001,-1.322573870420456E-001,6.357420980930328E-002,-9.218708276748657E-001,2.935081720352173E-001,
