% Version 1.00
%
%freq[Hz],re:Trc1_S11,im:Trc1_S11,re:Trc2_S21,im:Trc2_S21,re:Trc3_S11,im:Trc3_S11,re:Trc4_S21,im:Trc4_S21,
6.900000000000000E+008,-5.286152660846710E-002,1.651969738304615E-002,-4.952875077724457E-001,-8.565980195999146E-001,-5.286152660846710E-002,1.651969738304615E-002,-4.952875077724457E-001,-8.565980195999146E-001,
6.983666666666666E+008,-4.388063028454781E-002,1.768717728555203E-002,-5.222148299217224E-001,-8.468027114868164E-001,-4.388063028454781E-002,1.768717728555203E-002,-5.222148299217224E-001,-8.468027114868164E-001,
7.067333333333334E+008,-3.772480785846710E-002,1.160850469022989E-002,-5.650612711906433E-001,-7.805116176605225E-001,-3.772480785846710E-002,1.160850469022989E-002,-5.650612711906433E-001,-7.805116176605225E-001,
7.151000000000000E+008,-3.789634257555008E-002,4.335366189479828E-003,-5.843271017074585E-001,-7.943453192710877E-001,-3.789634257555008E-002,4.335366189479828E-003,-5.843271017074585E-001,-7.943453192710877E-001,
7.234666666666666E+008,-4.198903590440750E-002,-8.307361858896911E-004,-5.984280705451965E-001,-7.834289073944092E-001,-4.198903590440750E-002,-8.307361858896911E-004,-5.984280705451965E-001,-7.834289073944092E-001,
7.318333333333334E+008,-5.045874044299126E-002,-2.580757718533278E-003,-6.125122308731079E-001,-7.825790643692017E-001,-5.045874044299126E-002,-2.580757718533278E-003,-6.125122308731079E-001,-7.825790643692017E-001,
7.402000000000000E+008,-5.680438131093979E-002,-1.906764809973538E-003,-6.571341156959534E-001,-7.610375285148621E-001,-5.680438131093979E-002,-1.906764809973538E-003,-6.571341156959534E-001,-7.610375285148621E-001,
7.485666666666666E+008,-6.526694446802139E-002,4.385262727737427E-003,-6.527964472770691E-001,-7.579118013381958E-001,-6.526694446802139E-002,4.385262727737427E-003,-6.527964472770691E-001,-7.579118013381958E-001,
7.569333333333334E+008,-6.789976358413696E-002,1.268829870969057E-002,-6.647597551345825E-001,-7.373200654983521E-001,-6.789976358413696E-002,1.268829870969057E-002,-6.647597551345825E-001,-7.373200654983521E-001,
7.653000000000000E+008,-6.385812163352966E-002,2.089006453752518E-002,-6.801648139953613E-001,-7.191995382308960E-001,-6.385812163352966E-002,2.089006453752518E-002,-6.801648139953613E-001,-7.191995382308960E-001,
7.736666666666666E+008,-5.767330527305603E-002,2.711654826998711E-002,-7.113063335418701E-001,-6.923670172691345E-001,-5.767330527305603E-002,2.711654826998711E-002,-7.113063335418701E-001,-6.923670172691345E-001,
7.820333333333334E+008,-4.995169490575790E-002,3.013688139617443E-002,-7.242673635482788E-001,-6.808642148971558E-001,-4.995169490575790E-002,3.013688139617443E-002,-7.242673635482788E-001,-6.808642148971558E-001,
7.904000000000000E+008,-4.080840200185776E-002,2.885371260344982E-002,-7.283605933189392E-001,-6.613315343856812E-001,-4.080840200185776E-002,2.885371260344982E-002,-7.283605933189392E-001,-6.613315343856812E-001,
7.987666666666666E+008,-3.710771724581718E-002,2.346147783100605E-002,-7.595769166946411E-001,-6.358156204223633E-001,-3.710771724581718E-002,2.346147783100605E-002,-7.595769166946411E-001,-6.358156204223633E-001,
8.071333333333334E+008,-3.482015430927277E-002,1.945356838405132E-002,-7.680861353874207E-001,-6.303811669349670E-001,-3.482015430927277E-002,1.945356838405132E-002,-7.680861353874207E-001,-6.303811669349670E-001,
8.155000000000000E+008,-4.092536121606827E-002,1.319780107587576E-002,-7.937670946121216E-001,-6.033132076263428E-001,-4.092536121606827E-002,1.319780107587576E-002,-7.937670946121216E-001,-6.033132076263428E-001,
8.238666666666666E+008,-4.601291567087174E-002,1.044619735330343E-002,-7.939112186431885E-001,-5.714092254638672E-001,-4.601291567087174E-002,1.044619735330343E-002,-7.939112186431885E-001,-5.714092254638672E-001,
8.322333333333334E+008,-5.353817343711853E-002,1.177778001874685E-002,-8.145488500595093E-001,-5.519157052040100E-001,-5.353817343711853E-002,1.177778001874685E-002,-8.145488500595093E-001,-5.519157052040100E-001,
8.406000000000000E+008,-6.019666418433189E-002,1.669737696647644E-002,-8.247851729393005E-001,-5.433703660964966E-001,-6.019666418433189E-002,1.669737696647644E-002,-8.247851729393005E-001,-5.433703660964966E-001,
8.489666666666668E+008,-6.501813977956772E-002,2.400865219533444E-002,-8.353906273841858E-001,-5.308825969696045E-001,-6.501813977956772E-002,2.400865219533444E-002,-8.353906273841858E-001,-5.308825969696045E-001,
8.573333333333334E+008,-6.438855081796646E-002,3.241999819874764E-002,-8.516849875450134E-001,-4.861485064029694E-001,-6.438855081796646E-002,3.241999819874764E-002,-8.516849875450134E-001,-4.861485064029694E-001,
8.657000000000000E+008,-5.727541819214821E-002,4.102988168597221E-002,-8.667080998420715E-001,-4.708604216575623E-001,-5.727541819214821E-002,4.102988168597221E-002,-8.667080998420715E-001,-4.708604216575623E-001,
8.740666666666668E+008,-5.017924308776856E-002,4.367901757359505E-002,-8.721650838851929E-001,-4.573339223861694E-001,-5.017924308776856E-002,4.367901757359505E-002,-8.721650838851929E-001,-4.573339223861694E-001,
8.824333333333334E+008,-4.152068123221397E-002,4.395566508173943E-002,-8.849601745605469E-001,-4.432899653911591E-001,-4.152068123221397E-002,4.395566508173943E-002,-8.849601745605469E-001,-4.432899653911591E-001,
8.908000000000000E+008,-3.299153968691826E-002,4.010162875056267E-002,-8.887751698493958E-001,-4.111686348915100E-001,-3.299153968691826E-002,4.010162875056267E-002,-8.887751698493958E-001,-4.111686348915100E-001,
8.991666666666668E+008,-3.008921258151531E-002,3.404171392321587E-002,-9.085325598716736E-001,-3.832665085792542E-001,-3.008921258151531E-002,3.404171392321587E-002,-9.085325598716736E-001,-3.832665085792542E-001,
9.075333333333334E+008,-3.170419856905937E-002,2.889325842261314E-002,-9.375767707824707E-001,-3.623230755329132E-001,-3.170419856905937E-002,2.889325842261314E-002,-9.375767707824707E-001,-3.623230755329132E-001,
9.159000000000000E+008,-3.555827587842941E-002,2.697847224771977E-002,-9.376294016838074E-001,-3.335856199264526E-001,-3.555827587842941E-002,2.697847224771977E-002,-9.376294016838074E-001,-3.335856199264526E-001,
9.242666666666668E+008,-4.166920483112335E-002,2.520865388214588E-002,-9.428445696830750E-001,-3.174591660499573E-001,-4.166920483112335E-002,2.520865388214588E-002,-9.428445696830750E-001,-3.174591660499573E-001,
9.326333333333334E+008,-5.058872699737549E-002,2.740336209535599E-002,-9.653276205062866E-001,-2.913597226142883E-001,-5.058872699737549E-002,2.740336209535599E-002,-9.653276205062866E-001,-2.913597226142883E-001,
9.410000000000000E+008,-5.429815128445625E-002,3.215845301747322E-002,-9.496657848358154E-001,-2.627237737178803E-001,-5.429815128445625E-002,3.215845301747322E-002,-9.496657848358154E-001,-2.627237737178803E-001,
9.493666666666668E+008,-5.652527511119843E-002,4.040202125906944E-002,-9.558299779891968E-001,-2.454373538494110E-001,-5.652527511119843E-002,4.040202125906944E-002,-9.558299779891968E-001,-2.454373538494110E-001,
9.577333333333334E+008,-5.416334420442581E-002,4.942027106881142E-002,-9.707351922988892E-001,-2.214794158935547E-001,-5.416334420442581E-002,4.942027106881142E-002,-9.707351922988892E-001,-2.214794158935547E-001,
9.661000000000000E+008,-4.790656641125679E-002,5.819283798336983E-002,-9.679515361785889E-001,-2.000426650047302E-001,-4.790656641125679E-002,5.819283798336983E-002,-9.679515361785889E-001,-2.000426650047302E-001,
9.744666666666668E+008,-3.940014913678169E-002,5.941350385546684E-002,-9.705546498298645E-001,-1.703042984008789E-001,-3.940014913678169E-002,5.941350385546684E-002,-9.705546498298645E-001,-1.703042984008789E-001,
9.828333333333334E+008,-2.711171470582485E-002,5.750021710991859E-002,-9.770400524139404E-001,-1.531592011451721E-001,-2.711171470582485E-002,5.750021710991859E-002,-9.770400524139404E-001,-1.531592011451721E-001,
9.912000000000000E+008,-2.026596479117870E-002,5.223301425576210E-002,-9.781848192214966E-001,-1.237557530403137E-001,-2.026596479117870E-002,5.223301425576210E-002,-9.781848192214966E-001,-1.237557530403137E-001,
9.995666666666668E+008,-1.450533140450716E-002,4.461988806724548E-002,-9.933110475540161E-001,-8.598293364048004E-002,-1.450533140450716E-002,4.461988806724548E-002,-9.933110475540161E-001,-8.598293364048004E-002,
1.007933333333333E+009,-1.668343134224415E-002,3.686550259590149E-002,-9.952931404113770E-001,-7.722407579421997E-002,-1.668343134224415E-002,3.686550259590149E-002,-9.952931404113770E-001,-7.722407579421997E-002,
1.016300000000000E+009,-2.327263914048672E-002,3.260169178247452E-002,-9.968731403350830E-001,-4.932901635766029E-002,-2.327263914048672E-002,3.260169178247452E-002,-9.968731403350830E-001,-4.932901635766029E-002,
1.024666666666667E+009,-3.054114989936352E-002,2.804054319858551E-002,-9.988459348678589E-001,-1.121810730546713E-002,-3.054114989936352E-002,2.804054319858551E-002,-9.988459348678589E-001,-1.121810730546713E-002,
1.033033333333333E+009,-3.811370953917503E-002,3.216922655701637E-002,-9.977080821990967E-001,2.227866789326072E-003,-3.811370953917503E-002,3.216922655701637E-002,-9.977080821990967E-001,2.227866789326072E-003,
1.041400000000000E+009,-4.482621327042580E-002,4.044469445943832E-002,-9.874064922332764E-001,4.687920957803726E-002,-4.482621327042580E-002,4.044469445943832E-002,-9.874064922332764E-001,4.687920957803726E-002,
1.049766666666667E+009,-4.587687924504280E-002,5.012333765625954E-002,-9.918480515480042E-001,5.966106429696083E-002,-4.587687924504280E-002,5.012333765625954E-002,-9.918480515480042E-001,5.966106429696083E-002,
1.058133333333333E+009,-4.070971533656120E-002,5.834196135401726E-002,-9.878932833671570E-001,7.990463078022003E-002,-4.070971533656120E-002,5.834196135401726E-002,-9.878932833671570E-001,7.990463078022003E-002,
1.066500000000000E+009,-3.063900209963322E-002,6.478931754827499E-002,-9.963918924331665E-001,1.204224526882172E-001,-3.063900209963322E-002,6.478931754827499E-002,-9.963918924331665E-001,1.204224526882172E-001,
1.074866666666667E+009,-2.012192457914352E-002,6.350901722908020E-002,-9.794414639472961E-001,1.380728185176849E-001,-2.012192457914352E-002,6.350901722908020E-002,-9.794414639472961E-001,1.380728185176849E-001,
1.083233333333334E+009,-9.675865992903709E-003,5.425371229648590E-002,-9.730049967765808E-001,1.584534198045731E-001,-9.675865992903709E-003,5.425371229648590E-002,-9.730049967765808E-001,1.584534198045731E-001,
1.091600000000000E+009,-4.270688164979219E-003,4.571025818586350E-002,-9.682188034057617E-001,1.821606904268265E-001,-4.270688164979219E-003,4.571025818586350E-002,-9.682188034057617E-001,1.821606904268265E-001,
1.099966666666667E+009,-4.102523904293776E-003,3.400747105479240E-002,-9.699839949607849E-001,2.198020517826080E-001,-4.102523904293776E-003,3.400747105479240E-002,-9.699839949607849E-001,2.198020517826080E-001,
1.108333333333334E+009,-1.338830124586821E-002,2.481761574745178E-002,-9.432134628295898E-001,2.214680612087250E-001,-1.338830124586821E-002,2.481761574745178E-002,-9.432134628295898E-001,2.214680612087250E-001,
1.116700000000000E+009,-2.523304149508476E-002,2.604544349014759E-002,-9.469277262687683E-001,2.706157565116882E-001,-2.523304149508476E-002,2.604544349014759E-002,-9.469277262687683E-001,2.706157565116882E-001,
1.125066666666667E+009,-3.925187513232231E-002,2.866385877132416E-002,-9.521240592002869E-001,2.812429070472717E-001,-3.925187513232231E-002,2.866385877132416E-002,-9.521240592002869E-001,2.812429070472717E-001,
1.133433333333334E+009,-4.808576405048370E-002,4.277064278721809E-002,-9.492927789688110E-001,3.023911118507385E-001,-4.808576405048370E-002,4.277064278721809E-002,-9.492927789688110E-001,3.023911118507385E-001,
1.141800000000000E+009,-4.881818220019341E-002,5.619671568274498E-002,-9.213535785675049E-001,3.265348076820374E-001,-4.881818220019341E-002,5.619671568274498E-002,-9.213535785675049E-001,3.265348076820374E-001,
1.150166666666667E+009,-4.246745258569717E-002,7.245525717735291E-002,-9.046078324317932E-001,3.496545255184174E-001,-4.246745258569717E-002,7.245525717735291E-002,-9.046078324317932E-001,3.496545255184174E-001,
1.158533333333334E+009,-2.840233594179153E-002,8.138509839773178E-002,-9.076981544494629E-001,3.784230351448059E-001,-2.840233594179153E-002,8.138509839773178E-002,-9.076981544494629E-001,3.784230351448059E-001,
1.166900000000000E+009,-9.331328794360161E-003,8.239646255970001E-002,-8.986492753028870E-001,4.113084673881531E-001,-9.331328794360161E-003,8.239646255970001E-002,-8.986492753028870E-001,4.113084673881531E-001,
1.175266666666667E+009,6.148152053356171E-003,7.159423828125000E-002,-8.926957845687866E-001,4.157396852970123E-001,6.148152053356171E-003,7.159423828125000E-002,-8.926957845687866E-001,4.157396852970123E-001,
1.183633333333334E+009,1.767638139426708E-002,5.688353627920151E-002,-8.839108943939209E-001,4.581709206104279E-001,1.767638139426708E-002,5.688353627920151E-002,-8.839108943939209E-001,4.581709206104279E-001,
1.192000000000000E+009,1.767249591648579E-002,3.772160410881043E-002,-8.722084164619446E-001,4.633789062500000E-001,1.767249591648579E-002,3.772160410881043E-002,-8.722084164619446E-001,4.633789062500000E-001,
1.200366666666667E+009,6.857373751699925E-003,2.346896007657051E-002,-8.630726337432861E-001,4.902653694152832E-001,6.857373751699925E-003,2.346896007657051E-002,-8.630726337432861E-001,4.902653694152832E-001,
1.208733333333334E+009,-8.870200254023075E-003,1.536263152956963E-002,-8.549116849899292E-001,5.122122168540955E-001,-8.870200254023075E-003,1.536263152956963E-002,-8.549116849899292E-001,5.122122168540955E-001,
1.217100000000000E+009,-2.667227573692799E-002,2.145152352750301E-002,-8.428686261177063E-001,5.301073789596558E-001,-2.667227573692799E-002,2.145152352750301E-002,-8.428686261177063E-001,5.301073789596558E-001,
1.225466666666667E+009,-3.632174804806709E-002,3.273301199078560E-002,-8.136224746704102E-001,5.620263218879700E-001,-3.632174804806709E-002,3.273301199078560E-002,-8.136224746704102E-001,5.620263218879700E-001,
1.233833333333334E+009,-4.333326593041420E-002,4.973996058106422E-002,-7.960403561592102E-001,5.752636194229126E-001,-4.333326593041420E-002,4.973996058106422E-002,-7.960403561592102E-001,5.752636194229126E-001,
1.242200000000000E+009,-3.897827118635178E-002,6.836004555225372E-002,-7.829844951629639E-001,5.839778780937195E-001,-3.897827118635178E-002,6.836004555225372E-002,-7.829844951629639E-001,5.839778780937195E-001,
1.250566666666667E+009,-2.357845567166805E-002,7.975554466247559E-002,-7.532827258110046E-001,6.141260266304016E-001,-2.357845567166805E-002,7.975554466247559E-002,-7.532827258110046E-001,6.141260266304016E-001,
1.258933333333334E+009,-4.268420860171318E-003,8.212649822235107E-002,-7.656239867210388E-001,6.323509216308594E-001,-4.268420860171318E-003,8.212649822235107E-002,-7.656239867210388E-001,6.323509216308594E-001,
1.267300000000000E+009,1.393250096589327E-002,7.201612740755081E-002,-7.468608021736145E-001,6.466653347015381E-001,1.393250096589327E-002,7.201612740755081E-002,-7.468608021736145E-001,6.466653347015381E-001,
1.275666666666667E+009,2.349035255610943E-002,5.395107343792915E-002,-7.144118547439575E-001,6.689098477363586E-001,2.349035255610943E-002,5.395107343792915E-002,-7.144118547439575E-001,6.689098477363586E-001,
1.284033333333334E+009,2.359499596059322E-002,3.347111120820046E-002,-7.118274569511414E-001,6.928666830062866E-001,2.359499596059322E-002,3.347111120820046E-002,-7.118274569511414E-001,6.928666830062866E-001,
1.292400000000000E+009,1.284550409764051E-002,1.711345836520195E-002,-6.964324712753296E-001,7.076467871665955E-001,1.284550409764051E-002,1.711345836520195E-002,-6.964324712753296E-001,7.076467871665955E-001,
1.300766666666667E+009,-5.796897690743208E-003,8.620660752058029E-003,-6.686689257621765E-001,7.273315191268921E-001,-5.796897690743208E-003,8.620660752058029E-003,-6.686689257621765E-001,7.273315191268921E-001,
1.309133333333334E+009,-2.627121657133102E-002,1.292346697300673E-002,-6.567123532295227E-001,7.452432513237000E-001,-2.627121657133102E-002,1.292346697300673E-002,-6.567123532295227E-001,7.452432513237000E-001,
1.317500000000000E+009,-4.029529169201851E-002,2.734931558370590E-002,-6.305218338966370E-001,7.551148533821106E-001,-4.029529169201851E-002,2.734931558370590E-002,-6.305218338966370E-001,7.551148533821106E-001,
1.325866666666667E+009,-4.360874369740486E-002,4.791218042373657E-002,-6.119086146354675E-001,7.706984877586365E-001,-4.360874369740486E-002,4.791218042373657E-002,-6.119086146354675E-001,7.706984877586365E-001,
1.334233333333334E+009,-3.689197823405266E-002,6.693492829799652E-002,-5.870665907859802E-001,7.898923754692078E-001,-3.689197823405266E-002,6.693492829799652E-002,-5.870665907859802E-001,7.898923754692078E-001,
1.342600000000000E+009,-2.156354486942291E-002,7.666663825511932E-002,-5.701686739921570E-001,8.045976161956787E-001,-2.156354486942291E-002,7.666663825511932E-002,-5.701686739921570E-001,8.045976161956787E-001,
1.350966666666667E+009,-2.863993635401130E-003,7.695783674716950E-002,-5.424233078956604E-001,8.271514773368835E-001,-2.863993635401130E-003,7.695783674716950E-002,-5.424233078956604E-001,8.271514773368835E-001,
1.359333333333334E+009,1.281956862658262E-002,6.703560054302216E-002,-5.297695994377136E-001,8.330426812171936E-001,1.281956862658262E-002,6.703560054302216E-002,-5.297695994377136E-001,8.330426812171936E-001,
1.367700000000000E+009,1.780266873538494E-002,4.638859257102013E-002,-5.102855563163757E-001,8.449289202690125E-001,1.780266873538494E-002,4.638859257102013E-002,-5.102855563163757E-001,8.449289202690125E-001,
1.376066666666667E+009,1.290955487638712E-002,2.836104109883308E-002,-4.968245327472687E-001,8.630841374397278E-001,1.290955487638712E-002,2.836104109883308E-002,-4.968245327472687E-001,8.630841374397278E-001,
1.384433333333334E+009,-2.728277584537864E-003,1.246431749314070E-002,-4.722112119197846E-001,8.871918320655823E-001,-2.728277584537864E-003,1.246431749314070E-002,-4.722112119197846E-001,8.871918320655823E-001,
1.392800000000000E+009,-2.351040393114090E-002,1.086645200848579E-002,-4.547635912895203E-001,8.850561976432800E-001,-2.351040393114090E-002,1.086645200848579E-002,-4.547635912895203E-001,8.850561976432800E-001,
1.401166666666667E+009,-4.344055801630020E-002,2.233116514980793E-002,-4.285591840744019E-001,9.032837152481079E-001,-4.344055801630020E-002,2.233116514980793E-002,-4.285591840744019E-001,9.032837152481079E-001,
1.409533333333334E+009,-5.634084716439247E-002,3.928210213780403E-002,-3.965812623500824E-001,9.097440838813782E-001,-5.634084716439247E-002,3.928210213780403E-002,-3.965812623500824E-001,9.097440838813782E-001,
1.417900000000000E+009,-5.640063807368279E-002,6.504770368337631E-002,-3.812515735626221E-001,8.995054364204407E-001,-5.640063807368279E-002,6.504770368337631E-002,-3.812515735626221E-001,8.995054364204407E-001,
1.426266666666667E+009,-4.197140038013458E-002,8.467956632375717E-002,-3.410716354846954E-001,9.268653392791748E-001,-4.197140038013458E-002,8.467956632375717E-002,-3.410716354846954E-001,9.268653392791748E-001,
1.434633333333334E+009,-2.339939214289188E-002,9.570919722318649E-002,-3.188411593437195E-001,9.318773150444031E-001,-2.339939214289188E-002,9.570919722318649E-002,-3.188411593437195E-001,9.318773150444031E-001,
1.443000000000000E+009,-1.146322349086404E-003,9.562113136053085E-002,-3.047188818454742E-001,9.374983906745911E-001,-1.146322349086404E-003,9.562113136053085E-002,-3.047188818454742E-001,9.374983906745911E-001,
1.451366666666667E+009,1.491835992783308E-002,8.401118218898773E-002,-2.769441306591034E-001,9.438418149948120E-001,1.491835992783308E-002,8.401118218898773E-002,-2.769441306591034E-001,9.438418149948120E-001,
1.459733333333334E+009,2.473849430680275E-002,6.278779357671738E-002,-2.592912018299103E-001,9.500692486763001E-001,2.473849430680275E-002,6.278779357671738E-002,-2.592912018299103E-001,9.500692486763001E-001,
1.468100000000000E+009,1.596686244010925E-002,4.379357397556305E-002,-2.338089793920517E-001,9.624271392822266E-001,1.596686244010925E-002,4.379357397556305E-002,-2.338089793920517E-001,9.624271392822266E-001,
1.476466666666667E+009,1.647515637159813E-005,3.346387296915054E-002,-2.094440013170242E-001,9.710116982460022E-001,1.647515637159813E-005,3.346387296915054E-002,-2.094440013170242E-001,9.710116982460022E-001,
1.484833333333334E+009,-1.972908712923527E-002,3.106172010302544E-002,-1.818385720252991E-001,9.788205027580261E-001,-1.972908712923527E-002,3.106172010302544E-002,-1.818385720252991E-001,9.788205027580261E-001,
1.493200000000000E+009,-3.863716498017311E-002,4.179140925407410E-002,-1.506526321172714E-001,9.814495444297791E-001,-3.863716498017311E-002,4.179140925407410E-002,-1.506526321172714E-001,9.814495444297791E-001,
1.501566666666667E+009,-4.759472981095314E-002,6.126974150538445E-002,-1.332988739013672E-001,9.786038994789124E-001,-4.759472981095314E-002,6.126974150538445E-002,-1.332988739013672E-001,9.786038994789124E-001,
1.509933333333334E+009,-4.464201256632805E-002,8.515282720327377E-002,-1.053372398018837E-001,9.780865311622620E-001,-4.464201256632805E-002,8.515282720327377E-002,-1.053372398018837E-001,9.780865311622620E-001,
1.518300000000000E+009,-2.910726331174374E-002,1.031468808650971E-001,-8.052910119295120E-002,9.816260337829590E-001,-2.910726331174374E-002,1.031468808650971E-001,-8.052910119295120E-002,9.816260337829590E-001,
1.526666666666667E+009,-8.754048496484757E-003,1.106102317571640E-001,-6.099429726600647E-002,9.864112734794617E-001,-8.754048496484757E-003,1.106102317571640E-001,-6.099429726600647E-002,9.864112734794617E-001,
1.535033333333334E+009,1.369507331401110E-002,1.081941127777100E-001,-3.684088587760925E-002,9.820461869239807E-001,1.369507331401110E-002,1.081941127777100E-001,-3.684088587760925E-002,9.820461869239807E-001,
1.543400000000000E+009,3.093158267438412E-002,9.606439620256424E-002,-8.448512293398380E-003,9.846764206886292E-001,3.093158267438412E-002,9.606439620256424E-002,-8.448512293398380E-003,9.846764206886292E-001,
1.551766666666667E+009,3.591399267315865E-002,7.622432708740234E-002,1.481892820447683E-002,9.884420633316040E-001,3.591399267315865E-002,7.622432708740234E-002,1.481892820447683E-002,9.884420633316040E-001,
1.560133333333334E+009,3.026575036346912E-002,5.702600628137589E-002,4.790581390261650E-002,9.968335032463074E-001,3.026575036346912E-002,5.702600628137589E-002,4.790581390261650E-002,9.968335032463074E-001,
1.568500000000000E+009,1.520194392651320E-002,4.553508386015892E-002,6.307036429643631E-002,9.764513373374939E-001,1.520194392651320E-002,4.553508386015892E-002,6.307036429643631E-002,9.764513373374939E-001,
1.576866666666667E+009,-3.555209841579199E-003,4.540994763374329E-002,8.973051607608795E-002,9.911064505577087E-001,-3.555209841579199E-003,4.540994763374329E-002,8.973051607608795E-002,9.911064505577087E-001,
1.585233333333334E+009,-1.913101226091385E-002,5.674739554524422E-002,1.195445731282234E-001,9.758284091949463E-001,-1.913101226091385E-002,5.674739554524422E-002,1.195445731282234E-001,9.758284091949463E-001,
1.593600000000000E+009,-2.537024766206741E-002,7.353276014328003E-002,1.425453424453735E-001,9.814457893371582E-001,-2.537024766206741E-002,7.353276014328003E-002,1.425453424453735E-001,9.814457893371582E-001,
1.601966666666667E+009,-2.241845056414604E-002,9.430788457393646E-002,1.646584570407867E-001,9.882338047027588E-001,-2.241845056414604E-002,9.430788457393646E-002,1.646584570407867E-001,9.882338047027588E-001,
1.610333333333334E+009,-7.733248174190521E-003,1.082468330860138E-001,1.908122152090073E-001,9.714516401290894E-001,-7.733248174190521E-003,1.082468330860138E-001,1.908122152090073E-001,9.714516401290894E-001,
1.618700000000000E+009,1.195035781711340E-002,1.125724837183952E-001,2.115150839090347E-001,9.539247155189514E-001,1.195035781711340E-002,1.125724837183952E-001,2.115150839090347E-001,9.539247155189514E-001,
1.627066666666667E+009,2.936990372836590E-002,1.099338829517365E-001,2.336933463811874E-001,9.546082615852356E-001,2.936990372836590E-002,1.099338829517365E-001,2.336933463811874E-001,9.546082615852356E-001,
1.635433333333334E+009,4.189290106296539E-002,9.716960042715073E-002,2.547242939472199E-001,9.465622901916504E-001,4.189290106296539E-002,9.716960042715073E-002,2.547242939472199E-001,9.465622901916504E-001,
1.643800000000000E+009,4.557659476995468E-002,8.011418581008911E-002,2.853375673294067E-001,9.515653848648071E-001,4.557659476995468E-002,8.011418581008911E-002,2.853375673294067E-001,9.515653848648071E-001,
1.652166666666667E+009,3.976658731698990E-002,6.757461279630661E-002,3.131934702396393E-001,9.405228495597839E-001,3.976658731698990E-002,6.757461279630661E-002,3.131934702396393E-001,9.405228495597839E-001,
1.660533333333334E+009,2.601876109838486E-002,5.856581777334213E-002,3.274691998958588E-001,9.261597990989685E-001,2.601876109838486E-002,5.856581777334213E-002,3.274691998958588E-001,9.261597990989685E-001,
1.668900000000000E+009,1.151433587074280E-002,6.236570328474045E-002,3.605709969997406E-001,9.201701879501343E-001,1.151433587074280E-002,6.236570328474045E-002,3.605709969997406E-001,9.201701879501343E-001,
1.677266666666667E+009,8.575475076213479E-004,7.013177126646042E-002,3.894611001014710E-001,9.029397964477539E-001,8.575475076213479E-004,7.013177126646042E-002,3.894611001014710E-001,9.029397964477539E-001,
1.685633333333334E+009,-2.277553081512451E-003,8.878862112760544E-002,4.112657010555267E-001,9.007668495178223E-001,-2.277553081512451E-003,8.878862112760544E-002,4.112657010555267E-001,9.007668495178223E-001,
1.694000000000000E+009,3.644740441814065E-003,1.039189621806145E-001,4.304350018501282E-001,8.895909190177918E-001,3.644740441814065E-003,1.039189621806145E-001,4.304350018501282E-001,8.895909190177918E-001,
1.702366666666667E+009,1.772307790815830E-002,1.156432181596756E-001,4.477269947528839E-001,8.803531527519226E-001,1.772307790815830E-002,1.156432181596756E-001,4.477269947528839E-001,8.803531527519226E-001,
1.710733333333334E+009,3.924123197793961E-002,1.198321729898453E-001,4.776879847049713E-001,8.597091436386108E-001,3.924123197793961E-002,1.198321729898453E-001,4.776879847049713E-001,8.597091436386108E-001,
1.719100000000000E+009,5.573102459311485E-002,1.127358600497246E-001,4.923762083053589E-001,8.520498871803284E-001,5.573102459311485E-002,1.127358600497246E-001,4.923762083053589E-001,8.520498871803284E-001,
1.727466666666667E+009,6.731097400188446E-002,1.016985327005386E-001,5.161245465278626E-001,8.400132060050964E-001,6.731097400188446E-002,1.016985327005386E-001,5.161245465278626E-001,8.400132060050964E-001,
1.735833333333334E+009,7.493375986814499E-002,8.434739708900452E-002,5.395815968513489E-001,8.236839175224304E-001,7.493375986814499E-002,8.434739708900452E-002,5.395815968513489E-001,8.236839175224304E-001,
1.744200000000000E+009,6.989765912294388E-002,6.854386627674103E-002,5.609024763107300E-001,8.073168396949768E-001,6.989765912294388E-002,6.854386627674103E-002,5.609024763107300E-001,8.073168396949768E-001,
1.752566666666667E+009,5.915486067533493E-002,5.823851376771927E-002,5.816674232482910E-001,8.034232854843140E-001,5.915486067533493E-002,5.823851376771927E-002,5.816674232482910E-001,8.034232854843140E-001,
1.760933333333334E+009,4.711823910474777E-002,5.572529882192612E-002,5.942597985267639E-001,7.861148118972778E-001,4.711823910474777E-002,5.572529882192612E-002,5.942597985267639E-001,7.861148118972778E-001,
1.769300000000000E+009,3.366085886955261E-002,5.996122583746910E-002,6.197104454040527E-001,7.656255960464478E-001,3.366085886955261E-002,5.996122583746910E-002,6.197104454040527E-001,7.656255960464478E-001,
1.777666666666667E+009,2.585830353200436E-002,7.153056561946869E-002,6.434775590896606E-001,7.478190660476685E-001,2.585830353200436E-002,7.153056561946869E-002,6.434775590896606E-001,7.478190660476685E-001,
1.786033333333334E+009,2.446574345231056E-002,8.511906862258911E-002,6.557704806327820E-001,7.373059988021851E-001,2.446574345231056E-002,8.511906862258911E-002,6.557704806327820E-001,7.373059988021851E-001,
1.794400000000000E+009,3.047677315771580E-002,9.627246856689453E-002,6.762104630470276E-001,7.180666327476502E-001,3.047677315771580E-002,9.627246856689453E-002,6.762104630470276E-001,7.180666327476502E-001,
1.802766666666667E+009,4.353532567620277E-002,1.044382229447365E-001,6.980235576629639E-001,6.985900998115540E-001,4.353532567620277E-002,1.044382229447365E-001,6.980235576629639E-001,6.985900998115540E-001,
1.811133333333334E+009,5.763171613216400E-002,1.054568812251091E-001,7.119344472885132E-001,6.718258261680603E-001,5.763171613216400E-002,1.054568812251091E-001,7.119344472885132E-001,6.718258261680603E-001,
1.819500000000000E+009,6.960918754339218E-002,1.022877991199493E-001,7.250230908393860E-001,6.639180183410645E-001,6.960918754339218E-002,1.022877991199493E-001,7.250230908393860E-001,6.639180183410645E-001,
1.827866666666667E+009,7.970562577247620E-002,9.305773675441742E-002,7.395262718200684E-001,6.393333673477173E-001,7.970562577247620E-002,9.305773675441742E-002,7.395262718200684E-001,6.393333673477173E-001,
1.836233333333334E+009,8.230950683355331E-002,8.236892521381378E-002,7.602010369300842E-001,6.251710057258606E-001,8.230950683355331E-002,8.236892521381378E-002,7.602010369300842E-001,6.251710057258606E-001,
1.844600000000000E+009,7.861577719449997E-002,7.482460141181946E-002,7.768369317054749E-001,6.134835481643677E-001,7.861577719449997E-002,7.482460141181946E-002,7.768369317054749E-001,6.134835481643677E-001,
1.852966666666667E+009,7.228790223598480E-002,7.041899859905243E-002,7.961480021476746E-001,5.825951695442200E-001,7.228790223598480E-002,7.041899859905243E-002,7.961480021476746E-001,5.825951695442200E-001,
1.861333333333334E+009,6.685976684093475E-002,6.816204637289047E-002,8.141433596611023E-001,5.744580626487732E-001,6.685976684093475E-002,6.816204637289047E-002,8.141433596611023E-001,5.744580626487732E-001,
1.869700000000000E+009,6.147664040327072E-002,7.321657240390778E-002,8.154098987579346E-001,5.438271760940552E-001,6.147664040327072E-002,7.321657240390778E-002,8.154098987579346E-001,5.438271760940552E-001,
1.878066666666667E+009,6.045214831829071E-002,7.977645099163055E-002,8.367306590080261E-001,5.250356197357178E-001,6.045214831829071E-002,7.977645099163055E-002,8.367306590080261E-001,5.250356197357178E-001,
1.886433333333334E+009,6.621458381414414E-002,8.964347839355469E-002,8.448289632797241E-001,4.914190769195557E-001,6.621458381414414E-002,8.964347839355469E-002,8.448289632797241E-001,4.914190769195557E-001,
1.894800000000000E+009,7.476054131984711E-002,9.602970629930496E-002,8.602279424667358E-001,4.799300134181976E-001,7.476054131984711E-002,9.602970629930496E-002,8.602279424667358E-001,4.799300134181976E-001,
1.903166666666667E+009,8.568339049816132E-002,9.623094648122788E-002,8.711409568786621E-001,4.602304697036743E-001,8.568339049816132E-002,9.623094648122788E-002,8.711409568786621E-001,4.602304697036743E-001,
1.911533333333334E+009,9.986930340528488E-002,9.324710816144943E-002,8.745085597038269E-001,4.262627661228180E-001,9.986930340528488E-002,9.324710816144943E-002,8.745085597038269E-001,4.262627661228180E-001,
1.919900000000000E+009,1.115407347679138E-001,8.425825089216232E-002,9.004406929016113E-001,4.058837592601776E-001,1.115407347679138E-001,8.425825089216232E-002,9.004406929016113E-001,4.058837592601776E-001,
1.928266666666667E+009,1.162370219826698E-001,7.341276854276657E-002,9.036116003990173E-001,3.904093205928803E-001,1.162370219826698E-001,7.341276854276657E-002,9.036116003990173E-001,3.904093205928803E-001,
1.936633333333334E+009,1.166445165872574E-001,6.061708927154541E-002,9.091203808784485E-001,3.665813505649567E-001,1.166445165872574E-001,6.061708927154541E-002,9.091203808784485E-001,3.665813505649567E-001,
1.945000000000000E+009,1.106926798820496E-001,4.948584735393524E-002,9.248244166374207E-001,3.397119939327240E-001,1.106926798820496E-001,4.948584735393524E-002,9.248244166374207E-001,3.397119939327240E-001,
1.953366666666667E+009,1.011765673756599E-001,4.638931900262833E-002,9.330272674560547E-001,3.256191611289978E-001,1.011765673756599E-001,4.638931900262833E-002,9.330272674560547E-001,3.256191611289978E-001,
1.961733333333334E+009,8.971926569938660E-002,4.670953005552292E-002,9.364004731178284E-001,3.041882514953613E-001,8.971926569938660E-002,4.670953005552292E-002,9.364004731178284E-001,3.041882514953613E-001,
1.970100000000000E+009,8.263124525547028E-002,5.499423667788506E-002,9.486562013626099E-001,2.722675800323486E-001,8.263124525547028E-002,5.499423667788506E-002,9.486562013626099E-001,2.722675800323486E-001,
1.978466666666667E+009,8.263737708330154E-002,6.511168181896210E-002,9.486728310585022E-001,2.401787191629410E-001,8.263737708330154E-002,6.511168181896210E-002,9.486728310585022E-001,2.401787191629410E-001,
1.986833333333334E+009,8.935852348804474E-002,7.636036723852158E-002,9.635801315307617E-001,2.331590950489044E-001,8.935852348804474E-002,7.636036723852158E-002,9.635801315307617E-001,2.331590950489044E-001,
1.995200000000000E+009,1.028676927089691E-001,8.184917271137238E-002,9.523278474807739E-001,1.993236392736435E-001,1.028676927089691E-001,8.184917271137238E-002,9.523278474807739E-001,1.993236392736435E-001,
2.003566666666667E+009,1.203304901719093E-001,8.234663307666779E-002,9.666043519973755E-001,1.699873656034470E-001,1.203304901719093E-001,8.234663307666779E-002,9.666043519973755E-001,1.699873656034470E-001,
2.011933333333334E+009,1.356709748506546E-001,7.443055510520935E-002,9.670580625534058E-001,1.474939584732056E-001,1.356709748506546E-001,7.443055510520935E-002,9.670580625534058E-001,1.474939584732056E-001,
2.020300000000000E+009,1.459652334451675E-001,5.958323180675507E-002,9.693970680236816E-001,1.306001991033554E-001,1.459652334451675E-001,5.958323180675507E-002,9.693970680236816E-001,1.306001991033554E-001,
2.028666666666667E+009,1.512281596660614E-001,3.993706032633781E-002,9.784403443336487E-001,9.536246210336685E-002,1.512281596660614E-001,3.993706032633781E-002,9.784403443336487E-001,9.536246210336685E-002,
2.037033333333334E+009,1.446455866098404E-001,2.498034201562405E-002,9.786528944969177E-001,8.224972337484360E-002,1.446455866098404E-001,2.498034201562405E-002,9.786528944969177E-001,8.224972337484360E-002,
2.045400000000000E+009,1.332522183656693E-001,1.661568135023117E-002,9.860612154006958E-001,5.058928206562996E-002,1.332522183656693E-001,1.661568135023117E-002,9.860612154006958E-001,5.058928206562996E-002,
2.053766666666667E+009,1.193428486585617E-001,1.042434200644493E-002,9.825594425201416E-001,2.900935523211956E-002,1.193428486585617E-001,1.042434200644493E-002,9.825594425201416E-001,2.900935523211956E-002,
2.062133333333334E+009,1.065971776843071E-001,1.655228063464165E-002,9.871938824653626E-001,-1.511003705672920E-003,1.065971776843071E-001,1.655228063464165E-002,9.871938824653626E-001,-1.511003705672920E-003,
2.070500000000000E+009,9.988106787204742E-002,3.046421520411968E-002,9.832741022109985E-001,-2.570567466318607E-002,9.988106787204742E-002,3.046421520411968E-002,9.832741022109985E-001,-2.570567466318607E-002,
2.078866666666667E+009,1.065830662846565E-001,4.359769076108933E-002,9.827477335929871E-001,-5.330605059862137E-002,1.065830662846565E-001,4.359769076108933E-002,9.827477335929871E-001,-5.330605059862137E-002,
2.087233333333334E+009,1.212002933025360E-001,5.336907505989075E-002,9.858831167221069E-001,-8.202778548002243E-002,1.212002933025360E-001,5.336907505989075E-002,9.858831167221069E-001,-8.202778548002243E-002,
2.095600000000000E+009,1.384762823581696E-001,5.277847498655319E-002,9.782094955444336E-001,-1.050790622830391E-001,1.384762823581696E-001,5.277847498655319E-002,9.782094955444336E-001,-1.050790622830391E-001,
2.103966666666667E+009,1.578882187604904E-001,4.103267565369606E-002,9.628286957740784E-001,-1.289061307907105E-001,1.578882187604904E-001,4.103267565369606E-002,9.628286957740784E-001,-1.289061307907105E-001,
2.112333333333334E+009,1.694043278694153E-001,1.941689476370812E-002,9.644770026206970E-001,-1.501993238925934E-001,1.694043278694153E-001,1.941689476370812E-002,9.644770026206970E-001,-1.501993238925934E-001,
2.120700000000000E+009,1.712403744459152E-001,-4.556451924145222E-003,9.606574773788452E-001,-1.811041980981827E-001,1.712403744459152E-001,-4.556451924145222E-003,9.606574773788452E-001,-1.811041980981827E-001,
2.129066666666667E+009,1.641068011522293E-001,-2.508809044957161E-002,9.417197108268738E-001,-1.998775601387024E-001,1.641068011522293E-001,-2.508809044957161E-002,9.417197108268738E-001,-1.998775601387024E-001,
2.137433333333334E+009,1.437533348798752E-001,-3.698474168777466E-002,9.583370089530945E-001,-2.287143617868424E-001,1.437533348798752E-001,-3.698474168777466E-002,9.583370089530945E-001,-2.287143617868424E-001,
2.145800000000000E+009,1.218118220567703E-001,-3.962982818484306E-002,9.475428462028503E-001,-2.435445040464401E-001,1.218118220567703E-001,-3.962982818484306E-002,9.475428462028503E-001,-2.435445040464401E-001,
2.154166666666667E+009,1.019935905933380E-001,-2.795293927192688E-002,9.459943771362305E-001,-2.708634138107300E-001,1.019935905933380E-001,-2.795293927192688E-002,9.459943771362305E-001,-2.708634138107300E-001,
2.162533333333334E+009,9.278146922588348E-002,-9.974580258131027E-003,9.356333613395691E-001,-2.990987598896027E-001,9.278146922588348E-002,-9.974580258131027E-003,9.356333613395691E-001,-2.990987598896027E-001,
2.170900000000000E+009,9.919456392526627E-002,1.164425723254681E-002,9.290785193443298E-001,-3.308529257774353E-001,9.919456392526627E-002,1.164425723254681E-002,9.290785193443298E-001,-3.308529257774353E-001,
2.179266666666667E+009,1.146733090281487E-001,2.517336979508400E-002,9.206279516220093E-001,-3.508401215076447E-001,1.146733090281487E-001,2.517336979508400E-002,9.206279516220093E-001,-3.508401215076447E-001,
2.187633333333334E+009,1.384007632732391E-001,2.757194824516773E-002,9.061515927314758E-001,-3.683215081691742E-001,1.384007632732391E-001,2.757194824516773E-002,9.061515927314758E-001,-3.683215081691742E-001,
2.196000000000000E+009,1.598552167415619E-001,1.302166562527418E-002,8.968488574028015E-001,-3.913465142250061E-001,1.598552167415619E-001,1.302166562527418E-002,8.968488574028015E-001,-3.913465142250061E-001,
2.204366666666667E+009,1.752440184354782E-001,-8.760710246860981E-003,8.985690474510193E-001,-4.101702272891998E-001,1.752440184354782E-001,-8.760710246860981E-003,8.985690474510193E-001,-4.101702272891998E-001,
2.212733333333334E+009,1.763950437307358E-001,-3.746713697910309E-002,8.763574361801148E-001,-4.252457618713379E-001,1.763950437307358E-001,-3.746713697910309E-002,8.763574361801148E-001,-4.252457618713379E-001,
2.221100000000000E+009,1.629827320575714E-001,-6.068860366940498E-002,8.659701943397522E-001,-4.503218233585358E-001,1.629827320575714E-001,-6.068860366940498E-002,8.659701943397522E-001,-4.503218233585358E-001,
2.229466666666667E+009,1.421094238758087E-001,-7.618997991085053E-002,8.630895018577576E-001,-4.718579947948456E-001,1.421094238758087E-001,-7.618997991085053E-002,8.630895018577576E-001,-4.718579947948456E-001,
2.237833333333334E+009,1.141522973775864E-001,-7.766431570053101E-002,8.435971736907959E-001,-4.990326166152954E-001,1.141522973775864E-001,-7.766431570053101E-002,8.435971736907959E-001,-4.990326166152954E-001,
2.246200000000000E+009,9.236189723014832E-002,-6.540714949369431E-002,8.398036360740662E-001,-5.159448385238648E-001,9.236189723014832E-002,-6.540714949369431E-002,8.398036360740662E-001,-5.159448385238648E-001,
2.254566666666667E+009,8.369187265634537E-002,-4.329678416252136E-002,8.222523331642151E-001,-5.437598228454590E-001,8.369187265634537E-002,-4.329678416252136E-002,8.222523331642151E-001,-5.437598228454590E-001,
2.262933333333334E+009,8.930265158414841E-002,-1.983307115733624E-002,8.116022944450378E-001,-5.672357082366943E-001,8.930265158414841E-002,-1.983307115733624E-002,8.116022944450378E-001,-5.672357082366943E-001,
2.271300000000000E+009,1.064895093441010E-001,-5.000962875783444E-003,7.849302291870117E-001,-5.853713750839233E-001,1.064895093441010E-001,-5.000962875783444E-003,7.849302291870117E-001,-5.853713750839233E-001,
2.279666666666667E+009,1.315522491931915E-001,-4.170439206063747E-003,7.694392800331116E-001,-6.028409600257874E-001,1.315522491931915E-001,-4.170439206063747E-003,7.694392800331116E-001,-6.028409600257874E-001,
2.288033333333334E+009,1.525468975305557E-001,-1.871698722243309E-002,7.506895661354065E-001,-6.214888095855713E-001,1.525468975305557E-001,-1.871698722243309E-002,7.506895661354065E-001,-6.214888095855713E-001,
2.296400000000000E+009,1.639856696128845E-001,-4.457322508096695E-002,7.370462417602539E-001,-6.367465853691101E-001,1.639856696128845E-001,-4.457322508096695E-002,7.370462417602539E-001,-6.367465853691101E-001,
2.304766666666667E+009,1.629705876111984E-001,-7.156792283058167E-002,7.207017540931702E-001,-6.576180458068848E-001,1.629705876111984E-001,-7.156792283058167E-002,7.207017540931702E-001,-6.576180458068848E-001,
2.313133333333334E+009,1.436610817909241E-001,-9.346669167280197E-002,7.054888606071472E-001,-6.669737100601196E-001,1.436610817909241E-001,-9.346669167280197E-002,7.054888606071472E-001,-6.669737100601196E-001,
2.321500000000000E+009,1.209817379713059E-001,-1.017114520072937E-001,6.936776041984558E-001,-6.908586621284485E-001,1.209817379713059E-001,-1.017114520072937E-001,6.936776041984558E-001,-6.908586621284485E-001,
2.329866666666667E+009,9.323053061962128E-002,-9.617672115564346E-002,6.765874624252319E-001,-7.046732902526856E-001,9.323053061962128E-002,-9.617672115564346E-002,6.765874624252319E-001,-7.046732902526856E-001,
2.338233333333334E+009,7.756969332695007E-002,-7.728641480207443E-002,6.549160480499268E-001,-7.262736558914185E-001,7.756969332695007E-002,-7.728641480207443E-002,6.549160480499268E-001,-7.262736558914185E-001,
2.346600000000000E+009,7.772351801395416E-002,-5.291792005300522E-002,6.397327780723572E-001,-7.506137490272522E-001,7.772351801395416E-002,-5.291792005300522E-002,6.397327780723572E-001,-7.506137490272522E-001,
2.354966666666667E+009,9.087102115154266E-002,-3.224097192287445E-002,6.208503246307373E-001,-7.626972794532776E-001,9.087102115154266E-002,-3.224097192287445E-002,6.208503246307373E-001,-7.626972794532776E-001,
2.363333333333334E+009,1.143305897712708E-001,-2.361560799181461E-002,5.897781848907471E-001,-7.802059650421143E-001,1.143305897712708E-001,-2.361560799181461E-002,5.897781848907471E-001,-7.802059650421143E-001,
2.371700000000000E+009,1.428079903125763E-001,-3.580810502171516E-002,5.723132491111755E-001,-7.952776551246643E-001,1.428079903125763E-001,-3.580810502171516E-002,5.723132491111755E-001,-7.952776551246643E-001,
2.380066666666667E+009,1.621877849102020E-001,-6.172388419508934E-002,5.537997484207153E-001,-7.923480272293091E-001,1.621877849102020E-001,-6.172388419508934E-002,5.537997484207153E-001,-7.923480272293091E-001,
2.388433333333334E+009,1.659439355134964E-001,-9.632313996553421E-002,5.318489670753479E-001,-8.177435398101807E-001,1.659439355134964E-001,-9.632313996553421E-002,5.318489670753479E-001,-8.177435398101807E-001,
2.396800000000000E+009,1.464085578918457E-001,-1.331342905759811E-001,5.131794214248657E-001,-8.231281042098999E-001,1.464085578918457E-001,-1.331342905759811E-001,5.131794214248657E-001,-8.231281042098999E-001,
2.405166666666667E+009,1.186585277318955E-001,-1.554076522588730E-001,4.998668134212494E-001,-8.387327194213867E-001,1.186585277318955E-001,-1.554076522588730E-001,4.998668134212494E-001,-8.387327194213867E-001,
2.413533333333334E+009,8.115958422422409E-002,-1.619926244020462E-001,4.760504662990570E-001,-8.465850353240967E-001,8.115958422422409E-002,-1.619926244020462E-001,4.760504662990570E-001,-8.465850353240967E-001,
2.421900000000000E+009,4.180603846907616E-002,-1.448035240173340E-001,4.648850262165070E-001,-8.739532232284546E-001,4.180603846907616E-002,-1.448035240173340E-001,4.648850262165070E-001,-8.739532232284546E-001,
2.430266666666667E+009,2.000796422362328E-002,-1.149934455752373E-001,4.354641437530518E-001,-8.828334808349609E-001,2.000796422362328E-002,-1.149934455752373E-001,4.354641437530518E-001,-8.828334808349609E-001,
2.438633333333334E+009,1.567687466740608E-002,-7.572709769010544E-002,4.159722626209259E-001,-8.966967463493347E-001,1.567687466740608E-002,-7.572709769010544E-002,4.159722626209259E-001,-8.966967463493347E-001,
2.447000000000000E+009,3.258388489484787E-002,-4.050290957093239E-002,3.874081075191498E-001,-9.062793850898743E-001,3.258388489484787E-002,-4.050290957093239E-002,3.874081075191498E-001,-9.062793850898743E-001,
2.455366666666667E+009,6.513813138008118E-002,-2.267862111330032E-002,3.540619611740112E-001,-9.262030720710754E-001,6.513813138008118E-002,-2.267862111330032E-002,3.540619611740112E-001,-9.262030720710754E-001,
2.463733333333334E+009,9.971841424703598E-002,-2.412145957350731E-002,3.319918811321259E-001,-9.273281693458557E-001,9.971841424703598E-002,-2.412145957350731E-002,3.319918811321259E-001,-9.273281693458557E-001,
2.472100000000000E+009,1.299410164356232E-001,-4.876118898391724E-002,3.037201762199402E-001,-9.335772395133972E-001,1.299410164356232E-001,-4.876118898391724E-002,3.037201762199402E-001,-9.335772395133972E-001,
2.480466666666667E+009,1.411548554897308E-001,-8.356804400682449E-002,2.778363525867462E-001,-9.345511198043823E-001,1.411548554897308E-001,-8.356804400682449E-002,2.778363525867462E-001,-9.345511198043823E-001,
2.488833333333334E+009,1.326648443937302E-001,-1.206143349409103E-001,2.580404579639435E-001,-9.408648014068604E-001,1.326648443937302E-001,-1.206143349409103E-001,2.580404579639435E-001,-9.408648014068604E-001,
2.497200000000000E+009,1.074517145752907E-001,-1.451592296361923E-001,2.385918051004410E-001,-9.406330585479736E-001,1.074517145752907E-001,-1.451592296361923E-001,2.385918051004410E-001,-9.406330585479736E-001,
2.505566666666667E+009,7.330979406833649E-002,-1.533726751804352E-001,2.161094844341278E-001,-9.495000839233398E-001,7.330979406833649E-002,-1.533726751804352E-001,2.161094844341278E-001,-9.495000839233398E-001,
2.513933333333334E+009,4.040336608886719E-002,-1.416950672864914E-001,1.998256891965866E-001,-9.567974209785461E-001,4.040336608886719E-002,-1.416950672864914E-001,1.998256891965866E-001,-9.567974209785461E-001,
2.522300000000000E+009,2.067107707262039E-002,-1.158953607082367E-001,1.716219931840897E-001,-9.710285067558289E-001,2.067107707262039E-002,-1.158953607082367E-001,1.716219931840897E-001,-9.710285067558289E-001,
2.530666666666667E+009,1.967585831880570E-002,-8.447232097387314E-002,1.449116915464401E-001,-9.822548031806946E-001,1.967585831880570E-002,-8.447232097387314E-002,1.449116915464401E-001,-9.822548031806946E-001,
2.539033333333334E+009,3.926979005336762E-002,-5.698048695921898E-002,1.161340773105621E-001,-9.781714677810669E-001,3.926979005336762E-002,-5.698048695921898E-002,1.161340773105621E-001,-9.781714677810669E-001,
2.547400000000000E+009,6.837756186723709E-002,-4.528288543224335E-002,9.014152735471726E-002,-9.804581403732300E-001,6.837756186723709E-002,-4.528288543224335E-002,9.014152735471726E-002,-9.804581403732300E-001,
2.555766666666667E+009,9.855794161558151E-002,-5.326578393578529E-002,5.797259137034416E-002,-9.808537960052490E-001,9.855794161558151E-002,-5.326578393578529E-002,5.797259137034416E-002,-9.808537960052490E-001,
2.564133333333334E+009,1.199357137084007E-001,-7.880529016256332E-002,3.764814883470535E-002,-9.762340188026428E-001,1.199357137084007E-001,-7.880529016256332E-002,3.764814883470535E-002,-9.762340188026428E-001,
2.572500000000000E+009,1.247120499610901E-001,-1.144484728574753E-001,8.354392834007740E-003,-9.746711850166321E-001,1.247120499610901E-001,-1.144484728574753E-001,8.354392834007740E-003,-9.746711850166321E-001,
2.580866666666667E+009,1.104198396205902E-001,-1.472109407186508E-001,-1.016346178948879E-002,-9.689391851425171E-001,1.104198396205902E-001,-1.472109407186508E-001,-1.016346178948879E-002,-9.689391851425171E-001,
2.589233333333334E+009,8.048027008771896E-002,-1.688282638788223E-001,-2.936582453548908E-002,-9.619368910789490E-001,8.048027008771896E-002,-1.688282638788223E-001,-2.936582453548908E-002,-9.619368910789490E-001,
2.597600000000000E+009,4.285661876201630E-002,-1.713930219411850E-001,-5.045690387487412E-002,-9.651063084602356E-001,4.285661876201630E-002,-1.713930219411850E-001,-5.045690387487412E-002,-9.651063084602356E-001,
2.605966666666667E+009,1.119835115969181E-002,-1.585787981748581E-001,-7.471291720867157E-002,-9.753057956695557E-001,1.119835115969181E-002,-1.585787981748581E-001,-7.471291720867157E-002,-9.753057956695557E-001,
2.614333333333334E+009,-8.792309090495110E-003,-1.286851018667221E-001,-9.729140251874924E-002,-9.788616299629211E-001,-8.792309090495110E-003,-1.286851018667221E-001,-9.729140251874924E-002,-9.788616299629211E-001,
2.622700000000000E+009,-9.261912666261196E-003,-9.327180683612824E-002,-1.267390996217728E-001,-9.780377745628357E-001,-9.261912666261196E-003,-9.327180683612824E-002,-1.267390996217728E-001,-9.780377745628357E-001,
2.631066666666667E+009,1.208186056464911E-002,-6.479209661483765E-002,-1.557696312665939E-001,-9.788448214530945E-001,1.208186056464911E-002,-6.479209661483765E-002,-1.557696312665939E-001,-9.788448214530945E-001,
2.639433333333334E+009,4.137109220027924E-002,-5.211992561817169E-002,-1.859639137983322E-001,-9.661426544189453E-001,4.137109220027924E-002,-5.211992561817169E-002,-1.859639137983322E-001,-9.661426544189453E-001,
2.647800000000000E+009,7.506908476352692E-002,-6.033639237284660E-002,-2.113865762948990E-001,-9.572403430938721E-001,7.506908476352692E-002,-6.033639237284660E-002,-2.113865762948990E-001,-9.572403430938721E-001,
2.656166666666667E+009,9.544719755649567E-002,-8.431542664766312E-002,-2.420639395713806E-001,-9.571449160575867E-001,9.544719755649567E-002,-8.431542664766312E-002,-2.420639395713806E-001,-9.571449160575867E-001,
2.664533333333334E+009,9.978821128606796E-002,-1.189214885234833E-001,-2.590509951114655E-001,-9.361795186996460E-001,9.978821128606796E-002,-1.189214885234833E-001,-2.590509951114655E-001,-9.361795186996460E-001,
2.672900000000000E+009,8.495475351810455E-002,-1.474178433418274E-001,-2.762039601802826E-001,-9.309644699096680E-001,8.495475351810455E-002,-1.474178433418274E-001,-2.762039601802826E-001,-9.309644699096680E-001,
2.681266666666667E+009,5.640904232859612E-002,-1.675250232219696E-001,-2.975164651870728E-001,-9.273458719253540E-001,5.640904232859612E-002,-1.675250232219696E-001,-2.975164651870728E-001,-9.273458719253540E-001,
2.689633333333334E+009,2.287568897008896E-002,-1.699636131525040E-001,-3.186979889869690E-001,-9.200390577316284E-001,2.287568897008896E-002,-1.699636131525040E-001,-3.186979889869690E-001,-9.200390577316284E-001,
2.698000000000000E+009,-8.642956614494324E-003,-1.545877456665039E-001,-3.454325199127197E-001,-9.071325659751892E-001,-8.642956614494324E-003,-1.545877456665039E-001,-3.454325199127197E-001,-9.071325659751892E-001,
2.706366666666667E+009,-2.575191296637058E-002,-1.261613219976425E-001,-3.591195940971375E-001,-9.099445939064026E-001,-2.575191296637058E-002,-1.261613219976425E-001,-3.591195940971375E-001,-9.099445939064026E-001,
2.714733333333334E+009,-2.333968505263329E-002,-9.194365143775940E-002,-3.919702470302582E-001,-9.101727604866028E-001,-2.333968505263329E-002,-9.194365143775940E-002,-3.919702470302582E-001,-9.101727604866028E-001,
2.723100000000000E+009,-1.515565672889352E-003,-6.688828766345978E-002,-4.177226126194000E-001,-8.941522836685181E-001,-1.515565672889352E-003,-6.688828766345978E-002,-4.177226126194000E-001,-8.941522836685181E-001,
2.731466666666667E+009,3.054735064506531E-002,-5.440326780080795E-002,-4.408440291881561E-001,-8.829093575477600E-001,3.054735064506531E-002,-5.440326780080795E-002,-4.408440291881561E-001,-8.829093575477600E-001,
2.739833333333334E+009,6.463260203599930E-002,-6.351665407419205E-002,-4.659487605094910E-001,-8.729324936866760E-001,6.463260203599930E-002,-6.351665407419205E-002,-4.659487605094910E-001,-8.729324936866760E-001,
2.748200000000000E+009,8.708851784467697E-002,-8.774391561746597E-002,-4.947406053543091E-001,-8.516460657119751E-001,8.708851784467697E-002,-8.774391561746597E-002,-4.947406053543091E-001,-8.516460657119751E-001,
2.756566666666667E+009,9.330741316080093E-002,-1.238683983683586E-001,-5.139813423156738E-001,-8.301811814308167E-001,9.330741316080093E-002,-1.238683983683586E-001,-5.139813423156738E-001,-8.301811814308167E-001,
2.764933333333334E+009,7.879821211099625E-002,-1.556865423917770E-001,-5.265030264854431E-001,-8.125892281532288E-001,7.879821211099625E-002,-1.556865423917770E-001,-5.265030264854431E-001,-8.125892281532288E-001,
2.773300000000000E+009,5.123416334390640E-002,-1.750847846269608E-001,-5.408955812454224E-001,-8.067904114723206E-001,5.123416334390640E-002,-1.750847846269608E-001,-5.408955812454224E-001,-8.067904114723206E-001,
2.781666666666667E+009,1.386164873838425E-002,-1.786299198865891E-001,-5.620150566101074E-001,-7.896356582641602E-001,1.386164873838425E-002,-1.786299198865891E-001,-5.620150566101074E-001,-7.896356582641602E-001,
2.790033333333334E+009,-1.781979948282242E-002,-1.657796502113342E-001,-5.763472914695740E-001,-7.842819094657898E-001,-1.781979948282242E-002,-1.657796502113342E-001,-5.763472914695740E-001,-7.842819094657898E-001,
2.798400000000000E+009,-3.744402900338173E-002,-1.381678283214569E-001,-6.077464818954468E-001,-7.703996896743774E-001,-3.744402900338173E-002,-1.381678283214569E-001,-6.077464818954468E-001,-7.703996896743774E-001,
2.806766666666667E+009,-3.707819432020187E-002,-1.048065572977066E-001,-6.251533031463623E-001,-7.581333518028259E-001,-3.707819432020187E-002,-1.048065572977066E-001,-6.251533031463623E-001,-7.581333518028259E-001,
2.815133333333334E+009,-1.791381277143955E-002,-8.004823327064514E-002,-6.454059481620789E-001,-7.460104227066040E-001,-1.791381277143955E-002,-8.004823327064514E-002,-6.454059481620789E-001,-7.460104227066040E-001,
2.823500000000000E+009,1.429212745279074E-002,-7.010484486818314E-002,-6.691299080848694E-001,-7.274669408798218E-001,1.429212745279074E-002,-7.010484486818314E-002,-6.691299080848694E-001,-7.274669408798218E-001,
2.831866666666667E+009,4.659985750913620E-002,-7.805091142654419E-002,-6.918778419494629E-001,-7.066658735275269E-001,4.659985750913620E-002,-7.805091142654419E-002,-6.918778419494629E-001,-7.066658735275269E-001,
2.840233333333334E+009,6.982175260782242E-002,-1.033098101615906E-001,-7.124550342559815E-001,-6.763884425163269E-001,6.982175260782242E-002,-1.033098101615906E-001,-7.124550342559815E-001,-6.763884425163269E-001,
2.848600000000000E+009,7.528800517320633E-002,-1.372570991516113E-001,-7.221642732620239E-001,-6.549193263053894E-001,7.528800517320633E-002,-1.372570991516113E-001,-7.221642732620239E-001,-6.549193263053894E-001,
2.856966666666667E+009,5.949527397751808E-002,-1.694682091474533E-001,-7.337827086448669E-001,-6.370368003845215E-001,5.949527397751808E-002,-1.694682091474533E-001,-7.337827086448669E-001,-6.370368003845215E-001,
2.865333333333334E+009,3.186963498592377E-002,-1.895199567079544E-001,-7.505540847778320E-001,-6.262259483337402E-001,3.186963498592377E-002,-1.895199567079544E-001,-7.505540847778320E-001,-6.262259483337402E-001,
2.873700000000000E+009,-7.705569267272949E-003,-1.942386925220490E-001,-7.612951397895813E-001,-6.105065941810608E-001,-7.705569267272949E-003,-1.942386925220490E-001,-7.612951397895813E-001,-6.105065941810608E-001,
2.882066666666667E+009,-4.172860085964203E-002,-1.760815680027008E-001,-7.724315524101257E-001,-5.812261104583740E-001,-4.172860085964203E-002,-1.760815680027008E-001,-7.724315524101257E-001,-5.812261104583740E-001,
2.890433333333334E+009,-6.303118914365768E-002,-1.469218134880066E-001,-7.872462868690491E-001,-5.778047442436218E-001,-6.303118914365768E-002,-1.469218134880066E-001,-7.872462868690491E-001,-5.778047442436218E-001,
2.898800000000000E+009,-6.426270306110382E-002,-1.117181256413460E-001,-8.133411407470703E-001,-5.601447224617004E-001,-6.426270306110382E-002,-1.117181256413460E-001,-8.133411407470703E-001,-5.601447224617004E-001,
2.907166666666667E+009,-4.417492076754570E-002,-8.225461095571518E-002,-8.228312134742737E-001,-5.402131080627441E-001,-4.417492076754570E-002,-8.225461095571518E-002,-8.228312134742737E-001,-5.402131080627441E-001,
2.915533333333334E+009,-1.170052215456963E-002,-7.003727555274963E-002,-8.412779569625855E-001,-5.240042209625244E-001,-1.170052215456963E-002,-7.003727555274963E-002,-8.412779569625855E-001,-5.240042209625244E-001,
2.923900000000000E+009,2.494590170681477E-002,-7.908841967582703E-002,-8.598290681838989E-001,-4.879795014858246E-001,2.494590170681477E-002,-7.908841967582703E-002,-8.598290681838989E-001,-4.879795014858246E-001,
2.932266666666667E+009,4.963126778602600E-002,-1.064199283719063E-001,-8.680639863014221E-001,-4.618045389652252E-001,4.963126778602600E-002,-1.064199283719063E-001,-8.680639863014221E-001,-4.618045389652252E-001,
2.940633333333334E+009,5.627306550741196E-002,-1.429355144500732E-001,-8.869821429252625E-001,-4.325669407844544E-001,5.627306550741196E-002,-1.429355144500732E-001,-8.869821429252625E-001,-4.325669407844544E-001,
2.949000000000000E+009,4.314972460269928E-002,-1.785875409841538E-001,-8.857110142707825E-001,-4.090246260166168E-001,4.314972460269928E-002,-1.785875409841538E-001,-8.857110142707825E-001,-4.090246260166168E-001,
2.957366666666667E+009,1.024077180773020E-002,-2.022047191858292E-001,-8.918786644935608E-001,-3.875829279422760E-001,1.024077180773020E-002,-2.022047191858292E-001,-8.918786644935608E-001,-3.875829279422760E-001,
2.965733333333334E+009,-2.896474301815033E-002,-2.047685980796814E-001,-8.976803421974182E-001,-3.707531690597534E-001,-2.896474301815033E-002,-2.047685980796814E-001,-8.976803421974182E-001,-3.707531690597534E-001,
2.974100000000000E+009,-6.358511000871658E-002,-1.859044134616852E-001,-9.054566025733948E-001,-3.502595722675324E-001,-6.358511000871658E-002,-1.859044134616852E-001,-9.054566025733948E-001,-3.502595722675324E-001,
2.982466666666667E+009,-8.712068200111389E-002,-1.556914895772934E-001,-9.282674193382263E-001,-3.340380191802979E-001,-8.712068200111389E-002,-1.556914895772934E-001,-9.282674193382263E-001,-3.340380191802979E-001,
2.990833333333334E+009,-8.948248624801636E-002,-1.160718128085136E-001,-9.255613684654236E-001,-3.156414926052094E-001,-8.948248624801636E-002,-1.160718128085136E-001,-9.255613684654236E-001,-3.156414926052094E-001,
2.999200000000000E+009,-6.803274154663086E-002,-8.445386588573456E-002,-9.386960268020630E-001,-2.885611057281494E-001,-6.803274154663086E-002,-8.445386588573456E-002,-9.386960268020630E-001,-2.885611057281494E-001,
3.007566666666667E+009,-3.483702242374420E-002,-6.898818910121918E-002,-9.539771080017090E-001,-2.627205252647400E-001,-3.483702242374420E-002,-6.898818910121918E-002,-9.539771080017090E-001,-2.627205252647400E-001,
3.015933333333334E+009,2.045080997049809E-003,-7.793849706649780E-002,-9.593966007232666E-001,-2.375889420509338E-001,2.045080997049809E-003,-7.793849706649780E-002,-9.593966007232666E-001,-2.375889420509338E-001,
3.024300000000000E+009,2.837881259620190E-002,-1.116359904408455E-001,-9.641830325126648E-001,-2.012853026390076E-001,2.837881259620190E-002,-1.116359904408455E-001,-9.641830325126648E-001,-2.012853026390076E-001,
3.032666666666667E+009,3.485774621367455E-002,-1.504222899675369E-001,-9.622645974159241E-001,-1.772141307592392E-001,3.485774621367455E-002,-1.504222899675369E-001,-9.622645974159241E-001,-1.772141307592392E-001,
3.041033333333334E+009,1.938150264322758E-002,-1.900000274181366E-001,-9.636961221694946E-001,-1.501645743846893E-001,1.938150264322758E-002,-1.900000274181366E-001,-9.636961221694946E-001,-1.501645743846893E-001,
3.049400000000000E+009,-1.641807332634926E-002,-2.143687158823013E-001,-9.653620719909668E-001,-1.211708486080170E-001,-1.641807332634926E-002,-2.143687158823013E-001,-9.653620719909668E-001,-1.211708486080170E-001,
3.057766666666667E+009,-5.954043194651604E-002,-2.174190580844879E-001,-9.613821506500244E-001,-1.039417013525963E-001,-5.954043194651604E-002,-2.174190580844879E-001,-9.613821506500244E-001,-1.039417013525963E-001,
3.066133333333334E+009,-1.004941612482071E-001,-1.966853588819504E-001,-9.618908166885376E-001,-8.412142843008041E-002,-1.004941612482071E-001,-1.966853588819504E-001,-9.618908166885376E-001,-8.412142843008041E-002,
3.074500000000000E+009,-1.233324110507965E-001,-1.584617495536804E-001,-9.660819768905640E-001,-6.797786802053452E-002,-1.233324110507965E-001,-1.584617495536804E-001,-9.660819768905640E-001,-6.797786802053452E-002,
3.082866666666667E+009,-1.238320395350456E-001,-1.130792573094368E-001,-9.693071842193604E-001,-4.440000280737877E-002,-1.238320395350456E-001,-1.130792573094368E-001,-9.693071842193604E-001,-4.440000280737877E-002,
3.091233333333334E+009,-9.972309321165085E-002,-7.497283071279526E-002,-9.801026582717896E-001,-1.713563688099384E-002,-9.972309321165085E-002,-7.497283071279526E-002,-9.801026582717896E-001,-1.713563688099384E-002,
3.099600000000000E+009,-5.883427709341049E-002,-5.784772709012032E-002,-9.893421530723572E-001,8.857402950525284E-003,-5.883427709341049E-002,-5.784772709012032E-002,-9.893421530723572E-001,8.857402950525284E-003,
3.107966666666667E+009,-1.495995745062828E-002,-6.896053999662399E-002,-9.900358319282532E-001,4.577061161398888E-002,-1.495995745062828E-002,-6.896053999662399E-002,-9.900358319282532E-001,4.577061161398888E-002,
3.116333333333334E+009,1.693233661353588E-002,-1.049702838063240E-001,-9.891026616096497E-001,7.675278931856155E-002,1.693233661353588E-002,-1.049702838063240E-001,-9.891026616096497E-001,7.675278931856155E-002,
3.124700000000000E+009,2.346959523856640E-002,-1.540151685476303E-001,-9.694029688835144E-001,1.031159907579422E-001,2.346959523856640E-002,-1.540151685476303E-001,-9.694029688835144E-001,1.031159907579422E-001,
3.133066666666667E+009,3.158388193696737E-003,-2.015686333179474E-001,-9.675104618072510E-001,1.325369030237198E-001,3.158388193696737E-003,-2.015686333179474E-001,-9.675104618072510E-001,1.325369030237198E-001,
3.141433333333334E+009,-4.028790444135666E-002,-2.319823354482651E-001,-9.613624215126038E-001,1.571871191263199E-001,-4.028790444135666E-002,-2.319823354482651E-001,-9.613624215126038E-001,1.571871191263199E-001,
3.149800000000000E+009,-9.064630419015884E-002,-2.354586273431778E-001,-9.441490173339844E-001,1.757625937461853E-001,-9.064630419015884E-002,-2.354586273431778E-001,-9.441490173339844E-001,1.757625937461853E-001,
3.158166666666667E+009,-1.373629570007324E-001,-2.152876704931259E-001,-9.414051175117493E-001,1.911530047655106E-001,-1.373629570007324E-001,-2.152876704931259E-001,-9.414051175117493E-001,1.911530047655106E-001,
3.166533333333334E+009,-1.660093814134598E-001,-1.733863353729248E-001,-9.338017106056213E-001,2.043324410915375E-001,-1.660093814134598E-001,-1.733863353729248E-001,-9.338017106056213E-001,2.043324410915375E-001,
3.174900000000000E+009,-1.698725670576096E-001,-1.225935369729996E-001,-9.391094446182251E-001,2.250330597162247E-001,-1.698725670576096E-001,-1.225935369729996E-001,-9.391094446182251E-001,2.250330597162247E-001,
3.183266666666667E+009,-1.477094143629074E-001,-7.789754867553711E-002,-9.444535970687866E-001,2.452775090932846E-001,-1.477094143629074E-001,-7.789754867553711E-002,-9.444535970687866E-001,2.452775090932846E-001,
3.191633333333334E+009,-1.044032201170921E-001,-5.532015860080719E-002,-9.455996751785278E-001,2.746796607971191E-001,-1.044032201170921E-001,-5.532015860080719E-002,-9.455996751785278E-001,2.746796607971191E-001,
3.200000000000000E+009,-5.724320188164711E-002,-6.080801784992218E-002,-9.346643090248108E-001,3.022663593292236E-001,-5.724320188164711E-002,-6.080801784992218E-002,-9.346643090248108E-001,3.022663593292236E-001,
