% Version 1.00
%
%freq[Hz],re:Trc1_S11,im:Trc1_S11,re:Trc2_S21,im:Trc2_S21,re:Trc3_S11,im:Trc3_S11,re:Trc4_S21,im:Trc4_S21,
6.900000000000000E+008,-5.681102722883225E-002,1.718125119805336E-002,-4.989801049232483E-001,-8.499554395675659E-001,-5.681102722883225E-002,1.718125119805336E-002,-4.989801049232483E-001,-8.499554395675659E-001,
6.983666666666666E+008,-4.802298545837402E-002,1.781335286796093E-002,-5.234716534614563E-001,-8.399634957313538E-001,-4.802298545837402E-002,1.781335286796093E-002,-5.234716534614563E-001,-8.399634957313538E-001,
7.067333333333334E+008,-4.231204465031624E-002,1.249585207551718E-002,-5.667647719383240E-001,-7.785573601722717E-001,-4.231204465031624E-002,1.249585207551718E-002,-5.667647719383240E-001,-7.785573601722717E-001,
7.151000000000000E+008,-4.264683276414871E-002,5.348682869225740E-003,-5.867186188697815E-001,-7.915525436401367E-001,-4.264683276414871E-002,5.348682869225740E-003,-5.867186188697815E-001,-7.915525436401367E-001,
7.234666666666666E+008,-4.698466137051582E-002,3.546785446815193E-004,-6.008934378623962E-001,-7.772316932678223E-001,-4.698466137051582E-002,3.546785446815193E-004,-6.008934378623962E-001,-7.772316932678223E-001,
7.318333333333334E+008,-5.503382533788681E-002,-1.551588647998869E-003,-6.140926480293274E-001,-7.760062813758850E-001,-5.503382533788681E-002,-1.551588647998869E-003,-6.140926480293274E-001,-7.760062813758850E-001,
7.402000000000000E+008,-6.206195428967476E-002,-7.325254264287651E-004,-6.597337126731873E-001,-7.595468759536743E-001,-6.206195428967476E-002,-7.325254264287651E-004,-6.597337126731873E-001,-7.595468759536743E-001,
7.485666666666666E+008,-7.034063339233398E-002,5.962657742202282E-003,-6.571615934371948E-001,-7.565055489540100E-001,-7.034063339233398E-002,5.962657742202282E-003,-6.571615934371948E-001,-7.565055489540100E-001,
7.569333333333334E+008,-7.256056368350983E-002,1.429692097008228E-002,-6.629601120948792E-001,-7.348569035530090E-001,-7.256056368350983E-002,1.429692097008228E-002,-6.629601120948792E-001,-7.348569035530090E-001,
7.653000000000000E+008,-6.846271455287933E-002,2.252995595335960E-002,-6.793717145919800E-001,-7.164422273635864E-001,-6.846271455287933E-002,2.252995595335960E-002,-6.793717145919800E-001,-7.164422273635864E-001,
7.736666666666666E+008,-6.226275488734245E-002,2.877807989716530E-002,-7.152453064918518E-001,-6.902412772178650E-001,-6.226275488734245E-002,2.877807989716530E-002,-7.152453064918518E-001,-6.902412772178650E-001,
7.820333333333334E+008,-5.398532375693321E-002,3.222153335809708E-002,-7.268692255020142E-001,-6.754463911056519E-001,-5.398532375693321E-002,3.222153335809708E-002,-7.268692255020142E-001,-6.754463911056519E-001,
7.904000000000000E+008,-4.509053751826286E-002,3.137659281492233E-002,-7.308085560798645E-001,-6.559619307518005E-001,-4.509053751826286E-002,3.137659281492233E-002,-7.308085560798645E-001,-6.559619307518005E-001,
7.987666666666666E+008,-4.105678573250771E-002,2.620239369571209E-002,-7.665385007858276E-001,-6.355335116386414E-001,-4.105678573250771E-002,2.620239369571209E-002,-7.665385007858276E-001,-6.355335116386414E-001,
8.071333333333334E+008,-3.889711201190949E-002,2.188300527632237E-002,-7.716737985610962E-001,-6.230962276458740E-001,-3.889711201190949E-002,2.188300527632237E-002,-7.716737985610962E-001,-6.230962276458740E-001,
8.155000000000000E+008,-4.595611616969109E-002,1.600456982851028E-002,-7.940192222595215E-001,-6.004723906517029E-001,-4.595611616969109E-002,1.600456982851028E-002,-7.940192222595215E-001,-6.004723906517029E-001,
8.238666666666666E+008,-5.052642524242401E-002,1.331916172057390E-002,-7.946804761886597E-001,-5.702217221260071E-001,-5.052642524242401E-002,1.331916172057390E-002,-7.946804761886597E-001,-5.702217221260071E-001,
8.322333333333334E+008,-5.896570160984993E-002,1.420343946665525E-002,-8.174377083778381E-001,-5.531218647956848E-001,-5.896570160984993E-002,1.420343946665525E-002,-8.174377083778381E-001,-5.531218647956848E-001,
8.406000000000000E+008,-6.511727720499039E-002,1.979788579046726E-002,-8.277789950370789E-001,-5.406398773193359E-001,-6.511727720499039E-002,1.979788579046726E-002,-8.277789950370789E-001,-5.406398773193359E-001,
8.489666666666668E+008,-7.004091888666153E-002,2.712729759514332E-002,-8.366550207138062E-001,-5.243425369262695E-001,-7.004091888666153E-002,2.712729759514332E-002,-8.366550207138062E-001,-5.243425369262695E-001,
8.573333333333334E+008,-6.839339435100555E-002,3.537717461585999E-002,-8.538674712181091E-001,-4.830650091171265E-001,-6.839339435100555E-002,3.537717461585999E-002,-8.538674712181091E-001,-4.830650091171265E-001,
8.657000000000000E+008,-6.194577366113663E-002,4.431114345788956E-002,-8.701518774032593E-001,-4.628617167472839E-001,-6.194577366113663E-002,4.431114345788956E-002,-8.701518774032593E-001,-4.628617167472839E-001,
8.740666666666668E+008,-5.452351272106171E-002,4.728751257061958E-002,-8.714091777801514E-001,-4.533068537712097E-001,-5.452351272106171E-002,4.728751257061958E-002,-8.714091777801514E-001,-4.533068537712097E-001,
8.824333333333334E+008,-4.524953290820122E-002,4.752473533153534E-002,-8.864625692367554E-001,-4.376232922077179E-001,-4.524953290820122E-002,4.752473533153534E-002,-8.864625692367554E-001,-4.376232922077179E-001,
8.908000000000000E+008,-3.726024553179741E-002,4.393857344985008E-002,-8.883994817733765E-001,-4.063417613506317E-001,-3.726024553179741E-002,4.393857344985008E-002,-8.883994817733765E-001,-4.063417613506317E-001,
8.991666666666668E+008,-3.407629206776619E-002,3.777619823813438E-002,-9.025678038597107E-001,-3.785409331321716E-001,-3.407629206776619E-002,3.777619823813438E-002,-9.025678038597107E-001,-3.785409331321716E-001,
9.075333333333334E+008,-3.584500402212143E-002,3.269738703966141E-002,-9.354473352432251E-001,-3.593722879886627E-001,-3.584500402212143E-002,3.269738703966141E-002,-9.354473352432251E-001,-3.593722879886627E-001,
9.159000000000000E+008,-3.985023126006126E-002,3.129770234227181E-002,-9.384633302688599E-001,-3.321557044982910E-001,-3.985023126006126E-002,3.129770234227181E-002,-9.384633302688599E-001,-3.321557044982910E-001,
9.242666666666668E+008,-4.561288282275200E-002,2.981860749423504E-002,-9.426526427268982E-001,-3.152418136596680E-001,-4.561288282275200E-002,2.981860749423504E-002,-9.426526427268982E-001,-3.152418136596680E-001,
9.326333333333334E+008,-5.388601496815682E-002,3.185227140784264E-002,-9.638858437538147E-001,-2.913237214088440E-001,-5.388601496815682E-002,3.185227140784264E-002,-9.638858437538147E-001,-2.913237214088440E-001,
9.410000000000000E+008,-5.854470282793045E-002,3.757552802562714E-002,-9.555912017822266E-001,-2.590672373771668E-001,-5.854470282793045E-002,3.757552802562714E-002,-9.555912017822266E-001,-2.590672373771668E-001,
9.493666666666668E+008,-6.028701364994049E-002,4.533036053180695E-002,-9.544553160667419E-001,-2.396411299705505E-001,-6.028701364994049E-002,4.533036053180695E-002,-9.544553160667419E-001,-2.396411299705505E-001,
9.577333333333334E+008,-5.824805051088333E-002,5.474139750003815E-002,-9.698196053504944E-001,-2.175626307725906E-001,-5.824805051088333E-002,5.474139750003815E-002,-9.698196053504944E-001,-2.175626307725906E-001,
9.661000000000000E+008,-5.103154107928276E-002,6.338931620121002E-002,-9.687506556510925E-001,-1.920170038938522E-001,-5.103154107928276E-002,6.338931620121002E-002,-9.687506556510925E-001,-1.920170038938522E-001,
9.744666666666668E+008,-4.235987737774849E-002,6.407993286848068E-002,-9.771568179130554E-001,-1.690341234207153E-001,-4.235987737774849E-002,6.407993286848068E-002,-9.771568179130554E-001,-1.690341234207153E-001,
9.828333333333334E+008,-2.973516285419464E-002,6.261352449655533E-002,-9.786336421966553E-001,-1.488919854164124E-001,-2.973516285419464E-002,6.261352449655533E-002,-9.786336421966553E-001,-1.488919854164124E-001,
9.912000000000000E+008,-2.347379922866821E-002,5.734546482563019E-002,-9.774658083915710E-001,-1.220613792538643E-001,-2.347379922866821E-002,5.734546482563019E-002,-9.774658083915710E-001,-1.220613792538643E-001,
9.995666666666668E+008,-1.701587811112404E-002,5.018144100904465E-002,-9.942270517349243E-001,-8.203061670064926E-002,-1.701587811112404E-002,5.018144100904465E-002,-9.942270517349243E-001,-8.203061670064926E-002,
1.007933333333333E+009,-1.885530725121498E-002,4.238167777657509E-002,-9.944185018539429E-001,-7.088819146156311E-002,-1.885530725121498E-002,4.238167777657509E-002,-9.944185018539429E-001,-7.088819146156311E-002,
1.016300000000000E+009,-2.511974796652794E-002,3.846182301640511E-002,-9.950295686721802E-001,-4.181499406695366E-002,-2.511974796652794E-002,3.846182301640511E-002,-9.950295686721802E-001,-4.181499406695366E-002,
1.024666666666667E+009,-3.338159620761871E-002,3.427183255553246E-002,-9.951682686805725E-001,-9.600734338164330E-003,-3.338159620761871E-002,3.427183255553246E-002,-9.951682686805725E-001,-9.600734338164330E-003,
1.033033333333333E+009,-4.046809300780296E-002,3.887741267681122E-002,-9.934414625167847E-001,9.794643148779869E-003,-4.046809300780296E-002,3.887741267681122E-002,-9.934414625167847E-001,9.794643148779869E-003,
1.041400000000000E+009,-4.665733501315117E-002,4.665194451808929E-002,-9.786550402641296E-001,4.749486222863197E-002,-4.665733501315117E-002,4.665194451808929E-002,-9.786550402641296E-001,4.749486222863197E-002,
1.049766666666667E+009,-4.789549112319946E-002,5.657634884119034E-002,-9.920123219490051E-001,6.530939787626267E-002,-4.789549112319946E-002,5.657634884119034E-002,-9.920123219490051E-001,6.530939787626267E-002,
1.058133333333333E+009,-4.265278577804565E-002,6.476714462041855E-002,-9.864876270294190E-001,8.498902618885040E-002,-4.265278577804565E-002,6.476714462041855E-002,-9.864876270294190E-001,8.498902618885040E-002,
1.066500000000000E+009,-3.215693682432175E-002,7.119315862655640E-002,-9.953473806381226E-001,1.200062409043312E-001,-3.215693682432175E-002,7.119315862655640E-002,-9.953473806381226E-001,1.200062409043312E-001,
1.074866666666667E+009,-2.160331420600414E-002,6.969659030437470E-002,-9.763795137405396E-001,1.397341340780258E-001,-2.160331420600414E-002,6.969659030437470E-002,-9.763795137405396E-001,1.397341340780258E-001,
1.083233333333334E+009,-1.071425620466471E-002,6.016131862998009E-002,-9.735836982727051E-001,1.636988520622253E-001,-1.071425620466471E-002,6.016131862998009E-002,-9.735836982727051E-001,1.636988520622253E-001,
1.091600000000000E+009,-5.066507030278444E-003,5.145965889096260E-002,-9.662191271781921E-001,1.856159865856171E-001,-5.066507030278444E-003,5.145965889096260E-002,-9.662191271781921E-001,1.856159865856171E-001,
1.099966666666667E+009,-5.051445681601763E-003,4.022250324487686E-002,-9.694042205810547E-001,2.233304232358933E-001,-5.051445681601763E-003,4.022250324487686E-002,-9.694042205810547E-001,2.233304232358933E-001,
1.108333333333334E+009,-1.443221792578697E-002,3.124400973320007E-002,-9.471212625503540E-001,2.271144539117813E-001,-1.443221792578697E-002,3.124400973320007E-002,-9.471212625503540E-001,2.271144539117813E-001,
1.116700000000000E+009,-2.574568986892700E-002,3.282020241022110E-002,-9.471461772918701E-001,2.753257751464844E-001,-2.574568986892700E-002,3.282020241022110E-002,-9.471461772918701E-001,2.753257751464844E-001,
1.125066666666667E+009,-3.971503302454948E-002,3.564615547657013E-002,-9.505089521408081E-001,2.852953672409058E-001,-3.971503302454948E-002,3.564615547657013E-002,-9.505089521408081E-001,2.852953672409058E-001,
1.133433333333334E+009,-4.826229810714722E-002,4.983667656779289E-002,-9.483757019042969E-001,3.086184859275818E-001,-4.826229810714722E-002,4.983667656779289E-002,-9.483757019042969E-001,3.086184859275818E-001,
1.141800000000000E+009,-4.892487823963165E-002,6.317943334579468E-002,-9.208316802978516E-001,3.277520835399628E-001,-4.892487823963165E-002,6.317943334579468E-002,-9.208316802978516E-001,3.277520835399628E-001,
1.150166666666667E+009,-4.243204370141029E-002,8.045161515474320E-002,-9.060789942741394E-001,3.593267202377319E-001,-4.243204370141029E-002,8.045161515474320E-002,-9.060789942741394E-001,3.593267202377319E-001,
1.158533333333334E+009,-2.787089720368385E-002,8.852879703044891E-002,-9.060402512550354E-001,3.823621273040772E-001,-2.787089720368385E-002,8.852879703044891E-002,-9.060402512550354E-001,3.823621273040772E-001,
1.166900000000000E+009,-9.048960171639919E-003,8.907312899827957E-002,-8.981716036796570E-001,4.147211313247681E-001,-9.048960171639919E-003,8.907312899827957E-002,-8.981716036796570E-001,4.147211313247681E-001,
1.175266666666667E+009,7.152322679758072E-003,7.793824374675751E-002,-8.878789544105530E-001,4.206649065017700E-001,7.152322679758072E-003,7.793824374675751E-002,-8.878789544105530E-001,4.206649065017700E-001,
1.183633333333334E+009,1.814248412847519E-002,6.329906731843948E-002,-8.784735202789307E-001,4.599050879478455E-001,1.814248412847519E-002,6.329906731843948E-002,-8.784735202789307E-001,4.599050879478455E-001,
1.192000000000000E+009,1.865829154849052E-002,4.393243789672852E-002,-8.683834075927734E-001,4.681337177753449E-001,1.865829154849052E-002,4.393243789672852E-002,-8.683834075927734E-001,4.681337177753449E-001,
1.200366666666667E+009,8.167359046638012E-003,3.007855452597141E-002,-8.591582179069519E-001,4.975971579551697E-001,8.167359046638012E-003,3.007855452597141E-002,-8.591582179069519E-001,4.975971579551697E-001,
1.208733333333334E+009,-7.779756560921669E-003,2.202481590211391E-002,-8.525720834732056E-001,5.153173804283142E-001,-7.779756560921669E-003,2.202481590211391E-002,-8.525720834732056E-001,5.153173804283142E-001,
1.217100000000000E+009,-2.487785182893276E-002,2.839672006666660E-002,-8.327877521514893E-001,5.361748933792114E-001,-2.487785182893276E-002,2.839672006666660E-002,-8.327877521514893E-001,5.361748933792114E-001,
1.225466666666667E+009,-3.468712791800499E-002,4.026710987091065E-002,-8.101004958152771E-001,5.625765919685364E-001,-3.468712791800499E-002,4.026710987091065E-002,-8.101004958152771E-001,5.625765919685364E-001,
1.233833333333334E+009,-4.085525497794151E-002,5.778975784778595E-002,-7.913503050804138E-001,5.796760916709900E-001,-4.085525497794151E-002,5.778975784778595E-002,-7.913503050804138E-001,5.796760916709900E-001,
1.242200000000000E+009,-3.677420318126679E-002,7.589782774448395E-002,-7.776564359664917E-001,5.905879735946655E-001,-3.677420318126679E-002,7.589782774448395E-002,-7.776564359664917E-001,5.905879735946655E-001,
1.250566666666667E+009,-2.108555100858212E-002,8.716021478176117E-002,-7.496013641357422E-001,6.184853315353394E-001,-2.108555100858212E-002,8.716021478176117E-002,-7.496013641357422E-001,6.184853315353394E-001,
1.258933333333334E+009,-1.659207162447274E-003,8.873140066862106E-002,-7.612993717193604E-001,6.383705139160156E-001,-1.659207162447274E-003,8.873140066862106E-002,-7.612993717193604E-001,6.383705139160156E-001,
1.267300000000000E+009,1.646816171705723E-002,7.844402641057968E-002,-7.428570389747620E-001,6.512621641159058E-001,1.646816171705723E-002,7.844402641057968E-002,-7.428570389747620E-001,6.512621641159058E-001,
1.275666666666667E+009,2.615014836192131E-002,6.006918847560883E-002,-7.107838392257690E-001,6.747144460678101E-001,2.615014836192131E-002,6.006918847560883E-002,-7.107838392257690E-001,6.747144460678101E-001,
1.284033333333334E+009,2.592047862708569E-002,3.918235376477242E-002,-7.030678987503052E-001,6.983939409255981E-001,2.592047862708569E-002,3.918235376477242E-002,-7.030678987503052E-001,6.983939409255981E-001,
1.292400000000000E+009,1.482103299349546E-002,2.257714420557022E-002,-6.882821321487427E-001,7.155659198760986E-001,1.482103299349546E-002,2.257714420557022E-002,-6.882821321487427E-001,7.155659198760986E-001,
1.300766666666667E+009,-3.925079014152288E-003,1.521531585603952E-002,-6.645471453666687E-001,7.314102053642273E-001,-3.925079014152288E-003,1.521531585603952E-002,-6.645471453666687E-001,7.314102053642273E-001,
1.309133333333334E+009,-2.354991063475609E-002,1.957025192677975E-002,-6.508513689041138E-001,7.500366568565369E-001,-2.354991063475609E-002,1.957025192677975E-002,-6.508513689041138E-001,7.500366568565369E-001,
1.317500000000000E+009,-3.663947433233261E-002,3.473221883177757E-002,-6.256716251373291E-001,7.646152377128601E-001,-3.663947433233261E-002,3.473221883177757E-002,-6.256716251373291E-001,7.646152377128601E-001,
1.325866666666667E+009,-4.025299102067947E-002,5.524429306387901E-002,-6.083783507347107E-001,7.744402289390564E-001,-4.025299102067947E-002,5.524429306387901E-002,-6.083783507347107E-001,7.744402289390564E-001,
1.334233333333334E+009,-3.245855495333672E-002,7.398321479558945E-002,-5.806931257247925E-001,7.942815423011780E-001,-3.245855495333672E-002,7.398321479558945E-002,-5.806931257247925E-001,7.942815423011780E-001,
1.342600000000000E+009,-1.745985075831413E-002,8.386512100696564E-002,-5.623649954795837E-001,8.096877336502075E-001,-1.745985075831413E-002,8.386512100696564E-002,-5.623649954795837E-001,8.096877336502075E-001,
1.350966666666667E+009,1.953596947714686E-003,8.373445272445679E-002,-5.325539112091065E-001,8.356132507324219E-001,1.953596947714686E-003,8.373445272445679E-002,-5.325539112091065E-001,8.356132507324219E-001,
1.359333333333334E+009,1.689996570348740E-002,7.335872948169708E-002,-5.238383412361145E-001,8.363815546035767E-001,1.689996570348740E-002,7.335872948169708E-002,-5.238383412361145E-001,8.363815546035767E-001,
1.367700000000000E+009,2.109293639659882E-002,5.222455784678459E-002,-5.059024095535278E-001,8.467554450035095E-001,2.109293639659882E-002,5.222455784678459E-002,-5.059024095535278E-001,8.467554450035095E-001,
1.376066666666667E+009,1.693386584520340E-002,3.425572067499161E-002,-4.879912734031677E-001,8.653235435485840E-001,1.693386584520340E-002,3.425572067499161E-002,-4.879912734031677E-001,8.653235435485840E-001,
1.384433333333334E+009,5.878165829926729E-004,1.852911151945591E-002,-4.642466008663178E-001,8.897978663444519E-001,5.878165829926729E-004,1.852911151945591E-002,-4.642466008663178E-001,8.897978663444519E-001,
1.392800000000000E+009,-2.032562345266342E-002,1.699307933449745E-002,-4.447675347328186E-001,8.835024237632752E-001,-2.032562345266342E-002,1.699307933449745E-002,-4.447675347328186E-001,8.835024237632752E-001,
1.401166666666667E+009,-3.971251472830772E-002,2.861589379608631E-002,-4.212300777435303E-001,9.026160836219788E-001,-3.971251472830772E-002,2.861589379608631E-002,-4.212300777435303E-001,9.026160836219788E-001,
1.409533333333334E+009,-5.098696798086166E-002,4.585667327046394E-002,-3.862894475460053E-001,9.110618233680725E-001,-5.098696798086166E-002,4.585667327046394E-002,-3.862894475460053E-001,9.110618233680725E-001,
1.417900000000000E+009,-5.067331343889237E-002,7.152836769819260E-002,-3.741756081581116E-001,9.038624763488770E-001,-5.067331343889237E-002,7.152836769819260E-002,-3.741756081581116E-001,9.038624763488770E-001,
1.426266666666667E+009,-3.664389997720718E-002,9.070932865142822E-002,-3.405209481716156E-001,9.301195740699768E-001,-3.664389997720718E-002,9.070932865142822E-002,-3.405209481716156E-001,9.301195740699768E-001,
1.434633333333334E+009,-1.715209707617760E-002,1.018521040678024E-001,-3.098367452621460E-001,9.351699948310852E-001,-1.715209707617760E-002,1.018521040678024E-001,-3.098367452621460E-001,9.351699948310852E-001,
1.443000000000000E+009,5.133043043315411E-003,1.014570295810700E-001,-2.965544462203980E-001,9.387013912200928E-001,5.133043043315411E-003,1.014570295810700E-001,-2.965544462203980E-001,9.387013912200928E-001,
1.451366666666667E+009,2.131373994052410E-002,8.916243910789490E-002,-2.693045735359192E-001,9.426106214523315E-001,2.131373994052410E-002,8.916243910789490E-002,-2.693045735359192E-001,9.426106214523315E-001,
1.459733333333334E+009,3.023250959813595E-002,6.843692064285278E-002,-2.502129077911377E-001,9.523330330848694E-001,3.023250959813595E-002,6.843692064285278E-002,-2.502129077911377E-001,9.523330330848694E-001,
1.468100000000000E+009,2.151782438158989E-002,4.947139322757721E-002,-2.284840047359467E-001,9.632934331893921E-001,2.151782438158989E-002,4.947139322757721E-002,-2.284840047359467E-001,9.632934331893921E-001,
1.476466666666667E+009,5.206646863371134E-003,3.890382125973702E-002,-2.029748708009720E-001,9.730911850929260E-001,5.206646863371134E-003,3.890382125973702E-002,-2.029748708009720E-001,9.730911850929260E-001,
1.484833333333334E+009,-1.487736403942108E-002,3.657092899084091E-002,-1.730225682258606E-001,9.798691272735596E-001,-1.487736403942108E-002,3.657092899084091E-002,-1.730225682258606E-001,9.798691272735596E-001,
1.493200000000000E+009,-3.245184570550919E-002,4.781229048967362E-002,-1.433461159467697E-001,9.840090274810791E-001,-3.245184570550919E-002,4.781229048967362E-002,-1.433461159467697E-001,9.840090274810791E-001,
1.501566666666667E+009,-4.103827476501465E-002,6.696582585573196E-002,-1.253509372472763E-001,9.796597361564636E-001,-4.103827476501465E-002,6.696582585573196E-002,-1.253509372472763E-001,9.796597361564636E-001,
1.509933333333334E+009,-3.796674311161041E-002,9.027653187513351E-002,-9.843655675649643E-002,9.781973958015442E-001,-3.796674311161041E-002,9.027653187513351E-002,-9.843655675649643E-002,9.781973958015442E-001,
1.518300000000000E+009,-2.120457589626312E-002,1.078164651989937E-001,-7.273844629526138E-002,9.828751087188721E-001,-2.120457589626312E-002,1.078164651989937E-001,-7.273844629526138E-002,9.828751087188721E-001,
1.526666666666667E+009,-4.253641527611762E-004,1.143884733319283E-001,-5.224093794822693E-002,9.832705259323120E-001,-4.253641527611762E-004,1.143884733319283E-001,-5.224093794822693E-002,9.832705259323120E-001,
1.535033333333334E+009,2.173509262502194E-002,1.117725595831871E-001,-2.932627871632576E-002,9.828647375106812E-001,2.173509262502194E-002,1.117725595831871E-001,-2.932627871632576E-002,9.828647375106812E-001,
1.543400000000000E+009,3.830802068114281E-002,9.996415674686432E-002,-6.988595032453304E-006,9.827044010162354E-001,3.830802068114281E-002,9.996415674686432E-002,-6.988595032453304E-006,9.827044010162354E-001,
1.551766666666667E+009,4.304279759526253E-002,8.048160374164581E-002,2.238077111542225E-002,9.877326488494873E-001,4.304279759526253E-002,8.048160374164581E-002,2.238077111542225E-002,9.877326488494873E-001,
1.560133333333334E+009,3.775463625788689E-002,6.114361807703972E-002,5.256902799010277E-002,9.965072870254517E-001,3.775463625788689E-002,6.114361807703972E-002,5.256902799010277E-002,9.965072870254517E-001,
1.568500000000000E+009,2.198848500847817E-002,5.084741860628128E-002,7.090249657630920E-002,9.734417796134949E-001,2.198848500847817E-002,5.084741860628128E-002,7.090249657630920E-002,9.734417796134949E-001,
1.576866666666667E+009,3.898910712450743E-003,5.019493028521538E-002,9.649161249399185E-002,9.882764220237732E-001,3.898910712450743E-003,5.019493028521538E-002,9.649161249399185E-002,9.882764220237732E-001,
1.585233333333334E+009,-1.236604340374470E-002,6.167378276586533E-002,1.254960149526596E-001,9.752284288406372E-001,-1.236604340374470E-002,6.167378276586533E-002,1.254960149526596E-001,9.752284288406372E-001,
1.593600000000000E+009,-1.800472661852837E-002,7.790690660476685E-002,1.493833810091019E-001,9.794735908508301E-001,-1.800472661852837E-002,7.790690660476685E-002,1.493833810091019E-001,9.794735908508301E-001,
1.601966666666667E+009,-1.408419664949179E-002,9.820391982793808E-002,1.726536601781845E-001,9.870447516441345E-001,-1.408419664949179E-002,9.820391982793808E-002,1.726536601781845E-001,9.870447516441345E-001,
1.610333333333334E+009,6.867550546303392E-004,1.118803545832634E-001,1.991791874170303E-001,9.702149629592896E-001,6.867550546303392E-004,1.118803545832634E-001,1.991791874170303E-001,9.702149629592896E-001,
1.618700000000000E+009,1.993901655077934E-002,1.158075779676437E-001,2.207041233778000E-001,9.539591670036316E-001,1.993901655077934E-002,1.158075779676437E-001,2.207041233778000E-001,9.539591670036316E-001,
1.627066666666667E+009,3.877918049693108E-002,1.124092712998390E-001,2.449016422033310E-001,9.492592215538025E-001,3.877918049693108E-002,1.124092712998390E-001,2.449016422033310E-001,9.492592215538025E-001,
1.635433333333334E+009,5.040980130434036E-002,9.962778538465500E-002,2.606186866760254E-001,9.407243728637695E-001,5.040980130434036E-002,9.962778538465500E-002,2.606186866760254E-001,9.407243728637695E-001,
1.643800000000000E+009,5.386769399046898E-002,8.314622938632965E-002,2.910915315151215E-001,9.476115107536316E-001,5.386769399046898E-002,8.314622938632965E-002,2.910915315151215E-001,9.476115107536316E-001,
1.652166666666667E+009,4.840343073010445E-002,7.070340216159821E-002,3.183087110519409E-001,9.371104240417481E-001,4.840343073010445E-002,7.070340216159821E-002,3.183087110519409E-001,9.371104240417481E-001,
1.660533333333334E+009,3.427976369857788E-002,6.193560734391213E-002,3.328626155853272E-001,9.261001944541931E-001,3.427976369857788E-002,6.193560734391213E-002,3.328626155853272E-001,9.261001944541931E-001,
1.668900000000000E+009,2.036044746637344E-002,6.593554466962814E-002,3.665741682052612E-001,9.184814691543579E-001,2.036044746637344E-002,6.593554466962814E-002,3.665741682052612E-001,9.184814691543579E-001,
1.677266666666667E+009,9.123052470386028E-003,7.464703172445297E-002,3.979694247245789E-001,8.971793055534363E-001,9.123052470386028E-003,7.464703172445297E-002,3.979694247245789E-001,8.971793055534363E-001,
1.685633333333334E+009,6.757013965398073E-003,9.249177575111389E-002,4.178136587142944E-001,8.966912627220154E-001,6.757013965398073E-003,9.249177575111389E-002,4.178136587142944E-001,8.966912627220154E-001,
1.694000000000000E+009,1.307544857263565E-002,1.070310920476914E-001,4.376404583454132E-001,8.816921114921570E-001,1.307544857263565E-002,1.070310920476914E-001,4.376404583454132E-001,8.816921114921570E-001,
1.702366666666667E+009,2.724795602262020E-002,1.181271448731422E-001,4.549897909164429E-001,8.721428513526917E-001,2.724795602262020E-002,1.181271448731422E-001,4.549897909164429E-001,8.721428513526917E-001,
1.710733333333334E+009,4.782959818840027E-002,1.216319948434830E-001,4.840199053287506E-001,8.519852757453919E-001,4.782959818840027E-002,1.216319948434830E-001,4.840199053287506E-001,8.519852757453919E-001,
1.719100000000000E+009,6.564949452877045E-002,1.143434494733810E-001,4.985913634300232E-001,8.452965021133423E-001,6.564949452877045E-002,1.143434494733810E-001,4.985913634300232E-001,8.452965021133423E-001,
1.727466666666667E+009,7.739175111055374E-002,1.035959199070931E-001,5.243825316429138E-001,8.327078223228455E-001,7.739175111055374E-002,1.035959199070931E-001,5.243825316429138E-001,8.327078223228455E-001,
1.735833333333334E+009,8.446371555328369E-002,8.536855876445770E-002,5.436248183250427E-001,8.146765232086182E-001,8.446371555328369E-002,8.536855876445770E-002,5.436248183250427E-001,8.146765232086182E-001,
1.744200000000000E+009,7.922153919935226E-002,7.034081965684891E-002,5.669404864311218E-001,8.018927574157715E-001,7.922153919935226E-002,7.034081965684891E-002,5.669404864311218E-001,8.018927574157715E-001,
1.752566666666667E+009,6.875906139612198E-002,6.038916483521462E-002,5.868866443634033E-001,7.980873584747315E-001,6.875906139612198E-002,6.038916483521462E-002,5.868866443634033E-001,7.980873584747315E-001,
1.760933333333334E+009,5.648167431354523E-002,5.793333053588867E-002,6.016482114791870E-001,7.792434096336365E-001,5.648167431354523E-002,5.793333053588867E-002,6.016482114791870E-001,7.792434096336365E-001,
1.769300000000000E+009,4.346206039190292E-002,6.272154301404953E-002,6.261749863624573E-001,7.564130425453186E-001,4.346206039190292E-002,6.272154301404953E-002,6.261749863624573E-001,7.564130425453186E-001,
1.777666666666667E+009,3.577467799186707E-002,7.423373311758041E-002,6.495268940925598E-001,7.411032319068909E-001,3.577467799186707E-002,7.423373311758041E-002,6.495268940925598E-001,7.411032319068909E-001,
1.786033333333334E+009,3.553740680217743E-002,8.748953044414520E-002,6.629988551139832E-001,7.300230860710144E-001,3.553740680217743E-002,8.748953044414520E-002,6.629988551139832E-001,7.300230860710144E-001,
1.794400000000000E+009,4.092320054769516E-002,9.825126826763153E-002,6.837574243545532E-001,7.097557783126831E-001,4.092320054769516E-002,9.825126826763153E-002,6.837574243545532E-001,7.097557783126831E-001,
1.802766666666667E+009,5.433535575866699E-002,1.061885282397270E-001,7.019445896148682E-001,6.933710575103760E-001,5.433535575866699E-002,1.061885282397270E-001,7.019445896148682E-001,6.933710575103760E-001,
1.811133333333334E+009,6.801075488328934E-002,1.067154929041863E-001,7.191678881645203E-001,6.664001345634460E-001,6.801075488328934E-002,1.067154929041863E-001,7.191678881645203E-001,6.664001345634460E-001,
1.819500000000000E+009,8.022191375494003E-002,1.024969890713692E-001,7.315492630004883E-001,6.569765210151672E-001,8.022191375494003E-002,1.024969890713692E-001,7.315492630004883E-001,6.569765210151672E-001,
1.827866666666667E+009,9.063633531332016E-002,9.326921403408051E-002,7.460899949073792E-001,6.316075921058655E-001,9.063633531332016E-002,9.326921403408051E-002,7.460899949073792E-001,6.316075921058655E-001,
1.836233333333334E+009,9.359317272901535E-002,8.217941224575043E-002,7.669371366500855E-001,6.175674796104431E-001,9.359317272901535E-002,8.217941224575043E-002,7.669371366500855E-001,6.175674796104431E-001,
1.844600000000000E+009,8.952098339796066E-002,7.569660991430283E-002,7.828556895256043E-001,6.064494252204895E-001,8.952098339796066E-002,7.569660991430283E-002,7.828556895256043E-001,6.064494252204895E-001,
1.852966666666667E+009,8.322675526142120E-002,7.105275988578796E-002,7.995771765708923E-001,5.744457244873047E-001,8.322675526142120E-002,7.105275988578796E-002,7.995771765708923E-001,5.744457244873047E-001,
1.861333333333334E+009,7.874099165201187E-002,6.860529631376267E-002,8.171256184577942E-001,5.622309446334839E-001,7.874099165201187E-002,6.860529631376267E-002,8.171256184577942E-001,5.622309446334839E-001,
1.869700000000000E+009,7.415446639060974E-002,7.387288659811020E-002,8.224514126777649E-001,5.345621705055237E-001,7.415446639060974E-002,7.387288659811020E-002,8.224514126777649E-001,5.345621705055237E-001,
1.878066666666667E+009,7.311072200536728E-002,8.032964169979096E-002,8.420903682708740E-001,5.152997970581055E-001,7.311072200536728E-002,8.032964169979096E-002,8.420903682708740E-001,5.152997970581055E-001,
1.886433333333334E+009,7.922228425741196E-002,8.990219980478287E-002,8.488331437110901E-001,4.811672568321228E-001,7.922228425741196E-002,8.990219980478287E-002,8.488331437110901E-001,4.811672568321228E-001,
1.894800000000000E+009,8.727404475212097E-002,9.517686814069748E-002,8.624096512794495E-001,4.713587164878845E-001,8.727404475212097E-002,9.517686814069748E-002,8.624096512794495E-001,4.713587164878845E-001,
1.903166666666667E+009,9.849820286035538E-002,9.507401287555695E-002,8.767682313919067E-001,4.496836960315704E-001,9.849820286035538E-002,9.507401287555695E-002,8.767682313919067E-001,4.496836960315704E-001,
1.911533333333334E+009,1.124391704797745E-001,9.165814518928528E-002,8.829178810119629E-001,4.130704402923584E-001,1.124391704797745E-001,9.165814518928528E-002,8.829178810119629E-001,4.130704402923584E-001,
1.919900000000000E+009,1.233875304460526E-001,8.224288374185562E-002,9.039621949195862E-001,3.958294987678528E-001,1.233875304460526E-001,8.224288374185562E-002,9.039621949195862E-001,3.958294987678528E-001,
1.928266666666667E+009,1.282553225755692E-001,7.125040888786316E-002,9.074871540069580E-001,3.808845281600952E-001,1.282553225755692E-001,7.125040888786316E-002,9.074871540069580E-001,3.808845281600952E-001,
1.936633333333334E+009,1.289947330951691E-001,5.779411271214485E-002,9.134392142295837E-001,3.562989830970764E-001,1.289947330951691E-001,5.779411271214485E-002,9.134392142295837E-001,3.562989830970764E-001,
1.945000000000000E+009,1.227280050516129E-001,4.684690758585930E-002,9.237498641014099E-001,3.303453624248505E-001,1.227280050516129E-001,4.684690758585930E-002,9.237498641014099E-001,3.303453624248505E-001,
1.953366666666667E+009,1.139323487877846E-001,4.392561689019203E-002,9.361804127693176E-001,3.159514069557190E-001,1.139323487877846E-001,4.392561689019203E-002,9.361804127693176E-001,3.159514069557190E-001,
1.961733333333334E+009,1.035878211259842E-001,4.505586996674538E-002,9.373239278793335E-001,2.933783233165741E-001,1.035878211259842E-001,4.505586996674538E-002,9.373239278793335E-001,2.933783233165741E-001,
1.970100000000000E+009,9.675779193639755E-002,5.238422006368637E-002,9.540347456932068E-001,2.626850903034210E-001,9.675779193639755E-002,5.238422006368637E-002,9.540347456932068E-001,2.626850903034210E-001,
1.978466666666667E+009,9.748177975416184E-002,6.298897415399551E-002,9.513647556304932E-001,2.344336509704590E-001,9.748177975416184E-002,6.298897415399551E-002,9.513647556304932E-001,2.344336509704590E-001,
1.986833333333334E+009,1.037891358137131E-001,7.354812324047089E-002,9.647465348243713E-001,2.222075015306473E-001,1.037891358137131E-001,7.354812324047089E-002,9.647465348243713E-001,2.222075015306473E-001,
1.995200000000000E+009,1.169698536396027E-001,7.891677320003510E-002,9.537633657455444E-001,1.901652216911316E-001,1.169698536396027E-001,7.891677320003510E-002,9.537633657455444E-001,1.901652216911316E-001,
2.003566666666667E+009,1.339078396558762E-001,7.862886786460877E-002,9.656389355659485E-001,1.592829376459122E-001,1.339078396558762E-001,7.862886786460877E-002,9.656389355659485E-001,1.592829376459122E-001,
2.011933333333334E+009,1.493043005466461E-001,7.016219198703766E-002,9.684189558029175E-001,1.354624629020691E-001,1.493043005466461E-001,7.016219198703766E-002,9.684189558029175E-001,1.354624629020691E-001,
2.020300000000000E+009,1.595666110515595E-001,5.498905107378960E-002,9.671087265014648E-001,1.218033358454704E-001,1.595666110515595E-001,5.498905107378960E-002,9.671087265014648E-001,1.218033358454704E-001,
2.028666666666667E+009,1.632934957742691E-001,3.411033377051354E-002,9.772636294364929E-001,8.623789250850678E-002,1.632934957742691E-001,3.411033377051354E-002,9.772636294364929E-001,8.623789250850678E-002,
2.037033333333334E+009,1.573008894920349E-001,1.947524771094322E-002,9.783559441566467E-001,7.155471295118332E-002,1.573008894920349E-001,1.947524771094322E-002,9.783559441566467E-001,7.155471295118332E-002,
2.045400000000000E+009,1.462251543998718E-001,1.067901588976383E-002,9.830422401428223E-001,4.570124670863152E-002,1.462251543998718E-001,1.067901588976383E-002,9.830422401428223E-001,4.570124670863152E-002,
2.053766666666667E+009,1.332509815692902E-001,4.927930887788534E-003,9.811123609542847E-001,1.855005137622356E-002,1.332509815692902E-001,4.927930887788534E-003,9.811123609542847E-001,1.855005137622356E-002,
2.062133333333334E+009,1.211317703127861E-001,1.088213548064232E-002,9.864565730094910E-001,-1.059957500547171E-002,1.211317703127861E-001,1.088213548064232E-002,9.864565730094910E-001,-1.059957500547171E-002,
2.070500000000000E+009,1.151169985532761E-001,2.520409598946571E-002,9.821672439575195E-001,-3.645676001906395E-002,1.151169985532761E-001,2.520409598946571E-002,9.821672439575195E-001,-3.645676001906395E-002,
2.078866666666667E+009,1.211803779006004E-001,3.757964819669724E-002,9.782830476760864E-001,-6.328349560499191E-002,1.211803779006004E-001,3.757964819669724E-002,9.782830476760864E-001,-6.328349560499191E-002,
2.087233333333334E+009,1.362963020801544E-001,4.649042338132858E-002,9.835109710693359E-001,-9.308149665594101E-002,1.362963020801544E-001,4.649042338132858E-002,9.835109710693359E-001,-9.308149665594101E-002,
2.095600000000000E+009,1.532077938318253E-001,4.555419087409973E-002,9.742235541343689E-001,-1.146963983774185E-001,1.532077938318253E-001,4.555419087409973E-002,9.742235541343689E-001,-1.146963983774185E-001,
2.103966666666667E+009,1.723358184099197E-001,3.399686515331268E-002,9.614647626876831E-001,-1.405298411846161E-001,1.723358184099197E-001,3.399686515331268E-002,9.614647626876831E-001,-1.405298411846161E-001,
2.112333333333334E+009,1.833187639713287E-001,1.159635093063116E-002,9.603703618049622E-001,-1.608675420284271E-001,1.833187639713287E-001,1.159635093063116E-002,9.603703618049622E-001,-1.608675420284271E-001,
2.120700000000000E+009,1.842890083789825E-001,-1.307070627808571E-002,9.538464546203613E-001,-1.903310865163803E-001,1.842890083789825E-001,-1.307070627808571E-002,9.538464546203613E-001,-1.903310865163803E-001,
2.129066666666667E+009,1.765520572662354E-001,-3.331241011619568E-002,9.355689287185669E-001,-2.086122334003449E-001,1.765520572662354E-001,-3.331241011619568E-002,9.355689287185669E-001,-2.086122334003449E-001,
2.137433333333334E+009,1.563397645950317E-001,-4.541865736246109E-002,9.521977901458740E-001,-2.370879501104355E-001,1.563397645950317E-001,-4.541865736246109E-002,9.521977901458740E-001,-2.370879501104355E-001,
2.145800000000000E+009,1.351256221532822E-001,-4.888004437088966E-002,9.438400268554688E-001,-2.517538666725159E-001,1.351256221532822E-001,-4.888004437088966E-002,9.438400268554688E-001,-2.517538666725159E-001,
2.154166666666667E+009,1.154330223798752E-001,-3.703689202666283E-002,9.416463971138001E-001,-2.812694907188416E-001,1.154330223798752E-001,-3.703689202666283E-002,9.416463971138001E-001,-2.812694907188416E-001,
2.162533333333334E+009,1.070944741368294E-001,-1.912181638181210E-002,9.313863515853882E-001,-3.073941469192505E-001,1.070944741368294E-001,-1.912181638181210E-002,9.313863515853882E-001,-3.073941469192505E-001,
2.170900000000000E+009,1.137437298893929E-001,1.374359941110015E-003,9.226549863815308E-001,-3.405012786388397E-001,1.137437298893929E-001,1.374359941110015E-003,9.226549863815308E-001,-3.405012786388397E-001,
2.179266666666667E+009,1.300281435251236E-001,1.510239392518997E-002,9.150137305259705E-001,-3.598106205463409E-001,1.300281435251236E-001,1.510239392518997E-002,9.150137305259705E-001,-3.598106205463409E-001,
2.187633333333334E+009,1.533476412296295E-001,1.606662198901177E-002,9.020937681198120E-001,-3.789471685886383E-001,1.533476412296295E-001,1.606662198901177E-002,9.020937681198120E-001,-3.789471685886383E-001,
2.196000000000000E+009,1.734331846237183E-001,1.401499728672206E-003,8.906425833702087E-001,-3.993541002273560E-001,1.734331846237183E-001,1.401499728672206E-003,8.906425833702087E-001,-3.993541002273560E-001,
2.204366666666667E+009,1.878894567489624E-001,-2.070495858788490E-002,8.908169865608215E-001,-4.190416634082794E-001,1.878894567489624E-001,-2.070495858788490E-002,8.908169865608215E-001,-4.190416634082794E-001,
2.212733333333334E+009,1.887529790401459E-001,-4.958594962954521E-002,8.690847158432007E-001,-4.334835410118103E-001,1.887529790401459E-001,-4.958594962954521E-002,8.690847158432007E-001,-4.334835410118103E-001,
2.221100000000000E+009,1.745876520872116E-001,-7.319966703653336E-002,8.603934645652771E-001,-4.615995287895203E-001,1.745876520872116E-001,-7.319966703653336E-002,8.603934645652771E-001,-4.615995287895203E-001,
2.229466666666667E+009,1.528891921043396E-001,-8.834083378314972E-002,8.554518222808838E-001,-4.783904850482941E-001,1.528891921043396E-001,-8.834083378314972E-002,8.554518222808838E-001,-4.783904850482941E-001,
2.237833333333334E+009,1.255609393119812E-001,-8.978553861379623E-002,8.351810574531555E-001,-5.077692270278931E-001,1.255609393119812E-001,-8.978553861379623E-002,8.351810574531555E-001,-5.077692270278931E-001,
2.246200000000000E+009,1.046447157859802E-001,-7.880287617444992E-002,8.299357295036316E-001,-5.249196887016296E-001,1.046447157859802E-001,-7.880287617444992E-002,8.299357295036316E-001,-5.249196887016296E-001,
2.254566666666667E+009,9.631531685590744E-002,-5.627793446183205E-002,8.147020936012268E-001,-5.467415452003479E-001,9.631531685590744E-002,-5.627793446183205E-002,8.147020936012268E-001,-5.467415452003479E-001,
2.262933333333334E+009,1.016331687569618E-001,-3.414827212691307E-002,8.041135668754578E-001,-5.756023526191711E-001,1.016331687569618E-001,-3.414827212691307E-002,8.041135668754578E-001,-5.756023526191711E-001,
2.271300000000000E+009,1.198355555534363E-001,-1.993342116475105E-002,7.777349352836609E-001,-5.946570038795471E-001,1.198355555534363E-001,-1.993342116475105E-002,7.777349352836609E-001,-5.946570038795471E-001,
2.279666666666667E+009,1.450806558132172E-001,-1.964467391371727E-002,7.608833312988281E-001,-6.136689186096191E-001,1.450806558132172E-001,-1.964467391371727E-002,7.608833312988281E-001,-6.136689186096191E-001,
2.288033333333334E+009,1.651201099157333E-001,-3.463636338710785E-002,7.432325482368469E-001,-6.286554336547852E-001,1.651201099157333E-001,-3.463636338710785E-002,7.432325482368469E-001,-6.286554336547852E-001,
2.296400000000000E+009,1.760468780994415E-001,-6.063004955649376E-002,7.279264926910400E-001,-6.440795063972473E-001,1.760468780994415E-001,-6.063004955649376E-002,7.279264926910400E-001,-6.440795063972473E-001,
2.304766666666667E+009,1.731915175914764E-001,-8.689488470554352E-002,7.114135026931763E-001,-6.627364754676819E-001,1.731915175914764E-001,-8.689488470554352E-002,7.114135026931763E-001,-6.627364754676819E-001,
2.313133333333334E+009,1.531574279069901E-001,-1.086149737238884E-001,6.950812339782715E-001,-6.707475185394287E-001,1.531574279069901E-001,-1.086149737238884E-001,6.950812339782715E-001,-6.707475185394287E-001,
2.321500000000000E+009,1.300831288099289E-001,-1.173899099230766E-001,6.843875050544739E-001,-6.984302401542664E-001,1.300831288099289E-001,-1.173899099230766E-001,6.843875050544739E-001,-6.984302401542664E-001,
2.329866666666667E+009,1.023648455739021E-001,-1.123257726430893E-001,6.679627299308777E-001,-7.128844261169434E-001,1.023648455739021E-001,-1.123257726430893E-001,6.679627299308777E-001,-7.128844261169434E-001,
2.338233333333334E+009,8.663120120763779E-002,-9.377317130565643E-002,6.441967487335205E-001,-7.315804362297058E-001,8.663120120763779E-002,-9.377317130565643E-002,6.441967487335205E-001,-7.315804362297058E-001,
2.346600000000000E+009,8.665415644645691E-002,-6.951238214969635E-002,6.314102411270142E-001,-7.553008794784546E-001,8.665415644645691E-002,-6.951238214969635E-002,6.314102411270142E-001,-7.553008794784546E-001,
2.354966666666667E+009,1.004513204097748E-001,-5.056003108620644E-002,6.089939475059509E-001,-7.679710388183594E-001,1.004513204097748E-001,-5.056003108620644E-002,6.089939475059509E-001,-7.679710388183594E-001,
2.363333333333334E+009,1.245636120438576E-001,-4.337223619222641E-002,5.798750519752502E-001,-7.857902050018311E-001,1.245636120438576E-001,-4.337223619222641E-002,5.798750519752502E-001,-7.857902050018311E-001,
2.371700000000000E+009,1.514855772256851E-001,-5.471760407090187E-002,5.603051781654358E-001,-7.998207807540894E-001,1.514855772256851E-001,-5.471760407090187E-002,5.603051781654358E-001,-7.998207807540894E-001,
2.380066666666667E+009,1.700930744409561E-001,-8.199989050626755E-002,5.414707064628601E-001,-7.954794764518738E-001,1.700930744409561E-001,-8.199989050626755E-002,5.414707064628601E-001,-7.954794764518738E-001,
2.388433333333334E+009,1.730113327503204E-001,-1.159167289733887E-001,5.195457339286804E-001,-8.211270570755005E-001,1.730113327503204E-001,-1.159167289733887E-001,5.195457339286804E-001,-8.211270570755005E-001,
2.396800000000000E+009,1.532664895057678E-001,-1.512751430273056E-001,4.991593658924103E-001,-8.249510526657105E-001,1.532664895057678E-001,-1.512751430273056E-001,4.991593658924103E-001,-8.249510526657105E-001,
2.405166666666667E+009,1.242259070277214E-001,-1.733475774526596E-001,4.885512590408325E-001,-8.412362337112427E-001,1.242259070277214E-001,-1.733475774526596E-001,4.885512590408325E-001,-8.412362337112427E-001,
2.413533333333334E+009,8.636916428804398E-002,-1.785278618335724E-001,4.659548401832581E-001,-8.463700413703919E-001,8.636916428804398E-002,-1.785278618335724E-001,4.659548401832581E-001,-8.463700413703919E-001,
2.421900000000000E+009,4.802309721708298E-002,-1.618703305721283E-001,4.567542374134064E-001,-8.756289482116699E-001,4.802309721708298E-002,-1.618703305721283E-001,4.567542374134064E-001,-8.756289482116699E-001,
2.430266666666667E+009,2.573133632540703E-002,-1.324506849050522E-001,4.258625805377960E-001,-8.849593400955200E-001,2.573133632540703E-002,-1.324506849050522E-001,4.258625805377960E-001,-8.849593400955200E-001,
2.438633333333334E+009,2.103775739669800E-002,-9.380852431058884E-002,4.060011804103851E-001,-8.998113274574280E-001,2.103775739669800E-002,-9.380852431058884E-002,4.060011804103851E-001,-8.998113274574280E-001,
2.447000000000000E+009,3.757990151643753E-002,-5.989394709467888E-002,3.786961734294891E-001,-9.115577936172485E-001,3.757990151643753E-002,-5.989394709467888E-002,3.786961734294891E-001,-9.115577936172485E-001,
2.455366666666667E+009,7.009232789278030E-002,-4.379774630069733E-002,3.434399962425232E-001,-9.250455498695374E-001,7.009232789278030E-002,-4.379774630069733E-002,3.434399962425232E-001,-9.250455498695374E-001,
2.463733333333334E+009,1.046711280941963E-001,-4.628738015890122E-002,3.201868832111359E-001,-9.310585260391235E-001,1.046711280941963E-001,-4.628738015890122E-002,3.201868832111359E-001,-9.310585260391235E-001,
2.472100000000000E+009,1.337062120437622E-001,-7.128751277923584E-002,2.909513413906097E-001,-9.349440336227417E-001,1.337062120437622E-001,-7.128751277923584E-002,2.909513413906097E-001,-9.349440336227417E-001,
2.480466666666667E+009,1.442025750875473E-001,-1.063499897718430E-001,2.638577222824097E-001,-9.352455139160156E-001,1.442025750875473E-001,-1.063499897718430E-001,2.638577222824097E-001,-9.352455139160156E-001,
2.488833333333334E+009,1.347200274467468E-001,-1.419646292924881E-001,2.451586276292801E-001,-9.395269751548767E-001,1.347200274467468E-001,-1.419646292924881E-001,2.451586276292801E-001,-9.395269751548767E-001,
2.497200000000000E+009,1.091738939285278E-001,-1.649938523769379E-001,2.232519239187241E-001,-9.401127099990845E-001,1.091738939285278E-001,-1.649938523769379E-001,2.232519239187241E-001,-9.401127099990845E-001,
2.505566666666667E+009,7.526567578315735E-002,-1.722127795219421E-001,2.043284028768539E-001,-9.476598501205444E-001,7.526567578315735E-002,-1.722127795219421E-001,2.043284028768539E-001,-9.476598501205444E-001,
2.513933333333334E+009,4.181134700775147E-002,-1.605932861566544E-001,1.876899451017380E-001,-9.538030624389648E-001,4.181134700775147E-002,-1.605932861566544E-001,1.876899451017380E-001,-9.538030624389648E-001,
2.522300000000000E+009,2.200131304562092E-002,-1.350350379943848E-001,1.598571687936783E-001,-9.728270769119263E-001,2.200131304562092E-002,-1.350350379943848E-001,1.598571687936783E-001,-9.728270769119263E-001,
2.530666666666667E+009,2.035664021968842E-002,-1.036029234528542E-001,1.334178149700165E-001,-9.801332354545593E-001,2.035664021968842E-002,-1.036029234528542E-001,1.334178149700165E-001,-9.801332354545593E-001,
2.539033333333334E+009,3.899140655994415E-002,-7.731993496417999E-002,1.060284823179245E-001,-9.772549271583557E-001,3.899140655994415E-002,-7.731993496417999E-002,1.060284823179245E-001,-9.772549271583557E-001,
2.547400000000000E+009,6.793059408664703E-002,-6.667278707027435E-002,7.964609563350678E-002,-9.792240858078003E-001,6.793059408664703E-002,-6.667278707027435E-002,7.964609563350678E-002,-9.792240858078003E-001,
2.555766666666667E+009,9.711121767759323E-002,-7.552096992731094E-002,4.664782434701920E-002,-9.792754054069519E-001,9.711121767759323E-002,-7.552096992731094E-002,4.664782434701920E-002,-9.792754054069519E-001,
2.564133333333334E+009,1.179079562425613E-001,-1.013646423816681E-001,2.667064033448696E-002,-9.719370603561401E-001,1.179079562425613E-001,-1.013646423816681E-001,2.667064033448696E-002,-9.719370603561401E-001,
2.572500000000000E+009,1.217454224824905E-001,-1.376154273748398E-001,-2.136202994734049E-003,-9.727389812469482E-001,1.217454224824905E-001,-1.376154273748398E-001,-2.136202994734049E-003,-9.727389812469482E-001,
2.580866666666667E+009,1.068133041262627E-001,-1.687485128641129E-001,-2.084275148808956E-002,-9.664310216903687E-001,1.068133041262627E-001,-1.687485128641129E-001,-2.084275148808956E-002,-9.664310216903687E-001,
2.589233333333334E+009,7.696048915386200E-002,-1.894365847110748E-001,-4.246684536337853E-002,-9.576151371002197E-001,7.696048915386200E-002,-1.894365847110748E-001,-4.246684536337853E-002,-9.576151371002197E-001,
2.597600000000000E+009,3.951657935976982E-002,-1.914472281932831E-001,-6.064219027757645E-002,-9.609431624412537E-001,3.951657935976982E-002,-1.914472281932831E-001,-6.064219027757645E-002,-9.609431624412537E-001,
2.605966666666667E+009,7.693732157349587E-003,-1.767580211162567E-001,-8.507934957742691E-002,-9.699809551239014E-001,7.693732157349587E-003,-1.767580211162567E-001,-8.507934957742691E-002,-9.699809551239014E-001,
2.614333333333334E+009,-1.201892644166946E-002,-1.471066772937775E-001,-1.073129102587700E-001,-9.762635231018066E-001,-1.201892644166946E-002,-1.471066772937775E-001,-1.073129102587700E-001,-9.762635231018066E-001,
2.622700000000000E+009,-1.314114592969418E-002,-1.119906082749367E-001,-1.373836845159531E-001,-9.755842089653015E-001,-1.314114592969418E-002,-1.119906082749367E-001,-1.373836845159531E-001,-9.755842089653015E-001,
2.631066666666667E+009,6.984640378504992E-003,-8.306628465652466E-002,-1.623368859291077E-001,-9.746415615081787E-001,6.984640378504992E-003,-8.306628465652466E-002,-1.623368859291077E-001,-9.746415615081787E-001,
2.639433333333334E+009,3.611798956990242E-002,-7.136529684066773E-002,-1.963858306407929E-001,-9.646030068397522E-001,3.611798956990242E-002,-7.136529684066773E-002,-1.963858306407929E-001,-9.646030068397522E-001,
2.647800000000000E+009,6.839110702276230E-002,-8.023499697446823E-002,-2.209169268608093E-001,-9.542257189750671E-001,6.839110702276230E-002,-8.023499697446823E-002,-2.209169268608093E-001,-9.542257189750671E-001,
2.656166666666667E+009,8.764312416315079E-002,-1.047182306647301E-001,-2.512384951114655E-001,-9.515130519866943E-001,8.764312416315079E-002,-1.047182306647301E-001,-2.512384951114655E-001,-9.515130519866943E-001,
2.664533333333334E+009,9.162940829992294E-002,-1.393790543079376E-001,-2.684600055217743E-001,-9.323421716690064E-001,9.162940829992294E-002,-1.393790543079376E-001,-2.684600055217743E-001,-9.323421716690064E-001,
2.672900000000000E+009,7.643147557973862E-002,-1.678079366683960E-001,-2.864399850368500E-001,-9.244413971900940E-001,7.643147557973862E-002,-1.678079366683960E-001,-2.864399850368500E-001,-9.244413971900940E-001,
2.681266666666667E+009,4.835154861211777E-002,-1.869006603956223E-001,-3.081640303134918E-001,-9.192103743553162E-001,4.835154861211777E-002,-1.869006603956223E-001,-3.081640303134918E-001,-9.192103743553162E-001,
2.689633333333334E+009,1.483587082475424E-002,-1.885964423418045E-001,-3.306369185447693E-001,-9.138438701629639E-001,1.483587082475424E-002,-1.885964423418045E-001,-3.306369185447693E-001,-9.138438701629639E-001,
2.698000000000000E+009,-1.632250472903252E-002,-1.724021583795548E-001,-3.544373810291290E-001,-9.017993807792664E-001,-1.632250472903252E-002,-1.724021583795548E-001,-3.544373810291290E-001,-9.017993807792664E-001,
2.706366666666667E+009,-3.322149068117142E-002,-1.428941637277603E-001,-3.679475784301758E-001,-9.033519625663757E-001,-3.322149068117142E-002,-1.428941637277603E-001,-3.679475784301758E-001,-9.033519625663757E-001,
2.714733333333334E+009,-3.042126633226872E-002,-1.084123253822327E-001,-4.019133448600769E-001,-9.039820432662964E-001,-3.042126633226872E-002,-1.084123253822327E-001,-4.019133448600769E-001,-9.039820432662964E-001,
2.723100000000000E+009,-8.804310113191605E-003,-8.288028836250305E-002,-4.260080158710480E-001,-8.900776505470276E-001,-8.804310113191605E-003,-8.288028836250305E-002,-4.260080158710480E-001,-8.900776505470276E-001,
2.731466666666667E+009,2.162103913724423E-002,-7.109995186328888E-002,-4.524032473564148E-001,-8.772194981575012E-001,2.162103913724423E-002,-7.109995186328888E-002,-4.524032473564148E-001,-8.772194981575012E-001,
2.739833333333334E+009,5.437801405787468E-002,-7.961896806955338E-002,-4.773922860622406E-001,-8.673538565635681E-001,5.437801405787468E-002,-7.961896806955338E-002,-4.773922860622406E-001,-8.673538565635681E-001,
2.748200000000000E+009,7.595500349998474E-002,-1.049945354461670E-001,-5.040014386177063E-001,-8.438889384269714E-001,7.595500349998474E-002,-1.049945354461670E-001,-5.040014386177063E-001,-8.438889384269714E-001,
2.756566666666667E+009,8.089874684810638E-002,-1.406885385513306E-001,-5.232641100883484E-001,-8.232681751251221E-001,8.089874684810638E-002,-1.406885385513306E-001,-5.232641100883484E-001,-8.232681751251221E-001,
2.764933333333334E+009,6.618868559598923E-002,-1.730206310749054E-001,-5.365314483642578E-001,-8.042114973068237E-001,6.618868559598923E-002,-1.730206310749054E-001,-5.365314483642578E-001,-8.042114973068237E-001,
2.773300000000000E+009,3.800933808088303E-002,-1.919013559818268E-001,-5.521271228790283E-001,-7.959501147270203E-001,3.800933808088303E-002,-1.919013559818268E-001,-5.521271228790283E-001,-7.959501147270203E-001,
2.781666666666667E+009,1.979811815544963E-003,-1.947959065437317E-001,-5.700494647026062E-001,-7.805541157722473E-001,1.979811815544963E-003,-1.947959065437317E-001,-5.700494647026062E-001,-7.805541157722473E-001,
2.790033333333334E+009,-2.938438951969147E-002,-1.811787039041519E-001,-5.863761305809021E-001,-7.744675278663635E-001,-2.938438951969147E-002,-1.811787039041519E-001,-5.863761305809021E-001,-7.744675278663635E-001,
2.798400000000000E+009,-4.775203019380570E-002,-1.534827649593353E-001,-6.146648526191711E-001,-7.633786201477051E-001,-4.775203019380570E-002,-1.534827649593353E-001,-6.146648526191711E-001,-7.633786201477051E-001,
2.806766666666667E+009,-4.711667448282242E-002,-1.191285774111748E-001,-6.315020918846130E-001,-7.513303756713867E-001,-4.711667448282242E-002,-1.191285774111748E-001,-6.315020918846130E-001,-7.513303756713867E-001,
2.815133333333334E+009,-2.803250215947628E-002,-9.360299259424210E-002,-6.529349088668823E-001,-7.366115450859070E-001,-2.803250215947628E-002,-9.360299259424210E-002,-6.529349088668823E-001,-7.366115450859070E-001,
2.823500000000000E+009,3.943568561226130E-003,-8.272473514080048E-002,-6.795257925987244E-001,-7.196728587150574E-001,3.943568561226130E-003,-8.272473514080048E-002,-6.795257925987244E-001,-7.196728587150574E-001,
2.831866666666667E+009,3.468139469623566E-002,-9.088234603404999E-002,-6.995488405227661E-001,-6.968817710876465E-001,3.468139469623566E-002,-9.088234603404999E-002,-6.995488405227661E-001,-6.968817710876465E-001,
2.840233333333334E+009,5.648676678538322E-002,-1.155856922268868E-001,-7.202169895172119E-001,-6.657608747482300E-001,5.648676678538322E-002,-1.155856922268868E-001,-7.202169895172119E-001,-6.657608747482300E-001,
2.848600000000000E+009,6.059011444449425E-002,-1.498647332191467E-001,-7.314876317977905E-001,-6.436784863471985E-001,6.059011444449425E-002,-1.498647332191467E-001,-7.314876317977905E-001,-6.436784863471985E-001,
2.856966666666667E+009,4.454246535897255E-002,-1.818293482065201E-001,-7.431594729423523E-001,-6.253316998481751E-001,4.454246535897255E-002,-1.818293482065201E-001,-7.431594729423523E-001,-6.253316998481751E-001,
2.865333333333334E+009,1.558935921639204E-002,-2.021973878145218E-001,-7.559725046157837E-001,-6.108593940734863E-001,1.558935921639204E-002,-2.021973878145218E-001,-7.559725046157837E-001,-6.108593940734863E-001,
2.873700000000000E+009,-2.320728078484535E-002,-2.063964307308197E-001,-7.669301033020020E-001,-5.948587656021118E-001,-2.320728078484535E-002,-2.063964307308197E-001,-7.669301033020020E-001,-5.948587656021118E-001,
2.882066666666667E+009,-5.543145164847374E-002,-1.879967302083969E-001,-7.774798274040222E-001,-5.713375210762024E-001,-5.543145164847374E-002,-1.879967302083969E-001,-7.774798274040222E-001,-5.713375210762024E-001,
2.890433333333334E+009,-7.563923299312592E-002,-1.588914841413498E-001,-7.921643257141113E-001,-5.680249333381653E-001,-7.563923299312592E-002,-1.588914841413498E-001,-7.921643257141113E-001,-5.680249333381653E-001,
2.898800000000000E+009,-7.590286433696747E-002,-1.233450472354889E-001,-8.166736960411072E-001,-5.507699251174927E-001,-7.590286433696747E-002,-1.233450472354889E-001,-8.166736960411072E-001,-5.507699251174927E-001,
2.907166666666667E+009,-5.556854233145714E-002,-9.356455504894257E-002,-8.308264017105103E-001,-5.309814810752869E-001,-5.556854233145714E-002,-9.356455504894257E-002,-8.308264017105103E-001,-5.309814810752869E-001,
2.915533333333334E+009,-2.294241078197956E-002,-8.063519001007080E-002,-8.475837707519531E-001,-5.116900205612183E-001,-2.294241078197956E-002,-8.063519001007080E-002,-8.475837707519531E-001,-5.116900205612183E-001,
2.923900000000000E+009,1.376130245625973E-002,-8.815675228834152E-002,-8.642960190773010E-001,-4.748221337795258E-001,1.376130245625973E-002,-8.815675228834152E-002,-8.642960190773010E-001,-4.748221337795258E-001,
2.932266666666667E+009,3.770507127046585E-002,-1.156810522079468E-001,-8.752404451370239E-001,-4.461946487426758E-001,3.770507127046585E-002,-1.156810522079468E-001,-8.752404451370239E-001,-4.461946487426758E-001,
2.940633333333334E+009,4.316631332039833E-002,-1.513610631227493E-001,-8.887853622436523E-001,-4.185677468776703E-001,4.316631332039833E-002,-1.513610631227493E-001,-8.887853622436523E-001,-4.185677468776703E-001,
2.949000000000000E+009,2.809798717498779E-002,-1.871951520442963E-001,-8.920395374298096E-001,-3.947800397872925E-001,2.809798717498779E-002,-1.871951520442963E-001,-8.920395374298096E-001,-3.947800397872925E-001,
2.957366666666667E+009,-5.581150297075510E-003,-2.090176492929459E-001,-8.973425030708313E-001,-3.732255697250366E-001,-5.581150297075510E-003,-2.090176492929459E-001,-8.973425030708313E-001,-3.732255697250366E-001,
2.965733333333334E+009,-4.508454725146294E-002,-2.123725116252899E-001,-9.013774394989014E-001,-3.541449308395386E-001,-4.508454725146294E-002,-2.123725116252899E-001,-9.013774394989014E-001,-3.541449308395386E-001,
2.974100000000000E+009,-7.945875078439713E-002,-1.939291507005692E-001,-9.068611264228821E-001,-3.381775617599487E-001,-7.945875078439713E-002,-1.939291507005692E-001,-9.068611264228821E-001,-3.381775617599487E-001,
2.982466666666667E+009,-1.025107651948929E-001,-1.640313267707825E-001,-9.270304441452026E-001,-3.204845190048218E-001,-1.025107651948929E-001,-1.640313267707825E-001,-9.270304441452026E-001,-3.204845190048218E-001,
2.990833333333334E+009,-1.034072190523148E-001,-1.248182803392410E-001,-9.274201393127441E-001,-3.022370934486389E-001,-1.034072190523148E-001,-1.248182803392410E-001,-9.274201393127441E-001,-3.022370934486389E-001,
2.999200000000000E+009,-8.110373467206955E-002,-9.342832863330841E-002,-9.421765208244324E-001,-2.740933299064636E-001,-8.110373467206955E-002,-9.342832863330841E-002,-9.421765208244324E-001,-2.740933299064636E-001,
3.007566666666667E+009,-4.598962515592575E-002,-7.763303816318512E-002,-9.559867382049561E-001,-2.487267851829529E-001,-4.598962515592575E-002,-7.763303816318512E-002,-9.559867382049561E-001,-2.487267851829529E-001,
3.015933333333334E+009,-8.783284574747086E-003,-8.581210672855377E-002,-9.637615680694580E-001,-2.239773422479630E-001,-8.783284574747086E-003,-8.581210672855377E-002,-9.637615680694580E-001,-2.239773422479630E-001,
3.024300000000000E+009,1.822761632502079E-002,-1.183168888092041E-001,-9.679875373840332E-001,-1.884161233901978E-001,1.822761632502079E-002,-1.183168888092041E-001,-9.679875373840332E-001,-1.884161233901978E-001,
3.032666666666667E+009,2.377167157828808E-002,-1.571528464555740E-001,-9.642289280891419E-001,-1.612065881490707E-001,2.377167157828808E-002,-1.571528464555740E-001,-9.642289280891419E-001,-1.612065881490707E-001,
3.041033333333334E+009,7.029986474663019E-003,-1.958956867456436E-001,-9.638364315032959E-001,-1.323316693305969E-001,7.029986474663019E-003,-1.958956867456436E-001,-9.638364315032959E-001,-1.323316693305969E-001,
3.049400000000000E+009,-3.025187551975250E-002,-2.192071974277496E-001,-9.640968441963196E-001,-1.046976447105408E-001,-3.025187551975250E-002,-2.192071974277496E-001,-9.640968441963196E-001,-1.046976447105408E-001,
3.057766666666667E+009,-7.416555285453796E-002,-2.218343168497086E-001,-9.617042541503906E-001,-8.880184590816498E-002,-7.416555285453796E-002,-2.218343168497086E-001,-9.617042541503906E-001,-8.880184590816498E-002,
3.066133333333334E+009,-1.164250522851944E-001,-2.009466886520386E-001,-9.604635238647461E-001,-6.904415041208267E-002,-1.164250522851944E-001,-2.009466886520386E-001,-9.604635238647461E-001,-6.904415041208267E-002,
3.074500000000000E+009,-1.393958777189255E-001,-1.626293063163757E-001,-9.654821753501892E-001,-5.178900435566902E-002,-1.393958777189255E-001,-1.626293063163757E-001,-9.654821753501892E-001,-5.178900435566902E-002,
3.082866666666667E+009,-1.392068713903427E-001,-1.177809983491898E-001,-9.669529199600220E-001,-3.079673461616039E-002,-1.392068713903427E-001,-1.177809983491898E-001,-9.669529199600220E-001,-3.079673461616039E-002,
3.091233333333334E+009,-1.141874715685844E-001,-8.077745139598846E-002,-9.789270162582398E-001,-4.523556679487228E-003,-1.141874715685844E-001,-8.077745139598846E-002,-9.789270162582398E-001,-4.523556679487228E-003,
3.099600000000000E+009,-7.157451659440994E-002,-6.535641103982925E-002,-9.886468052864075E-001,2.186337485909462E-002,-7.157451659440994E-002,-6.535641103982925E-002,-9.886468052864075E-001,2.186337485909462E-002,
3.107966666666667E+009,-2.634061872959137E-002,-7.603259384632111E-002,-9.902456402778626E-001,5.822693556547165E-002,-2.634061872959137E-002,-7.603259384632111E-002,-9.902456402778626E-001,5.822693556547165E-002,
3.116333333333334E+009,6.409764289855957E-003,-1.120082288980484E-001,-9.852387905120850E-001,9.379181265830994E-002,6.409764289855957E-003,-1.120082288980484E-001,-9.852387905120850E-001,9.379181265830994E-002,
3.124700000000000E+009,1.281126309186220E-002,-1.619125455617905E-001,-9.695768952369690E-001,1.212477684020996E-001,1.281126309186220E-002,-1.619125455617905E-001,-9.695768952369690E-001,1.212477684020996E-001,
3.133066666666667E+009,-8.181943558156490E-003,-2.085498869419098E-001,-9.644982814788818E-001,1.481477320194244E-001,-8.181943558156490E-003,-2.085498869419098E-001,-9.644982814788818E-001,1.481477320194244E-001,
3.141433333333334E+009,-5.317467823624611E-002,-2.372982800006867E-001,-9.572821855545044E-001,1.724262386560440E-001,-5.317467823624611E-002,-2.372982800006867E-001,-9.572821855545044E-001,1.724262386560440E-001,
3.149800000000000E+009,-1.046353653073311E-001,-2.398564815521240E-001,-9.380625486373901E-001,1.919597983360291E-001,-1.046353653073311E-001,-2.398564815521240E-001,-9.380625486373901E-001,1.919597983360291E-001,
3.158166666666667E+009,-1.528804600238800E-001,-2.177814692258835E-001,-9.332263469696045E-001,2.087113261222839E-001,-1.528804600238800E-001,-2.177814692258835E-001,-9.332263469696045E-001,2.087113261222839E-001,
3.166533333333334E+009,-1.819524019956589E-001,-1.750527322292328E-001,-9.278650879859924E-001,2.205842435359955E-001,-1.819524019956589E-001,-1.750527322292328E-001,-9.278650879859924E-001,2.205842435359955E-001,
3.174900000000000E+009,-1.858156025409699E-001,-1.238221228122711E-001,-9.339187741279602E-001,2.398831397294998E-001,-1.858156025409699E-001,-1.238221228122711E-001,-9.339187741279602E-001,2.398831397294998E-001,
3.183266666666667E+009,-1.628865003585815E-001,-8.038679510354996E-002,-9.369598031044006E-001,2.601255774497986E-001,-1.628865003585815E-001,-8.038679510354996E-002,-9.369598031044006E-001,2.601255774497986E-001,
3.191633333333334E+009,-1.186675280332565E-001,-5.870795994997025E-002,-9.392341971397400E-001,2.897579371929169E-001,-1.186675280332565E-001,-5.870795994997025E-002,-9.392341971397400E-001,2.897579371929169E-001,
3.200000000000000E+009,-7.016092538833618E-002,-6.594642996788025E-002,-9.285123348236084E-001,3.190598189830780E-001,-7.016092538833618E-002,-6.594642996788025E-002,-9.285123348236084E-001,3.190598189830780E-001,
