% Version 1.00
%
%freq[Hz],re:Trc1_S11,im:Trc1_S11,re:Trc2_S21,im:Trc2_S21,re:Trc3_S11,im:Trc3_S11,re:Trc4_S21,im:Trc4_S21,
6.900000000000000E+008,-5.266705900430679E-002,1.665358059108257E-002,-4.960435032844544E-001,-8.532284498214722E-001,-5.266705900430679E-002,1.665358059108257E-002,-4.960435032844544E-001,-8.532284498214722E-001,
6.983666666666666E+008,-4.369225353002548E-002,1.716182194650173E-002,-5.194972753524780E-001,-8.421822190284729E-001,-4.369225353002548E-002,1.716182194650173E-002,-5.194972753524780E-001,-8.421822190284729E-001,
7.067333333333334E+008,-3.762351721525192E-002,1.206616498529911E-002,-5.649669766426086E-001,-7.811830043792725E-001,-3.762351721525192E-002,1.206616498529911E-002,-5.649669766426086E-001,-7.811830043792725E-001,
7.151000000000000E+008,-3.789839893579483E-002,4.716114606708288E-003,-5.839315056800842E-001,-7.923032045364380E-001,-3.789839893579483E-002,4.716114606708288E-003,-5.839315056800842E-001,-7.923032045364380E-001,
7.234666666666666E+008,-4.229750484228134E-002,-4.567574360407889E-004,-5.982208847999573E-001,-7.823030352592468E-001,-4.229750484228134E-002,-4.567574360407889E-004,-5.982208847999573E-001,-7.823030352592468E-001,
7.318333333333334E+008,-5.043511837720871E-002,-2.447592094540596E-003,-6.100732088088989E-001,-7.795131206512451E-001,-5.043511837720871E-002,-2.447592094540596E-003,-6.100732088088989E-001,-7.795131206512451E-001,
7.402000000000000E+008,-5.741121247410774E-002,-2.004648558795452E-003,-6.517190933227539E-001,-7.641486525535584E-001,-5.741121247410774E-002,-2.004648558795452E-003,-6.517190933227539E-001,-7.641486525535584E-001,
7.485666666666666E+008,-6.510565429925919E-002,4.806170240044594E-003,-6.550250053405762E-001,-7.590156793594360E-001,-6.510565429925919E-002,4.806170240044594E-003,-6.550250053405762E-001,-7.590156793594360E-001,
7.569333333333334E+008,-6.775182485580444E-002,1.311701629310846E-002,-6.618819832801819E-001,-7.367056012153626E-001,-6.775182485580444E-002,1.311701629310846E-002,-6.618819832801819E-001,-7.367056012153626E-001,
7.653000000000000E+008,-6.438992172479630E-002,2.079427242279053E-002,-6.817438602447510E-001,-7.186475396156311E-001,-6.438992172479630E-002,2.079427242279053E-002,-6.817438602447510E-001,-7.186475396156311E-001,
7.736666666666666E+008,-5.784046277403832E-002,2.710527181625366E-002,-7.147447466850281E-001,-6.900201439857483E-001,-5.784046277403832E-002,2.710527181625366E-002,-7.147447466850281E-001,-6.900201439857483E-001,
7.820333333333334E+008,-4.983513429760933E-002,3.007565811276436E-002,-7.239077687263489E-001,-6.811845302581787E-001,-4.983513429760933E-002,3.007565811276436E-002,-7.239077687263489E-001,-6.811845302581787E-001,
7.904000000000000E+008,-4.064483940601349E-002,2.920571155846119E-002,-7.287790775299072E-001,-6.612946391105652E-001,-4.064483940601349E-002,2.920571155846119E-002,-7.287790775299072E-001,-6.612946391105652E-001,
7.987666666666666E+008,-3.663581982254982E-002,2.355238236486912E-002,-7.615880966186523E-001,-6.362639665603638E-001,-3.663581982254982E-002,2.355238236486912E-002,-7.615880966186523E-001,-6.362639665603638E-001,
8.071333333333334E+008,-3.472702577710152E-002,1.964535191655159E-002,-7.681649327278137E-001,-6.278365254402161E-001,-3.472702577710152E-002,1.964535191655159E-002,-7.681649327278137E-001,-6.278365254402161E-001,
8.155000000000000E+008,-4.129305854439735E-002,1.304647512733936E-002,-7.923371195793152E-001,-6.040585041046143E-001,-4.129305854439735E-002,1.304647512733936E-002,-7.923371195793152E-001,-6.040585041046143E-001,
8.238666666666666E+008,-4.558626934885979E-002,1.052943430840969E-002,-7.922037839889526E-001,-5.743731260299683E-001,-4.558626934885979E-002,1.052943430840969E-002,-7.922037839889526E-001,-5.743731260299683E-001,
8.322333333333334E+008,-5.402182787656784E-002,1.159909740090370E-002,-8.190395236015320E-001,-5.531767606735230E-001,-5.402182787656784E-002,1.159909740090370E-002,-8.190395236015320E-001,-5.531767606735230E-001,
8.406000000000000E+008,-6.042232364416122E-002,1.666938327252865E-002,-8.246489763259888E-001,-5.424891114234924E-001,-6.042232364416122E-002,1.666938327252865E-002,-8.246489763259888E-001,-5.424891114234924E-001,
8.489666666666668E+008,-6.500852853059769E-002,2.399195544421673E-002,-8.367136716842651E-001,-5.281010270118713E-001,-6.500852853059769E-002,2.399195544421673E-002,-8.367136716842651E-001,-5.281010270118713E-001,
8.573333333333334E+008,-6.411483138799667E-002,3.217604011297226E-002,-8.548822402954102E-001,-4.871944785118103E-001,-6.411483138799667E-002,3.217604011297226E-002,-8.548822402954102E-001,-4.871944785118103E-001,
8.657000000000000E+008,-5.756220966577530E-002,4.071471095085144E-002,-8.691877126693726E-001,-4.680639505386353E-001,-5.756220966577530E-002,4.071471095085144E-002,-8.691877126693726E-001,-4.680639505386353E-001,
8.740666666666668E+008,-5.033611133694649E-002,4.408274218440056E-002,-8.724361062049866E-001,-4.572615921497345E-001,-5.033611133694649E-002,4.408274218440056E-002,-8.724361062049866E-001,-4.572615921497345E-001,
8.824333333333334E+008,-4.147394746541977E-002,4.416965320706368E-002,-8.858931660652161E-001,-4.401156008243561E-001,-4.147394746541977E-002,4.416965320706368E-002,-8.858931660652161E-001,-4.401156008243561E-001,
8.908000000000000E+008,-3.344691544771195E-002,4.013304784893990E-002,-8.887163400650024E-001,-4.091305136680603E-001,-3.344691544771195E-002,4.013304784893990E-002,-8.887163400650024E-001,-4.091305136680603E-001,
8.991666666666668E+008,-3.028352186083794E-002,3.377704694867134E-002,-9.030362963676453E-001,-3.801650702953339E-001,-3.028352186083794E-002,3.377704694867134E-002,-9.030362963676453E-001,-3.801650702953339E-001,
9.075333333333334E+008,-3.129844740033150E-002,2.822031453251839E-002,-9.327019453048706E-001,-3.612843751907349E-001,-3.129844740033150E-002,2.822031453251839E-002,-9.327019453048706E-001,-3.612843751907349E-001,
9.159000000000000E+008,-3.555358201265335E-002,2.684343047440052E-002,-9.379828572273254E-001,-3.324567377567291E-001,-3.555358201265335E-002,2.684343047440052E-002,-9.379828572273254E-001,-3.324567377567291E-001,
9.242666666666668E+008,-4.152368381619453E-002,2.473875507712364E-002,-9.428190588951111E-001,-3.179478645324707E-001,-4.152368381619453E-002,2.473875507712364E-002,-9.428190588951111E-001,-3.179478645324707E-001,
9.326333333333334E+008,-4.972444102168083E-002,2.683238126337528E-002,-9.620022773742676E-001,-2.961707413196564E-001,-4.972444102168083E-002,2.683238126337528E-002,-9.620022773742676E-001,-2.961707413196564E-001,
9.410000000000000E+008,-5.422019585967064E-002,3.236802667379379E-002,-9.532312154769898E-001,-2.629010379314423E-001,-5.422019585967064E-002,3.236802667379379E-002,-9.532312154769898E-001,-2.629010379314423E-001,
9.493666666666668E+008,-5.646822601556778E-002,4.026222974061966E-002,-9.548521637916565E-001,-2.464656233787537E-001,-5.646822601556778E-002,4.026222974061966E-002,-9.548521637916565E-001,-2.464656233787537E-001,
9.577333333333334E+008,-5.465999990701675E-002,4.966738447546959E-002,-9.704028964042664E-001,-2.221042662858963E-001,-5.465999990701675E-002,4.966738447546959E-002,-9.704028964042664E-001,-2.221042662858963E-001,
9.661000000000000E+008,-4.779144376516342E-002,5.809464678168297E-002,-9.690700173377991E-001,-1.970584839582443E-001,-4.779144376516342E-002,5.809464678168297E-002,-9.690700173377991E-001,-1.970584839582443E-001,
9.744666666666668E+008,-3.937706351280212E-002,5.926345288753510E-002,-9.752445816993713E-001,-1.746771782636643E-001,-3.937706351280212E-002,5.926345288753510E-002,-9.752445816993713E-001,-1.746771782636643E-001,
9.828333333333334E+008,-2.699165977537632E-002,5.765438079833984E-002,-9.796977043151856E-001,-1.517262011766434E-001,-2.699165977537632E-002,5.765438079833984E-002,-9.796977043151856E-001,-1.517262011766434E-001,
9.912000000000000E+008,-2.047272212803364E-002,5.215346813201904E-002,-9.813098907470703E-001,-1.270544528961182E-001,-2.047272212803364E-002,5.215346813201904E-002,-9.813098907470703E-001,-1.270544528961182E-001,
9.995666666666668E+008,-1.472445670515299E-002,4.494406655430794E-002,-9.949359893798828E-001,-8.812578767538071E-002,-1.472445670515299E-002,4.494406655430794E-002,-9.949359893798828E-001,-8.812578767538071E-002,
1.007933333333333E+009,-1.607427187263966E-002,3.700659424066544E-002,-9.953100085258484E-001,-7.485317438840866E-002,-1.607427187263966E-002,3.700659424066544E-002,-9.953100085258484E-001,-7.485317438840866E-002,
1.016300000000000E+009,-2.234350331127644E-002,3.259261325001717E-002,-9.949079751968384E-001,-4.484165087342262E-002,-2.234350331127644E-002,3.259261325001717E-002,-9.949079751968384E-001,-4.484165087342262E-002,
1.024666666666667E+009,-3.091419115662575E-002,2.803293243050575E-002,-9.967625737190247E-001,-1.393671147525311E-002,-3.091419115662575E-002,2.803293243050575E-002,-9.967625737190247E-001,-1.393671147525311E-002,
1.033033333333333E+009,-3.794002160429955E-002,3.224688395857811E-002,-9.959709644317627E-001,4.072755575180054E-003,-3.794002160429955E-002,3.224688395857811E-002,-9.959709644317627E-001,4.072755575180054E-003,
1.041400000000000E+009,-4.440004751086235E-002,4.010710492730141E-002,-9.819965362548828E-001,4.400192946195602E-002,-4.440004751086235E-002,4.010710492730141E-002,-9.819965362548828E-001,4.400192946195602E-002,
1.049766666666667E+009,-4.583863914012909E-002,5.006579309701920E-002,-9.927262663841248E-001,6.227871775627136E-002,-4.583863914012909E-002,5.006579309701920E-002,-9.927262663841248E-001,6.227871775627136E-002,
1.058133333333333E+009,-4.091269522905350E-002,5.858912691473961E-002,-9.869100451469421E-001,7.994350045919418E-002,-4.091269522905350E-002,5.858912691473961E-002,-9.869100451469421E-001,7.994350045919418E-002,
1.066500000000000E+009,-3.098417818546295E-002,6.478347629308701E-002,-9.927701354026794E-001,1.177134737372398E-001,-3.098417818546295E-002,6.478347629308701E-002,-9.927701354026794E-001,1.177134737372398E-001,
1.074866666666667E+009,-2.044558152556419E-002,6.346847862005234E-002,-9.764525890350342E-001,1.376500427722931E-001,-2.044558152556419E-002,6.346847862005234E-002,-9.764525890350342E-001,1.376500427722931E-001,
1.083233333333334E+009,-9.145442396402359E-003,5.439178645610809E-002,-9.774456024169922E-001,1.593839377164841E-001,-9.145442396402359E-003,5.439178645610809E-002,-9.774456024169922E-001,1.593839377164841E-001,
1.091600000000000E+009,-3.940732218325138E-003,4.514531046152115E-002,-9.687544703483582E-001,1.808365136384964E-001,-3.940732218325138E-003,4.514531046152115E-002,-9.687544703483582E-001,1.808365136384964E-001,
1.099966666666667E+009,-4.220463335514069E-003,3.397487848997116E-002,-9.727619886398315E-001,2.193866968154907E-001,-4.220463335514069E-003,3.397487848997116E-002,-9.727619886398315E-001,2.193866968154907E-001,
1.108333333333334E+009,-1.336100045591593E-002,2.495046146214008E-002,-9.492523670196533E-001,2.260226011276245E-001,-1.336100045591593E-002,2.495046146214008E-002,-9.492523670196533E-001,2.260226011276245E-001,
1.116700000000000E+009,-2.532135881483555E-002,2.621374838054180E-002,-9.493632912635803E-001,2.701574862003326E-001,-2.532135881483555E-002,2.621374838054180E-002,-9.493632912635803E-001,2.701574862003326E-001,
1.125066666666667E+009,-3.945373371243477E-002,2.823093347251415E-002,-9.526399374008179E-001,2.793535888195038E-001,-3.945373371243477E-002,2.823093347251415E-002,-9.526399374008179E-001,2.793535888195038E-001,
1.133433333333334E+009,-4.813240841031075E-002,4.298498108983040E-002,-9.511412978172302E-001,3.054535686969757E-001,-4.813240841031075E-002,4.298498108983040E-002,-9.511412978172302E-001,3.054535686969757E-001,
1.141800000000000E+009,-4.893184453248978E-002,5.607776343822479E-002,-9.241418838500977E-001,3.249731957912445E-001,-4.893184453248978E-002,5.607776343822479E-002,-9.241418838500977E-001,3.249731957912445E-001,
1.150166666666667E+009,-4.283864423632622E-002,7.259666174650192E-002,-9.089214205741882E-001,3.526522815227509E-001,-4.283864423632622E-002,7.259666174650192E-002,-9.089214205741882E-001,3.526522815227509E-001,
1.158533333333334E+009,-2.864649519324303E-002,8.144930750131607E-002,-9.092320203781128E-001,3.770452737808228E-001,-2.864649519324303E-002,8.144930750131607E-002,-9.092320203781128E-001,3.770452737808228E-001,
1.166900000000000E+009,-9.815472178161144E-003,8.226516842842102E-002,-9.021335840225220E-001,4.096062779426575E-001,-9.815472178161144E-003,8.226516842842102E-002,-9.021335840225220E-001,4.096062779426575E-001,
1.175266666666667E+009,6.437157280743122E-003,7.170238345861435E-002,-8.921631574630737E-001,4.186830222606659E-001,6.437157280743122E-003,7.170238345861435E-002,-8.921631574630737E-001,4.186830222606659E-001,
1.183633333333334E+009,1.729888655245304E-002,5.744011700153351E-002,-8.835248351097107E-001,4.556795060634613E-001,1.729888655245304E-002,5.744011700153351E-002,-8.835248351097107E-001,4.556795060634613E-001,
1.192000000000000E+009,1.836891844868660E-002,3.719950094819069E-002,-8.735697269439697E-001,4.672044813632965E-001,1.836891844868660E-002,3.719950094819069E-002,-8.735697269439697E-001,4.672044813632965E-001,
1.200366666666667E+009,7.579962722957134E-003,2.329997904598713E-002,-8.617294430732727E-001,4.925923943519592E-001,7.579962722957134E-003,2.329997904598713E-002,-8.617294430732727E-001,4.925923943519592E-001,
1.208733333333334E+009,-8.542782627046108E-003,1.530888117849827E-002,-8.553934097290039E-001,5.147125720977783E-001,-8.542782627046108E-003,1.530888117849827E-002,-8.553934097290039E-001,5.147125720977783E-001,
1.217100000000000E+009,-2.648481726646423E-002,2.123433724045754E-002,-8.395803570747376E-001,5.327423810958862E-001,-2.648481726646423E-002,2.123433724045754E-002,-8.395803570747376E-001,5.327423810958862E-001,
1.225466666666667E+009,-3.652088344097138E-002,3.300142660737038E-002,-8.134207129478455E-001,5.596434473991394E-001,-3.652088344097138E-002,3.300142660737038E-002,-8.134207129478455E-001,5.596434473991394E-001,
1.233833333333334E+009,-4.294691234827042E-002,5.009548738598824E-002,-7.964619398117065E-001,5.774350166320801E-001,-4.294691234827042E-002,5.009548738598824E-002,-7.964619398117065E-001,5.774350166320801E-001,
1.242200000000000E+009,-3.905116394162178E-002,6.912093609571457E-002,-7.784621715545654E-001,5.870499014854431E-001,-3.905116394162178E-002,6.912093609571457E-002,-7.784621715545654E-001,5.870499014854431E-001,
1.250566666666667E+009,-2.388278022408485E-002,7.971318811178207E-002,-7.573696374893189E-001,6.157162189483643E-001,-2.388278022408485E-002,7.971318811178207E-002,-7.573696374893189E-001,6.157162189483643E-001,
1.258933333333334E+009,-4.371625836938620E-003,8.180285245180130E-002,-7.638247013092041E-001,6.340897679328919E-001,-4.371625836938620E-003,8.180285245180130E-002,-7.638247013092041E-001,6.340897679328919E-001,
1.267300000000000E+009,1.433180272579193E-002,7.202301919460297E-002,-7.475063204765320E-001,6.471517086029053E-001,1.433180272579193E-002,7.202301919460297E-002,-7.475063204765320E-001,6.471517086029053E-001,
1.275666666666667E+009,2.376848272979260E-002,5.364730581641197E-002,-7.149983644485474E-001,6.729226708412170E-001,2.376848272979260E-002,5.364730581641197E-002,-7.149983644485474E-001,6.729226708412170E-001,
1.284033333333334E+009,2.389123290777206E-002,3.271137177944183E-002,-7.080443501472473E-001,6.957463622093201E-001,2.389123290777206E-002,3.271137177944183E-002,-7.080443501472473E-001,6.957463622093201E-001,
1.292400000000000E+009,1.256013009697199E-002,1.662269234657288E-002,-6.951802372932434E-001,7.112857699394226E-001,1.256013009697199E-002,1.662269234657288E-002,-6.951802372932434E-001,7.112857699394226E-001,
1.300766666666667E+009,-6.075452547520399E-003,8.615940809249878E-003,-6.702830791473389E-001,7.277959585189819E-001,-6.075452547520399E-003,8.615940809249878E-003,-6.702830791473389E-001,7.277959585189819E-001,
1.309133333333334E+009,-2.689946815371513E-002,1.281699258834124E-002,-6.563425064086914E-001,7.473367452621460E-001,-2.689946815371513E-002,1.281699258834124E-002,-6.563425064086914E-001,7.473367452621460E-001,
1.317500000000000E+009,-4.005759954452515E-002,2.765080146491528E-002,-6.288283467292786E-001,7.587168216705322E-001,-4.005759954452515E-002,2.765080146491528E-002,-6.288283467292786E-001,7.587168216705322E-001,
1.325866666666667E+009,-4.413118958473206E-002,4.793299362063408E-002,-6.148266792297363E-001,7.701226472854614E-001,-4.413118958473206E-002,4.793299362063408E-002,-6.148266792297363E-001,7.701226472854614E-001,
1.334233333333334E+009,-3.674629703164101E-002,6.651983410120010E-002,-5.857650637626648E-001,7.911170125007629E-001,-3.674629703164101E-002,6.651983410120010E-002,-5.857650637626648E-001,7.911170125007629E-001,
1.342600000000000E+009,-2.181628346443176E-002,7.700444757938385E-002,-5.691451430320740E-001,8.051328659057617E-001,-2.181628346443176E-002,7.700444757938385E-002,-5.691451430320740E-001,8.051328659057617E-001,
1.350966666666667E+009,-2.829106524586678E-003,7.707346975803375E-002,-5.373474955558777E-001,8.353456258773804E-001,-2.829106524586678E-003,7.707346975803375E-002,-5.373474955558777E-001,8.353456258773804E-001,
1.359333333333334E+009,1.276236306875944E-002,6.687582284212112E-002,-5.303904414176941E-001,8.341572284698486E-001,1.276236306875944E-002,6.687582284212112E-002,-5.303904414176941E-001,8.341572284698486E-001,
1.367700000000000E+009,1.727097108960152E-002,4.595414176583290E-002,-5.115519165992737E-001,8.453800082206726E-001,1.727097108960152E-002,4.595414176583290E-002,-5.115519165992737E-001,8.453800082206726E-001,
1.376066666666667E+009,1.314297690987587E-002,2.825194038450718E-002,-4.954470992088318E-001,8.633784055709839E-001,1.314297690987587E-002,2.825194038450718E-002,-4.954470992088318E-001,8.633784055709839E-001,
1.384433333333334E+009,-3.036072244867683E-003,1.233039703220129E-002,-4.687573909759522E-001,8.856388330459595E-001,-3.036072244867683E-003,1.233039703220129E-002,-4.687573909759522E-001,8.856388330459595E-001,
1.392800000000000E+009,-2.377369627356529E-002,1.113166194409132E-002,-4.552352726459503E-001,8.842839002609253E-001,-2.377369627356529E-002,1.113166194409132E-002,-4.552352726459503E-001,8.842839002609253E-001,
1.401166666666667E+009,-4.358076304197311E-002,2.206302620470524E-002,-4.252406060695648E-001,9.007559418678284E-001,-4.358076304197311E-002,2.206302620470524E-002,-4.252406060695648E-001,9.007559418678284E-001,
1.409533333333334E+009,-5.576173961162567E-002,3.954911604523659E-002,-3.926862478256226E-001,9.083974361419678E-001,-5.576173961162567E-002,3.954911604523659E-002,-3.926862478256226E-001,9.083974361419678E-001,
1.417900000000000E+009,-5.665277317166328E-002,6.530073285102844E-002,-3.823194205760956E-001,9.016798138618469E-001,-5.665277317166328E-002,6.530073285102844E-002,-3.823194205760956E-001,9.016798138618469E-001,
1.426266666666667E+009,-4.264223203063011E-002,8.415607362985611E-002,-3.475317358970642E-001,9.232443571090698E-001,-4.264223203063011E-002,8.415607362985611E-002,-3.475317358970642E-001,9.232443571090698E-001,
1.434633333333334E+009,-2.365987189114094E-002,9.589216858148575E-002,-3.177928626537323E-001,9.314375519752502E-001,-2.365987189114094E-002,9.589216858148575E-002,-3.177928626537323E-001,9.314375519752502E-001,
1.443000000000000E+009,-1.339339069090784E-003,9.616500139236450E-002,-3.021666407585144E-001,9.374184608459473E-001,-1.339339069090784E-003,9.616500139236450E-002,-3.021666407585144E-001,9.374184608459473E-001,
1.451366666666667E+009,1.502237655222416E-002,8.382526785135269E-002,-2.739942967891693E-001,9.420941472053528E-001,1.502237655222416E-002,8.382526785135269E-002,-2.739942967891693E-001,9.420941472053528E-001,
1.459733333333334E+009,2.446812391281128E-002,6.303185969591141E-002,-2.580171823501587E-001,9.494225978851318E-001,2.446812391281128E-002,6.303185969591141E-002,-2.580171823501587E-001,9.494225978851318E-001,
1.468100000000000E+009,1.576984860002995E-002,4.375065490603447E-002,-2.348460853099823E-001,9.629296064376831E-001,1.576984860002995E-002,4.375065490603447E-002,-2.348460853099823E-001,9.629296064376831E-001,
1.476466666666667E+009,-1.962363312486559E-004,3.365099802613258E-002,-2.104602158069611E-001,9.716977477073669E-001,-1.962363312486559E-004,3.365099802613258E-002,-2.104602158069611E-001,9.716977477073669E-001,
1.484833333333334E+009,-2.045585028827190E-002,3.111067600548267E-002,-1.827358901500702E-001,9.817730188369751E-001,-2.045585028827190E-002,3.111067600548267E-002,-1.827358901500702E-001,9.817730188369751E-001,
1.493200000000000E+009,-3.799347579479218E-002,4.221386462450028E-002,-1.503183096647263E-001,9.863941073417664E-001,-3.799347579479218E-002,4.221386462450028E-002,-1.503183096647263E-001,9.863941073417664E-001,
1.501566666666667E+009,-4.783379659056664E-002,6.141076982021332E-002,-1.327249705791473E-001,9.766611456871033E-001,-4.783379659056664E-002,6.141076982021332E-002,-1.327249705791473E-001,9.766611456871033E-001,
1.509933333333334E+009,-4.519553110003471E-002,8.522313088178635E-002,-1.047537028789520E-001,9.794257283210754E-001,-4.519553110003471E-002,8.522313088178635E-002,-1.047537028789520E-001,9.794257283210754E-001,
1.518300000000000E+009,-2.906814962625504E-002,1.034468039870262E-001,-7.884671539068222E-002,9.847205877304077E-001,-2.906814962625504E-002,1.034468039870262E-001,-7.884671539068222E-002,9.847205877304077E-001,
1.526666666666667E+009,-8.711542934179306E-003,1.105177477002144E-001,-6.216931715607643E-002,9.881876111030579E-001,-8.711542934179306E-003,1.105177477002144E-001,-6.216931715607643E-002,9.881876111030579E-001,
1.535033333333334E+009,1.383358892053366E-002,1.079993695020676E-001,-3.608966246247292E-002,9.832040071487427E-001,1.383358892053366E-002,1.079993695020676E-001,-3.608966246247292E-002,9.832040071487427E-001,
1.543400000000000E+009,3.051035292446613E-002,9.633806347846985E-002,-7.180539891123772E-003,9.844921827316284E-001,3.051035292446613E-002,9.633806347846985E-002,-7.180539891123772E-003,9.844921827316284E-001,
1.551766666666667E+009,3.580828756093979E-002,7.624879479408264E-002,1.646922715008259E-002,9.894139766693115E-001,3.580828756093979E-002,7.624879479408264E-002,1.646922715008259E-002,9.894139766693115E-001,
1.560133333333334E+009,3.072199225425720E-002,5.712869018316269E-002,4.566095396876335E-002,9.974104166030884E-001,3.072199225425720E-002,5.712869018316269E-002,4.566095396876335E-002,9.974104166030884E-001,
1.568500000000000E+009,1.477939262986183E-002,4.625057056546211E-002,6.526680290699005E-002,9.760470390319824E-001,1.477939262986183E-002,4.625057056546211E-002,6.526680290699005E-002,9.760470390319824E-001,
1.576866666666667E+009,-3.206399735063314E-003,4.577347263693810E-002,8.988554775714874E-002,9.895269274711609E-001,-3.206399735063314E-003,4.577347263693810E-002,8.988554775714874E-002,9.895269274711609E-001,
1.585233333333334E+009,-1.975266635417938E-002,5.703044682741165E-002,1.181316748261452E-001,9.784919619560242E-001,-1.975266635417938E-002,5.703044682741165E-002,1.181316748261452E-001,9.784919619560242E-001,
1.593600000000000E+009,-2.503335103392601E-002,7.297281175851822E-002,1.425642222166061E-001,9.788264632225037E-001,-2.503335103392601E-002,7.297281175851822E-002,1.425642222166061E-001,9.788264632225037E-001,
1.601966666666667E+009,-2.244563959538937E-002,9.390437602996826E-002,1.638683676719666E-001,9.877310991287231E-001,-2.244563959538937E-002,9.390437602996826E-002,1.638683676719666E-001,9.877310991287231E-001,
1.610333333333334E+009,-8.426913991570473E-003,1.079719737172127E-001,1.919095218181610E-001,9.713411927223206E-001,-8.426913991570473E-003,1.079719737172127E-001,1.919095218181610E-001,9.713411927223206E-001,
1.618700000000000E+009,1.128659397363663E-002,1.130496188998222E-001,2.153616249561310E-001,9.572621583938599E-001,1.128659397363663E-002,1.130496188998222E-001,2.153616249561310E-001,9.572621583938599E-001,
1.627066666666667E+009,3.002123162150383E-002,1.096211448311806E-001,2.385254651308060E-001,9.490633606910706E-001,3.002123162150383E-002,1.096211448311806E-001,2.385254651308060E-001,9.490633606910706E-001,
1.635433333333334E+009,4.145334661006928E-002,9.682866185903549E-002,2.563386261463165E-001,9.436318874359131E-001,4.145334661006928E-002,9.682866185903549E-002,2.563386261463165E-001,9.436318874359131E-001,
1.643800000000000E+009,4.571510851383209E-002,8.029536157846451E-002,2.863649129867554E-001,9.502939581871033E-001,4.571510851383209E-002,8.029536157846451E-002,2.863649129867554E-001,9.502939581871033E-001,
1.652166666666667E+009,4.018763452768326E-002,6.710282713174820E-002,3.113326132297516E-001,9.400799870491028E-001,4.018763452768326E-002,6.710282713174820E-002,3.113326132297516E-001,9.400799870491028E-001,
1.660533333333334E+009,2.632882632315159E-002,5.836031958460808E-002,3.242935538291931E-001,9.255113005638123E-001,2.632882632315159E-002,5.836031958460808E-002,3.242935538291931E-001,9.255113005638123E-001,
1.668900000000000E+009,1.158008072525263E-002,6.208822503685951E-002,3.588586747646332E-001,9.225919246673584E-001,1.158008072525263E-002,6.208822503685951E-002,3.588586747646332E-001,9.225919246673584E-001,
1.677266666666667E+009,5.313542205840349E-004,7.073276489973068E-002,3.900717496871948E-001,9.013615846633911E-001,5.313542205840349E-004,7.073276489973068E-002,3.900717496871948E-001,9.013615846633911E-001,
1.685633333333334E+009,-2.447014441713691E-003,8.871298283338547E-002,4.098140597343445E-001,9.021281003952026E-001,-2.447014441713691E-003,8.871298283338547E-002,4.098140597343445E-001,9.021281003952026E-001,
1.694000000000000E+009,3.690017387270927E-003,1.035037264227867E-001,4.269334673881531E-001,8.880257010459900E-001,3.690017387270927E-003,1.035037264227867E-001,4.269334673881531E-001,8.880257010459900E-001,
1.702366666666667E+009,1.764569804072380E-002,1.153906658291817E-001,4.483613967895508E-001,8.786320090293884E-001,1.764569804072380E-002,1.153906658291817E-001,4.483613967895508E-001,8.786320090293884E-001,
1.710733333333334E+009,3.877360746264458E-002,1.191769614815712E-001,4.771291911602020E-001,8.582649827003479E-001,3.877360746264458E-002,1.191769614815712E-001,4.771291911602020E-001,8.582649827003479E-001,
1.719100000000000E+009,5.616715550422669E-002,1.126054450869560E-001,4.927985966205597E-001,8.509418964385986E-001,5.616715550422669E-002,1.126054450869560E-001,4.927985966205597E-001,8.509418964385986E-001,
1.727466666666667E+009,6.775933504104614E-002,1.016023978590965E-001,5.164217948913574E-001,8.363925218582153E-001,6.775933504104614E-002,1.016023978590965E-001,5.164217948913574E-001,8.363925218582153E-001,
1.735833333333334E+009,7.474415749311447E-002,8.398386090993881E-002,5.371160507202148E-001,8.211058974266052E-001,7.474415749311447E-002,8.398386090993881E-002,5.371160507202148E-001,8.211058974266052E-001,
1.744200000000000E+009,6.957272440195084E-002,6.884434074163437E-002,5.597109794616699E-001,8.083214759826660E-001,6.957272440195084E-002,6.884434074163437E-002,5.597109794616699E-001,8.083214759826660E-001,
1.752566666666667E+009,5.909593775868416E-002,5.881743878126144E-002,5.806860923767090E-001,8.035771250724793E-001,5.909593775868416E-002,5.881743878126144E-002,5.806860923767090E-001,8.035771250724793E-001,
1.760933333333334E+009,4.634160548448563E-002,5.548910796642304E-002,5.979685187339783E-001,7.864475846290588E-001,4.634160548448563E-002,5.548910796642304E-002,5.979685187339783E-001,7.864475846290588E-001,
1.769300000000000E+009,3.323414921760559E-002,6.035013496875763E-002,6.188530921936035E-001,7.621634602546692E-001,3.323414921760559E-002,6.035013496875763E-002,6.188530921936035E-001,7.621634602546692E-001,
1.777666666666667E+009,2.540112286806107E-002,7.150966674089432E-002,6.442159414291382E-001,7.474707961082459E-001,2.540112286806107E-002,7.150966674089432E-002,6.442159414291382E-001,7.474707961082459E-001,
1.786033333333334E+009,2.516267448663712E-002,8.562196791172028E-002,6.580834984779358E-001,7.380120158195496E-001,2.516267448663712E-002,8.562196791172028E-002,6.580834984779358E-001,7.380120158195496E-001,
1.794400000000000E+009,3.005333058536053E-002,9.648149460554123E-002,6.760312914848328E-001,7.172439098358154E-001,3.005333058536053E-002,9.648149460554123E-002,6.760312914848328E-001,7.172439098358154E-001,
1.802766666666667E+009,4.381358996033669E-002,1.048469543457031E-001,6.993721723556519E-001,6.996970772743225E-001,4.381358996033669E-002,1.048469543457031E-001,6.993721723556519E-001,6.996970772743225E-001,
1.811133333333334E+009,5.742353945970535E-002,1.054534688591957E-001,7.134383916854858E-001,6.732242703437805E-001,5.742353945970535E-002,1.054534688591957E-001,7.134383916854858E-001,6.732242703437805E-001,
1.819500000000000E+009,6.967249512672424E-002,1.017507612705231E-001,7.262283563613892E-001,6.645607352256775E-001,6.967249512672424E-002,1.017507612705231E-001,7.262283563613892E-001,6.645607352256775E-001,
1.827866666666667E+009,7.966669648885727E-002,9.253598004579544E-002,7.409422397613525E-001,6.389108300209045E-001,7.966669648885727E-002,9.253598004579544E-002,7.409422397613525E-001,6.389108300209045E-001,
1.836233333333334E+009,8.269911259412766E-002,8.228700608015060E-002,7.639218568801880E-001,6.278460621833801E-001,8.269911259412766E-002,8.228700608015060E-002,7.639218568801880E-001,6.278460621833801E-001,
1.844600000000000E+009,7.782205194234848E-002,7.524970173835754E-002,7.759596109390259E-001,6.146237850189209E-001,7.782205194234848E-002,7.524970173835754E-002,7.759596109390259E-001,6.146237850189209E-001,
1.852966666666667E+009,7.171416282653809E-002,7.038809359073639E-002,7.935829162597656E-001,5.815901160240173E-001,7.171416282653809E-002,7.038809359073639E-002,7.935829162597656E-001,5.815901160240173E-001,
1.861333333333334E+009,6.686784327030182E-002,6.783616542816162E-002,8.133443593978882E-001,5.699440836906433E-001,6.686784327030182E-002,6.783616542816162E-002,8.133443593978882E-001,5.699440836906433E-001,
1.869700000000000E+009,6.178126111626625E-002,7.326710969209671E-002,8.178220391273499E-001,5.417565703392029E-001,6.178126111626625E-002,7.326710969209671E-002,8.178220391273499E-001,5.417565703392029E-001,
1.878066666666667E+009,6.110661849379540E-002,7.944480329751968E-002,8.395114541053772E-001,5.246171355247498E-001,6.110661849379540E-002,7.944480329751968E-002,8.395114541053772E-001,5.246171355247498E-001,
1.886433333333334E+009,6.656975299119949E-002,8.962796628475189E-002,8.451127409934998E-001,4.919066131114960E-001,6.656975299119949E-002,8.962796628475189E-002,8.451127409934998E-001,4.919066131114960E-001,
1.894800000000000E+009,7.462757080793381E-002,9.518243372440338E-002,8.580822944641113E-001,4.832353293895721E-001,7.462757080793381E-002,9.518243372440338E-002,8.580822944641113E-001,4.832353293895721E-001,
1.903166666666667E+009,8.645919710397720E-002,9.572105854749680E-002,8.734911680221558E-001,4.588460922241211E-001,8.645919710397720E-002,9.572105854749680E-002,8.734911680221558E-001,4.588460922241211E-001,
1.911533333333334E+009,1.001834049820900E-001,9.284958243370056E-002,8.797324895858765E-001,4.239418208599091E-001,1.001834049820900E-001,9.284958243370056E-002,8.797324895858765E-001,4.239418208599091E-001,
1.919900000000000E+009,1.108158081769943E-001,8.416477590799332E-002,9.009977579116821E-001,4.053949117660523E-001,1.108158081769943E-001,8.416477590799332E-002,9.009977579116821E-001,4.053949117660523E-001,
1.928266666666667E+009,1.157638281583786E-001,7.374296337366104E-002,9.059911966323853E-001,3.929209411144257E-001,1.157638281583786E-001,7.374296337366104E-002,9.059911966323853E-001,3.929209411144257E-001,
1.936633333333334E+009,1.167310476303101E-001,6.025458499789238E-002,9.104255437850952E-001,3.649711608886719E-001,1.167310476303101E-001,6.025458499789238E-002,9.104255437850952E-001,3.649711608886719E-001,
1.945000000000000E+009,1.105375215411186E-001,4.970346391201019E-002,9.241004586219788E-001,3.416817784309387E-001,1.105375215411186E-001,4.970346391201019E-002,9.241004586219788E-001,3.416817784309387E-001,
1.953366666666667E+009,1.011213213205338E-001,4.632930830121040E-002,9.329258799552918E-001,3.259524405002594E-001,1.011213213205338E-001,4.632930830121040E-002,9.329258799552918E-001,3.259524405002594E-001,
1.961733333333334E+009,9.021973609924316E-002,4.706736281514168E-002,9.380466938018799E-001,3.043233454227448E-001,9.021973609924316E-002,4.706736281514168E-002,9.380466938018799E-001,3.043233454227448E-001,
1.970100000000000E+009,8.326068520545960E-002,5.419637262821198E-002,9.550401568412781E-001,2.728089094161987E-001,8.326068520545960E-002,5.419637262821198E-002,9.550401568412781E-001,2.728089094161987E-001,
1.978466666666667E+009,8.317001163959503E-002,6.516357511281967E-002,9.474405646324158E-001,2.456037998199463E-001,8.317001163959503E-002,6.516357511281967E-002,9.474405646324158E-001,2.456037998199463E-001,
1.986833333333334E+009,9.023562818765640E-002,7.592479884624481E-002,9.642804265022278E-001,2.333298325538635E-001,9.023562818765640E-002,7.592479884624481E-002,9.642804265022278E-001,2.333298325538635E-001,
1.995200000000000E+009,1.031162589788437E-001,8.138760924339294E-002,9.508364200592041E-001,1.999686360359192E-001,1.031162589788437E-001,8.138760924339294E-002,9.508364200592041E-001,1.999686360359192E-001,
2.003566666666667E+009,1.202542930841446E-001,8.248862624168396E-002,9.665462970733643E-001,1.698386073112488E-001,1.202542930841446E-001,8.248862624168396E-002,9.665462970733643E-001,1.698386073112488E-001,
2.011933333333334E+009,1.358986049890518E-001,7.437150925397873E-002,9.710984230041504E-001,1.440177857875824E-001,1.358986049890518E-001,7.437150925397873E-002,9.710984230041504E-001,1.440177857875824E-001,
2.020300000000000E+009,1.458844244480133E-001,5.979158356785774E-002,9.685849547386169E-001,1.310665905475617E-001,1.458844244480133E-001,5.979158356785774E-002,9.685849547386169E-001,1.310665905475617E-001,
2.028666666666667E+009,1.503048539161682E-001,3.951590508222580E-002,9.809757471084595E-001,9.663339704275131E-002,1.503048539161682E-001,3.951590508222580E-002,9.809757471084595E-001,9.663339704275131E-002,
2.037033333333334E+009,1.444157809019089E-001,2.470572106540203E-002,9.798613190650940E-001,8.429672569036484E-002,1.444157809019089E-001,2.470572106540203E-002,9.798613190650940E-001,8.429672569036484E-002,
2.045400000000000E+009,1.333178132772446E-001,1.620587334036827E-002,9.860604405403137E-001,5.600024759769440E-002,1.333178132772446E-001,1.620587334036827E-002,9.860604405403137E-001,5.600024759769440E-002,
2.053766666666667E+009,1.196849495172501E-001,1.038324274122715E-002,9.833156466484070E-001,2.924138493835926E-002,1.196849495172501E-001,1.038324274122715E-002,9.833156466484070E-001,2.924138493835926E-002,
2.062133333333334E+009,1.070511043071747E-001,1.622041687369347E-002,9.879129528999329E-001,-5.829257424920797E-004,1.070511043071747E-001,1.622041687369347E-002,9.879129528999329E-001,-5.829257424920797E-004,
2.070500000000000E+009,1.000165343284607E-001,3.032778389751911E-002,9.826262593269348E-001,-2.632109075784683E-002,1.000165343284607E-001,3.032778389751911E-002,9.826262593269348E-001,-2.632109075784683E-002,
2.078866666666667E+009,1.058100461959839E-001,4.333187267184258E-002,9.798389077186585E-001,-5.283375084400177E-002,1.058100461959839E-001,4.333187267184258E-002,9.798389077186585E-001,-5.283375084400177E-002,
2.087233333333334E+009,1.213011741638184E-001,5.270107090473175E-002,9.862368106842041E-001,-8.323523402214050E-002,1.213011741638184E-001,5.270107090473175E-002,9.862368106842041E-001,-8.323523402214050E-002,
2.095600000000000E+009,1.384812891483307E-001,5.182112008333206E-002,9.787646532058716E-001,-1.056608855724335E-001,1.384812891483307E-001,5.182112008333206E-002,9.787646532058716E-001,-1.056608855724335E-001,
2.103966666666667E+009,1.579794734716415E-001,4.101192951202393E-002,9.634286165237427E-001,-1.311171650886536E-001,1.579794734716415E-001,4.101192951202393E-002,9.634286165237427E-001,-1.311171650886536E-001,
2.112333333333334E+009,1.700035929679871E-001,1.977983489632607E-002,9.649553298950195E-001,-1.488508284091950E-001,1.700035929679871E-001,1.977983489632607E-002,9.649553298950195E-001,-1.488508284091950E-001,
2.120700000000000E+009,1.715321838855743E-001,-4.987129475921392E-003,9.584017992019653E-001,-1.813257783651352E-001,1.715321838855743E-001,-4.987129475921392E-003,9.584017992019653E-001,-1.813257783651352E-001,
2.129066666666667E+009,1.641642004251480E-001,-2.515153773128986E-002,9.406480193138123E-001,-1.990197151899338E-001,1.641642004251480E-001,-2.515153773128986E-002,9.406480193138123E-001,-1.990197151899338E-001,
2.137433333333334E+009,1.436831951141357E-001,-3.670885786414146E-002,9.547853469848633E-001,-2.287224531173706E-001,1.436831951141357E-001,-3.670885786414146E-002,9.547853469848633E-001,-2.287224531173706E-001,
2.145800000000000E+009,1.220602840185165E-001,-4.005673900246620E-002,9.480773806571960E-001,-2.447954267263413E-001,1.220602840185165E-001,-4.005673900246620E-002,9.480773806571960E-001,-2.447954267263413E-001,
2.154166666666667E+009,1.014171689748764E-001,-2.790306881070137E-002,9.459535479545593E-001,-2.723911702632904E-001,1.014171689748764E-001,-2.790306881070137E-002,9.459535479545593E-001,-2.723911702632904E-001,
2.162533333333334E+009,9.310062974691391E-002,-9.276146069169045E-003,9.366430640220642E-001,-2.989197969436646E-001,9.310062974691391E-002,-9.276146069169045E-003,9.366430640220642E-001,-2.989197969436646E-001,
2.170900000000000E+009,9.931337833404541E-002,1.128845103085041E-002,9.287343025207520E-001,-3.306786417961121E-001,9.931337833404541E-002,1.128845103085041E-002,9.287343025207520E-001,-3.306786417961121E-001,
2.179266666666667E+009,1.148590147495270E-001,2.511868439614773E-002,9.202076792716980E-001,-3.516989648342133E-001,1.148590147495270E-001,2.511868439614773E-002,9.202076792716980E-001,-3.516989648342133E-001,
2.187633333333334E+009,1.384383440017700E-001,2.680551633238792E-002,9.081691503524780E-001,-3.709717392921448E-001,1.384383440017700E-001,2.680551633238792E-002,9.081691503524780E-001,-3.709717392921448E-001,
2.196000000000000E+009,1.602924317121506E-001,1.289569027721882E-002,8.985320329666138E-001,-3.906094431877136E-001,1.602924317121506E-001,1.289569027721882E-002,8.985320329666138E-001,-3.906094431877136E-001,
2.204366666666667E+009,1.748888939619064E-001,-8.958994410932064E-003,8.986164927482605E-001,-4.093500673770905E-001,1.748888939619064E-001,-8.958994410932064E-003,8.986164927482605E-001,-4.093500673770905E-001,
2.212733333333334E+009,1.766314804553986E-001,-3.758155554533005E-002,8.756907582283020E-001,-4.237931370735169E-001,1.766314804553986E-001,-3.758155554533005E-002,8.756907582283020E-001,-4.237931370735169E-001,
2.221100000000000E+009,1.629216074943543E-001,-6.103452667593956E-002,8.679333329200745E-001,-4.529874920845032E-001,1.629216074943543E-001,-6.103452667593956E-002,8.679333329200745E-001,-4.529874920845032E-001,
2.229466666666667E+009,1.414025425910950E-001,-7.665219157934189E-002,8.622351884841919E-001,-4.725166559219360E-001,1.414025425910950E-001,-7.665219157934189E-002,8.622351884841919E-001,-4.725166559219360E-001,
2.237833333333334E+009,1.141813695430756E-001,-7.767293602228165E-002,8.434301018714905E-001,-5.010033249855042E-001,1.141813695430756E-001,-7.767293602228165E-002,8.434301018714905E-001,-5.010033249855042E-001,
2.246200000000000E+009,9.288249164819717E-002,-6.601653248071671E-002,8.355844020843506E-001,-5.188940763473511E-001,9.288249164819717E-002,-6.601653248071671E-002,8.355844020843506E-001,-5.188940763473511E-001,
2.254566666666667E+009,8.356662839651108E-002,-4.311868175864220E-002,8.227468729019165E-001,-5.402591824531555E-001,8.356662839651108E-002,-4.311868175864220E-002,8.227468729019165E-001,-5.402591824531555E-001,
2.262933333333334E+009,8.847503364086151E-002,-2.030520886182785E-002,8.117920160293579E-001,-5.675975084304810E-001,8.847503364086151E-002,-2.030520886182785E-002,8.117920160293579E-001,-5.675975084304810E-001,
2.271300000000000E+009,1.066532060503960E-001,-4.944982007145882E-003,7.861735224723816E-001,-5.871647000312805E-001,1.066532060503960E-001,-4.944982007145882E-003,7.861735224723816E-001,-5.871647000312805E-001,
2.279666666666667E+009,1.319674551486969E-001,-4.497047979384661E-003,7.704569697380066E-001,-6.068912148475647E-001,1.319674551486969E-001,-4.497047979384661E-003,7.704569697380066E-001,-6.068912148475647E-001,
2.288033333333334E+009,1.526322662830353E-001,-1.888123154640198E-002,7.514354586601257E-001,-6.200322508811951E-001,1.526322662830353E-001,-1.888123154640198E-002,7.514354586601257E-001,-6.200322508811951E-001,
2.296400000000000E+009,1.642283350229263E-001,-4.478289186954498E-002,7.375749945640564E-001,-6.363402605056763E-001,1.642283350229263E-001,-4.478289186954498E-002,7.375749945640564E-001,-6.363402605056763E-001,
2.304766666666667E+009,1.622123122215271E-001,-7.132875174283981E-002,7.212955355644226E-001,-6.567373275756836E-001,1.622123122215271E-001,-7.132875174283981E-002,7.212955355644226E-001,-6.567373275756836E-001,
2.313133333333334E+009,1.439598798751831E-001,-9.352218359708786E-002,7.068981528282166E-001,-6.680634617805481E-001,1.439598798751831E-001,-9.352218359708786E-002,7.068981528282166E-001,-6.680634617805481E-001,
2.321500000000000E+009,1.209722757339478E-001,-1.024959161877632E-001,6.950327754020691E-001,-6.941232085227966E-001,1.209722757339478E-001,-1.024959161877632E-001,6.950327754020691E-001,-6.941232085227966E-001,
2.329866666666667E+009,9.316176921129227E-002,-9.680172055959702E-002,6.778407692909241E-001,-7.088421583175659E-001,9.316176921129227E-002,-9.680172055959702E-002,6.778407692909241E-001,-7.088421583175659E-001,
2.338233333333334E+009,7.734728604555130E-002,-7.745230942964554E-002,6.544898748397827E-001,-7.271018624305725E-001,7.734728604555130E-002,-7.745230942964554E-002,6.544898748397827E-001,-7.271018624305725E-001,
2.346600000000000E+009,7.708027213811874E-002,-5.274439975619316E-002,6.416951417922974E-001,-7.512302994728088E-001,7.708027213811874E-002,-5.274439975619316E-002,6.416951417922974E-001,-7.512302994728088E-001,
2.354966666666667E+009,9.093071520328522E-002,-3.250835090875626E-002,6.183653473854065E-001,-7.621667385101318E-001,9.093071520328522E-002,-3.250835090875626E-002,6.183653473854065E-001,-7.621667385101318E-001,
2.363333333333334E+009,1.149405837059021E-001,-2.464560046792030E-002,5.922724604606628E-001,-7.812731862068176E-001,1.149405837059021E-001,-2.464560046792030E-002,5.922724604606628E-001,-7.812731862068176E-001,
2.371700000000000E+009,1.427540034055710E-001,-3.567233681678772E-002,5.704723000526428E-001,-7.948873043060303E-001,1.427540034055710E-001,-3.567233681678772E-002,5.704723000526428E-001,-7.948873043060303E-001,
2.380066666666667E+009,1.621090769767761E-001,-6.223578751087189E-002,5.542117357254028E-001,-7.938169240951538E-001,1.621090769767761E-001,-6.223578751087189E-002,5.542117357254028E-001,-7.938169240951538E-001,
2.388433333333334E+009,1.656477302312851E-001,-9.660681337118149E-002,5.293609499931335E-001,-8.177191019058228E-001,1.656477302312851E-001,-9.660681337118149E-002,5.293609499931335E-001,-8.177191019058228E-001,
2.396800000000000E+009,1.465199440717697E-001,-1.325590312480927E-001,5.110477209091187E-001,-8.239585757255554E-001,1.465199440717697E-001,-1.325590312480927E-001,5.110477209091187E-001,-8.239585757255554E-001,
2.405166666666667E+009,1.180469170212746E-001,-1.553344577550888E-001,4.990303516387940E-001,-8.402127623558044E-001,1.180469170212746E-001,-1.553344577550888E-001,4.990303516387940E-001,-8.402127623558044E-001,
2.413533333333334E+009,8.048094063997269E-002,-1.617199778556824E-001,4.756645262241364E-001,-8.468198776245117E-001,8.048094063997269E-002,-1.617199778556824E-001,4.756645262241364E-001,-8.468198776245117E-001,
2.421900000000000E+009,4.240704327821732E-002,-1.447385698556900E-001,4.644700586795807E-001,-8.741165399551392E-001,4.240704327821732E-002,-1.447385698556900E-001,4.644700586795807E-001,-8.741165399551392E-001,
2.430266666666667E+009,1.981238089501858E-002,-1.148227229714394E-001,4.354873299598694E-001,-8.831601738929749E-001,1.981238089501858E-002,-1.148227229714394E-001,4.354873299598694E-001,-8.831601738929749E-001,
2.438633333333334E+009,1.556146051734686E-002,-7.560497522354126E-002,4.154373109340668E-001,-8.988429903984070E-001,1.556146051734686E-002,-7.560497522354126E-002,4.154373109340668E-001,-8.988429903984070E-001,
2.447000000000000E+009,3.255224600434303E-002,-4.056655988097191E-002,3.884325921535492E-001,-9.106411337852478E-001,3.255224600434303E-002,-4.056655988097191E-002,3.884325921535492E-001,-9.106411337852478E-001,
2.455366666666667E+009,6.490828096866608E-002,-2.316645905375481E-002,3.548753857612610E-001,-9.238847494125366E-001,6.490828096866608E-002,-2.316645905375481E-002,3.548753857612610E-001,-9.238847494125366E-001,
2.463733333333334E+009,9.952417016029358E-002,-2.456440404057503E-002,3.318463563919067E-001,-9.302764534950256E-001,9.952417016029358E-002,-2.456440404057503E-002,3.318463563919067E-001,-9.302764534950256E-001,
2.472100000000000E+009,1.299456059932709E-001,-4.899309203028679E-002,3.015626072883606E-001,-9.344130754470825E-001,1.299456059932709E-001,-4.899309203028679E-002,3.015626072883606E-001,-9.344130754470825E-001,
2.480466666666667E+009,1.408529430627823E-001,-8.420828729867935E-002,2.742256522178650E-001,-9.366185665130615E-001,1.408529430627823E-001,-8.420828729867935E-002,2.742256522178650E-001,-9.366185665130615E-001,
2.488833333333334E+009,1.318522840738297E-001,-1.206917390227318E-001,2.562426626682282E-001,-9.402207732200623E-001,1.318522840738297E-001,-1.206917390227318E-001,2.562426626682282E-001,-9.402207732200623E-001,
2.497200000000000E+009,1.067445725202560E-001,-1.452483385801315E-001,2.356544435024262E-001,-9.447926878929138E-001,1.067445725202560E-001,-1.452483385801315E-001,2.356544435024262E-001,-9.447926878929138E-001,
2.505566666666667E+009,7.313399761915207E-002,-1.530980914831162E-001,2.150920480489731E-001,-9.496371746063232E-001,7.313399761915207E-002,-1.530980914831162E-001,2.150920480489731E-001,-9.496371746063232E-001,
2.513933333333334E+009,4.040675237774849E-002,-1.417776495218277E-001,1.985111534595490E-001,-9.541212320327759E-001,4.040675237774849E-002,-1.417776495218277E-001,1.985111534595490E-001,-9.541212320327759E-001,
2.522300000000000E+009,2.081597596406937E-002,-1.163019090890884E-001,1.689756065607071E-001,-9.752606153488159E-001,2.081597596406937E-002,-1.163019090890884E-001,1.689756065607071E-001,-9.752606153488159E-001,
2.530666666666667E+009,1.963835395872593E-002,-8.421541005373001E-002,1.420002430677414E-001,-9.809489846229553E-001,1.963835395872593E-002,-8.421541005373001E-002,1.420002430677414E-001,-9.809489846229553E-001,
2.539033333333334E+009,3.867702558636665E-002,-5.714451149106026E-002,1.153978556394577E-001,-9.772883653640747E-001,3.867702558636665E-002,-5.714451149106026E-002,1.153978556394577E-001,-9.772883653640747E-001,
2.547400000000000E+009,6.846118718385696E-002,-4.558605328202248E-002,8.874583244323731E-002,-9.805806279182434E-001,6.846118718385696E-002,-4.558605328202248E-002,8.874583244323731E-002,-9.805806279182434E-001,
2.555766666666667E+009,9.798326343297958E-002,-5.360455065965653E-002,5.659092590212822E-002,-9.824438691139221E-001,9.798326343297958E-002,-5.360455065965653E-002,5.659092590212822E-002,-9.824438691139221E-001,
2.564133333333334E+009,1.200074180960655E-001,-7.896956056356430E-002,3.758881986141205E-002,-9.761526584625244E-001,1.200074180960655E-001,-7.896956056356430E-002,3.758881986141205E-002,-9.761526584625244E-001,
2.572500000000000E+009,1.243682280182838E-001,-1.147304922342300E-001,8.243228308856487E-003,-9.754384756088257E-001,1.243682280182838E-001,-1.147304922342300E-001,8.243228308856487E-003,-9.754384756088257E-001,
2.580866666666667E+009,1.099270358681679E-001,-1.471281647682190E-001,-1.152019575238228E-002,-9.696874618530273E-001,1.099270358681679E-001,-1.471281647682190E-001,-1.152019575238228E-002,-9.696874618530273E-001,
2.589233333333334E+009,8.062593638896942E-002,-1.689041107892990E-001,-2.945155650377274E-002,-9.647963047027588E-001,8.062593638896942E-002,-1.689041107892990E-001,-2.945155650377274E-002,-9.647963047027588E-001,
2.597600000000000E+009,4.276796430349350E-002,-1.719965040683746E-001,-5.077274888753891E-002,-9.661090970039368E-001,4.276796430349350E-002,-1.719965040683746E-001,-5.077274888753891E-002,-9.661090970039368E-001,
2.605966666666667E+009,1.075289025902748E-002,-1.578887999057770E-001,-7.632134109735489E-002,-9.743931293487549E-001,1.075289025902748E-002,-1.578887999057770E-001,-7.632134109735489E-002,-9.743931293487549E-001,
2.614333333333334E+009,-9.019625373184681E-003,-1.283064484596252E-001,-9.788096696138382E-002,-9.794520139694214E-001,-9.019625373184681E-003,-1.283064484596252E-001,-9.788096696138382E-002,-9.794520139694214E-001,
2.622700000000000E+009,-9.469528682529926E-003,-9.373323619365692E-002,-1.315037757158279E-001,-9.804248809814453E-001,-9.469528682529926E-003,-9.373323619365692E-002,-1.315037757158279E-001,-9.804248809814453E-001,
2.631066666666667E+009,1.127961743623018E-002,-6.477198749780655E-002,-1.554769575595856E-001,-9.757379889488220E-001,1.127961743623018E-002,-6.477198749780655E-002,-1.554769575595856E-001,-9.757379889488220E-001,
2.639433333333334E+009,4.160612076520920E-002,-5.235611274838448E-002,-1.870783120393753E-001,-9.679783582687378E-001,4.160612076520920E-002,-5.235611274838448E-002,-1.870783120393753E-001,-9.679783582687378E-001,
2.647800000000000E+009,7.487151026725769E-002,-6.004007533192635E-002,-2.092963159084320E-001,-9.583468437194824E-001,7.487151026725769E-002,-6.004007533192635E-002,-2.092963159084320E-001,-9.583468437194824E-001,
2.656166666666667E+009,9.488603472709656E-002,-8.452350646257401E-002,-2.413442432880402E-001,-9.556268453598023E-001,9.488603472709656E-002,-8.452350646257401E-002,-2.413442432880402E-001,-9.556268453598023E-001,
2.664533333333334E+009,9.980687499046326E-002,-1.182550862431526E-001,-2.581897974014282E-001,-9.346457123756409E-001,9.980687499046326E-002,-1.182550862431526E-001,-2.581897974014282E-001,-9.346457123756409E-001,
2.672900000000000E+009,8.502070605754852E-002,-1.476972699165344E-001,-2.764416038990021E-001,-9.296113848686218E-001,8.502070605754852E-002,-1.476972699165344E-001,-2.764416038990021E-001,-9.296113848686218E-001,
2.681266666666667E+009,5.638045817613602E-002,-1.675843745470047E-001,-2.980847954750061E-001,-9.253850579261780E-001,5.638045817613602E-002,-1.675843745470047E-001,-2.980847954750061E-001,-9.253850579261780E-001,
2.689633333333334E+009,2.283525094389916E-002,-1.697522103786469E-001,-3.201314508914948E-001,-9.199126958847046E-001,2.283525094389916E-002,-1.697522103786469E-001,-3.201314508914948E-001,-9.199126958847046E-001,
2.698000000000000E+009,-8.733213879168034E-003,-1.549313962459564E-001,-3.467645347118378E-001,-9.079787731170654E-001,-8.733213879168034E-003,-1.549313962459564E-001,-3.467645347118378E-001,-9.079787731170654E-001,
2.706366666666667E+009,-2.614402957260609E-002,-1.259035170078278E-001,-3.605344593524933E-001,-9.101047515869141E-001,-2.614402957260609E-002,-1.259035170078278E-001,-3.605344593524933E-001,-9.101047515869141E-001,
2.714733333333334E+009,-2.309873327612877E-002,-9.189321100711823E-002,-3.935607075691223E-001,-9.095316529273987E-001,-2.309873327612877E-002,-9.189321100711823E-002,-3.935607075691223E-001,-9.095316529273987E-001,
2.723100000000000E+009,-1.392648206092417E-003,-6.714529544115067E-002,-4.196913540363312E-001,-8.934169411659241E-001,-1.392648206092417E-003,-6.714529544115067E-002,-4.196913540363312E-001,-8.934169411659241E-001,
2.731466666666667E+009,3.074770607054234E-002,-5.464124679565430E-002,-4.444836080074310E-001,-8.840498924255371E-001,3.074770607054234E-002,-5.464124679565430E-002,-4.444836080074310E-001,-8.840498924255371E-001,
2.739833333333334E+009,6.448622792959213E-002,-6.320071220397949E-002,-4.683549404144287E-001,-8.746559619903565E-001,6.448622792959213E-002,-6.320071220397949E-002,-4.683549404144287E-001,-8.746559619903565E-001,
2.748200000000000E+009,8.711805939674377E-002,-8.820916712284088E-002,-4.956334829330444E-001,-8.503254652023315E-001,8.711805939674377E-002,-8.820916712284088E-002,-4.956334829330444E-001,-8.503254652023315E-001,
2.756566666666667E+009,9.312488883733749E-002,-1.239970773458481E-001,-5.138391256332398E-001,-8.316521048545837E-001,9.312488883733749E-002,-1.239970773458481E-001,-5.138391256332398E-001,-8.316521048545837E-001,
2.764933333333334E+009,7.906549423933029E-002,-1.555276513099670E-001,-5.230565071105957E-001,-8.145152330398560E-001,7.906549423933029E-002,-1.555276513099670E-001,-5.230565071105957E-001,-8.145152330398560E-001,
2.773300000000000E+009,5.049461498856545E-002,-1.756014376878738E-001,-5.432654619216919E-001,-8.043828010559082E-001,5.049461498856545E-002,-1.756014376878738E-001,-5.432654619216919E-001,-8.043828010559082E-001,
2.781666666666667E+009,1.382215786725283E-002,-1.787222623825073E-001,-5.613408684730530E-001,-7.906264662742615E-001,1.382215786725283E-002,-1.787222623825073E-001,-5.613408684730530E-001,-7.906264662742615E-001,
2.790033333333334E+009,-1.773777790367603E-002,-1.657690107822418E-001,-5.789508819580078E-001,-7.845169901847839E-001,-1.773777790367603E-002,-1.657690107822418E-001,-5.789508819580078E-001,-7.845169901847839E-001,
2.798400000000000E+009,-3.755239397287369E-002,-1.382046341896057E-001,-6.089293360710144E-001,-7.715377211570740E-001,-3.755239397287369E-002,-1.382046341896057E-001,-6.089293360710144E-001,-7.715377211570740E-001,
2.806766666666667E+009,-3.687671199440956E-002,-1.050017401576042E-001,-6.243057847023010E-001,-7.581182122230530E-001,-3.687671199440956E-002,-1.050017401576042E-001,-6.243057847023010E-001,-7.581182122230530E-001,
2.815133333333334E+009,-1.819554343819618E-002,-7.961988449096680E-002,-6.462675333023071E-001,-7.457957863807678E-001,-1.819554343819618E-002,-7.961988449096680E-002,-6.462675333023071E-001,-7.457957863807678E-001,
2.823500000000000E+009,1.438463758677244E-002,-6.953994929790497E-002,-6.706557273864746E-001,-7.294791936874390E-001,1.438463758677244E-002,-6.953994929790497E-002,-6.706557273864746E-001,-7.294791936874390E-001,
2.831866666666667E+009,4.643094912171364E-002,-7.818084955215454E-002,-6.920915246009827E-001,-7.071671485900879E-001,4.643094912171364E-002,-7.818084955215454E-002,-6.920915246009827E-001,-7.071671485900879E-001,
2.840233333333334E+009,6.958954781293869E-002,-1.031901389360428E-001,-7.116580605506897E-001,-6.759703755378723E-001,6.958954781293869E-002,-1.031901389360428E-001,-7.116580605506897E-001,-6.759703755378723E-001,
2.848600000000000E+009,7.487495243549347E-002,-1.374998241662979E-001,-7.238173484802246E-001,-6.532444953918457E-001,7.487495243549347E-002,-1.374998241662979E-001,-7.238173484802246E-001,-6.532444953918457E-001,
2.856966666666667E+009,5.961902439594269E-002,-1.694706380367279E-001,-7.353549003601074E-001,-6.364420056343079E-001,5.961902439594269E-002,-1.694706380367279E-001,-7.353549003601074E-001,-6.364420056343079E-001,
2.865333333333334E+009,3.132543712854385E-002,-1.901956051588059E-001,-7.520415186882019E-001,-6.228003501892090E-001,3.132543712854385E-002,-1.901956051588059E-001,-7.520415186882019E-001,-6.228003501892090E-001,
2.873700000000000E+009,-8.050548844039440E-003,-1.944249123334885E-001,-7.606844305992127E-001,-6.076111793518066E-001,-8.050548844039440E-003,-1.944249123334885E-001,-7.606844305992127E-001,-6.076111793518066E-001,
2.882066666666667E+009,-4.137713462114334E-002,-1.756613105535507E-001,-7.727423906326294E-001,-5.819554924964905E-001,-4.137713462114334E-002,-1.756613105535507E-001,-7.727423906326294E-001,-5.819554924964905E-001,
2.890433333333334E+009,-6.303448975086212E-002,-1.466267108917236E-001,-7.872955799102783E-001,-5.785731673240662E-001,-6.303448975086212E-002,-1.466267108917236E-001,-7.872955799102783E-001,-5.785731673240662E-001,
2.898800000000000E+009,-6.380192190408707E-002,-1.119382977485657E-001,-8.104943037033081E-001,-5.605306625366211E-001,-6.380192190408707E-002,-1.119382977485657E-001,-8.104943037033081E-001,-5.605306625366211E-001,
2.907166666666667E+009,-4.457089677453041E-002,-8.244884014129639E-002,-8.261406421661377E-001,-5.412895679473877E-001,-4.457089677453041E-002,-8.244884014129639E-002,-8.261406421661377E-001,-5.412895679473877E-001,
2.915533333333334E+009,-1.152464188635349E-002,-7.008461654186249E-002,-8.420215249061585E-001,-5.230772495269775E-001,-1.152464188635349E-002,-7.008461654186249E-002,-8.420215249061585E-001,-5.230772495269775E-001,
2.923900000000000E+009,2.481345273554325E-002,-7.874360680580139E-002,-8.574063181877136E-001,-4.861013591289520E-001,2.481345273554325E-002,-7.874360680580139E-002,-8.574063181877136E-001,-4.861013591289520E-001,
2.932266666666667E+009,4.976623877882958E-002,-1.065037101507187E-001,-8.696399927139282E-001,-4.593262076377869E-001,4.976623877882958E-002,-1.065037101507187E-001,-8.696399927139282E-001,-4.593262076377869E-001,
2.940633333333334E+009,5.594944581389427E-002,-1.429787427186966E-001,-8.836100101470947E-001,-4.307417571544647E-001,5.594944581389427E-002,-1.429787427186966E-001,-8.836100101470947E-001,-4.307417571544647E-001,
2.949000000000000E+009,4.300115257501602E-002,-1.791712343692780E-001,-8.851406574249268E-001,-4.096129834651947E-001,4.300115257501602E-002,-1.791712343692780E-001,-8.851406574249268E-001,-4.096129834651947E-001,
2.957366666666667E+009,1.037417724728584E-002,-2.019925117492676E-001,-8.913748860359192E-001,-3.888214528560638E-001,1.037417724728584E-002,-2.019925117492676E-001,-8.913748860359192E-001,-3.888214528560638E-001,
2.965733333333334E+009,-2.867911010980606E-002,-2.046738266944885E-001,-8.994346857070923E-001,-3.703201413154602E-001,-2.867911010980606E-002,-2.046738266944885E-001,-8.994346857070923E-001,-3.703201413154602E-001,
2.974100000000000E+009,-6.371688842773438E-002,-1.863036602735519E-001,-9.036992192268372E-001,-3.484662175178528E-001,-6.371688842773438E-002,-1.863036602735519E-001,-9.036992192268372E-001,-3.484662175178528E-001,
2.982466666666667E+009,-8.742775022983551E-002,-1.555024683475494E-001,-9.258199334144592E-001,-3.310159146785736E-001,-8.742775022983551E-002,-1.555024683475494E-001,-9.258199334144592E-001,-3.310159146785736E-001,
2.990833333333334E+009,-8.913199603557587E-002,-1.160780414938927E-001,-9.241043925285339E-001,-3.145337104797363E-001,-8.913199603557587E-002,-1.160780414938927E-001,-9.241043925285339E-001,-3.145337104797363E-001,
2.999200000000000E+009,-6.869317591190338E-002,-8.471488207578659E-002,-9.417519569396973E-001,-2.864135503768921E-001,-6.869317591190338E-002,-8.471488207578659E-002,-9.417519569396973E-001,-2.864135503768921E-001,
3.007566666666667E+009,-3.469524905085564E-002,-6.954698264598846E-002,-9.539543390274048E-001,-2.627502083778381E-001,-3.469524905085564E-002,-6.954698264598846E-002,-9.539543390274048E-001,-2.627502083778381E-001,
3.015933333333334E+009,1.691601588390768E-003,-7.816793024539948E-002,-9.630309343338013E-001,-2.378511875867844E-001,1.691601588390768E-003,-7.816793024539948E-002,-9.630309343338013E-001,-2.378511875867844E-001,
3.024300000000000E+009,2.899497933685780E-002,-1.111029088497162E-001,-9.656840562820435E-001,-2.020638585090637E-001,2.899497933685780E-002,-1.111029088497162E-001,-9.656840562820435E-001,-2.020638585090637E-001,
3.032666666666667E+009,3.465130180120468E-002,-1.505940854549408E-001,-9.630880355834961E-001,-1.753018796443939E-001,3.465130180120468E-002,-1.505940854549408E-001,-9.630880355834961E-001,-1.753018796443939E-001,
3.041033333333334E+009,1.903799921274185E-002,-1.899196356534958E-001,-9.633295536041260E-001,-1.488662660121918E-001,1.903799921274185E-002,-1.899196356534958E-001,-9.633295536041260E-001,-1.488662660121918E-001,
3.049400000000000E+009,-1.693512313067913E-002,-2.140915095806122E-001,-9.638475179672241E-001,-1.184785738587380E-001,-1.693512313067913E-002,-2.140915095806122E-001,-9.638475179672241E-001,-1.184785738587380E-001,
3.057766666666667E+009,-5.922584980726242E-002,-2.175804525613785E-001,-9.615963697433472E-001,-1.015775278210640E-001,-5.922584980726242E-002,-2.175804525613785E-001,-9.615963697433472E-001,-1.015775278210640E-001,
3.066133333333334E+009,-1.007151901721954E-001,-1.965246051549912E-001,-9.609697461128235E-001,-8.271491527557373E-002,-1.007151901721954E-001,-1.965246051549912E-001,-9.609697461128235E-001,-8.271491527557373E-002,
3.074500000000000E+009,-1.235516667366028E-001,-1.582642346620560E-001,-9.668945074081421E-001,-6.771554797887802E-002,-1.235516667366028E-001,-1.582642346620560E-001,-9.668945074081421E-001,-6.771554797887802E-002,
3.082866666666667E+009,-1.239217370748520E-001,-1.126723811030388E-001,-9.678000211715698E-001,-4.602012783288956E-002,-1.239217370748520E-001,-1.126723811030388E-001,-9.678000211715698E-001,-4.602012783288956E-002,
3.091233333333334E+009,-9.982315450906754E-002,-7.514024525880814E-002,-9.806774258613586E-001,-1.553624123334885E-002,-9.982315450906754E-002,-7.514024525880814E-002,-9.806774258613586E-001,-1.553624123334885E-002,
3.099600000000000E+009,-5.817370861768723E-002,-5.845148488879204E-002,-9.904240369796753E-001,1.111842878162861E-002,-5.817370861768723E-002,-5.845148488879204E-002,-9.904240369796753E-001,1.111842878162861E-002,
3.107966666666667E+009,-1.477664615958929E-002,-6.887520104646683E-002,-9.907764196395874E-001,4.707061499357224E-002,-1.477664615958929E-002,-6.887520104646683E-002,-9.907764196395874E-001,4.707061499357224E-002,
3.116333333333334E+009,1.691011525690556E-002,-1.047700941562653E-001,-9.884924888610840E-001,7.956559956073761E-002,1.691011525690556E-002,-1.047700941562653E-001,-9.884924888610840E-001,7.956559956073761E-002,
3.124700000000000E+009,2.313361875712872E-002,-1.540876626968384E-001,-9.714723229408264E-001,1.064340993762016E-001,2.313361875712872E-002,-1.540876626968384E-001,-9.714723229408264E-001,1.064340993762016E-001,
3.133066666666667E+009,3.263423917815089E-003,-2.015270888805389E-001,-9.667282700538635E-001,1.337690353393555E-001,3.263423917815089E-003,-2.015270888805389E-001,-9.667282700538635E-001,1.337690353393555E-001,
3.141433333333334E+009,-4.016368463635445E-002,-2.317404150962830E-001,-9.623015522956848E-001,1.573324352502823E-001,-4.016368463635445E-002,-2.317404150962830E-001,-9.623015522956848E-001,1.573324352502823E-001,
3.149800000000000E+009,-9.116620570421219E-002,-2.355291694402695E-001,-9.449447393417358E-001,1.766623258590698E-001,-9.116620570421219E-002,-2.355291694402695E-001,-9.449447393417358E-001,1.766623258590698E-001,
3.158166666666667E+009,-1.377481371164322E-001,-2.153247445821762E-001,-9.405661225318909E-001,1.932521015405655E-001,-1.377481371164322E-001,-2.153247445821762E-001,-9.405661225318909E-001,1.932521015405655E-001,
3.166533333333334E+009,-1.664414405822754E-001,-1.732159852981567E-001,-9.326573610305786E-001,2.067924886941910E-001,-1.664414405822754E-001,-1.732159852981567E-001,-9.326573610305786E-001,2.067924886941910E-001,
3.174900000000000E+009,-1.700852364301682E-001,-1.223722025752068E-001,-9.388871192932129E-001,2.264785170555115E-001,-1.700852364301682E-001,-1.223722025752068E-001,-9.388871192932129E-001,2.264785170555115E-001,
3.183266666666667E+009,-1.476019322872162E-001,-7.834357768297195E-002,-9.424527883529663E-001,2.455041855573654E-001,-1.476019322872162E-001,-7.834357768297195E-002,-9.424527883529663E-001,2.455041855573654E-001,
3.191633333333334E+009,-1.047080978751183E-001,-5.546602606773377E-002,-9.448197484016419E-001,2.763115167617798E-001,-1.047080978751183E-001,-5.546602606773377E-002,-9.448197484016419E-001,2.763115167617798E-001,
3.200000000000000E+009,-5.720411241054535E-002,-6.105463951826096E-002,-9.360188245773315E-001,3.035197854042053E-001,-5.720411241054535E-002,-6.105463951826096E-002,-9.360188245773315E-001,3.035197854042053E-001,
