% Version 1.00
%
%freq[Hz],re:Trc1_S11,im:Trc1_S11,re:Trc2_S11,im:Trc2_S11,re:Trc3_S21,im:Trc3_S21,re:Trc4_S21,im:Trc4_S21,
6.900000000000000E+008,-5.091659426689148E-001,8.182409405708313E-001,-5.091659426689148E-001,8.182409405708313E-001,1.167305745184422E-002,-5.006656050682068E-003,1.167305745184422E-002,-5.006656050682068E-003,
7.015500000000000E+008,-4.821512997150421E-001,8.382341861724854E-001,-4.821512997150421E-001,8.382341861724854E-001,1.146785262972117E-002,-5.815151613205671E-003,1.146785262972117E-002,-5.815151613205671E-003,
7.131000000000000E+008,-4.834325313568115E-001,8.334797024726868E-001,-4.834325313568115E-001,8.334797024726868E-001,1.121056918054819E-002,-5.889228079468012E-003,1.121056918054819E-002,-5.889228079468012E-003,
7.246500000000000E+008,-4.673688113689423E-001,8.554413914680481E-001,-4.673688113689423E-001,8.554413914680481E-001,1.117275096476078E-002,-6.506916135549545E-003,1.117275096476078E-002,-6.506916135549545E-003,
7.362000000000000E+008,-4.662277400493622E-001,8.526192903518677E-001,-4.662277400493622E-001,8.526192903518677E-001,1.137730572372675E-002,-6.465654354542494E-003,1.137730572372675E-002,-6.465654354542494E-003,
7.477500000000000E+008,-4.389348924160004E-001,8.795990943908691E-001,-4.389348924160004E-001,8.795990943908691E-001,1.131184119731188E-002,-7.143335882574320E-003,1.131184119731188E-002,-7.143335882574320E-003,
7.593000000000000E+008,-4.284031689167023E-001,8.653289079666138E-001,-4.284031689167023E-001,8.653289079666138E-001,1.147437281906605E-002,-7.669927552342415E-003,1.147437281906605E-002,-7.669927552342415E-003,
7.708500000000000E+008,-4.083439111709595E-001,8.790201544761658E-001,-4.083439111709595E-001,8.790201544761658E-001,1.149828638881445E-002,-8.238863199949265E-003,1.149828638881445E-002,-8.238863199949265E-003,
7.824000000000000E+008,-3.910320997238159E-001,8.800214529037476E-001,-3.910320997238159E-001,8.800214529037476E-001,1.119249407202005E-002,-9.475843049585819E-003,1.119249407202005E-002,-9.475843049585819E-003,
7.939500000000000E+008,-3.737267553806305E-001,8.895040154457092E-001,-3.737267553806305E-001,8.895040154457092E-001,1.073751505464315E-002,-9.871366433799267E-003,1.073751505464315E-002,-9.871366433799267E-003,
8.055000000000000E+008,-3.541727960109711E-001,9.053071141242981E-001,-3.541727960109711E-001,9.053071141242981E-001,1.031035371124744E-002,-1.031832117587328E-002,1.031035371124744E-002,-1.031832117587328E-002,
8.170500000000000E+008,-3.485045135021210E-001,9.082673788070679E-001,-3.485045135021210E-001,9.082673788070679E-001,1.017831172794104E-002,-1.063183322548866E-002,1.017831172794104E-002,-1.063183322548866E-002,
8.286000000000000E+008,-3.329856693744659E-001,9.145783185958862E-001,-3.329856693744659E-001,9.145783185958862E-001,1.007096283137798E-002,-1.071406714618206E-002,1.007096283137798E-002,-1.071406714618206E-002,
8.401500000000000E+008,-3.157970011234283E-001,9.259310364723206E-001,-3.157970011234283E-001,9.259310364723206E-001,1.011831685900688E-002,-1.121776457875967E-002,1.011831685900688E-002,-1.121776457875967E-002,
8.517000000000000E+008,-3.020426034927368E-001,9.263908267021179E-001,-3.020426034927368E-001,9.263908267021179E-001,1.031780987977982E-002,-1.179247535765171E-002,1.031780987977982E-002,-1.179247535765171E-002,
8.632500000000000E+008,-2.911282777786255E-001,9.285132884979248E-001,-2.911282777786255E-001,9.285132884979248E-001,9.936871938407421E-003,-1.250547170639038E-002,9.936871938407421E-003,-1.250547170639038E-002,
8.748000000000000E+008,-2.699290513992310E-001,9.306246042251587E-001,-2.699290513992310E-001,9.306246042251587E-001,9.604862891137600E-003,-1.355348806828260E-002,9.604862891137600E-003,-1.355348806828260E-002,
8.863500000000000E+008,-2.575215399265289E-001,9.339047670364380E-001,-2.575215399265289E-001,9.339047670364380E-001,9.165236726403236E-003,-1.384983956813812E-002,9.165236726403236E-003,-1.384983956813812E-002,
8.979000000000000E+008,-2.424567341804504E-001,9.514022469520569E-001,-2.424567341804504E-001,9.514022469520569E-001,8.350110612809658E-003,-1.457254588603973E-002,8.350110612809658E-003,-1.457254588603973E-002,
9.094500000000000E+008,-2.215261459350586E-001,9.502021074295044E-001,-2.215261459350586E-001,9.502021074295044E-001,7.979013957083225E-003,-1.449016574770212E-002,7.979013957083225E-003,-1.449016574770212E-002,
9.210000000000000E+008,-2.044605463743210E-001,9.554486870765686E-001,-2.044605463743210E-001,9.554486870765686E-001,7.306925952434540E-003,-1.478194538503885E-002,7.306925952434540E-003,-1.478194538503885E-002,
9.325500000000000E+008,-1.835345178842545E-001,9.534252882003784E-001,-1.835345178842545E-001,9.534252882003784E-001,7.211517542600632E-003,-1.500546932220459E-002,7.211517542600632E-003,-1.500546932220459E-002,
9.441000000000000E+008,-1.719543784856796E-001,9.687275886535645E-001,-1.719543784856796E-001,9.687275886535645E-001,7.004527840763331E-003,-1.563818566501141E-002,7.004527840763331E-003,-1.563818566501141E-002,
9.556500000000000E+008,-1.562060564756393E-001,9.668018817901611E-001,-1.562060564756393E-001,9.668018817901611E-001,7.079672999680042E-003,-1.651825010776520E-002,7.079672999680042E-003,-1.651825010776520E-002,
9.672000000000000E+008,-1.413908600807190E-001,9.669337868690491E-001,-1.413908600807190E-001,9.669337868690491E-001,6.312777288258076E-003,-1.700376532971859E-002,6.312777288258076E-003,-1.700376532971859E-002,
9.787500000000000E+008,-1.191250085830689E-001,9.642577767372131E-001,-1.191250085830689E-001,9.642577767372131E-001,5.363854579627514E-003,-1.758555881679058E-002,5.363854579627514E-003,-1.758555881679058E-002,
9.903000000000000E+008,-1.059019714593887E-001,9.629948735237122E-001,-1.059019714593887E-001,9.629948735237122E-001,4.572455305606127E-003,-1.828038319945335E-002,4.572455305606127E-003,-1.828038319945335E-002,
1.001850000000000E+009,-9.352571517229080E-002,9.668938517570496E-001,-9.352571517229080E-002,9.668938517570496E-001,4.205226432532072E-003,-1.838364824652672E-002,4.205226432532072E-003,-1.838364824652672E-002,
1.013400000000000E+009,-7.092654705047607E-002,9.733205437660217E-001,-7.092654705047607E-002,9.733205437660217E-001,3.514276584610343E-003,-1.815923862159252E-002,3.514276584610343E-003,-1.815923862159252E-002,
1.024950000000000E+009,-5.221020802855492E-002,9.765768051147461E-001,-5.221020802855492E-002,9.765768051147461E-001,2.882436383515596E-003,-1.820657029747963E-002,2.882436383515596E-003,-1.820657029747963E-002,
1.036500000000000E+009,-2.935742586851120E-002,9.734779000282288E-001,-2.935742586851120E-002,9.734779000282288E-001,3.026625374332070E-003,-1.880188658833504E-002,3.026625374332070E-003,-1.880188658833504E-002,
1.048050000000000E+009,-2.310409396886826E-002,9.510126709938049E-001,-2.310409396886826E-002,9.510126709938049E-001,2.376876072958112E-003,-1.889276131987572E-002,2.376876072958112E-003,-1.889276131987572E-002,
1.059600000000000E+009,-1.986060291528702E-003,9.721915721893311E-001,-1.986060291528702E-003,9.721915721893311E-001,1.759677892550826E-003,-1.959066092967987E-002,1.759677892550826E-003,-1.959066092967987E-002,
1.071150000000000E+009,1.149262674152851E-002,9.676977992057800E-001,1.149262674152851E-002,9.676977992057800E-001,7.804073975421488E-004,-2.027998119592667E-002,7.804073975421488E-004,-2.027998119592667E-002,
1.082700000000000E+009,3.071895986795425E-002,9.735903739929199E-001,3.071895986795425E-002,9.735903739929199E-001,-4.929120186716318E-004,-2.061464264988899E-002,-4.929120186716318E-004,-2.061464264988899E-002,
1.094250000000000E+009,3.555874153971672E-002,9.689433574676514E-001,3.555874153971672E-002,9.689433574676514E-001,-1.374101848341525E-003,-2.051271684467793E-002,-1.374101848341525E-003,-2.051271684467793E-002,
1.105800000000000E+009,7.314769923686981E-002,9.734331369400024E-001,7.314769923686981E-002,9.734331369400024E-001,-2.137056086212397E-003,-1.980788260698319E-002,-2.137056086212397E-003,-1.980788260698319E-002,
1.117350000000000E+009,7.982610911130905E-002,9.724586606025696E-001,7.982610911130905E-002,9.724586606025696E-001,-2.151476917788386E-003,-1.997461169958115E-002,-2.151476917788386E-003,-1.997461169958115E-002,
1.128900000000000E+009,9.910204261541367E-002,9.690307378768921E-001,9.910204261541367E-002,9.690307378768921E-001,-2.610126277431846E-003,-2.008029073476791E-002,-2.610126277431846E-003,-2.008029073476791E-002,
1.140450000000000E+009,9.550978988409042E-002,9.789197444915772E-001,9.550978988409042E-002,9.789197444915772E-001,-2.618883037939668E-003,-2.117034979164600E-002,-2.618883037939668E-003,-2.117034979164600E-002,
1.152000000000000E+009,1.291020959615707E-001,9.598937034606934E-001,1.291020959615707E-001,9.598937034606934E-001,-3.757120342925191E-003,-2.104634977877140E-002,-3.757120342925191E-003,-2.104634977877140E-002,
1.163550000000000E+009,1.450863629579544E-001,9.641225337982178E-001,1.450863629579544E-001,9.641225337982178E-001,-5.413479171693325E-003,-2.164956368505955E-002,-5.413479171693325E-003,-2.164956368505955E-002,
1.175100000000000E+009,1.577372997999191E-001,9.523199796676636E-001,1.577372997999191E-001,9.523199796676636E-001,-6.627016700804234E-003,-2.154069580137730E-002,-6.627016700804234E-003,-2.154069580137730E-002,
1.186650000000000E+009,1.767848432064056E-001,9.604692459106445E-001,1.767848432064056E-001,9.604692459106445E-001,-7.381563540548086E-003,-2.109703421592712E-002,-7.381563540548086E-003,-2.109703421592712E-002,
1.198200000000000E+009,1.949902623891830E-001,9.555152058601379E-001,1.949902623891830E-001,9.555152058601379E-001,-8.139819838106632E-003,-2.043385058641434E-002,-8.139819838106632E-003,-2.043385058641434E-002,
1.209750000000000E+009,2.190010249614716E-001,9.455279111862183E-001,2.190010249614716E-001,9.455279111862183E-001,-8.475694805383682E-003,-2.007510885596275E-002,-8.475694805383682E-003,-2.007510885596275E-002,
1.221300000000000E+009,2.244665771722794E-001,9.542154669761658E-001,2.244665771722794E-001,9.542154669761658E-001,-8.647244423627853E-003,-2.019714750349522E-002,-8.647244423627853E-003,-2.019714750349522E-002,
1.232850000000000E+009,2.446676045656204E-001,9.465107917785645E-001,2.446676045656204E-001,9.465107917785645E-001,-8.863245137035847E-003,-2.018869109451771E-002,-8.863245137035847E-003,-2.018869109451771E-002,
1.244400000000000E+009,2.621777057647705E-001,9.430412650108337E-001,2.621777057647705E-001,9.430412650108337E-001,-1.042798440903425E-002,-2.108909748494625E-002,-1.042798440903425E-002,-2.108909748494625E-002,
1.255950000000000E+009,2.769631743431091E-001,9.410760998725891E-001,2.769631743431091E-001,9.410760998725891E-001,-1.149473246186972E-002,-2.104030176997185E-002,-1.149473246186972E-002,-2.104030176997185E-002,
1.267500000000000E+009,2.909194231033325E-001,9.312213659286499E-001,2.909194231033325E-001,9.312213659286499E-001,-1.302428077906370E-002,-2.072910591959953E-002,-1.302428077906370E-002,-2.072910591959953E-002,
1.279050000000000E+009,3.074223697185516E-001,9.224304556846619E-001,3.074223697185516E-001,9.224304556846619E-001,-1.450731791555882E-002,-1.964323781430721E-002,-1.450731791555882E-002,-1.964323781430721E-002,
1.290600000000000E+009,3.289862871170044E-001,9.151107072830200E-001,3.289862871170044E-001,9.151107072830200E-001,-1.439303997904062E-002,-1.889517717063427E-002,-1.439303997904062E-002,-1.889517717063427E-002,
1.302150000000000E+009,3.368564248085022E-001,9.204769730567932E-001,3.368564248085022E-001,9.204769730567932E-001,-1.453320495784283E-002,-1.848486624658108E-002,-1.453320495784283E-002,-1.848486624658108E-002,
1.313700000000000E+009,3.519796133041382E-001,9.019856452941895E-001,3.519796133041382E-001,9.019856452941895E-001,-1.423570141196251E-002,-1.842462830245495E-002,-1.423570141196251E-002,-1.842462830245495E-002,
1.325250000000000E+009,3.671200871467590E-001,9.045074582099915E-001,3.671200871467590E-001,9.045074582099915E-001,-1.506272982805967E-002,-1.888877712190151E-002,-1.506272982805967E-002,-1.888877712190151E-002,
1.336800000000000E+009,3.892414569854736E-001,8.926924467086792E-001,3.892414569854736E-001,8.926924467086792E-001,-1.657331362366676E-002,-1.904442720115185E-002,-1.657331362366676E-002,-1.904442720115185E-002,
1.348350000000000E+009,3.968722522258759E-001,8.866547346115112E-001,3.968722522258759E-001,8.866547346115112E-001,-1.813132502138615E-002,-1.901244558393955E-002,-1.813132502138615E-002,-1.901244558393955E-002,
1.359900000000000E+009,4.133829772472382E-001,8.801870942115784E-001,4.133829772472382E-001,8.801870942115784E-001,-1.954277604818344E-002,-1.801803149282932E-002,-1.954277604818344E-002,-1.801803149282932E-002,
1.371450000000000E+009,4.181380271911621E-001,8.713160753250122E-001,4.181380271911621E-001,8.713160753250122E-001,-2.047440409660339E-002,-1.617166213691235E-002,-2.047440409660339E-002,-1.617166213691235E-002,
1.383000000000000E+009,4.383094608783722E-001,8.657937049865723E-001,4.383094608783722E-001,8.657937049865723E-001,-2.070226520299912E-002,-1.519026979804039E-002,-2.070226520299912E-002,-1.519026979804039E-002,
1.394550000000000E+009,4.714708924293518E-001,8.554694056510925E-001,4.714708924293518E-001,8.554694056510925E-001,-2.049453556537628E-002,-1.428974792361260E-002,-2.049453556537628E-002,-1.428974792361260E-002,
1.406100000000000E+009,4.708760678768158E-001,8.477122783660889E-001,4.708760678768158E-001,8.477122783660889E-001,-2.029822953045368E-002,-1.404676400125027E-002,-2.029822953045368E-002,-1.404676400125027E-002,
1.417650000000000E+009,4.871762096881867E-001,8.441413044929504E-001,4.871762096881867E-001,8.441413044929504E-001,-2.060833573341370E-002,-1.426544319838285E-002,-2.060833573341370E-002,-1.426544319838285E-002,
1.429200000000000E+009,5.032057762145996E-001,8.318908810615540E-001,5.032057762145996E-001,8.318908810615540E-001,-2.192478440701962E-002,-1.477243192493916E-002,-2.192478440701962E-002,-1.477243192493916E-002,
1.440750000000000E+009,5.135797858238220E-001,8.325833082199097E-001,5.135797858238220E-001,8.325833082199097E-001,-2.341762743890286E-002,-1.458818838000298E-002,-2.341762743890286E-002,-1.458818838000298E-002,
1.452300000000000E+009,5.362294912338257E-001,8.120895624160767E-001,5.362294912338257E-001,8.120895624160767E-001,-2.486546896398068E-002,-1.292927283793688E-002,-2.486546896398068E-002,-1.292927283793688E-002,
1.463850000000000E+009,5.404513478279114E-001,8.101183176040649E-001,5.404513478279114E-001,8.101183176040649E-001,-2.551767975091934E-002,-1.156968064606190E-002,-2.551767975091934E-002,-1.156968064606190E-002,
1.475400000000000E+009,5.543158650398254E-001,7.893689274787903E-001,5.543158650398254E-001,7.893689274787903E-001,-2.562376298010349E-002,-9.936845861375332E-003,-2.562376298010349E-002,-9.936845861375332E-003,
1.486950000000000E+009,5.826078653335571E-001,7.862865924835205E-001,5.826078653335571E-001,7.862865924835205E-001,-2.522318810224533E-002,-9.249411523342133E-003,-2.522318810224533E-002,-9.249411523342133E-003,
1.498500000000000E+009,5.952444076538086E-001,7.776159644126892E-001,5.952444076538086E-001,7.776159644126892E-001,-2.535821869969368E-002,-8.906059898436070E-003,-2.535821869969368E-002,-8.906059898436070E-003,
1.510050000000000E+009,5.997562408447266E-001,7.627202868461609E-001,5.997562408447266E-001,7.627202868461609E-001,-2.570641040802002E-002,-8.988595567643642E-003,-2.570641040802002E-002,-8.988595567643642E-003,
1.521600000000000E+009,6.107767820358276E-001,7.593410611152649E-001,6.107767820358276E-001,7.593410611152649E-001,-2.662205137312412E-002,-8.693926967680454E-003,-2.662205137312412E-002,-8.693926967680454E-003,
1.533150000000000E+009,6.187900304794312E-001,7.491333484649658E-001,6.187900304794312E-001,7.491333484649658E-001,-2.769347280263901E-002,-7.805120199918747E-003,-2.769347280263901E-002,-7.805120199918747E-003,
1.544700000000000E+009,6.311435699462891E-001,7.442299127578735E-001,6.311435699462891E-001,7.442299127578735E-001,-2.907149866223335E-002,-6.322308909147978E-003,-2.907149866223335E-002,-6.322308909147978E-003,
1.556250000000000E+009,6.524077653884888E-001,7.340764999389648E-001,6.524077653884888E-001,7.340764999389648E-001,-2.923802472651005E-002,-4.416741430759430E-003,-2.923802472651005E-002,-4.416741430759430E-003,
1.567800000000000E+009,6.631668210029602E-001,7.150693535804749E-001,6.631668210029602E-001,7.150693535804749E-001,-2.869204990565777E-002,-3.212472656741738E-003,-2.869204990565777E-002,-3.212472656741738E-003,
1.579350000000000E+009,6.687867641448975E-001,6.980115175247192E-001,6.687867641448975E-001,6.980115175247192E-001,-2.802768722176552E-002,-2.588224830105901E-003,-2.802768722176552E-002,-2.588224830105901E-003,
1.590900000000000E+009,6.916196346282959E-001,6.880122423171997E-001,6.916196346282959E-001,6.880122423171997E-001,-2.855486981570721E-002,-2.194832777604461E-003,-2.855486981570721E-002,-2.194832777604461E-003,
1.602450000000000E+009,6.993499398231506E-001,6.812103390693665E-001,6.993499398231506E-001,6.812103390693665E-001,-2.884624339640141E-002,-2.113522961735725E-003,-2.884624339640141E-002,-2.113522961735725E-003,
1.614000000000000E+009,7.032839655876160E-001,6.651688218116760E-001,7.032839655876160E-001,6.651688218116760E-001,-2.961993589997292E-002,-1.753907883539796E-003,-2.961993589997292E-002,-1.753907883539796E-003,
1.625550000000000E+009,7.280880808830261E-001,6.618534922599793E-001,7.280880808830261E-001,6.618534922599793E-001,-3.094574809074402E-002,-4.444752121344209E-004,-3.094574809074402E-002,-4.444752121344209E-004,
1.637100000000000E+009,7.333747148513794E-001,6.471375226974487E-001,7.333747148513794E-001,6.471375226974487E-001,-3.147000446915627E-002,9.339579264633358E-004,-3.147000446915627E-002,9.339579264633358E-004,
1.648650000000000E+009,7.457324266433716E-001,6.316500902175903E-001,7.457324266433716E-001,6.316500902175903E-001,-3.104064613580704E-002,3.305352525785565E-003,-3.104064613580704E-002,3.305352525785565E-003,
1.660200000000000E+009,7.527298927307129E-001,6.180804967880249E-001,7.527298927307129E-001,6.180804967880249E-001,-3.047481738030911E-002,4.500872921198607E-003,-3.047481738030911E-002,4.500872921198607E-003,
1.671750000000000E+009,7.655901312828064E-001,6.054031252861023E-001,7.655901312828064E-001,6.054031252861023E-001,-2.987439744174480E-002,5.351438187062740E-003,-2.987439744174480E-002,5.351438187062740E-003,
1.683300000000000E+009,7.716275453567505E-001,5.852322578430176E-001,7.716275453567505E-001,5.852322578430176E-001,-2.978139184415340E-002,5.504652392119169E-003,-2.978139184415340E-002,5.504652392119169E-003,
1.694850000000000E+009,7.838537693023682E-001,5.765830278396606E-001,7.838537693023682E-001,5.765830278396606E-001,-2.997909486293793E-002,6.046179216355085E-003,-2.997909486293793E-002,6.046179216355085E-003,
1.706400000000000E+009,7.946739792823792E-001,5.629335641860962E-001,7.946739792823792E-001,5.629335641860962E-001,-3.048865310847759E-002,6.691804621368647E-003,-3.048865310847759E-002,6.691804621368647E-003,
1.717950000000000E+009,8.049869537353516E-001,5.435989499092102E-001,8.049869537353516E-001,5.435989499092102E-001,-3.102146461606026E-002,7.888882420957089E-003,-3.102146461606026E-002,7.888882420957089E-003,
1.729500000000000E+009,8.136599659919739E-001,5.361025929450989E-001,8.136599659919739E-001,5.361025929450989E-001,-3.145616501569748E-002,9.585328400135040E-003,-3.145616501569748E-002,9.585328400135040E-003,
1.741050000000000E+009,8.235608339309692E-001,5.337350964546204E-001,8.235608339309692E-001,5.337350964546204E-001,-3.090243414044380E-002,1.148723438382149E-002,-3.090243414044380E-002,1.148723438382149E-002,
1.752600000000000E+009,8.305066823959351E-001,5.114131569862366E-001,8.305066823959351E-001,5.114131569862366E-001,-3.030479140579701E-002,1.310494914650917E-002,-3.030479140579701E-002,1.310494914650917E-002,
1.764150000000000E+009,8.414644002914429E-001,4.990196824073792E-001,8.414644002914429E-001,4.990196824073792E-001,-2.934501506388187E-002,1.402541343122721E-002,-2.934501506388187E-002,1.402541343122721E-002,
1.775700000000000E+009,8.528630137443543E-001,4.778231978416443E-001,8.528630137443543E-001,4.778231978416443E-001,-2.880078554153442E-002,1.453868020325899E-002,-2.880078554153442E-002,1.453868020325899E-002,
1.787250000000000E+009,8.453726172447205E-001,4.572638273239136E-001,8.453726172447205E-001,4.572638273239136E-001,-2.884402684867382E-002,1.478209439665079E-002,-2.884402684867382E-002,1.478209439665079E-002,
1.798800000000000E+009,8.661870360374451E-001,4.461240768432617E-001,8.661870360374451E-001,4.461240768432617E-001,-2.875269018113613E-002,1.579200662672520E-002,-2.875269018113613E-002,1.579200662672520E-002,
1.810350000000000E+009,8.692683577537537E-001,4.364345073699951E-001,8.692683577537537E-001,4.364345073699951E-001,-2.918954379856587E-002,1.639450527727604E-002,-2.918954379856587E-002,1.639450527727604E-002,
1.821900000000000E+009,8.766805529594421E-001,4.216043353080750E-001,8.766805529594421E-001,4.216043353080750E-001,-2.918394468724728E-002,1.811834983527660E-002,-2.918394468724728E-002,1.811834983527660E-002,
1.833450000000000E+009,8.952684998512268E-001,4.073828458786011E-001,8.952684998512268E-001,4.073828458786011E-001,-2.847119607031345E-002,2.015090920031071E-002,-2.847119607031345E-002,2.015090920031071E-002,
1.845000000000000E+009,8.968720436096191E-001,3.919908404350281E-001,8.968720436096191E-001,3.919908404350281E-001,-2.780771441757679E-002,2.153599075973034E-002,-2.780771441757679E-002,2.153599075973034E-002,
1.856550000000000E+009,8.993723392486572E-001,3.734688460826874E-001,8.993723392486572E-001,3.734688460826874E-001,-2.651765756309032E-002,2.218082360923290E-002,-2.651765756309032E-002,2.218082360923290E-002,
1.868100000000000E+009,9.052581191062927E-001,3.596050441265106E-001,9.052581191062927E-001,3.596050441265106E-001,-2.564540691673756E-002,2.312181703746319E-002,-2.564540691673756E-002,2.312181703746319E-002,
1.879650000000000E+009,9.122788310050964E-001,3.327100276947022E-001,9.122788310050964E-001,3.327100276947022E-001,-2.477027289569378E-002,2.309590764343739E-002,-2.477027289569378E-002,2.309590764343739E-002,
1.891200000000000E+009,9.132357239723206E-001,3.146568238735199E-001,9.132357239723206E-001,3.146568238735199E-001,-2.495827153325081E-002,2.351967617869377E-002,-2.495827153325081E-002,2.351967617869377E-002,
1.902750000000000E+009,9.229986667633057E-001,3.114164769649506E-001,9.229986667633057E-001,3.114164769649506E-001,-2.482725866138935E-002,2.483795396983624E-002,-2.482725866138935E-002,2.483795396983624E-002,
1.914300000000000E+009,9.286646246910095E-001,2.981616556644440E-001,9.286646246910095E-001,2.981616556644440E-001,-2.489675953984261E-002,2.610383182764053E-002,-2.489675953984261E-002,2.610383182764053E-002,
1.925850000000000E+009,9.367739558219910E-001,2.833138704299927E-001,9.367739558219910E-001,2.833138704299927E-001,-2.430419251322746E-002,2.801242657005787E-002,-2.430419251322746E-002,2.801242657005787E-002,
1.937400000000000E+009,9.361952543258667E-001,2.619345486164093E-001,9.361952543258667E-001,2.619345486164093E-001,-2.289608493447304E-002,2.973155304789543E-002,-2.289608493447304E-002,2.973155304789543E-002,
1.948950000000000E+009,9.481626749038696E-001,2.521260678768158E-001,9.481626749038696E-001,2.521260678768158E-001,-2.115229330956936E-002,3.052443638443947E-002,-2.115229330956936E-002,3.052443638443947E-002,
1.960500000000000E+009,9.472045302391052E-001,2.316104173660278E-001,9.472045302391052E-001,2.316104173660278E-001,-1.969279348850250E-002,3.086790442466736E-002,-1.969279348850250E-002,3.086790442466736E-002,
1.972050000000000E+009,9.529335498809815E-001,2.095957100391388E-001,9.529335498809815E-001,2.095957100391388E-001,-1.882985047996044E-002,3.102361038327217E-002,-1.882985047996044E-002,3.102361038327217E-002,
1.983600000000000E+009,9.539203643798828E-001,2.001577317714691E-001,9.539203643798828E-001,2.001577317714691E-001,-1.868620887398720E-002,3.094799444079399E-002,-1.868620887398720E-002,3.094799444079399E-002,
1.995150000000000E+009,9.577115178108215E-001,1.798806488513947E-001,9.577115178108215E-001,1.798806488513947E-001,-1.830160804092884E-002,3.171513602137566E-002,-1.830160804092884E-002,3.171513602137566E-002,
2.006700000000000E+009,9.604113101959229E-001,1.677599996328354E-001,9.604113101959229E-001,1.677599996328354E-001,-1.861521601676941E-002,3.245074674487114E-002,-1.861521601676941E-002,3.245074674487114E-002,
2.018250000000000E+009,9.667791724205017E-001,1.514211297035217E-001,9.667791724205017E-001,1.514211297035217E-001,-1.804450340569019E-002,3.489690646529198E-002,-1.804450340569019E-002,3.489690646529198E-002,
2.029800000000000E+009,9.679176807403565E-001,1.383481323719025E-001,9.679176807403565E-001,1.383481323719025E-001,-1.619322039186955E-002,3.650799766182900E-002,-1.619322039186955E-002,3.650799766182900E-002,
2.041350000000000E+009,9.737606048583984E-001,1.207665354013443E-001,9.737606048583984E-001,1.207665354013443E-001,-1.432627346366644E-002,3.683805838227272E-002,-1.432627346366644E-002,3.683805838227272E-002,
2.052900000000000E+009,9.731617569923401E-001,1.005589291453362E-001,9.731617569923401E-001,1.005589291453362E-001,-1.233285013586283E-002,3.781219571828842E-002,-1.233285013586283E-002,3.781219571828842E-002,
2.064450000000000E+009,9.764912724494934E-001,8.213676512241364E-002,9.764912724494934E-001,8.213676512241364E-002,-1.065667718648911E-002,3.721668943762779E-002,-1.065667718648911E-002,3.721668943762779E-002,
2.076000000000000E+009,9.768703579902649E-001,7.040624320507050E-002,9.768703579902649E-001,7.040624320507050E-002,-1.014400087296963E-002,3.688875213265419E-002,-1.014400087296963E-002,3.688875213265419E-002,
2.087550000000000E+009,9.778957962989807E-001,4.581663385033608E-002,9.778957962989807E-001,4.581663385033608E-002,-1.000005286186934E-002,3.722558170557022E-002,-1.000005286186934E-002,3.722558170557022E-002,
2.099100000000000E+009,9.788805246353149E-001,3.158832713961601E-002,9.788805246353149E-001,3.158832713961601E-002,-9.807286784052849E-003,3.816418349742889E-002,-9.807286784052849E-003,3.816418349742889E-002,
2.110650000000000E+009,9.785552024841309E-001,1.182530913501978E-002,9.785552024841309E-001,1.182530913501978E-002,-8.619382046163082E-003,4.029964283108711E-002,-8.619382046163082E-003,4.029964283108711E-002,
2.122200000000000E+009,9.766667485237122E-001,4.401117563247681E-003,9.766667485237122E-001,4.401117563247681E-003,-6.585638970136643E-003,4.169342294335365E-002,-6.585638970136643E-003,4.169342294335365E-002,
2.133750000000000E+009,9.815192818641663E-001,-1.945973560214043E-002,9.815192818641663E-001,-1.945973560214043E-002,-4.254884552210569E-003,4.222304373979569E-002,-4.254884552210569E-003,4.222304373979569E-002,
2.145300000000000E+009,9.797222018241882E-001,-3.131727874279022E-002,9.797222018241882E-001,-3.131727874279022E-002,-2.121503697708249E-003,4.152208566665649E-002,-2.121503697708249E-003,4.152208566665649E-002,
2.156850000000000E+009,9.744610786437988E-001,-5.410083383321762E-002,9.744610786437988E-001,-5.410083383321762E-002,-9.437695844098926E-004,4.028832539916039E-002,-9.437695844098926E-004,4.028832539916039E-002,
2.168400000000000E+009,9.753569364547730E-001,-7.519405335187912E-002,9.753569364547730E-001,-7.519405335187912E-002,-2.200963790528476E-004,3.983259946107864E-002,-2.200963790528476E-004,3.983259946107864E-002,
2.179950000000000E+009,9.702170491218567E-001,-8.878944814205170E-002,9.702170491218567E-001,-8.878944814205170E-002,-4.252295184414834E-004,4.013026133179665E-002,-4.252295184414834E-004,4.013026133179665E-002,
2.191500000000000E+009,9.757503867149353E-001,-9.939504414796829E-002,9.757503867149353E-001,-9.939504414796829E-002,-7.576135103590787E-004,4.153491929173470E-002,-7.576135103590787E-004,4.153491929173470E-002,
2.203050000000000E+009,9.730265140533447E-001,-1.170854121446610E-001,9.730265140533447E-001,-1.170854121446610E-001,7.865953375585377E-004,4.369878023862839E-002,7.865953375585377E-004,4.369878023862839E-002,
2.214600000000000E+009,9.689701795578003E-001,-1.380237340927124E-001,9.689701795578003E-001,-1.380237340927124E-001,3.199745435267687E-003,4.519216716289520E-002,3.199745435267687E-003,4.519216716289520E-002,
2.226150000000000E+009,9.747265577316284E-001,-1.450567394495010E-001,9.747265577316284E-001,-1.450567394495010E-001,6.413281895220280E-003,4.537174478173256E-002,6.413281895220280E-003,4.537174478173256E-002,
2.237700000000000E+009,9.730432033538818E-001,-1.717466115951538E-001,9.730432033538818E-001,-1.717466115951538E-001,9.345268830657005E-003,4.416576772928238E-002,9.345268830657005E-003,4.416576772928238E-002,
2.249250000000000E+009,9.567279219627380E-001,-1.824413388967514E-001,9.567279219627380E-001,-1.824413388967514E-001,1.045685261487961E-002,4.203100502490997E-002,1.045685261487961E-002,4.203100502490997E-002,
2.260800000000000E+009,9.563897252082825E-001,-1.955832242965698E-001,9.563897252082825E-001,-1.955832242965698E-001,1.038647815585136E-002,4.155046120285988E-002,1.038647815585136E-002,4.155046120285988E-002,
2.272350000000000E+009,9.539083838462830E-001,-2.156743854284287E-001,9.539083838462830E-001,-2.156743854284287E-001,9.959002025425434E-003,4.160340502858162E-002,9.959002025425434E-003,4.160340502858162E-002,
2.283900000000000E+009,9.393170475959778E-001,-2.347016781568527E-001,9.393170475959778E-001,-2.347016781568527E-001,1.057434082031250E-002,4.302317276597023E-002,1.057434082031250E-002,4.302317276597023E-002,
2.295450000000000E+009,9.438803791999817E-001,-2.442403435707092E-001,9.438803791999817E-001,-2.442403435707092E-001,1.203821040689945E-002,4.492882266640663E-002,1.203821040689945E-002,4.492882266640663E-002,
2.307000000000000E+009,9.439634084701538E-001,-2.636484801769257E-001,9.439634084701538E-001,-2.636484801769257E-001,1.537565141916275E-002,4.620441794395447E-002,1.537565141916275E-002,4.620441794395447E-002,
2.318550000000000E+009,9.426956176757813E-001,-2.807131707668304E-001,9.426956176757813E-001,-2.807131707668304E-001,1.926818676292896E-002,4.555550217628479E-002,1.926818676292896E-002,4.555550217628479E-002,
2.330100000000000E+009,9.369874000549316E-001,-2.978077530860901E-001,9.369874000549316E-001,-2.978077530860901E-001,2.194788306951523E-002,4.349000751972199E-002,2.194788306951523E-002,4.349000751972199E-002,
2.341650000000000E+009,9.271997809410095E-001,-3.082879781723023E-001,9.271997809410095E-001,-3.082879781723023E-001,2.227406576275826E-002,4.119032248854637E-002,2.227406576275826E-002,4.119032248854637E-002,
2.353200000000000E+009,9.190296530723572E-001,-3.272857964038849E-001,9.190296530723572E-001,-3.272857964038849E-001,2.253080345690250E-002,3.993718698620796E-002,2.253080345690250E-002,3.993718698620796E-002,
2.364750000000000E+009,9.157274961471558E-001,-3.422190248966217E-001,9.157274961471558E-001,-3.422190248966217E-001,2.203548885881901E-002,4.002973809838295E-002,2.203548885881901E-002,4.002973809838295E-002,
2.376300000000000E+009,9.053940773010254E-001,-3.591365814208984E-001,9.053940773010254E-001,-3.591365814208984E-001,2.223437651991844E-002,4.183732718229294E-002,2.223437651991844E-002,4.183732718229294E-002,
2.387850000000000E+009,9.011500477790833E-001,-3.725796937942505E-001,9.011500477790833E-001,-3.725796937942505E-001,2.484540641307831E-002,4.336495697498322E-002,2.484540641307831E-002,4.336495697498322E-002,
2.399400000000000E+009,8.974519968032837E-001,-3.892799317836762E-001,8.974519968032837E-001,-3.892799317836762E-001,2.877178415656090E-002,4.359320923686028E-002,2.877178415656090E-002,4.359320923686028E-002,
2.410950000000000E+009,8.914463520050049E-001,-4.047221839427948E-001,8.914463520050049E-001,-4.047221839427948E-001,3.232172876596451E-002,4.213949292898178E-002,3.232172876596451E-002,4.213949292898178E-002,
2.422500000000000E+009,8.779190182685852E-001,-4.198277294635773E-001,8.779190182685852E-001,-4.198277294635773E-001,3.437606617808342E-002,3.896697238087654E-002,3.437606617808342E-002,3.896697238087654E-002,
2.434050000000000E+009,8.775760531425476E-001,-4.265248775482178E-001,8.775760531425476E-001,-4.265248775482178E-001,3.471178561449051E-002,3.622823953628540E-002,3.471178561449051E-002,3.622823953628540E-002,
2.445600000000000E+009,8.648578524589539E-001,-4.487339854240418E-001,8.648578524589539E-001,-4.487339854240418E-001,3.391332924365997E-002,3.563484922051430E-002,3.391332924365997E-002,3.563484922051430E-002,
2.457150000000000E+009,8.484510183334351E-001,-4.610290229320526E-001,8.484510183334351E-001,-4.610290229320526E-001,3.414370864629746E-002,3.626714274287224E-002,3.414370864629746E-002,3.626714274287224E-002,
2.468700000000000E+009,8.405572772026062E-001,-4.846953749656677E-001,8.405572772026062E-001,-4.846953749656677E-001,3.532739728689194E-002,3.747713938355446E-002,3.532739728689194E-002,3.747713938355446E-002,
2.480250000000000E+009,8.324906826019287E-001,-5.049739480018616E-001,8.324906826019287E-001,-5.049739480018616E-001,3.844807669520378E-002,3.864897042512894E-002,3.844807669520378E-002,3.864897042512894E-002,
2.491800000000000E+009,8.274897933006287E-001,-5.103135108947754E-001,8.274897933006287E-001,-5.103135108947754E-001,4.281033575534821E-002,3.788803517818451E-002,4.281033575534821E-002,3.788803517818451E-002,
2.503350000000000E+009,8.247573375701904E-001,-5.227144956588745E-001,8.247573375701904E-001,-5.227144956588745E-001,4.605017974972725E-002,3.500798344612122E-002,4.605017974972725E-002,3.500798344612122E-002,
2.514900000000000E+009,8.097357153892517E-001,-5.381616950035095E-001,8.097357153892517E-001,-5.381616950035095E-001,4.768951237201691E-002,3.062405064702034E-002,4.768951237201691E-002,3.062405064702034E-002,
2.526450000000000E+009,8.077440261840820E-001,-5.508682727813721E-001,8.077440261840820E-001,-5.508682727813721E-001,4.738839715719223E-002,2.794162370264530E-002,4.738839715719223E-002,2.794162370264530E-002,
2.538000000000000E+009,7.961570024490356E-001,-5.584403276443481E-001,7.961570024490356E-001,-5.584403276443481E-001,4.614637792110443E-002,2.680976502597332E-002,4.614637792110443E-002,2.680976502597332E-002,
2.549550000000000E+009,7.775113582611084E-001,-5.774000287055969E-001,7.775113582611084E-001,-5.774000287055969E-001,4.600538685917854E-002,2.722813375294209E-002,4.600538685917854E-002,2.722813375294209E-002,
2.561100000000000E+009,7.639772891998291E-001,-5.913646817207336E-001,7.639772891998291E-001,-5.913646817207336E-001,4.795880243182182E-002,2.821888215839863E-002,4.795880243182182E-002,2.821888215839863E-002,
2.572650000000000E+009,7.552629113197327E-001,-5.989468693733215E-001,7.552629113197327E-001,-5.989468693733215E-001,5.099546164274216E-002,2.827698178589344E-002,5.099546164274216E-002,2.827698178589344E-002,
2.584200000000000E+009,7.326799631118774E-001,-6.137054562568665E-001,7.326799631118774E-001,-6.137054562568665E-001,5.476986989378929E-002,2.702388167381287E-002,5.476986989378929E-002,2.702388167381287E-002,
2.595750000000000E+009,7.329701781272888E-001,-6.268339753150940E-001,7.329701781272888E-001,-6.268339753150940E-001,5.778554826974869E-002,2.325741201639175E-002,5.778554826974869E-002,2.325741201639175E-002,
2.607300000000000E+009,7.278217077255249E-001,-6.413825750350952E-001,7.278217077255249E-001,-6.413825750350952E-001,5.845160409808159E-002,1.898387446999550E-002,5.845160409808159E-002,1.898387446999550E-002,
2.618850000000000E+009,7.135713696479797E-001,-6.532151699066162E-001,7.135713696479797E-001,-6.532151699066162E-001,5.796641483902931E-002,1.567379757761955E-002,5.796641483902931E-002,1.567379757761955E-002,
2.630400000000000E+009,7.060519456863403E-001,-6.689607501029968E-001,7.060519456863403E-001,-6.689607501029968E-001,5.739160254597664E-002,1.482109539210796E-002,5.739160254597664E-002,1.482109539210796E-002,
2.641950000000000E+009,6.893877387046814E-001,-6.777979731559753E-001,6.893877387046814E-001,-6.777979731559753E-001,5.701252073049545E-002,1.513339485973120E-002,5.701252073049545E-002,1.513339485973120E-002,
2.653500000000000E+009,6.702851653099060E-001,-6.815261244773865E-001,6.702851653099060E-001,-6.815261244773865E-001,5.919418856501579E-002,1.508107688277960E-002,5.919418856501579E-002,1.508107688277960E-002,
2.665050000000000E+009,6.537638902664185E-001,-6.982892751693726E-001,6.537638902664185E-001,-6.982892751693726E-001,6.280776113271713E-002,1.385770644992590E-002,6.280776113271713E-002,1.385770644992590E-002,
2.676600000000000E+009,6.579681634902954E-001,-7.094452977180481E-001,6.579681634902954E-001,-7.094452977180481E-001,6.623013317584992E-002,1.065017934888601E-002,6.623013317584992E-002,1.065017934888601E-002,
2.688150000000000E+009,6.412989497184753E-001,-7.177735567092896E-001,6.412989497184753E-001,-7.177735567092896E-001,6.746165454387665E-002,5.669489037245512E-003,6.746165454387665E-002,5.669489037245512E-003,
2.699700000000000E+009,6.297630667686462E-001,-7.293174862861633E-001,6.297630667686462E-001,-7.293174862861633E-001,6.640973687171936E-002,1.087296172045171E-003,6.640973687171936E-002,1.087296172045171E-003,
2.711250000000000E+009,6.256529688835144E-001,-7.486897110939026E-001,6.256529688835144E-001,-7.486897110939026E-001,6.479196995496750E-002,-1.669892109930515E-003,6.479196995496750E-002,-1.669892109930515E-003,
2.722800000000000E+009,6.135897040367127E-001,-7.533347010612488E-001,6.135897040367127E-001,-7.533347010612488E-001,6.332547217607498E-002,-2.102223457768560E-003,6.332547217607498E-002,-2.102223457768560E-003,
2.734350000000000E+009,5.980585813522339E-001,-7.652926445007324E-001,5.980585813522339E-001,-7.652926445007324E-001,6.376118212938309E-002,-2.299478743225336E-003,6.376118212938309E-002,-2.299478743225336E-003,
2.745900000000000E+009,5.794989466667175E-001,-7.764155268669128E-001,5.794989466667175E-001,-7.764155268669128E-001,6.613396853208542E-002,-2.226449316367507E-003,6.613396853208542E-002,-2.226449316367507E-003,
2.757450000000000E+009,5.624756217002869E-001,-7.791156768798828E-001,5.624756217002869E-001,-7.791156768798828E-001,6.924284249544144E-002,-4.582514520734549E-003,6.924284249544144E-002,-4.582514520734549E-003,
2.769000000000000E+009,5.490686297416687E-001,-7.944898605346680E-001,5.490686297416687E-001,-7.944898605346680E-001,7.200556993484497E-002,-9.654257446527481E-003,7.200556993484497E-002,-9.654257446527481E-003,
2.780550000000000E+009,5.433937907218933E-001,-8.038704395294190E-001,5.433937907218933E-001,-8.038704395294190E-001,7.260597497224808E-002,-1.567111909389496E-002,7.260597497224808E-002,-1.567111909389496E-002,
2.792100000000000E+009,5.262337923049927E-001,-8.112159371376038E-001,5.262337923049927E-001,-8.112159371376038E-001,6.962363421916962E-002,-2.043459750711918E-002,6.962363421916962E-002,-2.043459750711918E-002,
2.803650000000000E+009,5.175290703773499E-001,-8.188112974166870E-001,5.175290703773499E-001,-8.188112974166870E-001,6.674276292324066E-002,-2.274265140295029E-002,6.674276292324066E-002,-2.274265140295029E-002,
2.815200000000000E+009,5.064675211906433E-001,-8.295720219612122E-001,5.064675211906433E-001,-8.295720219612122E-001,6.465708464384079E-002,-2.320891991257668E-002,6.465708464384079E-002,-2.320891991257668E-002,
2.826750000000000E+009,4.928870797157288E-001,-8.423053622245789E-001,4.928870797157288E-001,-8.423053622245789E-001,6.445173919200897E-002,-2.348422072827816E-002,6.445173919200897E-002,-2.348422072827816E-002,
2.838300000000000E+009,4.779600501060486E-001,-8.509528040885925E-001,4.779600501060486E-001,-8.509528040885925E-001,6.687684357166290E-002,-2.402407303452492E-002,6.687684357166290E-002,-2.402407303452492E-002,
2.849850000000000E+009,4.517953097820282E-001,-8.449478149414063E-001,4.517953097820282E-001,-8.449478149414063E-001,6.931418180465698E-002,-2.686959505081177E-002,6.931418180465698E-002,-2.686959505081177E-002,
2.861400000000000E+009,4.471663534641266E-001,-8.576399087905884E-001,4.471663534641266E-001,-8.576399087905884E-001,7.127579301595688E-002,-3.219184279441834E-002,7.127579301595688E-002,-3.219184279441834E-002,
2.872950000000000E+009,4.283240437507629E-001,-8.667990565299988E-001,4.283240437507629E-001,-8.667990565299988E-001,7.055776566267014E-002,-3.977440670132637E-002,7.055776566267014E-002,-3.977440670132637E-002,
2.884500000000000E+009,4.092811346054077E-001,-8.649430274963379E-001,4.092811346054077E-001,-8.649430274963379E-001,6.532379239797592E-002,-4.385441169142723E-002,6.532379239797592E-002,-4.385441169142723E-002,
2.896050000000000E+009,4.018255472183228E-001,-8.818979859352112E-001,4.018255472183228E-001,-8.818979859352112E-001,6.147300824522972E-002,-4.601798579096794E-002,6.147300824522972E-002,-4.601798579096794E-002,
2.907600000000000E+009,3.906041085720062E-001,-8.840667605400085E-001,3.906041085720062E-001,-8.840667605400085E-001,5.827474594116211E-002,-4.585876315832138E-002,5.827474594116211E-002,-4.585876315832138E-002,
2.919150000000000E+009,3.706538379192352E-001,-8.915540575981140E-001,3.706538379192352E-001,-8.915540575981140E-001,5.831871554255486E-002,-4.546308517456055E-002,5.831871554255486E-002,-4.546308517456055E-002,
2.930700000000000E+009,3.555977642536163E-001,-9.044286608695984E-001,3.555977642536163E-001,-9.044286608695984E-001,5.972048640251160E-002,-4.719422012567520E-002,5.972048640251160E-002,-4.719422012567520E-002,
2.942250000000000E+009,3.431894481182098E-001,-9.038673043251038E-001,3.431894481182098E-001,-9.038673043251038E-001,6.207337230443955E-002,-5.153725668787956E-002,6.207337230443955E-002,-5.153725668787956E-002,
2.953800000000000E+009,3.220717906951904E-001,-9.009291529655457E-001,3.220717906951904E-001,-9.009291529655457E-001,6.160166859626770E-002,-5.783493444323540E-002,6.160166859626770E-002,-5.783493444323540E-002,
2.965350000000000E+009,3.075802922248840E-001,-9.125095009803772E-001,3.075802922248840E-001,-9.125095009803772E-001,5.719043314456940E-002,-6.427868455648422E-002,5.719043314456940E-002,-6.427868455648422E-002,
2.976900000000000E+009,2.916311919689179E-001,-9.188500046730042E-001,2.916311919689179E-001,-9.188500046730042E-001,5.063280463218689E-002,-6.807159632444382E-002,5.063280463218689E-002,-6.807159632444382E-002,
2.988450000000000E+009,2.774153351783752E-001,-9.155658483505249E-001,2.774153351783752E-001,-9.155658483505249E-001,4.495620727539063E-002,-6.688661873340607E-002,4.495620727539063E-002,-6.688661873340607E-002,
3.000000000000000E+009,2.647056877613068E-001,-9.308321475982666E-001,2.647056877613068E-001,-9.308321475982666E-001,4.207206144928932E-002,-6.516066193580627E-002,4.207206144928932E-002,-6.516066193580627E-002,
