% Version 1.00
%
%freq[Hz],re:Trc1_S11,im:Trc1_S11,re:Trc2_S21,im:Trc2_S21,re:Trc3_S11,im:Trc3_S11,re:Trc4_S21,im:Trc4_S21,
6.900000000000000E+008,-5.531633645296097E-002,3.843341022729874E-002,-5.128379464149475E-001,-8.551384210586548E-001,-5.531633645296097E-002,3.843341022729874E-002,-5.128379464149475E-001,-8.551384210586548E-001,
6.983666666666666E+008,-4.352820292115212E-002,3.700362518429756E-002,-5.317427515983582E-001,-8.396167755126953E-001,-4.352820292115212E-002,3.700362518429756E-002,-5.317427515983582E-001,-8.396167755126953E-001,
7.067333333333334E+008,-3.837826475501061E-002,3.167606145143509E-002,-5.725100040435791E-001,-7.940214276313782E-001,-3.837826475501061E-002,3.167606145143509E-002,-5.725100040435791E-001,-7.940214276313782E-001,
7.151000000000000E+008,-3.802068531513214E-002,2.471927367150784E-002,-5.666232109069824E-001,-8.049495220184326E-001,-3.802068531513214E-002,2.471927367150784E-002,-5.666232109069824E-001,-8.049495220184326E-001,
7.234666666666666E+008,-3.947819769382477E-002,1.877160929143429E-002,-5.986360907554627E-001,-7.977288961410523E-001,-3.947819769382477E-002,1.877160929143429E-002,-5.986360907554627E-001,-7.977288961410523E-001,
7.318333333333334E+008,-4.622581601142883E-002,1.751270145177841E-002,-6.143708825111389E-001,-7.803984880447388E-001,-4.622581601142883E-002,1.751270145177841E-002,-6.143708825111389E-001,-7.803984880447388E-001,
7.402000000000000E+008,-5.136860907077789E-002,2.033136598765850E-002,-6.242722272872925E-001,-7.732504010200501E-001,-5.136860907077789E-002,2.033136598765850E-002,-6.242722272872925E-001,-7.732504010200501E-001,
7.485666666666666E+008,-5.946428701281548E-002,2.704633213579655E-002,-6.546897292137146E-001,-7.467218041419983E-001,-5.946428701281548E-002,2.704633213579655E-002,-6.546897292137146E-001,-7.467218041419983E-001,
7.569333333333334E+008,-5.983419716358185E-002,3.732861950993538E-002,-6.694968342781067E-001,-7.411472797393799E-001,-5.983419716358185E-002,3.732861950993538E-002,-6.694968342781067E-001,-7.411472797393799E-001,
7.653000000000000E+008,-5.645255371928215E-002,4.548689350485802E-002,-6.840224266052246E-001,-7.122646570205689E-001,-5.645255371928215E-002,4.548689350485802E-002,-6.840224266052246E-001,-7.122646570205689E-001,
7.736666666666666E+008,-5.092389881610870E-002,5.360679328441620E-002,-7.103712558746338E-001,-6.984468698501587E-001,-5.092389881610870E-002,5.360679328441620E-002,-7.103712558746338E-001,-6.984468698501587E-001,
7.820333333333334E+008,-4.378316551446915E-002,5.626846849918366E-002,-7.643514275550842E-001,-6.857857704162598E-001,-4.378316551446915E-002,5.626846849918366E-002,-7.643514275550842E-001,-6.857857704162598E-001,
7.904000000000000E+008,-3.681394830346108E-002,5.515747144818306E-002,-7.519809603691101E-001,-6.684134602546692E-001,-3.681394830346108E-002,5.515747144818306E-002,-7.519809603691101E-001,-6.684134602546692E-001,
7.987666666666666E+008,-3.176616504788399E-002,4.905971139669418E-002,-7.614264488220215E-001,-6.368342638015747E-001,-3.176616504788399E-002,4.905971139669418E-002,-7.614264488220215E-001,-6.368342638015747E-001,
8.071333333333334E+008,-2.913358993828297E-002,4.239016771316528E-002,-7.775118947029114E-001,-6.136895418167114E-001,-2.913358993828297E-002,4.239016771316528E-002,-7.775118947029114E-001,-6.136895418167114E-001,
8.155000000000000E+008,-3.237930312752724E-002,3.875908628106117E-002,-8.043774962425232E-001,-5.938190817832947E-001,-3.237930312752724E-002,3.875908628106117E-002,-8.043774962425232E-001,-5.938190817832947E-001,
8.238666666666666E+008,-3.723208233714104E-002,3.496821597218514E-002,-8.134462833404541E-001,-5.702105164527893E-001,-3.723208233714104E-002,3.496821597218514E-002,-8.134462833404541E-001,-5.702105164527893E-001,
8.322333333333334E+008,-4.341731965541840E-002,3.652438521385193E-002,-8.210331201553345E-001,-5.515319705009460E-001,-4.341731965541840E-002,3.652438521385193E-002,-8.210331201553345E-001,-5.515319705009460E-001,
8.406000000000000E+008,-4.740210622549057E-002,4.198257252573967E-002,-8.292284011840820E-001,-5.294121503829956E-001,-4.740210622549057E-002,4.198257252573967E-002,-8.292284011840820E-001,-5.294121503829956E-001,
8.489666666666668E+008,-4.937268793582916E-002,5.105082690715790E-002,-8.512900471687317E-001,-4.941983819007874E-001,-4.937268793582916E-002,5.105082690715790E-002,-8.512900471687317E-001,-4.941983819007874E-001,
8.573333333333334E+008,-4.730055108666420E-002,5.958802253007889E-002,-8.542182445526123E-001,-4.999134838581085E-001,-4.730055108666420E-002,5.958802253007889E-002,-8.542182445526123E-001,-4.999134838581085E-001,
8.657000000000000E+008,-4.236042872071266E-002,6.796289980411530E-002,-8.748644590377808E-001,-4.603529274463654E-001,-4.236042872071266E-002,6.796289980411530E-002,-8.748644590377808E-001,-4.603529274463654E-001,
8.740666666666668E+008,-3.246507048606873E-002,7.395102828741074E-002,-8.836832046508789E-001,-4.517126083374023E-001,-3.246507048606873E-002,7.395102828741074E-002,-8.836832046508789E-001,-4.517126083374023E-001,
8.824333333333334E+008,-2.615881524980068E-002,7.371098548173904E-002,-8.932961821556091E-001,-4.362830817699432E-001,-2.615881524980068E-002,7.371098548173904E-002,-8.932961821556091E-001,-4.362830817699432E-001,
8.908000000000000E+008,-1.837548427283764E-002,6.930285692214966E-002,-8.984220623970032E-001,-3.930052220821381E-001,-1.837548427283764E-002,6.930285692214966E-002,-8.984220623970032E-001,-3.930052220821381E-001,
8.991666666666668E+008,-1.608096808195114E-002,6.419096142053604E-002,-9.149354100227356E-001,-3.698456883430481E-001,-1.608096808195114E-002,6.419096142053604E-002,-9.149354100227356E-001,-3.698456883430481E-001,
9.075333333333334E+008,-1.462822686880827E-002,5.794517695903778E-002,-9.215444326400757E-001,-3.477449119091034E-001,-1.462822686880827E-002,5.794517695903778E-002,-9.215444326400757E-001,-3.477449119091034E-001,
9.159000000000000E+008,-1.829046942293644E-002,5.457729473710060E-002,-9.277802109718323E-001,-3.307871222496033E-001,-1.829046942293644E-002,5.457729473710060E-002,-9.277802109718323E-001,-3.307871222496033E-001,
9.242666666666668E+008,-2.230346202850342E-002,5.103195086121559E-002,-9.358702898025513E-001,-3.092802464962006E-001,-2.230346202850342E-002,5.103195086121559E-002,-9.358702898025513E-001,-3.092802464962006E-001,
9.326333333333334E+008,-2.702968567609787E-002,5.365905910730362E-002,-9.343731403350830E-001,-2.771647870540619E-001,-2.702968567609787E-002,5.365905910730362E-002,-9.343731403350830E-001,-2.771647870540619E-001,
9.410000000000000E+008,-3.226925060153008E-002,6.033417582511902E-002,-9.520184993743897E-001,-2.643093466758728E-001,-3.226925060153008E-002,6.033417582511902E-002,-9.520184993743897E-001,-2.643093466758728E-001,
9.493666666666668E+008,-3.098207339644432E-002,6.916333734989166E-002,-9.729455709457398E-001,-2.266860455274582E-001,-3.098207339644432E-002,6.916333734989166E-002,-9.729455709457398E-001,-2.266860455274582E-001,
9.577333333333334E+008,-2.756726741790772E-002,7.776360958814621E-002,-9.533933997154236E-001,-1.975795328617096E-001,-2.756726741790772E-002,7.776360958814621E-002,-9.533933997154236E-001,-1.975795328617096E-001,
9.661000000000000E+008,-1.932046562433243E-002,8.499985933303833E-002,-9.638524651527405E-001,-1.841057687997818E-001,-1.932046562433243E-002,8.499985933303833E-002,-9.638524651527405E-001,-1.841057687997818E-001,
9.744666666666668E+008,-9.814042598009110E-003,9.083441644906998E-002,-9.743425250053406E-001,-1.610517501831055E-001,-9.814042598009110E-003,9.083441644906998E-002,-9.743425250053406E-001,-1.610517501831055E-001,
9.828333333333334E+008,2.097212010994554E-003,8.752647042274475E-002,-9.790173172950745E-001,-1.396019607782364E-001,2.097212010994554E-003,8.752647042274475E-002,-9.790173172950745E-001,-1.396019607782364E-001,
9.912000000000000E+008,9.214489720761776E-003,8.263255655765533E-002,-9.865618944168091E-001,-1.001373231410980E-001,9.214489720761776E-003,8.263255655765533E-002,-9.865618944168091E-001,-1.001373231410980E-001,
9.995666666666668E+008,1.201125793159008E-002,7.380326837301254E-002,-9.965317845344544E-001,-9.050140529870987E-002,1.201125793159008E-002,7.380326837301254E-002,-9.965317845344544E-001,-9.050140529870987E-002,
1.007933333333333E+009,1.306702196598053E-002,6.233737990260124E-002,-9.775362014770508E-001,-6.198880821466446E-002,1.306702196598053E-002,6.233737990260124E-002,-9.775362014770508E-001,-6.198880821466446E-002,
1.016300000000000E+009,8.412643335759640E-003,5.965655669569969E-002,-9.980115294456482E-001,-3.760190680623055E-002,8.412643335759640E-003,5.965655669569969E-002,-9.980115294456482E-001,-3.760190680623055E-002,
1.024666666666667E+009,4.939329344779253E-003,5.519904941320419E-002,-9.891584515571594E-001,-7.806555368006229E-003,4.939329344779253E-003,5.519904941320419E-002,-9.891584515571594E-001,-7.806555368006229E-003,
1.033033333333333E+009,-3.150889649987221E-003,5.774545297026634E-002,-9.866719245910645E-001,1.707769744098187E-002,-3.150889649987221E-003,5.774545297026634E-002,-9.866719245910645E-001,1.707769744098187E-002,
1.041400000000000E+009,-8.310778997838497E-003,6.522548198699951E-002,-9.819502830505371E-001,3.756076470017433E-002,-8.310778997838497E-003,6.522548198699951E-002,-9.819502830505371E-001,3.756076470017433E-002,
1.049766666666667E+009,-6.054516416043043E-003,7.557216286659241E-002,-9.967684149742127E-001,7.285302132368088E-002,-6.054516416043043E-003,7.557216286659241E-002,-9.967684149742127E-001,7.285302132368088E-002,
1.058133333333333E+009,-1.427163137122989E-003,8.422188460826874E-002,-9.729340672492981E-001,9.301246702671051E-002,-1.427163137122989E-003,8.422188460826874E-002,-9.729340672492981E-001,9.301246702671051E-002,
1.066500000000000E+009,9.974720887839794E-003,8.966425806283951E-002,-9.768483638763428E-001,1.195718720555306E-001,9.974720887839794E-003,8.966425806283951E-002,-9.768483638763428E-001,1.195718720555306E-001,
1.074866666666667E+009,2.423177845776081E-002,8.939187973737717E-002,-9.753886461257935E-001,1.486239731311798E-001,2.423177845776081E-002,8.939187973737717E-002,-9.753886461257935E-001,1.486239731311798E-001,
1.083233333333334E+009,3.408155962824822E-002,8.262699842453003E-002,-9.775212407112122E-001,1.758494228124619E-001,3.408155962824822E-002,8.262699842453003E-002,-9.775212407112122E-001,1.758494228124619E-001,
1.091600000000000E+009,3.944902494549751E-002,7.161740213632584E-002,-9.650462269783020E-001,1.914715617895126E-001,3.944902494549751E-002,7.161740213632584E-002,-9.650462269783020E-001,1.914715617895126E-001,
1.099966666666667E+009,3.794989362359047E-002,5.937981978058815E-002,-9.642534852027893E-001,2.293274402618408E-001,3.794989362359047E-002,5.937981978058815E-002,-9.642534852027893E-001,2.293274402618408E-001,
1.108333333333334E+009,3.040785714983940E-002,5.000796914100647E-002,-9.603182077407837E-001,2.589266896247864E-001,3.040785714983940E-002,5.000796914100647E-002,-9.603182077407837E-001,2.589266896247864E-001,
1.116700000000000E+009,2.096128650009632E-002,4.514383152127266E-002,-9.443014264106751E-001,2.736029624938965E-001,2.096128650009632E-002,4.514383152127266E-002,-9.443014264106751E-001,2.736029624938965E-001,
1.125066666666667E+009,6.956541910767555E-003,4.978680983185768E-002,-9.558808207511902E-001,2.947586178779602E-001,6.956541910767555E-003,4.978680983185768E-002,-9.558808207511902E-001,2.947586178779602E-001,
1.133433333333334E+009,1.427548006176949E-003,6.004882976412773E-002,-9.474744796752930E-001,3.217913806438446E-001,1.427548006176949E-003,6.004882976412773E-002,-9.474744796752930E-001,3.217913806438446E-001,
1.141800000000000E+009,1.529379864223301E-003,7.440546900033951E-002,-9.118115305900574E-001,3.440577685832977E-001,1.529379864223301E-003,7.440546900033951E-002,-9.118115305900574E-001,3.440577685832977E-001,
1.150166666666667E+009,1.030150987207890E-002,8.767434954643250E-002,-9.197632074356079E-001,3.638937175273895E-001,1.030150987207890E-002,8.767434954643250E-002,-9.197632074356079E-001,3.638937175273895E-001,
1.158533333333334E+009,2.650429494678974E-002,9.611322730779648E-002,-9.075652956962585E-001,3.871330320835114E-001,2.650429494678974E-002,9.611322730779648E-002,-9.075652956962585E-001,3.871330320835114E-001,
1.166900000000000E+009,4.634135216474533E-002,9.631288796663284E-002,-9.040532708168030E-001,4.000763297080994E-001,4.634135216474533E-002,9.631288796663284E-002,-9.040532708168030E-001,4.000763297080994E-001,
1.175266666666667E+009,6.277011334896088E-002,8.842436969280243E-002,-8.806584477424622E-001,4.115823507308960E-001,6.277011334896088E-002,8.842436969280243E-002,-8.806584477424622E-001,4.115823507308960E-001,
1.183633333333334E+009,7.402970641851425E-002,7.281777262687683E-002,-8.620405197143555E-001,4.546418190002441E-001,7.402970641851425E-002,7.281777262687683E-002,-8.620405197143555E-001,4.546418190002441E-001,
1.192000000000000E+009,7.475771009922028E-002,5.525970086455345E-002,-8.670582771301270E-001,4.736095666885376E-001,7.475771009922028E-002,5.525970086455345E-002,-8.670582771301270E-001,4.736095666885376E-001,
1.200366666666667E+009,6.605450063943863E-002,3.674782440066338E-002,-8.555294871330261E-001,4.996531605720520E-001,6.605450063943863E-002,3.674782440066338E-002,-8.555294871330261E-001,4.996531605720520E-001,
1.208733333333334E+009,5.025112256407738E-002,2.933049015700817E-002,-8.477594852447510E-001,5.144326090812683E-001,5.025112256407738E-002,2.933049015700817E-002,-8.477594852447510E-001,5.144326090812683E-001,
1.217100000000000E+009,3.337993845343590E-002,3.111278079450131E-002,-8.230292797088623E-001,5.368880629539490E-001,3.337993845343590E-002,3.111278079450131E-002,-8.230292797088623E-001,5.368880629539490E-001,
1.225466666666667E+009,2.107194438576698E-002,4.111247509717941E-002,-8.179829716682434E-001,5.653763413429260E-001,2.107194438576698E-002,4.111247509717941E-002,-8.179829716682434E-001,5.653763413429260E-001,
1.233833333333334E+009,1.849704049527645E-002,5.546300113201141E-002,-7.931308150291443E-001,5.921946763992310E-001,1.849704049527645E-002,5.546300113201141E-002,-7.931308150291443E-001,5.921946763992310E-001,
1.242200000000000E+009,2.568422257900238E-002,7.239432632923126E-002,-7.817642688751221E-001,6.019603610038757E-001,2.568422257900238E-002,7.239432632923126E-002,-7.817642688751221E-001,6.019603610038757E-001,
1.250566666666667E+009,4.217200726270676E-002,8.262900263071060E-002,-7.680690288543701E-001,6.261106133460999E-001,4.217200726270676E-002,8.262900263071060E-002,-7.680690288543701E-001,6.261106133460999E-001,
1.258933333333334E+009,6.356084346771240E-002,8.352584391832352E-002,-7.560355067253113E-001,6.366894245147705E-001,6.356084346771240E-002,8.352584391832352E-002,-7.560355067253113E-001,6.366894245147705E-001,
1.267300000000000E+009,8.324322849512100E-002,7.425857335329056E-002,-7.329889535903931E-001,6.532414555549622E-001,8.324322849512100E-002,7.425857335329056E-002,-7.329889535903931E-001,6.532414555549622E-001,
1.275666666666667E+009,9.237667918205261E-002,5.367635190486908E-002,-7.197192907333374E-001,6.886485815048218E-001,9.237667918205261E-002,5.367635190486908E-002,-7.197192907333374E-001,6.886485815048218E-001,
1.284033333333334E+009,9.287564456462860E-002,3.387125954031944E-002,-7.114644646644592E-001,6.988512873649597E-001,9.287564456462860E-002,3.387125954031944E-002,-7.114644646644592E-001,6.988512873649597E-001,
1.292400000000000E+009,8.160130679607391E-002,1.602895557880402E-002,-6.773428916931152E-001,7.133890390396118E-001,8.160130679607391E-002,1.602895557880402E-002,-6.773428916931152E-001,7.133890390396118E-001,
1.300766666666667E+009,6.146127358078957E-002,7.319323718547821E-003,-6.658666133880615E-001,7.374799251556397E-001,6.146127358078957E-002,7.319323718547821E-003,-6.658666133880615E-001,7.374799251556397E-001,
1.309133333333334E+009,4.337361454963684E-002,8.857158012688160E-003,-6.479524970054627E-001,7.468229532241821E-001,4.337361454963684E-002,8.857158012688160E-003,-6.479524970054627E-001,7.468229532241821E-001,
1.317500000000000E+009,3.011459112167358E-002,2.033958211541176E-002,-6.140043139457703E-001,7.754597663879395E-001,3.011459112167358E-002,2.033958211541176E-002,-6.140043139457703E-001,7.754597663879395E-001,
1.325866666666667E+009,2.652591466903687E-002,3.863357007503510E-002,-6.096106767654419E-001,7.792543172836304E-001,2.652591466903687E-002,3.863357007503510E-002,-6.096106767654419E-001,7.792543172836304E-001,
1.334233333333334E+009,3.441211208701134E-002,5.435183644294739E-002,-5.803687572479248E-001,7.951687574386597E-001,3.441211208701134E-002,5.435183644294739E-002,-5.803687572479248E-001,7.951687574386597E-001,
1.342600000000000E+009,5.113164335489273E-002,6.336870044469833E-002,-5.655255317687988E-001,8.062238097190857E-001,5.113164335489273E-002,6.336870044469833E-002,-5.655255317687988E-001,8.062238097190857E-001,
1.350966666666667E+009,7.182195037603378E-002,6.076315790414810E-002,-5.322312712669373E-001,8.121966719627380E-001,7.182195037603378E-002,6.076315790414810E-002,-5.322312712669373E-001,8.121966719627380E-001,
1.359333333333334E+009,8.809527754783630E-002,4.795543104410172E-002,-5.386834144592285E-001,8.364691734313965E-001,8.809527754783630E-002,4.795543104410172E-002,-5.386834144592285E-001,8.364691734313965E-001,
1.367700000000000E+009,9.554484486579895E-002,2.766028605401516E-002,-4.994282424449921E-001,8.504490852355957E-001,9.554484486579895E-002,2.766028605401516E-002,-4.994282424449921E-001,8.504490852355957E-001,
1.376066666666667E+009,9.124900400638580E-002,8.582392707467079E-003,-4.841240644454956E-001,8.621983528137207E-001,9.124900400638580E-002,8.582392707467079E-003,-4.841240644454956E-001,8.621983528137207E-001,
1.384433333333334E+009,7.473030686378479E-002,-6.019355729222298E-003,-4.667632579803467E-001,8.726482391357422E-001,7.473030686378479E-002,-6.019355729222298E-003,-4.667632579803467E-001,8.726482391357422E-001,
1.392800000000000E+009,5.405203625559807E-002,-1.056658104062080E-002,-4.455333948135376E-001,8.949931859970093E-001,5.405203625559807E-002,-1.056658104062080E-002,-4.455333948135376E-001,8.949931859970093E-001,
1.401166666666667E+009,3.247618302702904E-002,-3.479600884020329E-003,-4.204242229461670E-001,8.980560302734375E-001,3.247618302702904E-002,-3.479600884020329E-003,-4.204242229461670E-001,8.980560302734375E-001,
1.409533333333334E+009,2.073771692812443E-002,1.590712182223797E-002,-3.891475200653076E-001,9.086799621582031E-001,2.073771692812443E-002,1.590712182223797E-002,-3.891475200653076E-001,9.086799621582031E-001,
1.417900000000000E+009,1.953287608921528E-002,3.813904151320458E-002,-3.671071827411652E-001,9.221577644348145E-001,1.953287608921528E-002,3.813904151320458E-002,-3.671071827411652E-001,9.221577644348145E-001,
1.426266666666667E+009,3.206578642129898E-002,5.562537163496018E-002,-3.395455777645111E-001,9.411573410034180E-001,3.206578642129898E-002,5.562537163496018E-002,-3.395455777645111E-001,9.411573410034180E-001,
1.434633333333334E+009,5.337873846292496E-002,6.551072746515274E-002,-3.197836577892304E-001,9.354625344276428E-001,5.337873846292496E-002,6.551072746515274E-002,-3.197836577892304E-001,9.354625344276428E-001,
1.443000000000000E+009,7.795303314924240E-002,6.035258993506432E-002,-2.912832200527191E-001,9.405443072319031E-001,7.795303314924240E-002,6.035258993506432E-002,-2.912832200527191E-001,9.405443072319031E-001,
1.451366666666667E+009,9.353736788034439E-002,4.239081963896751E-002,-2.634499967098236E-001,9.383026361465454E-001,9.353736788034439E-002,4.239081963896751E-002,-2.634499967098236E-001,9.383026361465454E-001,
1.459733333333334E+009,1.014709547162056E-001,2.310124598443508E-002,-2.489132434129715E-001,9.616566300392151E-001,1.014709547162056E-001,2.310124598443508E-002,-2.489132434129715E-001,9.616566300392151E-001,
1.468100000000000E+009,9.508014470338821E-002,3.741634718608111E-004,-2.265652269124985E-001,9.519272446632385E-001,9.508014470338821E-002,3.741634718608111E-004,-2.265652269124985E-001,9.519272446632385E-001,
1.476466666666667E+009,7.933992892503738E-002,-1.220805197954178E-002,-2.022123932838440E-001,9.666904211044312E-001,7.933992892503738E-002,-1.220805197954178E-002,-2.022123932838440E-001,9.666904211044312E-001,
1.484833333333334E+009,5.757835507392883E-002,-1.269920449703932E-002,-1.724472194910049E-001,9.818685054779053E-001,5.757835507392883E-002,-1.269920449703932E-002,-1.724472194910049E-001,9.818685054779053E-001,
1.493200000000000E+009,4.091744124889374E-002,-5.630051251500845E-003,-1.362849920988083E-001,9.800205230712891E-001,4.091744124889374E-002,-5.630051251500845E-003,-1.362849920988083E-001,9.800205230712891E-001,
1.501566666666667E+009,2.904579043388367E-002,1.335616596043110E-002,-1.081748679280281E-001,9.836823940277100E-001,2.904579043388367E-002,1.335616596043110E-002,-1.081748679280281E-001,9.836823940277100E-001,
1.509933333333334E+009,3.178213536739349E-002,3.515185415744782E-002,-9.627557545900345E-002,9.882658720016480E-001,3.178213536739349E-002,3.515185415744782E-002,-9.627557545900345E-002,9.882658720016480E-001,
1.518300000000000E+009,4.592086374759674E-002,5.208191275596619E-002,-6.339995563030243E-002,9.865419268608093E-001,4.592086374759674E-002,5.208191275596619E-002,-6.339995563030243E-002,9.865419268608093E-001,
1.526666666666667E+009,6.722994893789291E-002,5.704527348279953E-002,-4.894029721617699E-002,9.825834035873413E-001,6.722994893789291E-002,5.704527348279953E-002,-4.894029721617699E-002,9.825834035873413E-001,
1.535033333333334E+009,8.926361799240112E-002,4.929069057106972E-002,-3.023484721779823E-002,9.760070443153381E-001,8.926361799240112E-002,4.929069057106972E-002,-3.023484721779823E-002,9.760070443153381E-001,
1.543400000000000E+009,1.042248383164406E-001,3.212492540478706E-002,1.839149161241949E-003,9.839294552803040E-001,1.042248383164406E-001,3.212492540478706E-002,1.839149161241949E-003,9.839294552803040E-001,
1.551766666666667E+009,1.100779175758362E-001,9.721655398607254E-003,2.387918159365654E-002,9.808048009872437E-001,1.100779175758362E-001,9.721655398607254E-003,2.387918159365654E-002,9.808048009872437E-001,
1.560133333333334E+009,1.030427962541580E-001,-1.027640514075756E-002,4.572600126266480E-002,9.914501309394836E-001,1.030427962541580E-001,-1.027640514075756E-002,4.572600126266480E-002,9.914501309394836E-001,
1.568500000000000E+009,8.762779086828232E-002,-2.430230379104614E-002,7.559403032064438E-002,9.877728819847107E-001,8.762779086828232E-002,-2.430230379104614E-002,7.559403032064438E-002,9.877728819847107E-001,
1.576866666666667E+009,6.969590485095978E-002,-2.517227642238140E-002,9.727071970701218E-002,9.878980517387390E-001,6.969590485095978E-002,-2.517227642238140E-002,9.727071970701218E-002,9.878980517387390E-001,
1.585233333333334E+009,5.368936434388161E-002,-1.495565753430128E-002,1.259897500276566E-001,9.804029464721680E-001,5.368936434388161E-002,-1.495565753430128E-002,1.259897500276566E-001,9.804029464721680E-001,
1.593600000000000E+009,4.712148755788803E-002,5.673816121998243E-005,1.540629118680954E-001,9.784777760505676E-001,4.712148755788803E-002,5.673816121998243E-005,1.540629118680954E-001,9.784777760505676E-001,
1.601966666666667E+009,4.850555956363678E-002,1.915162056684494E-002,1.852808892726898E-001,9.753591418266296E-001,4.850555956363678E-002,1.915162056684494E-002,1.852808892726898E-001,9.753591418266296E-001,
1.610333333333334E+009,6.007869541645050E-002,3.000487014651299E-002,2.079570889472961E-001,9.647065401077271E-001,6.007869541645050E-002,3.000487014651299E-002,2.079570889472961E-001,9.647065401077271E-001,
1.618700000000000E+009,7.776634395122528E-002,3.385939449071884E-002,2.273176014423370E-001,9.567723870277405E-001,7.776634395122528E-002,3.385939449071884E-002,2.273176014423370E-001,9.567723870277405E-001,
1.627066666666667E+009,9.618170559406281E-002,2.463242784142494E-002,2.529091536998749E-001,9.485274553298950E-001,9.618170559406281E-002,2.463242784142494E-002,2.529091536998749E-001,9.485274553298950E-001,
1.635433333333334E+009,1.061037927865982E-001,1.053522899746895E-002,2.725675702095032E-001,9.421069622039795E-001,1.061037927865982E-001,1.053522899746895E-002,2.725675702095032E-001,9.421069622039795E-001,
1.643800000000000E+009,1.070115864276886E-001,-9.353716857731342E-003,2.933520078659058E-001,9.359406232833862E-001,1.070115864276886E-001,-9.353716857731342E-003,2.933520078659058E-001,9.359406232833862E-001,
1.652166666666667E+009,9.963170439004898E-002,-2.587875351309776E-002,3.181428313255310E-001,9.289019703865051E-001,9.963170439004898E-002,-2.587875351309776E-002,3.181428313255310E-001,9.289019703865051E-001,
1.660533333333334E+009,8.642712980508804E-002,-3.556113690137863E-002,3.460136055946350E-001,9.275270104408264E-001,8.642712980508804E-002,-3.556113690137863E-002,3.460136055946350E-001,9.275270104408264E-001,
1.668900000000000E+009,7.026471197605133E-002,-3.454877436161041E-002,3.687370717525482E-001,9.240987300872803E-001,7.026471197605133E-002,-3.454877436161041E-002,3.687370717525482E-001,9.240987300872803E-001,
1.677266666666667E+009,5.896792933344841E-002,-2.460123598575592E-002,3.858800530433655E-001,9.148467779159546E-001,5.896792933344841E-002,-2.460123598575592E-002,3.858800530433655E-001,9.148467779159546E-001,
1.685633333333334E+009,5.682520195841789E-002,-1.018443051725626E-002,4.125390946865082E-001,8.979141116142273E-001,5.682520195841789E-002,-1.018443051725626E-002,4.125390946865082E-001,8.979141116142273E-001,
1.694000000000000E+009,6.107184663414955E-002,5.784522276371718E-003,4.421323239803314E-001,8.848400712013245E-001,6.107184663414955E-002,5.784522276371718E-003,4.421323239803314E-001,8.848400712013245E-001,
1.702366666666667E+009,7.383324950933456E-002,1.474161352962256E-002,4.712328910827637E-001,8.686484098434448E-001,7.383324950933456E-002,1.474161352962256E-002,4.712328910827637E-001,8.686484098434448E-001,
1.710733333333334E+009,8.969837427139282E-002,1.687428168952465E-002,4.862781167030335E-001,8.639011383056641E-001,8.969837427139282E-002,1.687428168952465E-002,4.862781167030335E-001,8.639011383056641E-001,
1.719100000000000E+009,1.046025976538658E-001,5.967503879219294E-003,5.099972486495972E-001,8.410634994506836E-001,1.046025976538658E-001,5.967503879219294E-003,5.099972486495972E-001,8.410634994506836E-001,
1.727466666666667E+009,1.138767823576927E-001,-8.118026889860630E-003,5.253860354423523E-001,8.312957882881165E-001,1.138767823576927E-001,-8.118026889860630E-003,5.253860354423523E-001,8.312957882881165E-001,
1.735833333333334E+009,1.177101284265518E-001,-2.742788381874561E-002,5.485060214996338E-001,8.135088682174683E-001,1.177101284265518E-001,-2.742788381874561E-002,5.485060214996338E-001,8.135088682174683E-001,
1.744200000000000E+009,1.101333498954773E-001,-4.593317955732346E-002,5.697118639945984E-001,7.985067963600159E-001,1.101333498954773E-001,-4.593317955732346E-002,5.697118639945984E-001,7.985067963600159E-001,
1.752566666666667E+009,9.766195714473724E-002,-5.827585235238075E-002,5.830324292182922E-001,7.943544387817383E-001,9.766195714473724E-002,-5.827585235238075E-002,5.830324292182922E-001,7.943544387817383E-001,
1.760933333333334E+009,8.129497617483139E-002,-6.160149723291397E-002,6.076411008834839E-001,7.781598567962647E-001,8.129497617483139E-002,-6.160149723291397E-002,6.076411008834839E-001,7.781598567962647E-001,
1.769300000000000E+009,6.784518063068390E-002,-5.791676789522171E-002,6.336916089057922E-001,7.569957375526428E-001,6.784518063068390E-002,-5.791676789522171E-002,6.336916089057922E-001,7.569957375526428E-001,
1.777666666666667E+009,5.977272614836693E-002,-4.998116195201874E-002,6.525130867958069E-001,7.511909008026123E-001,5.977272614836693E-002,-4.998116195201874E-002,6.525130867958069E-001,7.511909008026123E-001,
1.786033333333334E+009,5.959924310445786E-002,-3.663955256342888E-002,6.689106225967407E-001,7.280136942863464E-001,5.959924310445786E-002,-3.663955256342888E-002,6.689106225967407E-001,7.280136942863464E-001,
1.794400000000000E+009,6.399741023778915E-002,-2.669256366789341E-002,6.831276416778565E-001,7.070266604423523E-001,6.399741023778915E-002,-2.669256366789341E-002,6.831276416778565E-001,7.070266604423523E-001,
1.802766666666667E+009,7.507412880659103E-002,-1.963654533028603E-002,7.103584408760071E-001,6.947278976440430E-001,7.507412880659103E-002,-1.963654533028603E-002,7.103584408760071E-001,6.947278976440430E-001,
1.811133333333334E+009,8.477265387773514E-002,-2.097526565194130E-002,7.244179248809815E-001,6.659638881683350E-001,8.477265387773514E-002,-2.097526565194130E-002,7.244179248809815E-001,6.659638881683350E-001,
1.819500000000000E+009,9.081541001796722E-002,-2.617198228836060E-002,7.406274676322937E-001,6.570624113082886E-001,9.081541001796722E-002,-2.617198228836060E-002,7.406274676322937E-001,6.570624113082886E-001,
1.827866666666667E+009,9.772255271673203E-002,-3.614267334342003E-002,7.512620091438294E-001,6.365585327148438E-001,9.772255271673203E-002,-3.614267334342003E-002,7.512620091438294E-001,6.365585327148438E-001,
1.836233333333334E+009,9.456542134284973E-002,-4.891787841916084E-002,7.718824744224548E-001,6.086948513984680E-001,9.456542134284973E-002,-4.891787841916084E-002,7.718824744224548E-001,6.086948513984680E-001,
1.844600000000000E+009,9.127732366323471E-002,-5.892480909824371E-002,7.927642464637756E-001,6.064495444297791E-001,9.127732366323471E-002,-5.892480909824371E-002,7.927642464637756E-001,6.064495444297791E-001,
1.852966666666667E+009,8.173386007547379E-002,-6.455028802156448E-002,8.110373020172119E-001,5.772761702537537E-001,8.173386007547379E-002,-6.455028802156448E-002,8.110373020172119E-001,5.772761702537537E-001,
1.861333333333334E+009,7.376587390899658E-002,-6.710509955883026E-002,8.143366575241089E-001,5.572212338447571E-001,7.376587390899658E-002,-6.710509955883026E-002,8.143366575241089E-001,5.572212338447571E-001,
1.869700000000000E+009,6.756483018398285E-002,-6.361155211925507E-002,8.247548937797546E-001,5.412984490394592E-001,6.756483018398285E-002,-6.361155211925507E-002,8.247548937797546E-001,5.412984490394592E-001,
1.878066666666667E+009,6.474344432353973E-002,-5.860406160354614E-002,8.386182785034180E-001,5.102304816246033E-001,6.474344432353973E-002,-5.860406160354614E-002,8.386182785034180E-001,5.102304816246033E-001,
1.886433333333334E+009,6.645490974187851E-002,-5.011514201760292E-002,8.553918004035950E-001,4.959990978240967E-001,6.645490974187851E-002,-5.011514201760292E-002,8.553918004035950E-001,4.959990978240967E-001,
1.894800000000000E+009,7.177335768938065E-002,-4.408101737499237E-002,8.698341250419617E-001,4.785377383232117E-001,7.177335768938065E-002,-4.408101737499237E-002,8.698341250419617E-001,4.785377383232117E-001,
1.903166666666667E+009,8.165037631988525E-002,-4.356515035033226E-002,8.807839751243591E-001,4.492187500000000E-001,8.165037631988525E-002,-4.356515035033226E-002,8.807839751243591E-001,4.492187500000000E-001,
1.911533333333334E+009,8.997093141078949E-002,-4.583521187305450E-002,8.907122015953064E-001,4.293174743652344E-001,8.997093141078949E-002,-4.583521187305450E-002,8.907122015953064E-001,4.293174743652344E-001,
1.919900000000000E+009,9.761702269315720E-002,-5.767124518752098E-002,8.922812342643738E-001,3.971101343631744E-001,9.761702269315720E-002,-5.767124518752098E-002,8.922812342643738E-001,3.971101343631744E-001,
1.928266666666667E+009,9.855917096138001E-002,-6.938797235488892E-002,9.072469472885132E-001,3.713982999324799E-001,9.855917096138001E-002,-6.938797235488892E-002,9.072469472885132E-001,3.713982999324799E-001,
1.936633333333334E+009,9.273857623338699E-002,-8.325529843568802E-002,9.154067635536194E-001,3.552163243293762E-001,9.273857623338699E-002,-8.325529843568802E-002,9.154067635536194E-001,3.552163243293762E-001,
1.945000000000000E+009,8.444344997406006E-002,-9.516693651676178E-002,9.214214086532593E-001,3.267683088779450E-001,8.444344997406006E-002,-9.516693651676178E-002,9.214214086532593E-001,3.267683088779450E-001,
1.953366666666667E+009,7.090757787227631E-002,-1.016809269785881E-001,9.319642186164856E-001,2.974222302436829E-001,7.090757787227631E-002,-1.016809269785881E-001,9.319642186164856E-001,2.974222302436829E-001,
1.961733333333334E+009,5.922770500183106E-002,-1.015031337738037E-001,9.435659646987915E-001,2.970845103263855E-001,5.922770500183106E-002,-1.015031337738037E-001,9.435659646987915E-001,2.970845103263855E-001,
1.970100000000000E+009,4.904118925333023E-002,-9.362005442380905E-002,9.488518834114075E-001,2.577912509441376E-001,4.904118925333023E-002,-9.362005442380905E-002,9.488518834114075E-001,2.577912509441376E-001,
1.978466666666667E+009,4.673945158720017E-002,-8.368417620658875E-002,9.598113298416138E-001,2.321073859930039E-001,4.673945158720017E-002,-8.368417620658875E-002,9.598113298416138E-001,2.321073859930039E-001,
1.986833333333334E+009,4.986171051859856E-002,-7.416094839572907E-002,9.740399718284607E-001,2.101708799600601E-001,4.986171051859856E-002,-7.416094839572907E-002,9.740399718284607E-001,2.101708799600601E-001,
1.995200000000000E+009,6.193184107542038E-002,-6.617581844329834E-002,9.710403680801392E-001,1.914341151714325E-001,6.193184107542038E-002,-6.617581844329834E-002,9.710403680801392E-001,1.914341151714325E-001,
2.003566666666667E+009,7.553256303071976E-002,-6.688312441110611E-002,9.743254780769348E-001,1.615988612174988E-001,7.553256303071976E-002,-6.688312441110611E-002,9.743254780769348E-001,1.615988612174988E-001,
2.011933333333334E+009,8.812247216701508E-002,-7.507600635290146E-002,9.745538830757141E-001,1.293127536773682E-001,8.812247216701508E-002,-7.507600635290146E-002,9.745538830757141E-001,1.293127536773682E-001,
2.020300000000000E+009,9.328409284353256E-002,-8.684039115905762E-002,9.786130189895630E-001,1.088411360979080E-001,9.328409284353256E-002,-8.684039115905762E-002,9.786130189895630E-001,1.088411360979080E-001,
2.028666666666667E+009,9.192835539579392E-002,-1.044632121920586E-001,9.766788482666016E-001,8.463188260793686E-002,9.192835539579392E-002,-1.044632121920586E-001,9.766788482666016E-001,8.463188260793686E-002,
2.037033333333334E+009,8.147694915533066E-002,-1.218837052583695E-001,9.847603440284729E-001,5.795728787779808E-002,8.147694915533066E-002,-1.218837052583695E-001,9.847603440284729E-001,5.795728787779808E-002,
2.045400000000000E+009,6.498831510543823E-002,-1.329662203788757E-001,9.810394644737244E-001,4.007486626505852E-002,6.498831510543823E-002,-1.329662203788757E-001,9.810394644737244E-001,4.007486626505852E-002,
2.053766666666667E+009,4.610349237918854E-002,-1.359880864620209E-001,9.846727252006531E-001,7.355464622378349E-003,4.610349237918854E-002,-1.359880864620209E-001,9.846727252006531E-001,7.355464622378349E-003,
2.062133333333334E+009,3.060424886643887E-002,-1.303668767213821E-001,9.795029163360596E-001,-1.195355132222176E-002,3.060424886643887E-002,-1.303668767213821E-001,9.795029163360596E-001,-1.195355132222176E-002,
2.070500000000000E+009,2.241513505578041E-002,-1.164409220218658E-001,9.819834828376770E-001,-3.835508972406387E-002,2.241513505578041E-002,-1.164409220218658E-001,9.819834828376770E-001,-3.835508972406387E-002,
2.078866666666667E+009,2.441035956144333E-002,-1.040750518441200E-001,9.813067317008972E-001,-6.540065258741379E-002,2.441035956144333E-002,-1.040750518441200E-001,9.813067317008972E-001,-6.540065258741379E-002,
2.087233333333334E+009,3.659127280116081E-002,-9.275528043508530E-002,9.777707457542419E-001,-8.973811566829681E-002,3.659127280116081E-002,-9.275528043508530E-002,9.777707457542419E-001,-8.973811566829681E-002,
2.095600000000000E+009,5.448669195175171E-002,-9.347435832023621E-002,9.774322509765625E-001,-1.199116855859757E-001,5.448669195175171E-002,-9.347435832023621E-002,9.774322509765625E-001,-1.199116855859757E-001,
2.103966666666667E+009,6.865589320659638E-002,-1.046782582998276E-001,9.773405790328980E-001,-1.402222216129303E-001,6.865589320659638E-002,-1.046782582998276E-001,9.773405790328980E-001,-1.402222216129303E-001,
2.112333333333334E+009,7.827820628881455E-002,-1.208255141973496E-001,9.659690856933594E-001,-1.644734442234039E-001,7.827820628881455E-002,-1.208255141973496E-001,9.659690856933594E-001,-1.644734442234039E-001,
2.120700000000000E+009,7.344823330640793E-002,-1.442126035690308E-001,9.656190276145935E-001,-2.009494602680206E-001,7.344823330640793E-002,-1.442126035690308E-001,9.656190276145935E-001,-2.009494602680206E-001,
2.129066666666667E+009,5.841409042477608E-002,-1.621126681566238E-001,9.464257955551148E-001,-2.185656577348709E-001,5.841409042477608E-002,-1.621126681566238E-001,9.464257955551148E-001,-2.185656577348709E-001,
2.137433333333334E+009,3.421105444431305E-002,-1.729356199502945E-001,9.453355073928833E-001,-2.316838651895523E-001,3.421105444431305E-002,-1.729356199502945E-001,9.453355073928833E-001,-2.316838651895523E-001,
2.145800000000000E+009,6.842926610261202E-003,-1.749990135431290E-001,9.388113617897034E-001,-2.544950246810913E-001,6.842926610261202E-003,-1.749990135431290E-001,9.388113617897034E-001,-2.544950246810913E-001,
2.154166666666667E+009,-1.507907360792160E-002,-1.612536609172821E-001,9.338772892951965E-001,-2.804071605205536E-001,-1.507907360792160E-002,-1.612536609172821E-001,9.338772892951965E-001,-2.804071605205536E-001,
2.162533333333334E+009,-2.657521143555641E-002,-1.418918371200562E-001,9.243233203887940E-001,-3.014793097972870E-001,-2.657521143555641E-002,-1.418918371200562E-001,9.243233203887940E-001,-3.014793097972870E-001,
2.170900000000000E+009,-2.334741130471230E-002,-1.219837963581085E-001,9.214748740196228E-001,-3.309546411037445E-001,-2.334741130471230E-002,-1.219837963581085E-001,9.214748740196228E-001,-3.309546411037445E-001,
2.179266666666667E+009,-9.870033711194992E-003,-1.073037832975388E-001,9.134362936019898E-001,-3.538865447044373E-001,-9.870033711194992E-003,-1.073037832975388E-001,9.134362936019898E-001,-3.538865447044373E-001,
2.187633333333334E+009,1.181058119982481E-002,-1.048207506537437E-001,9.109302163124085E-001,-3.785816133022308E-001,1.181058119982481E-002,-1.048207506537437E-001,9.109302163124085E-001,-3.785816133022308E-001,
2.196000000000000E+009,3.061284497380257E-002,-1.159070953726769E-001,8.934995532035828E-001,-4.033860862255096E-001,3.061284497380257E-002,-1.159070953726769E-001,8.934995532035828E-001,-4.033860862255096E-001,
2.204366666666667E+009,4.089712724089623E-002,-1.374665349721909E-001,8.747815489768982E-001,-4.338547587394714E-001,4.089712724089623E-002,-1.374665349721909E-001,8.747815489768982E-001,-4.338547587394714E-001,
2.212733333333334E+009,3.702910244464874E-002,-1.599387377500534E-001,8.649206757545471E-001,-4.465341866016388E-001,3.702910244464874E-002,-1.599387377500534E-001,8.649206757545471E-001,-4.465341866016388E-001,
2.221100000000000E+009,1.991646364331245E-002,-1.818855851888657E-001,8.551707863807678E-001,-4.668100178241730E-001,1.991646364331245E-002,-1.818855851888657E-001,8.551707863807678E-001,-4.668100178241730E-001,
2.229466666666667E+009,-8.578705601394177E-003,-1.955747753381729E-001,8.464087843894959E-001,-4.938509166240692E-001,-8.578705601394177E-003,-1.955747753381729E-001,8.464087843894959E-001,-4.938509166240692E-001,
2.237833333333334E+009,-3.834181278944016E-002,-1.899339258670807E-001,8.227121829986572E-001,-5.040050745010376E-001,-3.834181278944016E-002,-1.899339258670807E-001,8.227121829986572E-001,-5.040050745010376E-001,
2.246200000000000E+009,-6.385479122400284E-002,-1.735617220401764E-001,8.130842447280884E-001,-5.302371382713318E-001,-6.385479122400284E-002,-1.735617220401764E-001,8.130842447280884E-001,-5.302371382713318E-001,
2.254566666666667E+009,-7.626898586750031E-002,-1.494527608156204E-001,8.043897151947022E-001,-5.493718981742859E-001,-7.626898586750031E-002,-1.494527608156204E-001,8.043897151947022E-001,-5.493718981742859E-001,
2.262933333333334E+009,-7.411157339811325E-002,-1.262060552835465E-001,7.950200438499451E-001,-5.746132135391235E-001,-7.411157339811325E-002,-1.262060552835465E-001,7.950200438499451E-001,-5.746132135391235E-001,
2.271300000000000E+009,-6.035731360316277E-002,-1.109892129898071E-001,7.887088656425476E-001,-5.879488587379456E-001,-6.035731360316277E-002,-1.109892129898071E-001,7.887088656425476E-001,-5.879488587379456E-001,
2.279666666666667E+009,-3.698709607124329E-002,-1.083723157644272E-001,7.659673690795898E-001,-6.106709241867065E-001,-3.698709607124329E-002,-1.083723157644272E-001,7.659673690795898E-001,-6.106709241867065E-001,
2.288033333333334E+009,-1.903735101222992E-002,-1.217681914567947E-001,7.462502717971802E-001,-6.349111795425415E-001,-1.903735101222992E-002,-1.217681914567947E-001,7.462502717971802E-001,-6.349111795425415E-001,
2.296400000000000E+009,-9.921158663928509E-003,-1.440520584583283E-001,7.310570478439331E-001,-6.588785052299500E-001,-9.921158663928509E-003,-1.440520584583283E-001,7.310570478439331E-001,-6.588785052299500E-001,
2.304766666666667E+009,-1.467415411025286E-002,-1.684902608394623E-001,7.136098146438599E-001,-6.688137650489807E-001,-1.467415411025286E-002,-1.684902608394623E-001,7.136098146438599E-001,-6.688137650489807E-001,
2.313133333333334E+009,-3.619670495390892E-002,-1.839639842510223E-001,6.837564706802368E-001,-6.875961422920227E-001,-3.619670495390892E-002,-1.839639842510223E-001,6.837564706802368E-001,-6.875961422920227E-001,
2.321500000000000E+009,-6.353540718555450E-002,-1.878967881202698E-001,6.670182943344116E-001,-7.041374444961548E-001,-6.353540718555450E-002,-1.878967881202698E-001,6.670182943344116E-001,-7.041374444961548E-001,
2.329866666666667E+009,-9.271036088466644E-002,-1.748137921094894E-001,6.540267467498779E-001,-7.159084677696228E-001,-9.271036088466644E-002,-1.748137921094894E-001,6.540267467498779E-001,-7.159084677696228E-001,
2.338233333333334E+009,-1.109351813793182E-001,-1.516783386468887E-001,6.371416449546814E-001,-7.322893738746643E-001,-1.109351813793182E-001,-1.516783386468887E-001,6.371416449546814E-001,-7.322893738746643E-001,
2.346600000000000E+009,-1.149753704667091E-001,-1.244625523686409E-001,6.192209124565125E-001,-7.464615106582642E-001,-1.149753704667091E-001,-1.244625523686409E-001,6.192209124565125E-001,-7.464615106582642E-001,
2.354966666666667E+009,-1.058422699570656E-001,-1.008860096335411E-001,6.020190715789795E-001,-7.683050632476807E-001,-1.058422699570656E-001,-1.008860096335411E-001,6.020190715789795E-001,-7.683050632476807E-001,
2.363333333333334E+009,-8.342984318733215E-002,-9.089194983243942E-002,5.926879048347473E-001,-7.879548072814941E-001,-8.342984318733215E-002,-9.089194983243942E-002,5.926879048347473E-001,-7.879548072814941E-001,
2.371700000000000E+009,-5.671202763915062E-002,-9.935025870800018E-002,5.525770783424377E-001,-8.038992285728455E-001,-5.671202763915062E-002,-9.935025870800018E-002,5.525770783424377E-001,-8.038992285728455E-001,
2.380066666666667E+009,-4.295698553323746E-002,-1.236077249050140E-001,5.380378365516663E-001,-8.193106055259705E-001,-4.295698553323746E-002,-1.236077249050140E-001,5.380378365516663E-001,-8.193106055259705E-001,
2.388433333333334E+009,-4.276173561811447E-002,-1.576504111289978E-001,5.102948546409607E-001,-8.261349201202393E-001,-4.276173561811447E-002,-1.576504111289978E-001,5.102948546409607E-001,-8.261349201202393E-001,
2.396800000000000E+009,-6.264146417379379E-002,-1.880517005920410E-001,4.925090670585632E-001,-8.421875834465027E-001,-6.264146417379379E-002,-1.880517005920410E-001,4.925090670585632E-001,-8.421875834465027E-001,
2.405166666666667E+009,-9.564150124788284E-002,-2.041792571544647E-001,4.624247252941132E-001,-8.572859168052673E-001,-9.564150124788284E-002,-2.041792571544647E-001,4.624247252941132E-001,-8.572859168052673E-001,
2.413533333333334E+009,-1.361673921346664E-001,-2.010277360677719E-001,4.492584764957428E-001,-8.595758080482483E-001,-1.361673921346664E-001,-2.010277360677719E-001,4.492584764957428E-001,-8.595758080482483E-001,
2.421900000000000E+009,-1.705371290445328E-001,-1.787695735692978E-001,4.281069040298462E-001,-8.673334717750549E-001,-1.705371290445328E-001,-1.787695735692978E-001,4.281069040298462E-001,-8.673334717750549E-001,
2.430266666666667E+009,-1.935056895017624E-001,-1.415033489465714E-001,4.093182086944580E-001,-8.711811900138855E-001,-1.935056895017624E-001,-1.415033489465714E-001,4.093182086944580E-001,-8.711811900138855E-001,
2.438633333333334E+009,-1.980710029602051E-001,-9.888461977243424E-002,3.907440900802612E-001,-8.864573240280151E-001,-1.980710029602051E-001,-9.888461977243424E-002,3.907440900802612E-001,-8.864573240280151E-001,
2.447000000000000E+009,-1.835280656814575E-001,-6.299576163291931E-002,3.761159479618073E-001,-8.923865556716919E-001,-1.835280656814575E-001,-6.299576163291931E-002,3.761159479618073E-001,-8.923865556716919E-001,
2.455366666666667E+009,-1.541013568639755E-001,-4.010409861803055E-002,3.439139723777771E-001,-9.065921306610107E-001,-1.541013568639755E-001,-4.010409861803055E-002,3.439139723777771E-001,-9.065921306610107E-001,
2.463733333333334E+009,-1.222135499119759E-001,-4.075983166694641E-002,3.296537995338440E-001,-9.249629974365234E-001,-1.222135499119759E-001,-4.075983166694641E-002,3.296537995338440E-001,-9.249629974365234E-001,
2.472100000000000E+009,-9.583585709333420E-002,-6.031350418925285E-002,2.981383800506592E-001,-9.363418817520142E-001,-9.583585709333420E-002,-6.031350418925285E-002,2.981383800506592E-001,-9.363418817520142E-001,
2.480466666666667E+009,-8.612065762281418E-002,-9.130020439624786E-002,2.635264694690704E-001,-9.380099177360535E-001,-8.612065762281418E-002,-9.130020439624786E-002,2.635264694690704E-001,-9.380099177360535E-001,
2.488833333333334E+009,-9.648600220680237E-002,-1.246946305036545E-001,2.368698716163635E-001,-9.371353387832642E-001,-9.648600220680237E-002,-1.246946305036545E-001,2.368698716163635E-001,-9.371353387832642E-001,
2.497200000000000E+009,-1.241787523031235E-001,-1.435519307851791E-001,2.122823297977448E-001,-9.468722343444824E-001,-1.241787523031235E-001,-1.435519307851791E-001,2.122823297977448E-001,-9.468722343444824E-001,
2.505566666666667E+009,-1.594883054494858E-001,-1.453288048505783E-001,1.915027946233749E-001,-9.481487870216370E-001,-1.594883054494858E-001,-1.453288048505783E-001,1.915027946233749E-001,-9.481487870216370E-001,
2.513933333333334E+009,-1.899499148130417E-001,-1.286055445671082E-001,1.709499210119247E-001,-9.485175013542175E-001,-1.899499148130417E-001,-1.286055445671082E-001,1.709499210119247E-001,-9.485175013542175E-001,
2.522300000000000E+009,-2.069277763366699E-001,-9.446106851100922E-002,1.495868861675263E-001,-9.464065432548523E-001,-2.069277763366699E-001,-9.446106851100922E-002,1.495868861675263E-001,-9.464065432548523E-001,
2.530666666666667E+009,-2.061502784490585E-001,-5.720668658614159E-002,1.283367872238159E-001,-9.583104252815247E-001,-2.061502784490585E-001,-5.720668658614159E-002,1.283367872238159E-001,-9.583104252815247E-001,
2.539033333333334E+009,-1.917824894189835E-001,-2.539373561739922E-002,1.062640845775604E-001,-9.646946787834168E-001,-1.917824894189835E-001,-2.539373561739922E-002,1.062640845775604E-001,-9.646946787834168E-001,
2.547400000000000E+009,-1.611497253179550E-001,-9.401123970746994E-003,9.493152052164078E-002,-9.680728912353516E-001,-1.611497253179550E-001,-9.401123970746994E-003,9.493152052164078E-002,-9.680728912353516E-001,
2.555766666666667E+009,-1.330351829528809E-001,-1.185820996761322E-002,4.792391508817673E-002,-9.839152693748474E-001,-1.330351829528809E-001,-1.185820996761322E-002,4.792391508817673E-002,-9.839152693748474E-001,
2.564133333333334E+009,-1.126548275351524E-001,-3.351286798715591E-002,2.727621421217918E-002,-9.791678786277771E-001,-1.126548275351524E-001,-3.351286798715591E-002,2.727621421217918E-002,-9.791678786277771E-001,
2.572500000000000E+009,-1.117577552795410E-001,-6.422992050647736E-002,-1.477208570577204E-003,-9.798220992088318E-001,-1.117577552795410E-001,-6.422992050647736E-002,-1.477208570577204E-003,-9.798220992088318E-001,
2.580866666666667E+009,-1.276239305734634E-001,-9.118488430976868E-002,-3.068100661039352E-002,-9.775379896163940E-001,-1.276239305734634E-001,-9.118488430976868E-002,-3.068100661039352E-002,-9.775379896163940E-001,
2.589233333333334E+009,-1.588142812252045E-001,-1.083416044712067E-001,-5.793811753392220E-002,-9.725224375724793E-001,-1.588142812252045E-001,-1.083416044712067E-001,-5.793811753392220E-002,-9.725224375724793E-001,
2.597600000000000E+009,-1.958298981189728E-001,-1.043629795312882E-001,-7.507890462875366E-002,-9.599431753158569E-001,-1.958298981189728E-001,-1.043629795312882E-001,-7.507890462875366E-002,-9.599431753158569E-001,
2.605966666666667E+009,-2.257111370563507E-001,-8.338210731744766E-002,-9.912041574716568E-002,-9.566947817802429E-001,-2.257111370563507E-001,-8.338210731744766E-002,-9.912041574716568E-002,-9.566947817802429E-001,
2.614333333333334E+009,-2.415313869714737E-001,-4.836506024003029E-002,-1.189090684056282E-001,-9.551952481269836E-001,-2.415313869714737E-001,-4.836506024003029E-002,-1.189090684056282E-001,-9.551952481269836E-001,
2.622700000000000E+009,-2.373139709234238E-001,-1.055803988128901E-002,-1.335093975067139E-001,-9.540193676948547E-001,-2.373139709234238E-001,-1.055803988128901E-002,-1.335093975067139E-001,-9.540193676948547E-001,
2.631066666666667E+009,-2.178298830986023E-001,2.393719926476479E-002,-1.586281508207321E-001,-9.559260606765747E-001,-2.178298830986023E-001,2.393719926476479E-002,-1.586281508207321E-001,-9.559260606765747E-001,
2.639433333333334E+009,-1.844985485076904E-001,4.035784304141998E-002,-1.873979717493057E-001,-9.626060128211975E-001,-1.844985485076904E-001,4.035784304141998E-002,-1.873979717493057E-001,-9.626060128211975E-001,
2.647800000000000E+009,-1.517612487077713E-001,3.885587304830551E-002,-2.078068405389786E-001,-9.552273154258728E-001,-1.517612487077713E-001,3.885587304830551E-002,-2.078068405389786E-001,-9.552273154258728E-001,
2.656166666666667E+009,-1.305132210254669E-001,2.041579969227314E-002,-2.392368912696838E-001,-9.556267261505127E-001,-1.305132210254669E-001,2.041579969227314E-002,-2.392368912696838E-001,-9.556267261505127E-001,
2.664533333333334E+009,-1.258478015661240E-001,-6.271477323025465E-003,-2.730150818824768E-001,-9.441072940826416E-001,-1.258478015661240E-001,-6.271477323025465E-003,-2.730150818824768E-001,-9.441072940826416E-001,
2.672900000000000E+009,-1.407566517591476E-001,-3.162286803126335E-002,-2.914080023765564E-001,-9.283041954040527E-001,-1.407566517591476E-001,-3.162286803126335E-002,-2.914080023765564E-001,-9.283041954040527E-001,
2.681266666666667E+009,-1.727395057678223E-001,-4.512428864836693E-002,-3.179364204406738E-001,-9.194838404655457E-001,-1.727395057678223E-001,-4.512428864836693E-002,-3.179364204406738E-001,-9.194838404655457E-001,
2.689633333333334E+009,-2.054749876260757E-001,-3.944625332951546E-002,-3.432665467262268E-001,-9.070718288421631E-001,-2.054749876260757E-001,-3.944625332951546E-002,-3.432665467262268E-001,-9.070718288421631E-001,
2.698000000000000E+009,-2.322243303060532E-001,-1.762514188885689E-002,-3.641602993011475E-001,-8.935800790786743E-001,-2.322243303060532E-001,-1.762514188885689E-002,-3.641602993011475E-001,-8.935800790786743E-001,
2.706366666666667E+009,-2.438572943210602E-001,1.614570431411266E-002,-3.796037435531616E-001,-8.896651864051819E-001,-2.438572943210602E-001,1.614570431411266E-002,-3.796037435531616E-001,-8.896651864051819E-001,
2.714733333333334E+009,-2.380183488130570E-001,5.209267884492874E-002,-3.928062915802002E-001,-8.790125250816345E-001,-2.380183488130570E-001,5.209267884492874E-002,-3.928062915802002E-001,-8.790125250816345E-001,
2.723100000000000E+009,-2.142054736614227E-001,8.185248076915741E-002,-4.148575663566589E-001,-8.704816102981567E-001,-2.142054736614227E-001,8.185248076915741E-002,-4.148575663566589E-001,-8.704816102981567E-001,
2.731466666666667E+009,-1.798319667577744E-001,9.592954814434052E-002,-4.375302195549011E-001,-8.661621212959290E-001,-1.798319667577744E-001,9.592954814434052E-002,-4.375302195549011E-001,-8.661621212959290E-001,
2.739833333333334E+009,-1.442731916904450E-001,9.399500489234924E-002,-4.614041149616242E-001,-8.520507812500000E-001,-1.442731916904450E-001,9.399500489234924E-002,-4.614041149616242E-001,-8.520507812500000E-001,
2.748200000000000E+009,-1.187078431248665E-001,7.558929920196533E-002,-4.935549199581146E-001,-8.477003574371338E-001,-1.187078431248665E-001,7.558929920196533E-002,-4.935549199581146E-001,-8.477003574371338E-001,
2.756566666666667E+009,-1.107730269432068E-001,4.576975107192993E-002,-5.209676623344421E-001,-8.346528410911560E-001,-1.107730269432068E-001,4.576975107192993E-002,-5.209676623344421E-001,-8.346528410911560E-001,
2.764933333333334E+009,-1.239326521754265E-001,2.024307101964951E-002,-5.462048053741455E-001,-8.220441937446594E-001,-1.239326521754265E-001,2.024307101964951E-002,-5.462048053741455E-001,-8.220441937446594E-001,
2.773300000000000E+009,-1.517880558967590E-001,5.169353913515806E-003,-5.682756304740906E-001,-7.922317981719971E-001,-1.517880558967590E-001,5.169353913515806E-003,-5.682756304740906E-001,-7.922317981719971E-001,
2.781666666666667E+009,-1.858897358179092E-001,8.402801118791103E-003,-5.830194950103760E-001,-7.772730588912964E-001,-1.858897358179092E-001,8.402801118791103E-003,-5.830194950103760E-001,-7.772730588912964E-001,
2.790033333333334E+009,-2.133574187755585E-001,3.051066771149635E-002,-5.988796949386597E-001,-7.588062882423401E-001,-2.133574187755585E-001,3.051066771149635E-002,-5.988796949386597E-001,-7.588062882423401E-001,
2.798400000000000E+009,-2.272271066904068E-001,6.159936264157295E-002,-6.109542846679688E-001,-7.461002469062805E-001,-2.272271066904068E-001,6.159936264157295E-002,-6.109542846679688E-001,-7.461002469062805E-001,
2.806766666666667E+009,-2.207476794719696E-001,9.630491584539414E-002,-6.262321472167969E-001,-7.392414212226868E-001,-2.207476794719696E-001,9.630491584539414E-002,-6.262321472167969E-001,-7.392414212226868E-001,
2.815133333333334E+009,-1.981174349784851E-001,1.245362386107445E-001,-6.422909498214722E-001,-7.216705679893494E-001,-1.981174349784851E-001,1.245362386107445E-001,-6.422909498214722E-001,-7.216705679893494E-001,
2.823500000000000E+009,-1.645237505435944E-001,1.369023323059082E-001,-6.595079302787781E-001,-7.109324336051941E-001,-1.645237505435944E-001,1.369023323059082E-001,-6.595079302787781E-001,-7.109324336051941E-001,
2.831866666666667E+009,-1.286560297012329E-001,1.339815258979797E-001,-6.758581995964050E-001,-6.928098797798157E-001,-1.286560297012329E-001,1.339815258979797E-001,-6.758581995964050E-001,-6.928098797798157E-001,
2.840233333333334E+009,-1.011843010783196E-001,1.126157194375992E-001,-7.047584652900696E-001,-6.830729842185974E-001,-1.011843010783196E-001,1.126157194375992E-001,-7.047584652900696E-001,-6.830729842185974E-001,
2.848600000000000E+009,-9.074075520038605E-002,8.348362892866135E-002,-7.219302058219910E-001,-6.522450447082520E-001,-9.074075520038605E-002,8.348362892866135E-002,-7.219302058219910E-001,-6.522450447082520E-001,
2.856966666666667E+009,-1.032924950122833E-001,5.758116766810417E-002,-7.495810389518738E-001,-6.346563696861267E-001,-1.032924950122833E-001,5.758116766810417E-002,-7.495810389518738E-001,-6.346563696861267E-001,
2.865333333333334E+009,-1.295418590307236E-001,4.193757101893425E-002,-7.606315612792969E-001,-6.128655076026917E-001,-1.295418590307236E-001,4.193757101893425E-002,-7.606315612792969E-001,-6.128655076026917E-001,
2.873700000000000E+009,-1.629444658756256E-001,4.613908752799034E-002,-7.712656259536743E-001,-5.821688175201416E-001,-1.629444658756256E-001,4.613908752799034E-002,-7.712656259536743E-001,-5.821688175201416E-001,
2.882066666666667E+009,-1.926829963922501E-001,7.004684209823608E-002,-7.895647287368774E-001,-5.619227290153503E-001,-1.926829963922501E-001,7.004684209823608E-002,-7.895647287368774E-001,-5.619227290153503E-001,
2.890433333333334E+009,-2.072164714336395E-001,1.039241403341293E-001,-7.938146591186523E-001,-5.439777374267578E-001,-2.072164714336395E-001,1.039241403341293E-001,-7.938146591186523E-001,-5.439777374267578E-001,
2.898800000000000E+009,-2.015125006437302E-001,1.416430324316025E-001,-8.020526170730591E-001,-5.252044796943665E-001,-2.015125006437302E-001,1.416430324316025E-001,-8.020526170730591E-001,-5.252044796943665E-001,
2.907166666666667E+009,-1.779467463493347E-001,1.711309552192688E-001,-8.204481005668640E-001,-5.134114027023315E-001,-1.779467463493347E-001,1.711309552192688E-001,-8.204481005668640E-001,-5.134114027023315E-001,
2.915533333333334E+009,-1.427151113748550E-001,1.851047873497009E-001,-8.327956795692444E-001,-5.009770989418030E-001,-1.427151113748550E-001,1.851047873497009E-001,-8.327956795692444E-001,-5.009770989418030E-001,
2.923900000000000E+009,-1.025243401527405E-001,1.771646738052368E-001,-8.413266539573669E-001,-4.851564168930054E-001,-1.025243401527405E-001,1.771646738052368E-001,-8.413266539573669E-001,-4.851564168930054E-001,
2.932266666666667E+009,-7.312787324190140E-002,1.543883979320526E-001,-8.631352186203003E-001,-4.584488868713379E-001,-7.312787324190140E-002,1.543883979320526E-001,-8.631352186203003E-001,-4.584488868713379E-001,
2.940633333333334E+009,-6.083900108933449E-002,1.206927821040154E-001,-8.756436109542847E-001,-4.315951466560364E-001,-6.083900108933449E-002,1.206927821040154E-001,-8.756436109542847E-001,-4.315951466560364E-001,
2.949000000000000E+009,-6.888989359140396E-002,8.954281359910965E-002,-8.932283520698547E-001,-4.094366431236267E-001,-6.888989359140396E-002,8.954281359910965E-002,-8.932283520698547E-001,-4.094366431236267E-001,
2.957366666666667E+009,-9.481921046972275E-002,7.061026990413666E-002,-9.019641280174255E-001,-3.820007145404816E-001,-9.481921046972275E-002,7.061026990413666E-002,-9.019641280174255E-001,-3.820007145404816E-001,
2.965733333333334E+009,-1.288588047027588E-001,7.302941381931305E-002,-9.124398827552795E-001,-3.491380810737610E-001,-1.288588047027588E-001,7.302941381931305E-002,-9.124398827552795E-001,-3.491380810737610E-001,
2.974100000000000E+009,-1.604557186365128E-001,9.682303667068481E-002,-9.123237133026123E-001,-3.237838149070740E-001,-1.604557186365128E-001,9.682303667068481E-002,-9.123237133026123E-001,-3.237838149070740E-001,
2.982466666666667E+009,-1.736743301153183E-001,1.341222971677780E-001,-9.126585721969605E-001,-3.014898002147675E-001,-1.736743301153183E-001,1.341222971677780E-001,-9.126585721969605E-001,-3.014898002147675E-001,
2.990833333333334E+009,-1.673503965139389E-001,1.751245111227036E-001,-9.154310226440430E-001,-2.784710824489594E-001,-1.673503965139389E-001,1.751245111227036E-001,-9.154310226440430E-001,-2.784710824489594E-001,
2.999200000000000E+009,-1.426513940095902E-001,2.067145705223084E-001,-9.226981401443481E-001,-2.617388963699341E-001,-1.426513940095902E-001,2.067145705223084E-001,-9.226981401443481E-001,-2.617388963699341E-001,
3.007566666666667E+009,-1.055654659867287E-001,2.205068916082382E-001,-9.299061298370361E-001,-2.457691431045532E-001,-1.055654659867287E-001,2.205068916082382E-001,-9.299061298370361E-001,-2.457691431045532E-001,
3.015933333333334E+009,-6.586544960737228E-002,2.128755748271942E-001,-9.449900984764099E-001,-2.231103479862213E-001,-6.586544960737228E-002,2.128755748271942E-001,-9.449900984764099E-001,-2.231103479862213E-001,
3.024300000000000E+009,-3.255866840481758E-002,1.856658160686493E-001,-9.516138434410095E-001,-2.031225860118866E-001,-3.255866840481758E-002,1.856658160686493E-001,-9.516138434410095E-001,-2.031225860118866E-001,
3.032666666666667E+009,-2.207558229565620E-002,1.455601751804352E-001,-9.606158733367920E-001,-1.778703927993774E-001,-2.207558229565620E-002,1.455601751804352E-001,-9.606158733367920E-001,-1.778703927993774E-001,
3.041033333333334E+009,-3.153068572282791E-002,1.068900898098946E-001,-9.722476601600647E-001,-1.503957957029343E-001,-3.153068572282791E-002,1.068900898098946E-001,-9.722476601600647E-001,-1.503957957029343E-001,
3.049400000000000E+009,-6.125375255942345E-002,8.480755984783173E-002,-9.818345904350281E-001,-1.217565163969994E-001,-6.125375255942345E-002,8.480755984783173E-002,-9.818345904350281E-001,-1.217565163969994E-001,
3.057766666666667E+009,-9.791007637977600E-002,8.592810481786728E-002,-9.798006415367127E-001,-8.504413813352585E-002,-9.791007637977600E-002,8.592810481786728E-002,-9.798006415367127E-001,-8.504413813352585E-002,
3.066133333333334E+009,-1.291624158620834E-001,1.125027015805244E-001,-9.700655341148377E-001,-5.894793197512627E-002,-1.291624158620834E-001,1.125027015805244E-001,-9.700655341148377E-001,-5.894793197512627E-002,
3.074500000000000E+009,-1.434562951326370E-001,1.541280299425125E-001,-9.658458232879639E-001,-3.032827563583851E-002,-1.434562951326370E-001,1.541280299425125E-001,-9.658458232879639E-001,-3.032827563583851E-002,
3.082866666666667E+009,-1.338093429803848E-001,2.003739178180695E-001,-9.557102918624878E-001,-1.570653915405273E-002,-1.338093429803848E-001,2.003739178180695E-001,-9.557102918624878E-001,-1.570653915405273E-002,
3.091233333333334E+009,-1.025433540344238E-001,2.351951450109482E-001,-9.587987065315247E-001,4.201430361717939E-003,-1.025433540344238E-001,2.351951450109482E-001,-9.587987065315247E-001,4.201430361717939E-003,
3.099600000000000E+009,-5.742432177066803E-002,2.510530948638916E-001,-9.574711918830872E-001,2.138765901327133E-002,-5.742432177066803E-002,2.510530948638916E-001,-9.574711918830872E-001,2.138765901327133E-002,
3.107966666666667E+009,-1.156933233141899E-002,2.412384748458862E-001,-9.602301120758057E-001,3.792590275406838E-002,-1.156933233141899E-002,2.412384748458862E-001,-9.602301120758057E-001,3.792590275406838E-002,
3.116333333333334E+009,2.408799529075623E-002,2.083850502967835E-001,-9.695876836776733E-001,6.121910735964775E-002,2.408799529075623E-002,2.083850502967835E-001,-9.695876836776733E-001,6.121910735964775E-002,
3.124700000000000E+009,3.894578665494919E-002,1.622447073459625E-001,-9.697455167770386E-001,8.629497885704041E-002,3.894578665494919E-002,1.622447073459625E-001,-9.697455167770386E-001,8.629497885704041E-002,
3.133066666666667E+009,2.558165229856968E-002,1.131715625524521E-001,-9.873733520507813E-001,1.233495101332665E-001,2.558165229856968E-002,1.131715625524521E-001,-9.873733520507813E-001,1.233495101332665E-001,
3.141433333333334E+009,-9.954089298844338E-003,8.137868344783783E-002,-9.766772389411926E-001,1.571752429008484E-001,-9.954089298844338E-003,8.137868344783783E-002,-9.766772389411926E-001,1.571752429008484E-001,
3.149800000000000E+009,-5.674079433083534E-002,7.780298590660095E-002,-9.713574051856995E-001,1.936674118041992E-001,-5.674079433083534E-002,7.780298590660095E-002,-9.713574051856995E-001,1.936674118041992E-001,
3.158166666666667E+009,-9.706024825572968E-002,1.019925549626350E-001,-9.603676199913025E-001,2.182953804731369E-001,-9.706024825572968E-002,1.019925549626350E-001,-9.603676199913025E-001,2.182953804731369E-001,
3.166533333333334E+009,-1.161934584379196E-001,1.462877988815308E-001,-9.397644996643066E-001,2.406486570835114E-001,-1.161934584379196E-001,1.462877988815308E-001,-9.397644996643066E-001,2.406486570835114E-001,
3.174900000000000E+009,-1.084661334753037E-001,1.970670968294144E-001,-9.288386106491089E-001,2.593268156051636E-001,-1.084661334753037E-001,1.970670968294144E-001,-9.288386106491089E-001,2.593268156051636E-001,
3.183266666666667E+009,-7.806830853223801E-002,2.370480298995972E-001,-9.206123948097229E-001,2.777282893657684E-001,-7.806830853223801E-002,2.370480298995972E-001,-9.206123948097229E-001,2.777282893657684E-001,
3.191633333333334E+009,-2.878782898187637E-002,2.580045759677887E-001,-9.134470820426941E-001,2.848542928695679E-001,-2.878782898187637E-002,2.580045759677887E-001,-9.134470820426941E-001,2.848542928695679E-001,
3.200000000000000E+009,2.123163454234600E-002,2.483756095170975E-001,-9.035186171531677E-001,3.100097179412842E-001,2.123163454234600E-002,2.483756095170975E-001,-9.035186171531677E-001,3.100097179412842E-001,
