% Version 1.00
%
%freq[Hz],re:Trc1_S11,im:Trc1_S11,re:Trc2_S21,im:Trc2_S21,re:Trc3_S11,im:Trc3_S11,re:Trc4_S21,im:Trc4_S21,
6.900000000000000E+008,-5.271638184785843E-002,4.501293227076531E-002,-5.105073451995850E-001,-8.536313176155090E-001,-5.271638184785843E-002,4.501293227076531E-002,-5.105073451995850E-001,-8.536313176155090E-001,
6.983666666666666E+008,-4.058858007192612E-002,4.408313333988190E-002,-5.303353071212769E-001,-8.405717611312866E-001,-4.058858007192612E-002,4.408313333988190E-002,-5.303353071212769E-001,-8.405717611312866E-001,
7.067333333333334E+008,-3.542634099721909E-002,3.906819969415665E-002,-5.703808665275574E-001,-7.950552105903626E-001,-3.542634099721909E-002,3.906819969415665E-002,-5.703808665275574E-001,-7.950552105903626E-001,
7.151000000000000E+008,-3.457523882389069E-002,3.225058317184448E-002,-5.657075643539429E-001,-8.069221973419190E-001,-3.457523882389069E-002,3.225058317184448E-002,-5.657075643539429E-001,-8.069221973419190E-001,
7.234666666666666E+008,-3.574969619512558E-002,2.616883069276810E-002,-5.967552065849304E-001,-7.990312576293945E-001,-3.574969619512558E-002,2.616883069276810E-002,-5.967552065849304E-001,-7.990312576293945E-001,
7.318333333333334E+008,-4.259111359715462E-002,2.502948045730591E-002,-6.124379038810730E-001,-7.827841043472290E-001,-4.259111359715462E-002,2.502948045730591E-002,-6.124379038810730E-001,-7.827841043472290E-001,
7.402000000000000E+008,-4.749128594994545E-002,2.808541245758534E-002,-6.237751245498657E-001,-7.753729224205017E-001,-4.749128594994545E-002,2.808541245758534E-002,-6.237751245498657E-001,-7.753729224205017E-001,
7.485666666666666E+008,-5.531571060419083E-002,3.468151763081551E-002,-6.536191105842590E-001,-7.477104067802429E-001,-5.531571060419083E-002,3.468151763081551E-002,-6.536191105842590E-001,-7.477104067802429E-001,
7.569333333333334E+008,-5.522825568914414E-002,4.500610008835793E-002,-6.681682467460632E-001,-7.429198622703552E-001,-5.522825568914414E-002,4.500610008835793E-002,-6.681682467460632E-001,-7.429198622703552E-001,
7.653000000000000E+008,-5.176249146461487E-002,5.330123007297516E-002,-6.849300861358643E-001,-7.136605978012085E-001,-5.176249146461487E-002,5.330123007297516E-002,-6.849300861358643E-001,-7.136605978012085E-001,
7.736666666666666E+008,-4.555001109838486E-002,6.139370799064636E-002,-7.095274925231934E-001,-6.988498568534851E-001,-4.555001109838486E-002,6.139370799064636E-002,-7.095274925231934E-001,-6.988498568534851E-001,
7.820333333333334E+008,-3.777970746159554E-002,6.393404304981232E-002,-7.638247013092041E-001,-6.875052452087402E-001,-3.777970746159554E-002,6.393404304981232E-002,-7.638247013092041E-001,-6.875052452087402E-001,
7.904000000000000E+008,-3.036915697157383E-002,6.296683847904205E-002,-7.506549954414368E-001,-6.704279184341431E-001,-3.036915697157383E-002,6.296683847904205E-002,-7.506549954414368E-001,-6.704279184341431E-001,
7.987666666666666E+008,-2.505785226821899E-002,5.698583647608757E-002,-7.594081759452820E-001,-6.391773819923401E-001,-2.505785226821899E-002,5.698583647608757E-002,-7.594081759452820E-001,-6.391773819923401E-001,
8.071333333333334E+008,-2.225830778479576E-002,5.031489208340645E-002,-7.757078409194946E-001,-6.163357496261597E-001,-2.225830778479576E-002,5.031489208340645E-002,-7.757078409194946E-001,-6.163357496261597E-001,
8.155000000000000E+008,-2.498707175254822E-002,4.678815603256226E-002,-8.031316995620728E-001,-5.958679914474487E-001,-2.498707175254822E-002,4.678815603256226E-002,-8.031316995620728E-001,-5.958679914474487E-001,
8.238666666666666E+008,-2.953362092375755E-002,4.291169345378876E-002,-8.134371042251587E-001,-5.714120864868164E-001,-2.953362092375755E-002,4.291169345378876E-002,-8.134371042251587E-001,-5.714120864868164E-001,
8.322333333333334E+008,-3.538101911544800E-002,4.443976283073425E-002,-8.195976018905640E-001,-5.533609986305237E-001,-3.538101911544800E-002,4.443976283073425E-002,-8.195976018905640E-001,-5.533609986305237E-001,
8.406000000000000E+008,-3.902636095881462E-002,4.976344853639603E-002,-8.293673992156982E-001,-5.316509604454041E-001,-3.902636095881462E-002,4.976344853639603E-002,-8.293673992156982E-001,-5.316509604454041E-001,
8.489666666666668E+008,-4.078829661011696E-002,5.873214453458786E-002,-8.504409193992615E-001,-4.962979853153229E-001,-4.078829661011696E-002,5.873214453458786E-002,-8.504409193992615E-001,-4.962979853153229E-001,
8.573333333333334E+008,-3.830958902835846E-002,6.722260266542435E-002,-8.537113070487976E-001,-5.025652647018433E-001,-3.830958902835846E-002,6.722260266542435E-002,-8.537113070487976E-001,-5.025652647018433E-001,
8.657000000000000E+008,-3.266225382685661E-002,7.560226321220398E-002,-8.744695782661438E-001,-4.635455906391144E-001,-3.266225382685661E-002,7.560226321220398E-002,-8.744695782661438E-001,-4.635455906391144E-001,
8.740666666666668E+008,-2.241762727499008E-002,8.125742524862289E-002,-8.813049197196960E-001,-4.553154110908508E-001,-2.241762727499008E-002,8.125742524862289E-002,-8.813049197196960E-001,-4.553154110908508E-001,
8.824333333333334E+008,-1.526866015046835E-002,8.057254552841187E-002,-8.929960727691650E-001,-4.379296600818634E-001,-1.526866015046835E-002,8.057254552841187E-002,-8.929960727691650E-001,-4.379296600818634E-001,
8.908000000000000E+008,-7.158396299928427E-003,7.629537582397461E-002,-8.983609080314636E-001,-3.946800827980042E-001,-7.158396299928427E-003,7.629537582397461E-002,-8.983609080314636E-001,-3.946800827980042E-001,
8.991666666666668E+008,-4.523760639131069E-003,7.107046246528626E-002,-9.136964082717896E-001,-3.731063604354858E-001,-4.523760639131069E-003,7.107046246528626E-002,-9.136964082717896E-001,-3.731063604354858E-001,
9.075333333333334E+008,-2.641988918185234E-003,6.478630006313324E-002,-9.221295714378357E-001,-3.506256937980652E-001,-2.641988918185234E-003,6.478630006313324E-002,-9.221295714378357E-001,-3.506256937980652E-001,
9.159000000000000E+008,-5.707312375307083E-003,6.115696206688881E-002,-9.272994399070740E-001,-3.328663408756256E-001,-5.707312375307083E-003,6.115696206688881E-002,-9.272994399070740E-001,-3.328663408756256E-001,
9.242666666666668E+008,-9.417749941349030E-003,5.767444521188736E-002,-9.354612827301025E-001,-3.106845021247864E-001,-9.417749941349030E-003,5.767444521188736E-002,-9.354612827301025E-001,-3.106845021247864E-001,
9.326333333333334E+008,-1.381017267704010E-002,6.018478795886040E-002,-9.358369112014771E-001,-2.786360681056976E-001,-1.381017267704010E-002,6.018478795886040E-002,-9.358369112014771E-001,-2.786360681056976E-001,
9.410000000000000E+008,-1.872419193387032E-002,6.639327108860016E-002,-9.525685310363770E-001,-2.668680846691132E-001,-1.872419193387032E-002,6.639327108860016E-002,-9.525685310363770E-001,-2.668680846691132E-001,
9.493666666666668E+008,-1.718506775796413E-002,7.485494017601013E-002,-9.733124375343323E-001,-2.286675125360489E-001,-1.718506775796413E-002,7.485494017601013E-002,-9.733124375343323E-001,-2.286675125360489E-001,
9.577333333333334E+008,-1.310791820287705E-002,8.302731066942215E-002,-9.534770250320435E-001,-2.004990279674530E-001,-1.310791820287705E-002,8.302731066942215E-002,-9.534770250320435E-001,-2.004990279674530E-001,
9.661000000000000E+008,-4.478845279663801E-003,8.974656462669373E-002,-9.619116783142090E-001,-1.847131550312042E-001,-4.478845279663801E-003,8.974656462669373E-002,-9.619116783142090E-001,-1.847131550312042E-001,
9.744666666666668E+008,5.677148234099150E-003,9.508983045816422E-002,-9.737847447395325E-001,-1.623225808143616E-001,5.677148234099150E-003,9.508983045816422E-002,-9.737847447395325E-001,-1.623225808143616E-001,
9.828333333333334E+008,1.819380372762680E-002,9.185671806335449E-002,-9.791842699050903E-001,-1.432225257158279E-001,1.819380372762680E-002,9.185671806335449E-002,-9.791842699050903E-001,-1.432225257158279E-001,
9.912000000000000E+008,2.561011724174023E-002,8.626953512430191E-002,-9.861507415771484E-001,-1.029144823551178E-001,2.561011724174023E-002,8.626953512430191E-002,-9.861507415771484E-001,-1.029144823551178E-001,
9.995666666666668E+008,2.869748510420322E-002,7.718726247549057E-002,-9.975339174270630E-001,-9.267628192901611E-002,2.869748510420322E-002,7.718726247549057E-002,-9.975339174270630E-001,-9.267628192901611E-002,
1.007933333333333E+009,3.029803559184074E-002,6.499391049146652E-002,-9.757372140884399E-001,-6.314194947481155E-002,3.029803559184074E-002,6.499391049146652E-002,-9.757372140884399E-001,-6.314194947481155E-002,
1.016300000000000E+009,2.621924132108688E-002,6.217446178197861E-002,-9.951399564743042E-001,-3.877227380871773E-002,2.621924132108688E-002,6.217446178197861E-002,-9.951399564743042E-001,-3.877227380871773E-002,
1.024666666666667E+009,2.324943430721760E-002,5.752901360392571E-002,-9.882283806800842E-001,-9.871310554444790E-003,2.324943430721760E-002,5.752901360392571E-002,-9.882283806800842E-001,-9.871310554444790E-003,
1.033033333333333E+009,1.536297053098679E-002,5.958535894751549E-002,-9.843695759773254E-001,1.378061063587666E-002,1.536297053098679E-002,5.958535894751549E-002,-9.843695759773254E-001,1.378061063587666E-002,
1.041400000000000E+009,1.069989521056414E-002,6.685206294059753E-002,-9.815003275871277E-001,3.517034649848938E-002,1.069989521056414E-002,6.685206294059753E-002,-9.815003275871277E-001,3.517034649848938E-002,
1.049766666666667E+009,1.328098215162754E-002,7.625271379947662E-002,-9.934164285659790E-001,7.223957031965256E-002,1.328098215162754E-002,7.625271379947662E-002,-9.934164285659790E-001,7.223957031965256E-002,
1.058133333333333E+009,1.794120296835899E-002,8.456977456808090E-002,-9.712824225425720E-001,9.087080508470535E-002,1.794120296835899E-002,8.456977456808090E-002,-9.712824225425720E-001,9.087080508470535E-002,
1.066500000000000E+009,2.943198010325432E-002,8.898168802261353E-002,-9.740234613418579E-001,1.181901916861534E-001,2.943198010325432E-002,8.898168802261353E-002,-9.740234613418579E-001,1.181901916861534E-001,
1.074866666666667E+009,4.390916600823402E-002,8.796777576208115E-002,-9.743654131889343E-001,1.474695503711700E-001,4.390916600823402E-002,8.796777576208115E-002,-9.743654131889343E-001,1.474695503711700E-001,
1.083233333333334E+009,5.410090833902359E-002,8.084505796432495E-002,-9.757078289985657E-001,1.732556521892548E-001,5.410090833902359E-002,8.084505796432495E-002,-9.757078289985657E-001,1.732556521892548E-001,
1.091600000000000E+009,6.015898659825325E-002,6.900378316640854E-002,-9.630739092826843E-001,1.894209980964661E-001,6.015898659825325E-002,6.900378316640854E-002,-9.630739092826843E-001,1.894209980964661E-001,
1.099966666666667E+009,5.864016339182854E-002,5.603918060660362E-002,-9.622576236724854E-001,2.262098640203476E-001,5.864016339182854E-002,5.603918060660362E-002,-9.622576236724854E-001,2.262098640203476E-001,
1.108333333333334E+009,5.177076533436775E-002,4.614001139998436E-002,-9.588848948478699E-001,2.556161284446716E-001,5.177076533436775E-002,4.614001139998436E-002,-9.588848948478699E-001,2.556161284446716E-001,
1.116700000000000E+009,4.284848272800446E-002,4.075583815574646E-002,-9.423813819885254E-001,2.698655724525452E-001,4.284848272800446E-002,4.075583815574646E-002,-9.423813819885254E-001,2.698655724525452E-001,
1.125066666666667E+009,2.921469882130623E-002,4.507298767566681E-002,-9.551731944084168E-001,2.918747663497925E-001,2.921469882130623E-002,4.507298767566681E-002,-9.551731944084168E-001,2.918747663497925E-001,
1.133433333333334E+009,2.387855574488640E-002,5.463144555687904E-002,-9.467841982841492E-001,3.195627629756928E-001,2.387855574488640E-002,5.463144555687904E-002,-9.467841982841492E-001,3.195627629756928E-001,
1.141800000000000E+009,2.420024201273918E-002,6.851788610219955E-002,-9.118736982345581E-001,3.417094945907593E-001,2.420024201273918E-002,6.851788610219955E-002,-9.118736982345581E-001,3.417094945907593E-001,
1.150166666666667E+009,3.297341242432594E-002,8.113107085227966E-002,-9.184520840644836E-001,3.627701997756958E-001,3.297341242432594E-002,8.113107085227966E-002,-9.184520840644836E-001,3.627701997756958E-001,
1.158533333333334E+009,4.893504828214645E-002,8.861023187637329E-002,-9.073290824890137E-001,3.846992254257202E-001,4.893504828214645E-002,8.861023187637329E-002,-9.073290824890137E-001,3.846992254257202E-001,
1.166900000000000E+009,6.880892068147659E-002,8.786963671445847E-002,-9.038161039352417E-001,3.976746499538422E-001,6.880892068147659E-002,8.786963671445847E-002,-9.038161039352417E-001,3.976746499538422E-001,
1.175266666666667E+009,8.503133058547974E-002,7.909512519836426E-002,-8.793200254440308E-001,4.088830649852753E-001,8.503133058547974E-002,7.909512519836426E-002,-8.793200254440308E-001,4.088830649852753E-001,
1.183633333333334E+009,9.661917388439179E-002,6.278192996978760E-002,-8.610657453536987E-001,4.524025022983551E-001,9.661917388439179E-002,6.278192996978760E-002,-8.610657453536987E-001,4.524025022983551E-001,
1.192000000000000E+009,9.763658046722412E-002,4.441441223025322E-002,-8.653576970100403E-001,4.706126153469086E-001,9.763658046722412E-002,4.441441223025322E-002,-8.653576970100403E-001,4.706126153469086E-001,
1.200366666666667E+009,8.917048573493958E-002,2.511882781982422E-002,-8.544015884399414E-001,4.966984987258911E-001,8.917048573493958E-002,2.511882781982422E-002,-8.544015884399414E-001,4.966984987258911E-001,
1.208733333333334E+009,7.395294308662415E-002,1.687756925821304E-002,-8.467659354209900E-001,5.105370879173279E-001,7.395294308662415E-002,1.687756925821304E-002,-8.467659354209900E-001,5.105370879173279E-001,
1.217100000000000E+009,5.709214508533478E-002,1.779410988092423E-002,-8.234478831291199E-001,5.333909988403320E-001,5.709214508533478E-002,1.779410988092423E-002,-8.234478831291199E-001,5.333909988403320E-001,
1.225466666666667E+009,4.484919831156731E-002,2.694363892078400E-002,-8.185560703277588E-001,5.624668002128601E-001,4.484919831156731E-002,2.694363892078400E-002,-8.185560703277588E-001,5.624668002128601E-001,
1.233833333333334E+009,4.192850366234779E-002,4.044837877154350E-002,-7.931122183799744E-001,5.895575284957886E-001,4.192850366234779E-002,4.044837877154350E-002,-7.931122183799744E-001,5.895575284957886E-001,
1.242200000000000E+009,4.894338175654411E-002,5.678536370396614E-002,-7.806072235107422E-001,6.009473800659180E-001,4.894338175654411E-002,5.678536370396614E-002,-7.806072235107422E-001,6.009473800659180E-001,
1.250566666666667E+009,6.491674482822418E-002,6.584240496158600E-002,-7.689644098281860E-001,6.255546212196350E-001,6.491674482822418E-002,6.584240496158600E-002,-7.689644098281860E-001,6.255546212196350E-001,
1.258933333333334E+009,8.611798286437988E-002,6.597919017076492E-002,-7.558366656303406E-001,6.347879171371460E-001,8.611798286437988E-002,6.597919017076492E-002,-7.558366656303406E-001,6.347879171371460E-001,
1.267300000000000E+009,1.054800376296043E-001,5.578707158565521E-002,-7.318221926689148E-001,6.514790654182434E-001,1.054800376296043E-001,5.578707158565521E-002,-7.318221926689148E-001,6.514790654182434E-001,
1.275666666666667E+009,1.142067238688469E-001,3.449223563075066E-002,-7.169427275657654E-001,6.868352293968201E-001,1.142067238688469E-001,3.449223563075066E-002,-7.169427275657654E-001,6.868352293968201E-001,
1.284033333333334E+009,1.146182343363762E-001,1.359560433775187E-002,-7.088987827301025E-001,6.951138377189636E-001,1.146182343363762E-001,1.359560433775187E-002,-7.088987827301025E-001,6.951138377189636E-001,
1.292400000000000E+009,1.034829244017601E-001,-5.066505633294582E-003,-6.766363978385925E-001,7.103940844535828E-001,1.034829244017601E-001,-5.066505633294582E-003,-6.766363978385925E-001,7.103940844535828E-001,
1.300766666666667E+009,8.325817435979843E-002,-1.439946517348290E-002,-6.660272479057312E-001,7.337555289268494E-001,8.325817435979843E-002,-1.439946517348290E-002,-6.660272479057312E-001,7.337555289268494E-001,
1.309133333333334E+009,6.508277356624603E-002,-1.448233705013990E-002,-6.493847966194153E-001,7.415017485618591E-001,6.508277356624603E-002,-1.448233705013990E-002,-6.493847966194153E-001,7.415017485618591E-001,
1.317500000000000E+009,5.165679007768631E-002,-3.797127632424235E-003,-6.162707805633545E-001,7.711265683174133E-001,5.165679007768631E-002,-3.797127632424235E-003,-6.162707805633545E-001,7.711265683174133E-001,
1.325866666666667E+009,4.751292988657951E-002,1.356921158730984E-002,-6.105016469955444E-001,7.762651443481445E-001,4.751292988657951E-002,1.356921158730984E-002,-6.105016469955444E-001,7.762651443481445E-001,
1.334233333333334E+009,5.509715899825096E-002,2.855671383440495E-002,-5.816204547882080E-001,7.928380966186523E-001,5.509715899825096E-002,2.855671383440495E-002,-5.816204547882080E-001,7.928380966186523E-001,
1.342600000000000E+009,7.098080962896347E-002,3.676547855138779E-002,-5.654608011245728E-001,8.044891953468323E-001,7.098080962896347E-002,3.676547855138779E-002,-5.654608011245728E-001,8.044891953468323E-001,
1.350966666666667E+009,9.112490713596344E-002,3.350667655467987E-002,-5.338519215583801E-001,8.091419935226440E-001,9.112490713596344E-002,3.350667655467987E-002,-5.338519215583801E-001,8.091419935226440E-001,
1.359333333333334E+009,1.065972149372101E-001,2.004447206854820E-002,-5.384853482246399E-001,8.337711691856384E-001,1.065972149372101E-001,2.004447206854820E-002,-5.384853482246399E-001,8.337711691856384E-001,
1.367700000000000E+009,1.131530478596687E-001,-1.247843494638801E-003,-5.003594756126404E-001,8.471925854682922E-001,1.131530478596687E-001,-1.247843494638801E-003,-5.003594756126404E-001,8.471925854682922E-001,
1.376066666666667E+009,1.085057333111763E-001,-2.123149111866951E-002,-4.839609563350678E-001,8.583917021751404E-001,1.085057333111763E-001,-2.123149111866951E-002,-4.839609563350678E-001,8.583917021751404E-001,
1.384433333333334E+009,9.164749085903168E-002,-3.680881857872009E-002,-4.677610099315643E-001,8.667727112770081E-001,9.164749085903168E-002,-3.680881857872009E-002,-4.677610099315643E-001,8.667727112770081E-001,
1.392800000000000E+009,7.071116566658020E-002,-4.230149835348129E-002,-4.479513764381409E-001,8.899281024932861E-001,7.071116566658020E-002,-4.230149835348129E-002,-4.479513764381409E-001,8.899281024932861E-001,
1.401166666666667E+009,4.827273637056351E-002,-3.663652390241623E-002,-4.224730730056763E-001,8.941371440887451E-001,4.827273637056351E-002,-3.663652390241623E-002,-4.224730730056763E-001,8.941371440887451E-001,
1.409533333333334E+009,3.573044016957283E-002,-1.828535646200180E-002,-3.928325474262238E-001,9.043201208114624E-001,3.573044016957283E-002,-1.828535646200180E-002,-3.928325474262238E-001,9.043201208114624E-001,
1.417900000000000E+009,3.373512253165245E-002,3.164470661431551E-003,-3.703984618186951E-001,9.187795519828796E-001,3.373512253165245E-002,3.164470661431551E-003,-3.703984618186951E-001,9.187795519828796E-001,
1.426266666666667E+009,4.557054117321968E-002,1.991408877074719E-002,-3.430834710597992E-001,9.377166628837585E-001,4.557054117321968E-002,1.991408877074719E-002,-3.430834710597992E-001,9.377166628837585E-001,
1.434633333333334E+009,6.604576855897903E-002,2.958976104855537E-002,-3.229778409004211E-001,9.343309998512268E-001,6.604576855897903E-002,2.958976104855537E-002,-3.229778409004211E-001,9.343309998512268E-001,
1.443000000000000E+009,8.989741653203964E-002,2.396312355995178E-002,-2.932203412055969E-001,9.391866922378540E-001,8.989741653203964E-002,2.396312355995178E-002,-2.932203412055969E-001,9.391866922378540E-001,
1.451366666666667E+009,1.040963232517242E-001,5.750242155045271E-003,-2.660731077194214E-001,9.360957145690918E-001,1.040963232517242E-001,5.750242155045271E-003,-2.660731077194214E-001,9.360957145690918E-001,
1.459733333333334E+009,1.115304976701737E-001,-1.444312930107117E-002,-2.506219744682312E-001,9.583082795143127E-001,1.115304976701737E-001,-1.444312930107117E-002,-2.506219744682312E-001,9.583082795143127E-001,
1.468100000000000E+009,1.040566414594650E-001,-3.806756064295769E-002,-2.289942651987076E-001,9.496773481369019E-001,1.040566414594650E-001,-3.806756064295769E-002,-2.289942651987076E-001,9.496773481369019E-001,
1.476466666666667E+009,8.750193566083908E-002,-5.146890133619309E-002,-2.043672502040863E-001,9.623969793319702E-001,8.750193566083908E-002,-5.146890133619309E-002,-2.043672502040863E-001,9.623969793319702E-001,
1.484833333333334E+009,6.482152640819550E-002,-5.305482074618340E-002,-1.751688569784164E-001,9.769952297210693E-001,6.482152640819550E-002,-5.305482074618340E-002,-1.751688569784164E-001,9.769952297210693E-001,
1.493200000000000E+009,4.726711660623550E-002,-4.647386446595192E-002,-1.420518010854721E-001,9.771673083305359E-001,4.726711660623550E-002,-4.647386446595192E-002,-1.420518010854721E-001,9.771673083305359E-001,
1.501566666666667E+009,3.407733142375946E-002,-2.882165089249611E-002,-1.127905249595642E-001,9.805597066879273E-001,3.407733142375946E-002,-2.882165089249611E-002,-1.127905249595642E-001,9.805597066879273E-001,
1.509933333333334E+009,3.571999073028565E-002,-7.545971777290106E-003,-1.015605181455612E-001,9.870967268943787E-001,3.571999073028565E-002,-7.545971777290106E-003,-1.015605181455612E-001,9.870967268943787E-001,
1.518300000000000E+009,4.900213330984116E-002,8.866818621754646E-003,-6.859219819307327E-002,9.850127696990967E-001,4.900213330984116E-002,8.866818621754646E-003,-6.859219819307327E-002,9.850127696990967E-001,
1.526666666666667E+009,6.897955387830734E-002,1.375875622034073E-002,-5.376345291733742E-002,9.828073382377625E-001,6.897955387830734E-002,1.375875622034073E-002,-5.376345291733742E-002,9.828073382377625E-001,
1.535033333333334E+009,8.988439291715622E-002,5.695766303688288E-003,-3.339395299553871E-002,9.744420647621155E-001,8.988439291715622E-002,5.695766303688288E-003,-3.339395299553871E-002,9.744420647621155E-001,
1.543400000000000E+009,1.037508770823479E-001,-1.134917605668306E-002,-6.173806032165885E-004,9.829436540603638E-001,1.037508770823479E-001,-1.134917605668306E-002,-6.173806032165885E-004,9.829436540603638E-001,
1.551766666666667E+009,1.084737181663513E-001,-3.421236202120781E-002,2.184813097119331E-002,9.794961810112000E-001,1.084737181663513E-001,-3.421236202120781E-002,2.184813097119331E-002,9.794961810112000E-001,
1.560133333333334E+009,1.003691926598549E-001,-5.497831851243973E-002,4.318450018763542E-002,9.879313707351685E-001,1.003691926598549E-001,-5.497831851243973E-002,4.318450018763542E-002,9.879313707351685E-001,
1.568500000000000E+009,8.366326987743378E-002,-6.927763670682907E-002,7.218127697706223E-002,9.863897562026978E-001,8.366326987743378E-002,-6.927763670682907E-002,7.218127697706223E-002,9.863897562026978E-001,
1.576866666666667E+009,6.403783708810806E-002,-7.066898047924042E-002,9.281646460294724E-002,9.847797155380249E-001,6.403783708810806E-002,-7.066898047924042E-002,9.281646460294724E-002,9.847797155380249E-001,
1.585233333333334E+009,4.673644900321960E-002,-6.132994964718819E-002,1.207988709211350E-001,9.766536355018616E-001,4.673644900321960E-002,-6.132994964718819E-002,1.207988709211350E-001,9.766536355018616E-001,
1.593600000000000E+009,3.874773904681206E-002,-4.654242843389511E-002,1.480365097522736E-001,9.784965515136719E-001,3.874773904681206E-002,-4.654242843389511E-002,1.480365097522736E-001,9.784965515136719E-001,
1.601966666666667E+009,3.887845203280449E-002,-2.795957215130329E-002,1.787579059600830E-001,9.757692217826843E-001,3.887845203280449E-002,-2.795957215130329E-002,1.787579059600830E-001,9.757692217826843E-001,
1.610333333333334E+009,4.859144985675812E-002,-1.668876968324184E-002,2.024652510881424E-001,9.654522538185120E-001,4.859144985675812E-002,-1.668876968324184E-002,2.024652510881424E-001,9.654522538185120E-001,
1.618700000000000E+009,6.528715789318085E-002,-1.306666247546673E-002,2.238655537366867E-001,9.582766294479370E-001,6.528715789318085E-002,-1.306666247546673E-002,2.238655537366867E-001,9.582766294479370E-001,
1.627066666666667E+009,8.252230286598206E-002,-2.214153483510017E-002,2.510087788105011E-001,9.502459764480591E-001,8.252230286598206E-002,-2.214153483510017E-002,2.510087788105011E-001,9.502459764480591E-001,
1.635433333333334E+009,9.144382178783417E-002,-3.618671745061874E-002,2.694285511970520E-001,9.413756132125855E-001,9.144382178783417E-002,-3.618671745061874E-002,2.694285511970520E-001,9.413756132125855E-001,
1.643800000000000E+009,9.118060767650604E-002,-5.596277117729187E-002,2.907144129276276E-001,9.353962540626526E-001,9.118060767650604E-002,-5.596277117729187E-002,2.907144129276276E-001,9.353962540626526E-001,
1.652166666666667E+009,8.249695599079132E-002,-7.240176945924759E-002,3.144054412841797E-001,9.274476170539856E-001,8.249695599079132E-002,-7.240176945924759E-002,3.144054412841797E-001,9.274476170539856E-001,
1.660533333333334E+009,6.768142431974411E-002,-8.206395059823990E-002,3.424507677555084E-001,9.263280034065247E-001,6.768142431974411E-002,-8.206395059823990E-002,3.424507677555084E-001,9.263280034065247E-001,
1.668900000000000E+009,4.939995333552361E-002,-8.172927796840668E-002,3.654748499393463E-001,9.228680133819580E-001,4.939995333552361E-002,-8.172927796840668E-002,3.654748499393463E-001,9.228680133819580E-001,
1.677266666666667E+009,3.660807013511658E-002,-7.118990272283554E-002,3.801338970661163E-001,9.143416285514832E-001,3.660807013511658E-002,-7.118990272283554E-002,3.801338970661163E-001,9.143416285514832E-001,
1.685633333333334E+009,3.287712112069130E-002,-5.676736682653427E-002,4.065962731838226E-001,8.978222012519836E-001,3.287712112069130E-002,-5.676736682653427E-002,4.065962731838226E-001,8.978222012519836E-001,
1.694000000000000E+009,3.546710684895515E-002,-4.052091389894486E-002,4.356788694858551E-001,8.860970735549927E-001,3.546710684895515E-002,-4.052091389894486E-002,4.356788694858551E-001,8.860970735549927E-001,
1.702366666666667E+009,4.681808501482010E-002,-3.144509717822075E-002,4.666197896003723E-001,8.707157969474793E-001,4.681808501482010E-002,-3.144509717822075E-002,4.666197896003723E-001,8.707157969474793E-001,
1.710733333333334E+009,6.130972132086754E-002,-2.916799299418926E-002,4.825356006622315E-001,8.662258982658386E-001,6.130972132086754E-002,-2.916799299418926E-002,4.825356006622315E-001,8.662258982658386E-001,
1.719100000000000E+009,7.478675991296768E-002,-3.914465010166168E-002,5.070347785949707E-001,8.441015481948853E-001,7.478675991296768E-002,-3.914465010166168E-002,5.070347785949707E-001,8.441015481948853E-001,
1.727466666666667E+009,8.344167470932007E-002,-5.307359248399735E-002,5.241468548774719E-001,8.323864936828613E-001,8.344167470932007E-002,-5.307359248399735E-002,5.241468548774719E-001,8.323864936828613E-001,
1.735833333333334E+009,8.585053682327271E-002,-7.184120267629623E-002,5.447520017623901E-001,8.163579106330872E-001,8.585053682327271E-002,-7.184120267629623E-002,5.447520017623901E-001,8.163579106330872E-001,
1.744200000000000E+009,7.711989432573319E-002,-9.002052992582321E-002,5.674300789833069E-001,7.985829114913940E-001,7.711989432573319E-002,-9.002052992582321E-002,5.674300789833069E-001,7.985829114913940E-001,
1.752566666666667E+009,6.302131712436676E-002,-1.016153171658516E-001,5.797916650772095E-001,7.937299609184265E-001,6.302131712436676E-002,-1.016153171658516E-001,5.797916650772095E-001,7.937299609184265E-001,
1.760933333333334E+009,4.497428238391876E-002,-1.042103394865990E-001,6.024011969566345E-001,7.784526944160461E-001,4.497428238391876E-002,-1.042103394865990E-001,6.024011969566345E-001,7.784526944160461E-001,
1.769300000000000E+009,3.015790879726410E-002,-1.000679656863213E-001,6.284067630767822E-001,7.578529715538025E-001,3.015790879726410E-002,-1.000679656863213E-001,6.284067630767822E-001,7.578529715538025E-001,
1.777666666666667E+009,2.003076300024986E-002,-9.175425767898560E-002,6.471056342124939E-001,7.524073123931885E-001,2.003076300024986E-002,-9.175425767898560E-002,6.471056342124939E-001,7.524073123931885E-001,
1.786033333333334E+009,1.815280318260193E-002,-7.766300439834595E-002,6.643268465995789E-001,7.298809289932251E-001,1.815280318260193E-002,-7.766300439834595E-002,6.643268465995789E-001,7.298809289932251E-001,
1.794400000000000E+009,2.091715671122074E-002,-6.710474938154221E-002,6.786541938781738E-001,7.095574736595154E-001,2.091715671122074E-002,-6.710474938154221E-002,6.786541938781738E-001,7.095574736595154E-001,
1.802766666666667E+009,3.010204248130322E-002,-5.915420874953270E-002,7.065474987030029E-001,6.970329284667969E-001,3.010204248130322E-002,-5.915420874953270E-002,7.065474987030029E-001,6.970329284667969E-001,
1.811133333333334E+009,3.847160190343857E-002,-6.000797823071480E-002,7.206436395645142E-001,6.691597700119019E-001,3.847160190343857E-002,-6.000797823071480E-002,7.206436395645142E-001,6.691597700119019E-001,
1.819500000000000E+009,4.417396709322929E-002,-6.392187625169754E-002,7.376784682273865E-001,6.605961918830872E-001,4.417396709322929E-002,-6.392187625169754E-002,7.376784682273865E-001,6.605961918830872E-001,
1.827866666666667E+009,4.968039318919182E-002,-7.326070219278336E-002,7.473533749580383E-001,6.390572786331177E-001,4.968039318919182E-002,-7.326070219278336E-002,7.473533749580383E-001,6.390572786331177E-001,
1.836233333333334E+009,4.540467262268066E-002,-8.493544906377792E-002,7.690334320068359E-001,6.122806072235107E-001,4.540467262268066E-002,-8.493544906377792E-002,7.690334320068359E-001,6.122806072235107E-001,
1.844600000000000E+009,4.046851769089699E-002,-9.367520362138748E-002,7.908052802085877E-001,6.087316274642944E-001,4.046851769089699E-002,-9.367520362138748E-002,7.908052802085877E-001,6.087316274642944E-001,
1.852966666666667E+009,3.021874278783798E-002,-9.760770946741104E-002,8.079784512519836E-001,5.798308253288269E-001,3.021874278783798E-002,-9.760770946741104E-002,8.079784512519836E-001,5.798308253288269E-001,
1.861333333333334E+009,2.063436061143875E-002,-9.908498078584671E-002,8.115206956863403E-001,5.597558617591858E-001,2.063436061143875E-002,-9.908498078584671E-002,8.115206956863403E-001,5.597558617591858E-001,
1.869700000000000E+009,1.323234196752310E-002,-9.471681714057922E-002,8.209643959999085E-001,5.450399518013001E-001,1.323234196752310E-002,-9.471681714057922E-002,8.209643959999085E-001,5.450399518013001E-001,
1.878066666666667E+009,8.344834670424461E-003,-8.849989622831345E-002,8.343963623046875E-001,5.134686231613159E-001,8.344834670424461E-003,-8.849989622831345E-002,8.343963623046875E-001,5.134686231613159E-001,
1.886433333333334E+009,9.017105214297772E-003,-7.881028950214386E-002,8.523645401000977E-001,5.006543397903442E-001,9.017105214297772E-003,-7.881028950214386E-002,8.523645401000977E-001,5.006543397903442E-001,
1.894800000000000E+009,1.300347037613392E-002,-7.135040313005447E-002,8.667476773262024E-001,4.823257029056549E-001,1.300347037613392E-002,-7.135040313005447E-002,8.667476773262024E-001,4.823257029056549E-001,
1.903166666666667E+009,2.161682397127152E-002,-6.992599368095398E-002,8.793666362762451E-001,4.530559778213501E-001,2.161682397127152E-002,-6.992599368095398E-002,8.793666362762451E-001,4.530559778213501E-001,
1.911533333333334E+009,2.953479439020157E-002,-7.107380777597427E-002,8.893285989761353E-001,4.343726038932800E-001,2.953479439020157E-002,-7.107380777597427E-002,8.893285989761353E-001,4.343726038932800E-001,
1.919900000000000E+009,3.575242310762405E-002,-8.176384866237640E-002,8.916906714439392E-001,4.018107652664185E-001,3.575242310762405E-002,-8.176384866237640E-002,8.916906714439392E-001,4.018107652664185E-001,
1.928266666666667E+009,3.565907105803490E-002,-9.169048070907593E-002,9.080744385719299E-001,3.764608204364777E-001,3.565907105803490E-002,-9.169048070907593E-002,9.080744385719299E-001,3.764608204364777E-001,
1.936633333333334E+009,2.898168563842773E-002,-1.042096316814423E-001,9.157114624977112E-001,3.580776453018189E-001,2.898168563842773E-002,-1.042096316814423E-001,9.157114624977112E-001,3.580776453018189E-001,
1.945000000000000E+009,1.945975609123707E-002,-1.144551411271095E-001,9.220115542411804E-001,3.280128240585327E-001,1.945975609123707E-002,-1.144551411271095E-001,9.220115542411804E-001,3.280128240585327E-001,
1.953366666666667E+009,5.056465975940228E-003,-1.187541708350182E-001,9.313519597053528E-001,3.004750013351440E-001,5.056465975940228E-003,-1.187541708350182E-001,9.313519597053528E-001,3.004750013351440E-001,
1.961733333333334E+009,-7.735182531177998E-003,-1.171385422348976E-001,9.413323402404785E-001,2.989930212497711E-001,-7.735182531177998E-003,-1.171385422348976E-001,9.413323402404785E-001,2.989930212497711E-001,
1.970100000000000E+009,-1.835576072335243E-002,-1.078516468405724E-001,9.481219649314880E-001,2.605075836181641E-001,-1.835576072335243E-002,-1.078516468405724E-001,9.481219649314880E-001,2.605075836181641E-001,
1.978466666666667E+009,-2.204339951276779E-002,-9.578506648540497E-002,9.572988748550415E-001,2.362568527460098E-001,-2.204339951276779E-002,-9.578506648540497E-002,9.572988748550415E-001,2.362568527460098E-001,
1.986833333333334E+009,-2.005975693464279E-002,-8.467814326286316E-002,9.710087180137634E-001,2.160646766424179E-001,-2.005975693464279E-002,-8.467814326286316E-002,9.710087180137634E-001,2.160646766424179E-001,
1.995200000000000E+009,-8.813942782580853E-003,-7.509730011224747E-002,9.693121314048767E-001,1.976974010467529E-001,-8.813942782580853E-003,-7.509730011224747E-002,9.693121314048767E-001,1.976974010467529E-001,
2.003566666666667E+009,3.806270193308592E-003,-7.406067848205566E-002,9.748449325561523E-001,1.675909459590912E-001,3.806270193308592E-003,-7.406067848205566E-002,9.748449325561523E-001,1.675909459590912E-001,
2.011933333333334E+009,1.551473699510098E-002,-8.082772046327591E-002,9.756997227668762E-001,1.351622641086578E-001,1.551473699510098E-002,-8.082772046327591E-002,9.756997227668762E-001,1.351622641086578E-001,
2.020300000000000E+009,2.066587656736374E-002,-9.052021056413651E-002,9.815097451210022E-001,1.133714690804482E-001,2.066587656736374E-002,-9.052021056413651E-002,9.815097451210022E-001,1.133714690804482E-001,
2.028666666666667E+009,1.911513134837151E-002,-1.065051034092903E-001,9.786815047264099E-001,8.782404661178589E-002,1.911513134837151E-002,-1.065051034092903E-001,9.786815047264099E-001,8.782404661178589E-002,
2.037033333333334E+009,7.965925149619579E-003,-1.218941509723663E-001,9.862179756164551E-001,5.926544591784477E-002,7.965925149619579E-003,-1.218941509723663E-001,9.862179756164551E-001,5.926544591784477E-002,
2.045400000000000E+009,-9.117132052779198E-003,-1.312068700790405E-001,9.835068583488464E-001,4.103829339146614E-002,-9.117132052779198E-003,-1.312068700790405E-001,9.835068583488464E-001,4.103829339146614E-002,
2.053766666666667E+009,-2.841339819133282E-002,-1.316547393798828E-001,9.850242137908936E-001,9.053067304193974E-003,-2.841339819133282E-002,-1.316547393798828E-001,9.850242137908936E-001,9.053067304193974E-003,
2.062133333333334E+009,-4.410103335976601E-002,-1.238754317164421E-001,9.785528779029846E-001,-9.310199879109860E-003,-4.410103335976601E-002,-1.238754317164421E-001,9.785528779029846E-001,-9.310199879109860E-003,
2.070500000000000E+009,-5.287963896989822E-002,-1.074713543057442E-001,9.808604121208191E-001,-3.400988131761551E-002,-5.287963896989822E-002,-1.074713543057442E-001,9.808604121208191E-001,-3.400988131761551E-002,
2.078866666666667E+009,-5.137085169553757E-002,-9.318849444389343E-002,9.803286194801331E-001,-6.041992828249931E-002,-5.137085169553757E-002,-9.318849444389343E-002,9.803286194801331E-001,-6.041992828249931E-002,
2.087233333333334E+009,-3.972937911748886E-002,-8.020830899477005E-002,9.784767627716065E-001,-8.331745117902756E-002,-3.972937911748886E-002,-8.020830899477005E-002,9.784767627716065E-001,-8.331745117902756E-002,
2.095600000000000E+009,-2.241121232509613E-002,-7.886414229869843E-002,9.802479743957520E-001,-1.144259423017502E-001,-2.241121232509613E-002,-7.886414229869843E-002,9.802479743957520E-001,-1.144259423017502E-001,
2.103966666666667E+009,-8.649547584354878E-003,-8.796393871307373E-002,9.804107546806335E-001,-1.356306374073029E-001,-8.649547584354878E-003,-8.796393871307373E-002,9.804107546806335E-001,-1.356306374073029E-001,
2.112333333333334E+009,1.599301584064961E-003,-1.025287881493568E-001,9.715358018875122E-001,-1.612629294395447E-001,1.599301584064961E-003,-1.025287881493568E-001,9.715358018875122E-001,-1.612629294395447E-001,
2.120700000000000E+009,-3.606544341892004E-003,-1.241667941212654E-001,9.712338447570801E-001,-1.994314193725586E-001,-3.606544341892004E-003,-1.241667941212654E-001,9.712338447570801E-001,-1.994314193725586E-001,
2.129066666666667E+009,-1.829755306243897E-002,-1.400511562824249E-001,9.505393505096436E-001,-2.195492982864380E-001,-1.829755306243897E-002,-1.400511562824249E-001,9.505393505096436E-001,-2.195492982864380E-001,
2.137433333333334E+009,-4.218211397528648E-002,-1.489893347024918E-001,9.489464759826660E-001,-2.328727245330811E-001,-4.218211397528648E-002,-1.489893347024918E-001,9.489464759826660E-001,-2.328727245330811E-001,
2.145800000000000E+009,-6.982433050870895E-002,-1.481857746839523E-001,9.398175477981567E-001,-2.554777562618256E-001,-6.982433050870895E-002,-1.481857746839523E-001,9.398175477981567E-001,-2.554777562618256E-001,
2.154166666666667E+009,-9.129453450441361E-002,-1.322897225618362E-001,9.340098500251770E-001,-2.804026603698731E-001,-9.129453450441361E-002,-1.322897225618362E-001,9.340098500251770E-001,-2.804026603698731E-001,
2.162533333333334E+009,-1.025192588567734E-001,-1.105032786726952E-001,9.229004383087158E-001,-2.997127175331116E-001,-1.025192588567734E-001,-1.105032786726952E-001,9.229004383087158E-001,-2.997127175331116E-001,
2.170900000000000E+009,-9.924925863742828E-002,-8.895886689424515E-002,9.206733107566834E-001,-3.279474973678589E-001,-9.924925863742828E-002,-8.895886689424515E-002,9.206733107566834E-001,-3.279474973678589E-001,
2.179266666666667E+009,-8.602620661258698E-002,-7.142284512519836E-002,9.118494391441345E-001,-3.485916554927826E-001,-8.602620661258698E-002,-7.142284512519836E-002,9.118494391441345E-001,-3.485916554927826E-001,
2.187633333333334E+009,-6.444120407104492E-002,-6.673432886600494E-002,9.147148728370667E-001,-3.735072016716003E-001,-6.444120407104492E-002,-6.673432886600494E-002,9.147148728370667E-001,-3.735072016716003E-001,
2.196000000000000E+009,-4.536056146025658E-002,-7.553651928901672E-002,8.981806039810181E-001,-3.992645144462585E-001,-4.536056146025658E-002,-7.553651928901672E-002,8.981806039810181E-001,-3.992645144462585E-001,
2.204366666666667E+009,-3.385133296251297E-002,-9.479872882366180E-002,8.809297084808350E-001,-4.312460720539093E-001,-3.385133296251297E-002,-9.479872882366180E-002,8.809297084808350E-001,-4.312460720539093E-001,
2.212733333333334E+009,-3.620256483554840E-002,-1.157997250556946E-001,8.724620342254639E-001,-4.463467895984650E-001,-3.620256483554840E-002,-1.157997250556946E-001,8.724620342254639E-001,-4.463467895984650E-001,
2.221100000000000E+009,-5.350813642144203E-002,-1.359306275844574E-001,8.609649538993835E-001,-4.689089059829712E-001,-5.350813642144203E-002,-1.359306275844574E-001,8.609649538993835E-001,-4.689089059829712E-001,
2.229466666666667E+009,-8.154665678739548E-002,-1.472528427839279E-001,8.496634364128113E-001,-4.966802000999451E-001,-8.154665678739548E-002,-1.472528427839279E-001,8.496634364128113E-001,-4.966802000999451E-001,
2.237833333333334E+009,-1.101640537381172E-001,-1.394324451684952E-001,8.235124349594116E-001,-5.068973898887634E-001,-1.101640537381172E-001,-1.394324451684952E-001,8.235124349594116E-001,-5.068973898887634E-001,
2.246200000000000E+009,-1.347568929195404E-001,-1.204435080289841E-001,8.112413287162781E-001,-5.320554375648499E-001,-1.347568929195404E-001,-1.204435080289841E-001,8.112413287162781E-001,-5.320554375648499E-001,
2.254566666666667E+009,-1.455955207347870E-001,-9.431712329387665E-002,8.032256960868835E-001,-5.486298799514771E-001,-1.455955207347870E-001,-9.431712329387665E-002,8.032256960868835E-001,-5.486298799514771E-001,
2.262933333333334E+009,-1.432843506336212E-001,-6.878787279129028E-002,7.942931652069092E-001,-5.720121860504150E-001,-1.432843506336212E-001,-6.878787279129028E-002,7.942931652069092E-001,-5.720121860504150E-001,
2.271300000000000E+009,-1.288321912288666E-001,-5.093634501099587E-002,7.887459993362427E-001,-5.838432908058167E-001,-1.288321912288666E-001,-5.093634501099587E-002,7.887459993362427E-001,-5.838432908058167E-001,
2.279666666666667E+009,-1.042927578091621E-001,-4.593728110194206E-002,7.677940726280212E-001,-6.062963008880615E-001,-1.042927578091621E-001,-4.593728110194206E-002,7.677940726280212E-001,-6.062963008880615E-001,
2.288033333333334E+009,-8.546799421310425E-002,-5.690110474824905E-002,7.507989406585693E-001,-6.317964792251587E-001,-8.546799421310425E-002,-5.690110474824905E-002,7.507989406585693E-001,-6.317964792251587E-001,
2.296400000000000E+009,-7.543644309043884E-002,-7.728376239538193E-002,7.376939058303833E-001,-6.584671139717102E-001,-7.543644309043884E-002,-7.728376239538193E-002,7.376939058303833E-001,-6.584671139717102E-001,
2.304766666666667E+009,-7.861974090337753E-002,-9.973468631505966E-002,7.196540832519531E-001,-6.697404384613037E-001,-7.861974090337753E-002,-9.973468631505966E-002,7.196540832519531E-001,-6.697404384613037E-001,
2.313133333333334E+009,-9.878439456224442E-002,-1.136728078126907E-001,6.888793706893921E-001,-6.903892755508423E-001,-9.878439456224442E-002,-1.136728078126907E-001,6.888793706893921E-001,-6.903892755508423E-001,
2.321500000000000E+009,-1.249328926205635E-001,-1.155157536268234E-001,6.694594621658325E-001,-7.092072963714600E-001,-1.249328926205635E-001,-1.155157536268234E-001,6.694594621658325E-001,-7.092072963714600E-001,
2.329866666666667E+009,-1.522641032934189E-001,-1.002147495746613E-001,6.537964940071106E-001,-7.191362977027893E-001,-1.522641032934189E-001,-1.002147495746613E-001,6.537964940071106E-001,-7.191362977027893E-001,
2.338233333333334E+009,-1.691390275955200E-001,-7.507219165563583E-002,6.344774961471558E-001,-7.341296672821045E-001,-1.691390275955200E-001,-7.507219165563583E-002,6.344774961471558E-001,-7.341296672821045E-001,
2.346600000000000E+009,-1.711766272783279E-001,-4.550767689943314E-002,6.163555383682251E-001,-7.457693219184876E-001,-1.711766272783279E-001,-4.550767689943314E-002,6.163555383682251E-001,-7.457693219184876E-001,
2.354966666666667E+009,-1.601934581995010E-001,-2.003376185894013E-002,6.008365750312805E-001,-7.653706669807434E-001,-1.601934581995010E-001,-2.003376185894013E-002,6.008365750312805E-001,-7.653706669807434E-001,
2.363333333333334E+009,-1.366248130798340E-001,-7.615755777806044E-003,5.938827395439148E-001,-7.847185134887695E-001,-1.366248130798340E-001,-7.615755777806044E-003,5.938827395439148E-001,-7.847185134887695E-001,
2.371700000000000E+009,-1.086184754967690E-001,-1.444895472377539E-002,5.571419000625610E-001,-8.010168075561523E-001,-1.086184754967690E-001,-1.444895472377539E-002,5.571419000625610E-001,-8.010168075561523E-001,
2.380066666666667E+009,-9.172717481851578E-002,-3.606583178043366E-002,5.446265339851379E-001,-8.185760378837585E-001,-9.172717481851578E-002,-3.606583178043366E-002,5.446265339851379E-001,-8.185760378837585E-001,
2.388433333333334E+009,-9.033185988664627E-002,-6.796102225780487E-002,5.175933837890625E-001,-8.288925290107727E-001,-9.033185988664627E-002,-6.796102225780487E-002,5.175933837890625E-001,-8.288925290107727E-001,
2.396800000000000E+009,-1.088580191135407E-001,-9.698706865310669E-002,4.982041418552399E-001,-8.491649031639099E-001,-1.088580191135407E-001,-9.698706865310669E-002,4.982041418552399E-001,-8.491649031639099E-001,
2.405166666666667E+009,-1.400189846754074E-001,-1.119654253125191E-001,4.642340540885925E-001,-8.660619854927063E-001,-1.400189846754074E-001,-1.119654253125191E-001,4.642340540885925E-001,-8.660619854927063E-001,
2.413533333333334E+009,-1.788836717605591E-001,-1.064791232347488E-001,4.465752243995667E-001,-8.681529760360718E-001,-1.788836717605591E-001,-1.064791232347488E-001,4.465752243995667E-001,-8.681529760360718E-001,
2.421900000000000E+009,-2.111724168062210E-001,-8.316343277692795E-002,4.227719008922577E-001,-8.734819293022156E-001,-2.111724168062210E-001,-8.316343277692795E-002,4.227719008922577E-001,-8.734819293022156E-001,
2.430266666666667E+009,-2.313353717327118E-001,-4.372841864824295E-002,4.015311598777771E-001,-8.751773238182068E-001,-2.313353717327118E-001,-4.372841864824295E-002,4.015311598777771E-001,-8.751773238182068E-001,
2.438633333333334E+009,-2.330163866281509E-001,-2.346352121094242E-004,3.833842575550079E-001,-8.855083584785461E-001,-2.330163866281509E-001,-2.346352121094242E-004,3.833842575550079E-001,-8.855083584785461E-001,
2.447000000000000E+009,-2.160464674234390E-001,3.704863041639328E-002,3.709321320056915E-001,-8.874185681343079E-001,-2.160464674234390E-001,3.704863041639328E-002,3.709321320056915E-001,-8.874185681343079E-001,
2.455366666666667E+009,-1.842529028654099E-001,6.101414188742638E-002,3.419139981269836E-001,-8.991673588752747E-001,-1.842529028654099E-001,6.101414188742638E-002,3.419139981269836E-001,-8.991673588752747E-001,
2.463733333333334E+009,-1.508643180131912E-001,6.310378760099411E-002,3.315071463584900E-001,-9.185687899589539E-001,-1.508643180131912E-001,6.310378760099411E-002,3.315071463584900E-001,-9.185687899589539E-001,
2.472100000000000E+009,-1.210207343101502E-001,4.563387855887413E-002,3.039131760597229E-001,-9.319316744804382E-001,-1.210207343101502E-001,4.563387855887413E-002,3.039131760597229E-001,-9.319316744804382E-001,
2.480466666666667E+009,-1.096539795398712E-001,1.595592871308327E-002,2.710296511650085E-001,-9.383938312530518E-001,-1.096539795398712E-001,1.595592871308327E-002,2.710296511650085E-001,-9.383938312530518E-001,
2.488833333333334E+009,-1.173384413123131E-001,-1.573547534644604E-002,2.419470101594925E-001,-9.408025145530701E-001,-1.173384413123131E-001,-1.573547534644604E-002,2.419470101594925E-001,-9.408025145530701E-001,
2.497200000000000E+009,-1.430911123752594E-001,-3.359939903020859E-002,2.137307226657867E-001,-9.532982110977173E-001,-1.430911123752594E-001,-3.359939903020859E-002,2.137307226657867E-001,-9.532982110977173E-001,
2.505566666666667E+009,-1.762297451496124E-001,-3.510540723800659E-002,1.904694736003876E-001,-9.572542309761047E-001,-1.762297451496124E-001,-3.510540723800659E-002,1.904694736003876E-001,-9.572542309761047E-001,
2.513933333333334E+009,-2.048736661672592E-001,-1.657170616090298E-002,1.668179333209992E-001,-9.565141201019287E-001,-2.048736661672592E-001,-1.657170616090298E-002,1.668179333209992E-001,-9.565141201019287E-001,
2.522300000000000E+009,-2.180693149566650E-001,1.815082505345345E-002,1.441490948200226E-001,-9.504163861274719E-001,-2.180693149566650E-001,1.815082505345345E-002,1.441490948200226E-001,-9.504163861274719E-001,
2.530666666666667E+009,-2.144141048192978E-001,5.604131892323494E-002,1.225519627332687E-001,-9.589149951934815E-001,-2.144141048192978E-001,5.604131892323494E-002,1.225519627332687E-001,-9.589149951934815E-001,
2.539033333333334E+009,-1.966009289026260E-001,8.865435421466827E-002,1.026813462376595E-001,-9.619180560112000E-001,-1.966009289026260E-001,8.865435421466827E-002,1.026813462376595E-001,-9.619180560112000E-001,
2.547400000000000E+009,-1.634186059236527E-001,1.054068803787231E-001,9.474380314350128E-002,-9.638928174972534E-001,-1.634186059236527E-001,1.054068803787231E-001,9.474380314350128E-002,-9.638928174972534E-001,
2.555766666666667E+009,-1.321160346269608E-001,1.040746346116066E-001,5.136463418602943E-002,-9.810779690742493E-001,-1.321160346269608E-001,1.040746346116066E-001,5.136463418602943E-002,-9.810779690742493E-001,
2.564133333333334E+009,-1.087301373481751E-001,8.367005735635757E-002,3.409699350595474E-002,-9.788063764572144E-001,-1.087301373481751E-001,8.367005735635757E-002,3.409699350595474E-002,-9.788063764572144E-001,
2.572500000000000E+009,-1.041665002703667E-001,5.515610799193382E-002,5.441447254270315E-003,-9.821628332138062E-001,-1.041665002703667E-001,5.515610799193382E-002,5.441447254270315E-003,-9.821628332138062E-001,
2.580866666666667E+009,-1.168519482016563E-001,2.801222912967205E-002,-2.491015009582043E-002,-9.852560758590698E-001,-1.168519482016563E-001,2.801222912967205E-002,-2.491015009582043E-002,-9.852560758590698E-001,
2.589233333333334E+009,-1.457983851432800E-001,1.131530944257975E-002,-5.703033506870270E-002,-9.826438426971436E-001,-1.457983851432800E-001,1.131530944257975E-002,-5.703033506870270E-002,-9.826438426971436E-001,
2.597600000000000E+009,-1.800187081098557E-001,1.604152843356133E-002,-7.941885292530060E-002,-9.698822498321533E-001,-1.800187081098557E-001,1.604152843356133E-002,-7.941885292530060E-002,-9.698822498321533E-001,
2.605966666666667E+009,-2.072104364633560E-001,3.781719878315926E-002,-1.042557507753372E-001,-9.655125737190247E-001,-2.072104364633560E-001,3.781719878315926E-002,-1.042557507753372E-001,-9.655125737190247E-001,
2.614333333333334E+009,-2.201069146394730E-001,7.365131378173828E-002,-1.268251687288284E-001,-9.593585133552551E-001,-2.201069146394730E-001,7.365131378173828E-002,-1.268251687288284E-001,-9.593585133552551E-001,
2.622700000000000E+009,-2.120458632707596E-001,1.107692345976830E-001,-1.423932164907455E-001,-9.536709785461426E-001,-2.120458632707596E-001,1.107692345976830E-001,-1.423932164907455E-001,-9.536709785461426E-001,
2.631066666666667E+009,-1.886513233184815E-001,1.446736305952072E-001,-1.640788912773132E-001,-9.530197978019714E-001,-1.886513233184815E-001,1.446736305952072E-001,-1.640788912773132E-001,-9.530197978019714E-001,
2.639433333333334E+009,-1.522994190454483E-001,1.603568196296692E-001,-1.897770762443543E-001,-9.560371637344360E-001,-1.522994190454483E-001,1.603568196296692E-001,-1.897770762443543E-001,-9.560371637344360E-001,
2.647800000000000E+009,-1.164146363735199E-001,1.592283844947815E-001,-2.057923972606659E-001,-9.497520327568054E-001,-1.164146363735199E-001,1.592283844947815E-001,-2.057923972606659E-001,-9.497520327568054E-001,
2.656166666666667E+009,-9.155530482530594E-002,1.409931480884552E-001,-2.338352352380753E-001,-9.529297947883606E-001,-9.155530482530594E-002,1.409931480884552E-001,-2.338352352380753E-001,-9.529297947883606E-001,
2.664533333333334E+009,-8.292546868324280E-002,1.152783632278442E-001,-2.664445340633392E-001,-9.469293355941773E-001,-8.292546868324280E-002,1.152783632278442E-001,-2.664445340633392E-001,-9.469293355941773E-001,
2.672900000000000E+009,-9.452433139085770E-002,8.915971219539642E-002,-2.873533368110657E-001,-9.335478544235230E-001,-9.452433139085770E-002,8.915971219539642E-002,-2.873533368110657E-001,-9.335478544235230E-001,
2.681266666666667E+009,-1.219746097922325E-001,7.575652748346329E-002,-3.183869123458862E-001,-9.270787239074707E-001,-1.219746097922325E-001,7.575652748346329E-002,-3.183869123458862E-001,-9.270787239074707E-001,
2.689633333333334E+009,-1.521523892879486E-001,8.093184977769852E-002,-3.477804660797119E-001,-9.145708084106445E-001,-1.521523892879486E-001,8.093184977769852E-002,-3.477804660797119E-001,-9.145708084106445E-001,
2.698000000000000E+009,-1.760738343000412E-001,1.025439500808716E-001,-3.710355162620544E-001,-8.988555073738098E-001,-1.760738343000412E-001,1.025439500808716E-001,-3.710355162620544E-001,-8.988555073738098E-001,
2.706366666666667E+009,-1.845914870500565E-001,1.355796456336975E-001,-3.902287185192108E-001,-8.908542990684509E-001,-1.845914870500565E-001,1.355796456336975E-001,-3.902287185192108E-001,-8.908542990684509E-001,
2.714733333333334E+009,-1.754719913005829E-001,1.708886474370956E-001,-4.017607569694519E-001,-8.770870566368103E-001,-1.754719913005829E-001,1.708886474370956E-001,-4.017607569694519E-001,-8.770870566368103E-001,
2.723100000000000E+009,-1.479108929634094E-001,1.989374756813049E-001,-4.201944172382355E-001,-8.633899092674255E-001,-1.479108929634094E-001,1.989374756813049E-001,-4.201944172382355E-001,-8.633899092674255E-001,
2.731466666666667E+009,-1.110505014657974E-001,2.110639512538910E-001,-4.381094872951508E-001,-8.570011854171753E-001,-1.110505014657974E-001,2.110639512538910E-001,-4.381094872951508E-001,-8.570011854171753E-001,
2.739833333333334E+009,-7.289490103721619E-002,2.077752798795700E-001,-4.573698639869690E-001,-8.446320891380310E-001,-7.289490103721619E-002,2.077752798795700E-001,-4.573698639869690E-001,-8.446320891380310E-001,
2.748200000000000E+009,-4.366175085306168E-002,1.890592724084854E-001,-4.869843125343323E-001,-8.425027728080750E-001,-4.366175085306168E-002,1.890592724084854E-001,-4.869843125343323E-001,-8.425027728080750E-001,
2.756566666666667E+009,-3.218156099319458E-002,1.584999710321426E-001,-5.127353668212891E-001,-8.351871967315674E-001,-3.218156099319458E-002,1.584999710321426E-001,-5.127353668212891E-001,-8.351871967315674E-001,
2.764933333333334E+009,-3.971521928906441E-002,1.318376362323761E-001,-5.403562784194946E-001,-8.266482353210449E-001,-3.971521928906441E-002,1.318376362323761E-001,-5.403562784194946E-001,-8.266482353210449E-001,
2.773300000000000E+009,-6.474645435810089E-002,1.150107160210609E-001,-5.648097991943359E-001,-8.020399808883667E-001,-6.474645435810089E-002,1.150107160210609E-001,-5.648097991943359E-001,-8.020399808883667E-001,
2.781666666666667E+009,-9.518030285835266E-002,1.164711266756058E-001,-5.840452313423157E-001,-7.862605452537537E-001,-9.518030285835266E-002,1.164711266756058E-001,-5.840452313423157E-001,-7.862605452537537E-001,
2.790033333333334E+009,-1.188250184059143E-001,1.374223679304123E-001,-6.062412858009338E-001,-7.644317746162415E-001,-1.188250184059143E-001,1.374223679304123E-001,-6.062412858009338E-001,-7.644317746162415E-001,
2.798400000000000E+009,-1.298290789127350E-001,1.672963947057724E-001,-6.186338067054749E-001,-7.481996417045593E-001,-1.298290789127350E-001,1.672963947057724E-001,-6.186338067054749E-001,-7.481996417045593E-001,
2.806766666666667E+009,-1.206587255001068E-001,2.007572650909424E-001,-6.350085139274597E-001,-7.363057732582092E-001,-1.206587255001068E-001,2.007572650909424E-001,-6.350085139274597E-001,-7.363057732582092E-001,
2.815133333333334E+009,-9.495368599891663E-002,2.263828366994858E-001,-6.464187502861023E-001,-7.156165838241577E-001,-9.495368599891663E-002,2.263828366994858E-001,-6.464187502861023E-001,-7.156165838241577E-001,
2.823500000000000E+009,-5.970642715692520E-002,2.367392927408218E-001,-6.601700186729431E-001,-7.018857002258301E-001,-5.970642715692520E-002,2.367392927408218E-001,-6.601700186729431E-001,-7.018857002258301E-001,
2.831866666666667E+009,-2.126180194318295E-002,2.317698448896408E-001,-6.713786721229553E-001,-6.844902634620667E-001,-2.126180194318295E-002,2.317698448896408E-001,-6.713786721229553E-001,-6.844902634620667E-001,
2.840233333333334E+009,8.329614996910095E-003,2.085979878902435E-001,-6.948218941688538E-001,-6.793516874313355E-001,8.329614996910095E-003,2.085979878902435E-001,-6.948218941688538E-001,-6.793516874313355E-001,
2.848600000000000E+009,2.240893058478832E-002,1.777882575988770E-001,-7.126611471176148E-001,-6.530154347419739E-001,2.240893058478832E-002,1.777882575988770E-001,-7.126611471176148E-001,-6.530154347419739E-001,
2.856966666666667E+009,1.428479980677366E-002,1.494009345769882E-001,-7.395827174186707E-001,-6.423017978668213E-001,1.428479980677366E-002,1.494009345769882E-001,-7.395827174186707E-001,-6.423017978668213E-001,
2.865333333333334E+009,-7.562328595668078E-003,1.301212608814240E-001,-7.572053074836731E-001,-6.232002377510071E-001,-7.562328595668078E-003,1.301212608814240E-001,-7.572053074836731E-001,-6.232002377510071E-001,
2.873700000000000E+009,-3.788614273071289E-002,1.313499808311462E-001,-7.723795771598816E-001,-5.944998860359192E-001,-3.788614273071289E-002,1.313499808311462E-001,-7.723795771598816E-001,-5.944998860359192E-001,
2.882066666666667E+009,-6.368277221918106E-002,1.514582633972168E-001,-7.950556278228760E-001,-5.690357685089111E-001,-6.368277221918106E-002,1.514582633972168E-001,-7.950556278228760E-001,-5.690357685089111E-001,
2.890433333333334E+009,-7.582986354827881E-002,1.837519109249115E-001,-8.032399415969849E-001,-5.460782647132874E-001,-7.582986354827881E-002,1.837519109249115E-001,-8.032399415969849E-001,-5.460782647132874E-001,
2.898800000000000E+009,-6.725099682807922E-002,2.186047136783600E-001,-8.105164766311646E-001,-5.229065418243408E-001,-6.725099682807922E-002,2.186047136783600E-001,-8.105164766311646E-001,-5.229065418243408E-001,
2.907166666666667E+009,-4.093974828720093E-002,2.459682971239090E-001,-8.248890638351440E-001,-5.034075975418091E-001,-4.093974828720093E-002,2.459682971239090E-001,-8.248890638351440E-001,-5.034075975418091E-001,
2.915533333333334E+009,-3.981226589530706E-003,2.574213743209839E-001,-8.306094408035278E-001,-4.924138486385346E-001,-3.981226589530706E-003,2.574213743209839E-001,-8.306094408035278E-001,-4.924138486385346E-001,
2.923900000000000E+009,3.595631197094917E-002,2.465578615665436E-001,-8.349322080612183E-001,-4.758158922195435E-001,3.595631197094917E-002,2.465578615665436E-001,-8.349322080612183E-001,-4.758158922195435E-001,
2.932266666666667E+009,6.770044565200806E-002,2.224332243204117E-001,-8.501782417297363E-001,-4.530282616615295E-001,6.770044565200806E-002,2.224332243204117E-001,-8.501782417297363E-001,-4.530282616615295E-001,
2.940633333333334E+009,8.227169513702393E-002,1.866582483053207E-001,-8.628494739532471E-001,-4.319055378437042E-001,8.227169513702393E-002,1.866582483053207E-001,-8.628494739532471E-001,-4.319055378437042E-001,
2.949000000000000E+009,7.763699442148209E-002,1.527495086193085E-001,-8.816797137260437E-001,-4.190481305122376E-001,7.763699442148209E-002,1.527495086193085E-001,-8.816797137260437E-001,-4.190481305122376E-001,
2.957366666666667E+009,5.523138865828514E-002,1.283836811780930E-001,-8.959760069847107E-001,-3.957453072071075E-001,5.523138865828514E-002,1.283836811780930E-001,-8.959760069847107E-001,-3.957453072071075E-001,
2.965733333333334E+009,2.433226630091667E-002,1.254008561372757E-001,-9.141680002212524E-001,-3.634712994098663E-001,2.433226630091667E-002,1.254008561372757E-001,-9.141680002212524E-001,-3.634712994098663E-001,
2.974100000000000E+009,-5.364463198930025E-003,1.452319622039795E-001,-9.200752973556519E-001,-3.330740332603455E-001,-5.364463198930025E-003,1.452319622039795E-001,-9.200752973556519E-001,-3.330740332603455E-001,
2.982466666666667E+009,-1.693876087665558E-002,1.777860522270203E-001,-9.224137663841248E-001,-3.044806718826294E-001,-1.693876087665558E-002,1.777860522270203E-001,-9.224137663841248E-001,-3.044806718826294E-001,
2.990833333333334E+009,-8.769960142672062E-003,2.156962603330612E-001,-9.244416952133179E-001,-2.767174541950226E-001,-8.769960142672062E-003,2.156962603330612E-001,-9.244416952133179E-001,-2.767174541950226E-001,
2.999200000000000E+009,1.853635162115097E-002,2.442497760057449E-001,-9.274056553840637E-001,-2.545591592788696E-001,1.853635162115097E-002,2.442497760057449E-001,-9.274056553840637E-001,-2.545591592788696E-001,
3.007566666666667E+009,5.783436074852943E-002,2.547469437122345E-001,-9.294223189353943E-001,-2.362203150987625E-001,5.783436074852943E-002,2.547469437122345E-001,-9.294223189353943E-001,-2.362203150987625E-001,
3.015933333333334E+009,9.870417416095734E-002,2.444694489240646E-001,-9.355054497718811E-001,-2.131880223751068E-001,9.870417416095734E-002,2.444694489240646E-001,-9.355054497718811E-001,-2.131880223751068E-001,
3.024300000000000E+009,1.327702999114990E-001,2.156586349010468E-001,-9.377836585044861E-001,-1.998435407876968E-001,1.327702999114990E-001,2.156586349010468E-001,-9.377836585044861E-001,-1.998435407876968E-001,
3.032666666666667E+009,1.449347585439682E-001,1.737284362316132E-001,-9.449319243431091E-001,-1.845353841781616E-001,1.449347585439682E-001,1.737284362316132E-001,-9.449319243431091E-001,-1.845353841781616E-001,
3.041033333333334E+009,1.380466073751450E-001,1.319577991962433E-001,-9.600217342376709E-001,-1.622630804777145E-001,1.380466073751450E-001,1.319577991962433E-001,-9.600217342376709E-001,-1.622630804777145E-001,
3.049400000000000E+009,1.111804991960526E-001,1.048804745078087E-001,-9.741721153259277E-001,-1.356596499681473E-001,1.111804991960526E-001,1.048804745078087E-001,-9.741721153259277E-001,-1.356596499681473E-001,
3.057766666666667E+009,7.572897523641586E-002,9.953115135431290E-002,-9.815549850463867E-001,-1.000235602259636E-001,7.572897523641586E-002,9.953115135431290E-002,-9.815549850463867E-001,-1.000235602259636E-001,
3.066133333333334E+009,4.351751133799553E-002,1.197424829006195E-001,-9.794669747352600E-001,-7.082997262477875E-002,4.351751133799553E-002,1.197424829006195E-001,-9.794669747352600E-001,-7.082997262477875E-002,
3.074500000000000E+009,2.888541668653488E-002,1.563096046447754E-001,-9.792814850807190E-001,-3.516324609518051E-002,2.888541668653488E-002,1.563096046447754E-001,-9.792814850807190E-001,-3.516324609518051E-002,
3.082866666666667E+009,3.890987858176231E-002,1.989127546548843E-001,-9.670063257217407E-001,-1.365882903337479E-002,3.890987858176231E-002,1.989127546548843E-001,-9.670063257217407E-001,-1.365882903337479E-002,
3.091233333333334E+009,7.233891636133194E-002,2.294028997421265E-001,-9.642683267593384E-001,1.315619423985481E-002,7.233891636133194E-002,2.294028997421265E-001,-9.642683267593384E-001,1.315619423985481E-002,
3.099600000000000E+009,1.188312768936157E-001,2.406812459230423E-001,-9.542562365531921E-001,3.331067785620689E-002,1.188312768936157E-001,2.406812459230423E-001,-9.542562365531921E-001,3.331067785620689E-002,
3.107966666666667E+009,1.661147475242615E-001,2.268626689910889E-001,-9.496620297431946E-001,4.647007957100868E-002,1.661147475242615E-001,2.268626689910889E-001,-9.496620297431946E-001,4.647007957100868E-002,
3.116333333333334E+009,2.025779336690903E-001,1.906759291887283E-001,-9.516689181327820E-001,6.379198282957077E-002,2.025779336690903E-001,1.906759291887283E-001,-9.516689181327820E-001,6.379198282957077E-002,
3.124700000000000E+009,2.189697325229645E-001,1.434435993432999E-001,-9.509377479553223E-001,7.953973859548569E-002,2.189697325229645E-001,1.434435993432999E-001,-9.509377479553223E-001,7.953973859548569E-002,
3.133066666666667E+009,2.088488340377808E-001,9.152860939502716E-002,-9.698141813278198E-001,1.092271432280541E-001,2.088488340377808E-001,9.152860939502716E-002,-9.698141813278198E-001,1.092271432280541E-001,
3.141433333333334E+009,1.757449507713318E-001,5.404398590326309E-002,-9.685904383659363E-001,1.354194134473801E-001,1.757449507713318E-001,5.404398590326309E-002,-9.685904383659363E-001,1.354194134473801E-001,
3.149800000000000E+009,1.297778934240341E-001,4.323615506291390E-002,-9.742775559425354E-001,1.673436760902405E-001,1.297778934240341E-001,4.323615506291390E-002,-9.742775559425354E-001,1.673436760902405E-001,
3.158166666666667E+009,8.665856719017029E-002,6.008133664727211E-002,-9.725966453552246E-001,1.964508891105652E-001,8.665856719017029E-002,6.008133664727211E-002,-9.725966453552246E-001,1.964508891105652E-001,
3.166533333333334E+009,6.341212987899780E-002,9.951701760292053E-002,-9.567539095878601E-001,2.305360883474350E-001,6.341212987899780E-002,9.951701760292053E-002,-9.567539095878601E-001,2.305360883474350E-001,
3.174900000000000E+009,6.886779516935349E-002,1.461394280195236E-001,-9.441258907318115E-001,2.596644759178162E-001,6.886779516935349E-002,1.461394280195236E-001,-9.441258907318115E-001,2.596644759178162E-001,
3.183266666666667E+009,9.999781847000122E-002,1.841390430927277E-001,-9.298859238624573E-001,2.864320576190949E-001,9.999781847000122E-002,1.841390430927277E-001,-9.298859238624573E-001,2.864320576190949E-001,
3.191633333333334E+009,1.501407623291016E-001,1.997898221015930E-001,-9.148339629173279E-001,2.950012683868408E-001,1.501407623291016E-001,1.997898221015930E-001,-9.148339629173279E-001,2.950012683868408E-001,
3.200000000000000E+009,2.009555548429489E-001,1.845963001251221E-001,-8.947554826736450E-001,3.187069594860077E-001,2.009555548429489E-001,1.845963001251221E-001,-8.947554826736450E-001,3.187069594860077E-001,
