% Version 1.00
%
%freq[Hz],re:Trc1_S11,im:Trc1_S11,re:Trc2_S21,im:Trc2_S21,re:Trc3_S11,im:Trc3_S11,re:Trc4_S21,im:Trc4_S21,
6.900000000000000E+008,-5.542653426527977E-002,3.795890882611275E-002,-5.091111660003662E-001,-8.544563651084900E-001,-5.542653426527977E-002,3.795890882611275E-002,-5.091111660003662E-001,-8.544563651084900E-001,
6.983666666666666E+008,-4.360006377100945E-002,3.709237650036812E-002,-5.319250226020813E-001,-8.406893610954285E-001,-4.360006377100945E-002,3.709237650036812E-002,-5.319250226020813E-001,-8.406893610954285E-001,
7.067333333333334E+008,-3.880792856216431E-002,3.164413943886757E-002,-5.705764889717102E-001,-7.936693429946899E-001,-3.880792856216431E-002,3.164413943886757E-002,-5.705764889717102E-001,-7.936693429946899E-001,
7.151000000000000E+008,-3.802361711859703E-002,2.473410218954086E-002,-5.666846632957459E-001,-8.054028153419495E-001,-3.802361711859703E-002,2.473410218954086E-002,-5.666846632957459E-001,-8.054028153419495E-001,
7.234666666666666E+008,-3.945321962237358E-002,1.870855689048767E-002,-6.000507473945618E-001,-7.959040403366089E-001,-3.945321962237358E-002,1.870855689048767E-002,-6.000507473945618E-001,-7.959040403366089E-001,
7.318333333333334E+008,-4.629532247781754E-002,1.754426024854183E-002,-6.158634424209595E-001,-7.814090251922607E-001,-4.629532247781754E-002,1.754426024854183E-002,-6.158634424209595E-001,-7.814090251922607E-001,
7.402000000000000E+008,-5.137692764401436E-002,2.047356776893139E-002,-6.248479485511780E-001,-7.742151618003845E-001,-5.137692764401436E-002,2.047356776893139E-002,-6.248479485511780E-001,-7.742151618003845E-001,
7.485666666666666E+008,-5.965417250990868E-002,2.734042517840862E-002,-6.550822257995606E-001,-7.448372244834900E-001,-5.965417250990868E-002,2.734042517840862E-002,-6.550822257995606E-001,-7.448372244834900E-001,
7.569333333333334E+008,-5.951378121972084E-002,3.726926445960999E-002,-6.672641038894653E-001,-7.427340745925903E-001,-5.951378121972084E-002,3.726926445960999E-002,-6.672641038894653E-001,-7.427340745925903E-001,
7.653000000000000E+008,-5.649856477975845E-002,4.568987339735031E-002,-6.851505041122437E-001,-7.114322185516357E-001,-5.649856477975845E-002,4.568987339735031E-002,-6.851505041122437E-001,-7.114322185516357E-001,
7.736666666666666E+008,-5.098455771803856E-002,5.373819544911385E-002,-7.099556326866150E-001,-6.971532106399536E-001,-5.098455771803856E-002,5.373819544911385E-002,-7.099556326866150E-001,-6.971532106399536E-001,
7.820333333333334E+008,-4.362640157341957E-002,5.622229725122452E-002,-7.642241716384888E-001,-6.861739754676819E-001,-4.362640157341957E-002,5.622229725122452E-002,-7.642241716384888E-001,-6.861739754676819E-001,
7.904000000000000E+008,-3.660364821553230E-002,5.524797737598419E-002,-7.533659934997559E-001,-6.676704883575440E-001,-3.660364821553230E-002,5.524797737598419E-002,-7.533659934997559E-001,-6.676704883575440E-001,
7.987666666666666E+008,-3.163519874215126E-002,4.907064884901047E-002,-7.614051103591919E-001,-6.359246373176575E-001,-3.163519874215126E-002,4.907064884901047E-002,-7.614051103591919E-001,-6.359246373176575E-001,
8.071333333333334E+008,-2.929773554205895E-002,4.233448579907417E-002,-7.781940102577210E-001,-6.134207248687744E-001,-2.929773554205895E-002,4.233448579907417E-002,-7.781940102577210E-001,-6.134207248687744E-001,
8.155000000000000E+008,-3.254673629999161E-002,3.868427127599716E-002,-8.042275905609131E-001,-5.935902595520020E-001,-3.254673629999161E-002,3.868427127599716E-002,-8.042275905609131E-001,-5.935902595520020E-001,
8.238666666666666E+008,-3.726004064083099E-002,3.505544364452362E-002,-8.133147954940796E-001,-5.708155632019043E-001,-3.726004064083099E-002,3.505544364452362E-002,-8.133147954940796E-001,-5.708155632019043E-001,
8.322333333333334E+008,-4.332748055458069E-002,3.669958934187889E-002,-8.213453888893127E-001,-5.516015887260437E-001,-4.332748055458069E-002,3.669958934187889E-002,-8.213453888893127E-001,-5.516015887260437E-001,
8.406000000000000E+008,-4.733200743794441E-002,4.196032136678696E-002,-8.292332887649536E-001,-5.293836593627930E-001,-4.733200743794441E-002,4.196032136678696E-002,-8.292332887649536E-001,-5.293836593627930E-001,
8.489666666666668E+008,-4.936440289020538E-002,5.090046301484108E-002,-8.512306213378906E-001,-4.947592020034790E-001,-4.936440289020538E-002,5.090046301484108E-002,-8.512306213378906E-001,-4.947592020034790E-001,
8.573333333333334E+008,-4.749301820993424E-002,5.966095998883247E-002,-8.537936806678772E-001,-4.988142251968384E-001,-4.749301820993424E-002,5.966095998883247E-002,-8.537936806678772E-001,-4.988142251968384E-001,
8.657000000000000E+008,-4.237514734268189E-002,6.813468039035797E-002,-8.737692236900330E-001,-4.620021879673004E-001,-4.237514734268189E-002,6.813468039035797E-002,-8.737692236900330E-001,-4.620021879673004E-001,
8.740666666666668E+008,-3.248076140880585E-002,7.407823204994202E-002,-8.834642171859741E-001,-4.517484903335571E-001,-3.248076140880585E-002,7.407823204994202E-002,-8.834642171859741E-001,-4.517484903335571E-001,
8.824333333333334E+008,-2.611453644931316E-002,7.358371466398239E-002,-8.945688605308533E-001,-4.360054135322571E-001,-2.611453644931316E-002,7.358371466398239E-002,-8.945688605308533E-001,-4.360054135322571E-001,
8.908000000000000E+008,-1.857296749949455E-002,6.942210346460342E-002,-9.006552100181580E-001,-3.940955102443695E-001,-1.857296749949455E-002,6.942210346460342E-002,-9.006552100181580E-001,-3.940955102443695E-001,
8.991666666666668E+008,-1.603585667908192E-002,6.421335786581039E-002,-9.134606122970581E-001,-3.695075213909149E-001,-1.603585667908192E-002,6.421335786581039E-002,-9.134606122970581E-001,-3.695075213909149E-001,
9.075333333333334E+008,-1.501486916095018E-002,5.800661817193031E-002,-9.240816831588745E-001,-3.490650653839111E-001,-1.501486916095018E-002,5.800661817193031E-002,-9.240816831588745E-001,-3.490650653839111E-001,
9.159000000000000E+008,-1.817091181874275E-002,5.452993884682655E-002,-9.278649687767029E-001,-3.302988111972809E-001,-1.817091181874275E-002,5.452993884682655E-002,-9.278649687767029E-001,-3.302988111972809E-001,
9.242666666666668E+008,-2.229796163737774E-002,5.105182155966759E-002,-9.364124536514282E-001,-3.091907203197479E-001,-2.229796163737774E-002,5.105182155966759E-002,-9.364124536514282E-001,-3.091907203197479E-001,
9.326333333333334E+008,-2.697089314460754E-002,5.387535318732262E-002,-9.357141256332398E-001,-2.751744091510773E-001,-2.697089314460754E-002,5.387535318732262E-002,-9.357141256332398E-001,-2.751744091510773E-001,
9.410000000000000E+008,-3.233098983764648E-002,6.039160862565041E-002,-9.534747004508972E-001,-2.640300691127777E-001,-3.233098983764648E-002,6.039160862565041E-002,-9.534747004508972E-001,-2.640300691127777E-001,
9.493666666666668E+008,-3.102062456309795E-002,6.913364678621292E-002,-9.733418822288513E-001,-2.262707203626633E-001,-3.102062456309795E-002,6.913364678621292E-002,-9.733418822288513E-001,-2.262707203626633E-001,
9.577333333333334E+008,-2.754769288003445E-002,7.769752293825150E-002,-9.528875946998596E-001,-1.973033249378204E-001,-2.754769288003445E-002,7.769752293825150E-002,-9.528875946998596E-001,-1.973033249378204E-001,
9.661000000000000E+008,-1.947533339262009E-002,8.492464572191238E-002,-9.623023867607117E-001,-1.817331463098526E-001,-1.947533339262009E-002,8.492464572191238E-002,-9.623023867607117E-001,-1.817331463098526E-001,
9.744666666666668E+008,-9.927954524755478E-003,9.080130606889725E-002,-9.709552526473999E-001,-1.609494686126709E-001,-9.927954524755478E-003,9.080130606889725E-002,-9.709552526473999E-001,-1.609494686126709E-001,
9.828333333333334E+008,2.075154334306717E-003,8.755651861429215E-002,-9.781610369682312E-001,-1.402435004711151E-001,2.075154334306717E-003,8.755651861429215E-002,-9.781610369682312E-001,-1.402435004711151E-001,
9.912000000000000E+008,9.191294200718403E-003,8.256626129150391E-002,-9.866896867752075E-001,-1.010051071643829E-001,9.191294200718403E-003,8.256626129150391E-002,-9.866896867752075E-001,-1.010051071643829E-001,
9.995666666666668E+008,1.194724161177874E-002,7.385031133890152E-002,-9.976462721824646E-001,-9.091909229755402E-002,1.194724161177874E-002,7.385031133890152E-002,-9.976462721824646E-001,-9.091909229755402E-002,
1.007933333333333E+009,1.293148286640644E-002,6.230709329247475E-002,-9.770264029502869E-001,-6.293273717164993E-002,1.293148286640644E-002,6.230709329247475E-002,-9.770264029502869E-001,-6.293273717164993E-002,
1.016300000000000E+009,8.403311483561993E-003,5.969654023647308E-002,-9.972178339958191E-001,-3.663780540227890E-002,8.403311483561993E-003,5.969654023647308E-002,-9.972178339958191E-001,-3.663780540227890E-002,
1.024666666666667E+009,4.919024184346199E-003,5.527931079268456E-002,-9.896590113639832E-001,-8.152486756443977E-003,4.919024184346199E-003,5.527931079268456E-002,-9.896590113639832E-001,-8.152486756443977E-003,
1.033033333333333E+009,-3.208735492080450E-003,5.757459625601769E-002,-9.864092469215393E-001,1.558388490229845E-002,-3.208735492080450E-003,5.757459625601769E-002,-9.864092469215393E-001,1.558388490229845E-002,
1.041400000000000E+009,-8.350073359906673E-003,6.527575850486755E-002,-9.825436472892761E-001,3.664133325219154E-002,-8.350073359906673E-003,6.527575850486755E-002,-9.825436472892761E-001,3.664133325219154E-002,
1.049766666666667E+009,-6.012237165123224E-003,7.550749927759171E-002,-9.954208135604858E-001,7.428544759750366E-002,-6.012237165123224E-003,7.550749927759171E-002,-9.954208135604858E-001,7.428544759750366E-002,
1.058133333333333E+009,-1.368760364130139E-003,8.425704389810562E-002,-9.717966914176941E-001,9.265258908271790E-002,-1.368760364130139E-003,8.425704389810562E-002,-9.717966914176941E-001,9.265258908271790E-002,
1.066500000000000E+009,9.931502863764763E-003,8.921602368354797E-002,-9.756904840469360E-001,1.216541901230812E-001,9.931502863764763E-003,8.921602368354797E-002,-9.756904840469360E-001,1.216541901230812E-001,
1.074866666666667E+009,2.406092546880245E-002,8.919087052345276E-002,-9.750931262969971E-001,1.497011035680771E-001,2.406092546880245E-002,8.919087052345276E-002,-9.750931262969971E-001,1.497011035680771E-001,
1.083233333333334E+009,3.387542441487312E-002,8.268564194440842E-002,-9.768991470336914E-001,1.761140227317810E-001,3.387542441487312E-002,8.268564194440842E-002,-9.768991470336914E-001,1.761140227317810E-001,
1.091600000000000E+009,3.968912363052368E-002,7.155787944793701E-002,-9.653930068016052E-001,1.913603097200394E-001,3.968912363052368E-002,7.155787944793701E-002,-9.653930068016052E-001,1.913603097200394E-001,
1.099966666666667E+009,3.793218731880188E-002,5.932011827826500E-002,-9.633197188377380E-001,2.295961678028107E-001,3.793218731880188E-002,5.932011827826500E-002,-9.633197188377380E-001,2.295961678028107E-001,
1.108333333333334E+009,3.046881966292858E-002,4.985001310706139E-002,-9.615533947944641E-001,2.570215165615082E-001,3.046881966292858E-002,4.985001310706139E-002,-9.615533947944641E-001,2.570215165615082E-001,
1.116700000000000E+009,2.096264623105526E-002,4.519104212522507E-002,-9.449348449707031E-001,2.742812633514404E-001,2.096264623105526E-002,4.519104212522507E-002,-9.449348449707031E-001,2.742812633514404E-001,
1.125066666666667E+009,7.127786520868540E-003,4.985683411359787E-002,-9.561136364936829E-001,2.960054278373718E-001,7.127786520868540E-003,4.985683411359787E-002,-9.561136364936829E-001,2.960054278373718E-001,
1.133433333333334E+009,1.468743546865881E-003,6.008053943514824E-002,-9.481144547462463E-001,3.217289447784424E-001,1.468743546865881E-003,6.008053943514824E-002,-9.481144547462463E-001,3.217289447784424E-001,
1.141800000000000E+009,1.214744755998254E-003,7.442915439605713E-002,-9.140408635139465E-001,3.426916003227234E-001,1.214744755998254E-003,7.442915439605713E-002,-9.140408635139465E-001,3.426916003227234E-001,
1.150166666666667E+009,1.015827339142561E-002,8.793798834085465E-002,-9.195509552955627E-001,3.664179444313049E-001,1.015827339142561E-002,8.793798834085465E-002,-9.195509552955627E-001,3.664179444313049E-001,
1.158533333333334E+009,2.661002799868584E-002,9.604123979806900E-002,-9.071221351623535E-001,3.865133225917816E-001,2.661002799868584E-002,9.604123979806900E-002,-9.071221351623535E-001,3.865133225917816E-001,
1.166900000000000E+009,4.631550237536430E-002,9.647248685359955E-002,-9.042232632637024E-001,3.995699882507324E-001,4.631550237536430E-002,9.647248685359955E-002,-9.042232632637024E-001,3.995699882507324E-001,
1.175266666666667E+009,6.273074448108673E-002,8.870512992143631E-002,-8.814653158187866E-001,4.102506637573242E-001,6.273074448108673E-002,8.870512992143631E-002,-8.814653158187866E-001,4.102506637573242E-001,
1.183633333333334E+009,7.408846169710159E-002,7.305767387151718E-002,-8.638734817504883E-001,4.532309770584106E-001,7.408846169710159E-002,7.305767387151718E-002,-8.638734817504883E-001,4.532309770584106E-001,
1.192000000000000E+009,7.492611557245255E-002,5.551729351282120E-002,-8.677346110343933E-001,4.727388918399811E-001,7.492611557245255E-002,5.551729351282120E-002,-8.677346110343933E-001,4.727388918399811E-001,
1.200366666666667E+009,6.634812057018280E-002,3.686643764376640E-002,-8.548426628112793E-001,4.994640946388245E-001,6.634812057018280E-002,3.686643764376640E-002,-8.548426628112793E-001,4.994640946388245E-001,
1.208733333333334E+009,5.021018162369728E-002,2.930792793631554E-002,-8.471595644950867E-001,5.146159529685974E-001,5.021018162369728E-002,2.930792793631554E-002,-8.471595644950867E-001,5.146159529685974E-001,
1.217100000000000E+009,3.326797857880592E-002,3.109818696975708E-002,-8.227211236953735E-001,5.388097763061523E-001,3.326797857880592E-002,3.109818696975708E-002,-8.227211236953735E-001,5.388097763061523E-001,
1.225466666666667E+009,2.112689055502415E-002,4.114719107747078E-002,-8.187839388847351E-001,5.654332041740418E-001,2.112689055502415E-002,4.114719107747078E-002,-8.187839388847351E-001,5.654332041740418E-001,
1.233833333333334E+009,1.836294308304787E-002,5.549042671918869E-002,-7.922556400299072E-001,5.926554203033447E-001,1.836294308304787E-002,5.549042671918869E-002,-7.922556400299072E-001,5.926554203033447E-001,
1.242200000000000E+009,2.573424205183983E-002,7.261194288730621E-002,-7.807360887527466E-001,6.017158627510071E-001,2.573424205183983E-002,7.261194288730621E-002,-7.807360887527466E-001,6.017158627510071E-001,
1.250566666666667E+009,4.218213632702828E-002,8.258824050426483E-002,-7.664900422096252E-001,6.281224489212036E-001,4.218213632702828E-002,8.258824050426483E-002,-7.664900422096252E-001,6.281224489212036E-001,
1.258933333333334E+009,6.363427639007568E-002,8.361075818538666E-002,-7.549883723258972E-001,6.353313922882080E-001,6.363427639007568E-002,8.361075818538666E-002,-7.549883723258972E-001,6.353313922882080E-001,
1.267300000000000E+009,8.334620296955109E-002,7.454254478216171E-002,-7.325022816658020E-001,6.542438864707947E-001,8.334620296955109E-002,7.454254478216171E-002,-7.325022816658020E-001,6.542438864707947E-001,
1.275666666666667E+009,9.252145141363144E-002,5.376168712973595E-002,-7.188073396682739E-001,6.893819570541382E-001,9.252145141363144E-002,5.376168712973595E-002,-7.188073396682739E-001,6.893819570541382E-001,
1.284033333333334E+009,9.262356162071228E-002,3.366820141673088E-002,-7.091048955917358E-001,6.965396404266357E-001,9.262356162071228E-002,3.366820141673088E-002,-7.091048955917358E-001,6.965396404266357E-001,
1.292400000000000E+009,8.178266137838364E-002,1.618766970932484E-002,-6.788780689239502E-001,7.145493030548096E-001,8.178266137838364E-002,1.618766970932484E-002,-6.788780689239502E-001,7.145493030548096E-001,
1.300766666666667E+009,6.131549179553986E-002,7.146305870264769E-003,-6.661757826805115E-001,7.389842271804810E-001,6.131549179553986E-002,7.146305870264769E-003,-6.661757826805115E-001,7.389842271804810E-001,
1.309133333333334E+009,4.342471435666084E-002,8.783170022070408E-003,-6.481850147247315E-001,7.450900077819824E-001,4.342471435666084E-002,8.783170022070408E-003,-6.481850147247315E-001,7.450900077819824E-001,
1.317500000000000E+009,3.021472319960594E-002,2.035339549183846E-002,-6.138073801994324E-001,7.747801542282105E-001,3.021472319960594E-002,2.035339549183846E-002,-6.138073801994324E-001,7.747801542282105E-001,
1.325866666666667E+009,2.635094150900841E-002,3.852185979485512E-002,-6.075860261917114E-001,7.795259952545166E-001,2.635094150900841E-002,3.852185979485512E-002,-6.075860261917114E-001,7.795259952545166E-001,
1.334233333333334E+009,3.482960909605026E-002,5.429740995168686E-002,-5.793997049331665E-001,7.951160073280335E-001,3.482960909605026E-002,5.429740995168686E-002,-5.793997049331665E-001,7.951160073280335E-001,
1.342600000000000E+009,5.126613751053810E-002,6.338571757078171E-002,-5.643742084503174E-001,8.069231510162354E-001,5.126613751053810E-002,6.338571757078171E-002,-5.643742084503174E-001,8.069231510162354E-001,
1.350966666666667E+009,7.185187190771103E-002,6.074851006269455E-002,-5.327481031417847E-001,8.126428723335266E-001,7.185187190771103E-002,6.074851006269455E-002,-5.327481031417847E-001,8.126428723335266E-001,
1.359333333333334E+009,8.809361606836319E-002,4.820964112877846E-002,-5.392723083496094E-001,8.359935283660889E-001,8.809361606836319E-002,4.820964112877846E-002,-5.392723083496094E-001,8.359935283660889E-001,
1.367700000000000E+009,9.541141241788864E-002,2.775486186146736E-002,-4.992831051349640E-001,8.501114845275879E-001,9.541141241788864E-002,2.775486186146736E-002,-4.992831051349640E-001,8.501114845275879E-001,
1.376066666666667E+009,9.128611534833908E-002,8.665633387863636E-003,-4.845847189426422E-001,8.630362749099731E-001,9.128611534833908E-002,8.665633387863636E-003,-4.845847189426422E-001,8.630362749099731E-001,
1.384433333333334E+009,7.480856031179428E-002,-6.098918151110411E-003,-4.649572670459747E-001,8.718487024307251E-001,7.480856031179428E-002,-6.098918151110411E-003,-4.649572670459747E-001,8.718487024307251E-001,
1.392800000000000E+009,5.434593930840492E-002,-1.062268204987049E-002,-4.436918795108795E-001,8.962234854698181E-001,5.434593930840492E-002,-1.062268204987049E-002,-4.436918795108795E-001,8.962234854698181E-001,
1.401166666666667E+009,3.228427842259407E-002,-3.380473004654050E-003,-4.192809462547302E-001,8.989949822425842E-001,3.228427842259407E-002,-3.380473004654050E-003,-4.192809462547302E-001,8.989949822425842E-001,
1.409533333333334E+009,2.079537697136402E-002,1.596044376492500E-002,-3.887128829956055E-001,9.085990190505981E-001,2.079537697136402E-002,1.596044376492500E-002,-3.887128829956055E-001,9.085990190505981E-001,
1.417900000000000E+009,1.969301328063011E-002,3.789022192358971E-002,-3.661020696163178E-001,9.214897751808167E-001,1.969301328063011E-002,3.789022192358971E-002,-3.661020696163178E-001,9.214897751808167E-001,
1.426266666666667E+009,3.198872879147530E-002,5.534563958644867E-002,-3.402642905712128E-001,9.402811527252197E-001,3.198872879147530E-002,5.534563958644867E-002,-3.402642905712128E-001,9.402811527252197E-001,
1.434633333333334E+009,5.317641422152519E-002,6.533854454755783E-002,-3.209030628204346E-001,9.350975751876831E-001,5.317641422152519E-002,6.533854454755783E-002,-3.209030628204346E-001,9.350975751876831E-001,
1.443000000000000E+009,7.809547334909439E-002,6.044530123472214E-002,-2.913890480995178E-001,9.402303695678711E-001,7.809547334909439E-002,6.044530123472214E-002,-2.913890480995178E-001,9.402303695678711E-001,
1.451366666666667E+009,9.336935728788376E-002,4.238854721188545E-002,-2.645327150821686E-001,9.376965165138245E-001,9.336935728788376E-002,4.238854721188545E-002,-2.645327150821686E-001,9.376965165138245E-001,
1.459733333333334E+009,1.014120057225227E-001,2.316734939813614E-002,-2.487497776746750E-001,9.617406725883484E-001,1.014120057225227E-001,2.316734939813614E-002,-2.487497776746750E-001,9.617406725883484E-001,
1.468100000000000E+009,9.506127983331680E-002,9.835813398240134E-005,-2.266749441623688E-001,9.531685113906860E-001,9.506127983331680E-002,9.835813398240134E-005,-2.266749441623688E-001,9.531685113906860E-001,
1.476466666666667E+009,7.927303761243820E-002,-1.255572866648436E-002,-2.024058103561401E-001,9.670171141624451E-001,7.927303761243820E-002,-1.255572866648436E-002,-2.024058103561401E-001,9.670171141624451E-001,
1.484833333333334E+009,5.763061717152596E-002,-1.282640546560288E-002,-1.717580854892731E-001,9.814404845237732E-001,5.763061717152596E-002,-1.282640546560288E-002,-1.717580854892731E-001,9.814404845237732E-001,
1.493200000000000E+009,4.085273295640945E-002,-5.428604781627655E-003,-1.374443620443344E-001,9.798351526260376E-001,4.085273295640945E-002,-5.428604781627655E-003,-1.374443620443344E-001,9.798351526260376E-001,
1.501566666666667E+009,2.882446907460690E-002,1.336043514311314E-002,-1.069657728075981E-001,9.829664230346680E-001,2.882446907460690E-002,1.336043514311314E-002,-1.069657728075981E-001,9.829664230346680E-001,
1.509933333333334E+009,3.170954808592796E-002,3.497142717242241E-002,-9.735438972711563E-002,9.883937239646912E-001,3.170954808592796E-002,3.497142717242241E-002,-9.735438972711563E-002,9.883937239646912E-001,
1.518300000000000E+009,4.617673531174660E-002,5.213942006230354E-002,-6.250109523534775E-002,9.867599606513977E-001,4.617673531174660E-002,5.213942006230354E-002,-6.250109523534775E-002,9.867599606513977E-001,
1.526666666666667E+009,6.719668209552765E-002,5.726319551467896E-002,-4.834064096212387E-002,9.834658503532410E-001,6.719668209552765E-002,5.726319551467896E-002,-4.834064096212387E-002,9.834658503532410E-001,
1.535033333333334E+009,8.944524824619293E-002,4.924901574850082E-002,-2.865827456116676E-002,9.757760167121887E-001,8.944524824619293E-002,4.924901574850082E-002,-2.865827456116676E-002,9.757760167121887E-001,
1.543400000000000E+009,1.044810339808464E-001,3.221537917852402E-002,1.777793397195637E-003,9.836418032646179E-001,1.044810339808464E-001,3.221537917852402E-002,1.777793397195637E-003,9.836418032646179E-001,
1.551766666666667E+009,1.103758141398430E-001,9.652235545217991E-003,2.448637969791889E-002,9.820570349693298E-001,1.103758141398430E-001,9.652235545217991E-003,2.448637969791889E-002,9.820570349693298E-001,
1.560133333333334E+009,1.028250828385353E-001,-1.026640180498362E-002,4.563643783330917E-002,9.902076721191406E-001,1.028250828385353E-001,-1.026640180498362E-002,4.563643783330917E-002,9.902076721191406E-001,
1.568500000000000E+009,8.787287771701813E-002,-2.432807534933090E-002,7.524695247411728E-002,9.891760945320129E-001,8.787287771701813E-002,-2.432807534933090E-002,7.524695247411728E-002,9.891760945320129E-001,
1.576866666666667E+009,6.958480924367905E-002,-2.520584687590599E-002,9.722001850605011E-002,9.874601960182190E-001,6.958480924367905E-002,-2.520584687590599E-002,9.722001850605011E-002,9.874601960182190E-001,
1.585233333333334E+009,5.382329970598221E-002,-1.505211554467678E-002,1.271017938852310E-001,9.796724319458008E-001,5.382329970598221E-002,-1.505211554467678E-002,1.271017938852310E-001,9.796724319458008E-001,
1.593600000000000E+009,4.737372696399689E-002,9.689069702289999E-005,1.557118445634842E-001,9.797832965850830E-001,4.737372696399689E-002,9.689069702289999E-005,1.557118445634842E-001,9.797832965850830E-001,
1.601966666666667E+009,4.866100102663040E-002,1.916244439780712E-002,1.849151700735092E-001,9.768559932708740E-001,4.866100102663040E-002,1.916244439780712E-002,1.849151700735092E-001,9.768559932708740E-001,
1.610333333333334E+009,6.001161038875580E-002,2.997723594307900E-002,2.080044299364090E-001,9.648109078407288E-001,6.001161038875580E-002,2.997723594307900E-002,2.080044299364090E-001,9.648109078407288E-001,
1.618700000000000E+009,7.799673825502396E-002,3.399592265486717E-002,2.284506559371948E-001,9.584931731224060E-001,7.799673825502396E-002,3.399592265486717E-002,2.284506559371948E-001,9.584931731224060E-001,
1.627066666666667E+009,9.598590433597565E-002,2.502059191465378E-002,2.542122602462769E-001,9.512336254119873E-001,9.598590433597565E-002,2.502059191465378E-002,2.542122602462769E-001,9.512336254119873E-001,
1.635433333333334E+009,1.061085462570190E-001,1.067944709211588E-002,2.725882530212402E-001,9.421732425689697E-001,1.061085462570190E-001,1.067944709211588E-002,2.725882530212402E-001,9.421732425689697E-001,
1.643800000000000E+009,1.072714626789093E-001,-9.339438751339912E-003,2.943081259727478E-001,9.355948567390442E-001,1.072714626789093E-001,-9.339438751339912E-003,2.943081259727478E-001,9.355948567390442E-001,
1.652166666666667E+009,9.957758337259293E-002,-2.574255503714085E-002,3.189262449741364E-001,9.297772049903870E-001,9.957758337259293E-002,-2.574255503714085E-002,3.189262449741364E-001,9.297772049903870E-001,
1.660533333333334E+009,8.631049841642380E-002,-3.542340546846390E-002,3.461861312389374E-001,9.275526404380798E-001,8.631049841642380E-002,-3.542340546846390E-002,3.461861312389374E-001,9.275526404380798E-001,
1.668900000000000E+009,7.035826146602631E-002,-3.464735299348831E-002,3.701487183570862E-001,9.242895245552063E-001,7.035826146602631E-002,-3.464735299348831E-002,3.701487183570862E-001,9.242895245552063E-001,
1.677266666666667E+009,5.867688357830048E-002,-2.485079318284988E-002,3.869827389717102E-001,9.151037931442261E-001,5.867688357830048E-002,-2.485079318284988E-002,3.869827389717102E-001,9.151037931442261E-001,
1.685633333333334E+009,5.687087401747704E-002,-1.013945508748293E-002,4.129196107387543E-001,8.972160220146179E-001,5.687087401747704E-002,-1.013945508748293E-002,4.129196107387543E-001,8.972160220146179E-001,
1.694000000000000E+009,6.094217672944069E-002,6.087702699005604E-003,4.409936666488648E-001,8.854790925979614E-001,6.094217672944069E-002,6.087702699005604E-003,4.409936666488648E-001,8.854790925979614E-001,
1.702366666666667E+009,7.394280284643173E-002,1.478730607777834E-002,4.704469144344330E-001,8.689993023872376E-001,7.394280284643173E-002,1.478730607777834E-002,4.704469144344330E-001,8.689993023872376E-001,
1.710733333333334E+009,8.938950300216675E-002,1.685696281492710E-002,4.864197373390198E-001,8.633769154548645E-001,8.938950300216675E-002,1.685696281492710E-002,4.864197373390198E-001,8.633769154548645E-001,
1.719100000000000E+009,1.047623679041863E-001,6.005374714732170E-003,5.103259682655335E-001,8.411969542503357E-001,1.047623679041863E-001,6.005374714732170E-003,5.103259682655335E-001,8.411969542503357E-001,
1.727466666666667E+009,1.138552948832512E-001,-8.232467807829380E-003,5.257382392883301E-001,8.306028842926025E-001,1.138552948832512E-001,-8.232467807829380E-003,5.257382392883301E-001,8.306028842926025E-001,
1.735833333333334E+009,1.176992580294609E-001,-2.741805091500282E-002,5.470159053802490E-001,8.149491548538208E-001,1.176992580294609E-001,-2.741805091500282E-002,5.470159053802490E-001,8.149491548538208E-001,
1.744200000000000E+009,1.103087440133095E-001,-4.601127654314041E-002,5.699698328971863E-001,7.969267368316650E-001,1.103087440133095E-001,-4.601127654314041E-002,5.699698328971863E-001,7.969267368316650E-001,
1.752566666666667E+009,9.769259393215179E-002,-5.827617272734642E-002,5.836617350578308E-001,7.944422364234924E-001,9.769259393215179E-002,-5.827617272734642E-002,5.836617350578308E-001,7.944422364234924E-001,
1.760933333333334E+009,8.147014677524567E-002,-6.145222485065460E-002,6.066107153892517E-001,7.786884903907776E-001,8.147014677524567E-002,-6.145222485065460E-002,6.066107153892517E-001,7.786884903907776E-001,
1.769300000000000E+009,6.805878877639771E-002,-5.777775123715401E-002,6.329001784324646E-001,7.574527263641357E-001,6.805878877639771E-002,-5.777775123715401E-002,6.329001784324646E-001,7.574527263641357E-001,
1.777666666666667E+009,5.975218489766121E-002,-4.964657872915268E-002,6.512073278427124E-001,7.498925328254700E-001,5.975218489766121E-002,-4.964657872915268E-002,6.512073278427124E-001,7.498925328254700E-001,
1.786033333333334E+009,5.954206362366676E-002,-3.665949404239655E-002,6.695163249969482E-001,7.277770638465881E-001,5.954206362366676E-002,-3.665949404239655E-002,6.695163249969482E-001,7.277770638465881E-001,
1.794400000000000E+009,6.415491551160812E-002,-2.665554732084274E-002,6.818448305130005E-001,7.088381052017212E-001,6.415491551160812E-002,-2.665554732084274E-002,6.818448305130005E-001,7.088381052017212E-001,
1.802766666666667E+009,7.525085657835007E-002,-1.958188228309155E-002,7.101778388023377E-001,6.954591870307922E-001,7.525085657835007E-002,-1.958188228309155E-002,7.101778388023377E-001,6.954591870307922E-001,
1.811133333333334E+009,8.476764708757401E-002,-2.112355642020702E-002,7.254958152770996E-001,6.664790511131287E-001,8.476764708757401E-002,-2.112355642020702E-002,7.254958152770996E-001,6.664790511131287E-001,
1.819500000000000E+009,9.094277024269104E-002,-2.622070536017418E-002,7.405963540077210E-001,6.567987799644470E-001,9.094277024269104E-002,-2.622070536017418E-002,7.405963540077210E-001,6.567987799644470E-001,
1.827866666666667E+009,9.795761108398438E-002,-3.630002960562706E-002,7.500155568122864E-001,6.359227895736694E-001,9.795761108398438E-002,-3.630002960562706E-002,7.500155568122864E-001,6.359227895736694E-001,
1.836233333333334E+009,9.475108981132507E-002,-4.909348487854004E-002,7.705212831497192E-001,6.102719902992249E-001,9.475108981132507E-002,-4.909348487854004E-002,7.705212831497192E-001,6.102719902992249E-001,
1.844600000000000E+009,9.135854244232178E-002,-5.916045233607292E-002,7.933155894279480E-001,6.061992049217224E-001,9.135854244232178E-002,-5.916045233607292E-002,7.933155894279480E-001,6.061992049217224E-001,
1.852966666666667E+009,8.167172968387604E-002,-6.457840651273727E-002,8.116361498832703E-001,5.770310163497925E-001,8.167172968387604E-002,-6.457840651273727E-002,8.116361498832703E-001,5.770310163497925E-001,
1.861333333333334E+009,7.397229224443436E-002,-6.712282449007034E-002,8.145109415054321E-001,5.578232407569885E-001,7.397229224443436E-002,-6.712282449007034E-002,8.145109415054321E-001,5.578232407569885E-001,
1.869700000000000E+009,6.771337985992432E-002,-6.359775364398956E-002,8.256489038467407E-001,5.413791537284851E-001,6.771337985992432E-002,-6.359775364398956E-002,8.256489038467407E-001,5.413791537284851E-001,
1.878066666666667E+009,6.471697986125946E-002,-5.849811062216759E-002,8.382630348205566E-001,5.085143446922302E-001,6.471697986125946E-002,-5.849811062216759E-002,8.382630348205566E-001,5.085143446922302E-001,
1.886433333333334E+009,6.671728938817978E-002,-5.024778097867966E-002,8.559312820434570E-001,4.959502220153809E-001,6.671728938817978E-002,-5.024778097867966E-002,8.559312820434570E-001,4.959502220153809E-001,
1.894800000000000E+009,7.179053127765656E-002,-4.404999315738678E-002,8.696730136871338E-001,4.763612449169159E-001,7.179053127765656E-002,-4.404999315738678E-002,8.696730136871338E-001,4.763612449169159E-001,
1.903166666666667E+009,8.182593435049057E-002,-4.350005090236664E-002,8.809168338775635E-001,4.498884081840515E-001,8.182593435049057E-002,-4.350005090236664E-002,8.809168338775635E-001,4.498884081840515E-001,
1.911533333333334E+009,8.990827947854996E-002,-4.585731774568558E-002,8.905081748962402E-001,4.279902875423431E-001,8.990827947854996E-002,-4.585731774568558E-002,8.905081748962402E-001,4.279902875423431E-001,
1.919900000000000E+009,9.766390919685364E-002,-5.766192078590393E-002,8.915147781372070E-001,3.970673680305481E-001,9.766390919685364E-002,-5.766192078590393E-002,8.915147781372070E-001,3.970673680305481E-001,
1.928266666666667E+009,9.852255135774612E-002,-6.935469806194305E-002,9.089596867561340E-001,3.721079826354981E-001,9.852255135774612E-002,-6.935469806194305E-002,9.089596867561340E-001,3.721079826354981E-001,
1.936633333333334E+009,9.269113093614578E-002,-8.321930468082428E-002,9.152337908744812E-001,3.537779152393341E-001,9.269113093614578E-002,-8.321930468082428E-002,9.152337908744812E-001,3.537779152393341E-001,
1.945000000000000E+009,8.427879214286804E-002,-9.514307230710983E-002,9.226369261741638E-001,3.266433179378510E-001,8.427879214286804E-002,-9.514307230710983E-002,9.226369261741638E-001,3.266433179378510E-001,
1.953366666666667E+009,7.099886238574982E-002,-1.015942916274071E-001,9.325685501098633E-001,2.975440621376038E-001,7.099886238574982E-002,-1.015942916274071E-001,9.325685501098633E-001,2.975440621376038E-001,
1.961733333333334E+009,5.943888425827026E-002,-1.018034219741821E-001,9.441758394241333E-001,2.968982756137848E-001,5.943888425827026E-002,-1.018034219741821E-001,9.441758394241333E-001,2.968982756137848E-001,
1.970100000000000E+009,4.916737601161003E-002,-9.379698336124420E-002,9.496836662292481E-001,2.564828097820282E-001,4.916737601161003E-002,-9.379698336124420E-002,9.496836662292481E-001,2.564828097820282E-001,
1.978466666666667E+009,4.692371189594269E-002,-8.367963880300522E-002,9.595036506652832E-001,2.340797483921051E-001,4.692371189594269E-002,-8.367963880300522E-002,9.595036506652832E-001,2.340797483921051E-001,
1.986833333333334E+009,4.983136430382729E-002,-7.406465709209442E-002,9.737402200698853E-001,2.101062387228012E-001,4.983136430382729E-002,-7.406465709209442E-002,9.737402200698853E-001,2.101062387228012E-001,
1.995200000000000E+009,6.200061365962029E-002,-6.640949100255966E-002,9.708095192909241E-001,1.906938254833221E-001,6.200061365962029E-002,-6.640949100255966E-002,9.708095192909241E-001,1.906938254833221E-001,
2.003566666666667E+009,7.551533728837967E-002,-6.672113388776779E-002,9.741894602775574E-001,1.623308956623077E-001,7.551533728837967E-002,-6.672113388776779E-002,9.741894602775574E-001,1.623308956623077E-001,
2.011933333333334E+009,8.815993368625641E-002,-7.501469552516937E-002,9.732171893119812E-001,1.299570351839066E-001,8.815993368625641E-002,-7.501469552516937E-002,9.732171893119812E-001,1.299570351839066E-001,
2.020300000000000E+009,9.349853545427322E-002,-8.702290058135986E-002,9.789431095123291E-001,1.095827147364616E-001,9.349853545427322E-002,-8.702290058135986E-002,9.789431095123291E-001,1.095827147364616E-001,
2.028666666666667E+009,9.205645322799683E-002,-1.043544635176659E-001,9.766913056373596E-001,8.433527499437332E-002,9.205645322799683E-002,-1.043544635176659E-001,9.766913056373596E-001,8.433527499437332E-002,
2.037033333333334E+009,8.162552863359451E-002,-1.218616440892220E-001,9.831222891807556E-001,5.776401981711388E-002,8.162552863359451E-002,-1.218616440892220E-001,9.831222891807556E-001,5.776401981711388E-002,
2.045400000000000E+009,6.470153480768204E-002,-1.330960094928742E-001,9.814485311508179E-001,3.927459195256233E-002,6.470153480768204E-002,-1.330960094928742E-001,9.814485311508179E-001,3.927459195256233E-002,
2.053766666666667E+009,4.594878852367401E-002,-1.357171237468720E-001,9.844579100608826E-001,5.529752932488918E-003,4.594878852367401E-002,-1.357171237468720E-001,9.844579100608826E-001,5.529752932488918E-003,
2.062133333333334E+009,3.058974072337151E-002,-1.306363940238953E-001,9.796975255012512E-001,-1.281031407415867E-002,3.058974072337151E-002,-1.306363940238953E-001,9.796975255012512E-001,-1.281031407415867E-002,
2.070500000000000E+009,2.197765000164509E-002,-1.162136495113373E-001,9.813503026962280E-001,-3.676029667258263E-002,2.197765000164509E-002,-1.162136495113373E-001,9.813503026962280E-001,-3.676029667258263E-002,
2.078866666666667E+009,2.430236525833607E-002,-1.040188744664192E-001,9.812251925468445E-001,-6.614280492067337E-002,2.430236525833607E-002,-1.040188744664192E-001,9.812251925468445E-001,-6.614280492067337E-002,
2.087233333333334E+009,3.656731918454170E-002,-9.279409050941467E-002,9.765684008598328E-001,-8.948638290166855E-002,3.656731918454170E-002,-9.279409050941467E-002,9.765684008598328E-001,-8.948638290166855E-002,
2.095600000000000E+009,5.461147055029869E-002,-9.351500123739243E-002,9.779663681983948E-001,-1.203694716095924E-001,5.461147055029869E-002,-9.351500123739243E-002,9.779663681983948E-001,-1.203694716095924E-001,
2.103966666666667E+009,6.847132742404938E-002,-1.047294139862061E-001,9.760527014732361E-001,-1.409727931022644E-001,6.847132742404938E-002,-1.047294139862061E-001,9.760527014732361E-001,-1.409727931022644E-001,
2.112333333333334E+009,7.837845385074616E-002,-1.208000555634499E-001,9.671357870101929E-001,-1.637697368860245E-001,7.837845385074616E-002,-1.208000555634499E-001,9.671357870101929E-001,-1.637697368860245E-001,
2.120700000000000E+009,7.329950481653214E-002,-1.441253572702408E-001,9.646448493003845E-001,-2.010300010442734E-001,7.329950481653214E-002,-1.441253572702408E-001,9.646448493003845E-001,-2.010300010442734E-001,
2.129066666666667E+009,5.816871672868729E-002,-1.622724235057831E-001,9.461711049079895E-001,-2.191837280988693E-001,5.816871672868729E-002,-1.622724235057831E-001,9.461711049079895E-001,-2.191837280988693E-001,
2.137433333333334E+009,3.430579975247383E-002,-1.729933023452759E-001,9.465734958648682E-001,-2.311238050460815E-001,3.430579975247383E-002,-1.729933023452759E-001,9.465734958648682E-001,-2.311238050460815E-001,
2.145800000000000E+009,7.111963350325823E-003,-1.748182773590088E-001,9.378755092620850E-001,-2.536623477935791E-001,7.111963350325823E-003,-1.748182773590088E-001,9.378755092620850E-001,-2.536623477935791E-001,
2.154166666666667E+009,-1.518566440790892E-002,-1.614360809326172E-001,9.354948997497559E-001,-2.795489430427551E-001,-1.518566440790892E-002,-1.614360809326172E-001,9.354948997497559E-001,-2.795489430427551E-001,
2.162533333333334E+009,-2.632413618266583E-002,-1.418356150388718E-001,9.242931604385376E-001,-3.011730909347534E-001,-2.632413618266583E-002,-1.418356150388718E-001,9.242931604385376E-001,-3.011730909347534E-001,
2.170900000000000E+009,-2.321950159966946E-002,-1.219280958175659E-001,9.213494062423706E-001,-3.311583101749420E-001,-2.321950159966946E-002,-1.219280958175659E-001,9.213494062423706E-001,-3.311583101749420E-001,
2.179266666666667E+009,-9.763409383594990E-003,-1.074364781379700E-001,9.125720858573914E-001,-3.526512384414673E-001,-9.763409383594990E-003,-1.074364781379700E-001,9.125720858573914E-001,-3.526512384414673E-001,
2.187633333333334E+009,1.172934565693140E-002,-1.047617197036743E-001,9.109563231468201E-001,-3.780505955219269E-001,1.172934565693140E-002,-1.047617197036743E-001,9.109563231468201E-001,-3.780505955219269E-001,
2.196000000000000E+009,3.052293136715889E-002,-1.160738170146942E-001,8.934776186943054E-001,-4.035697877407074E-001,3.052293136715889E-002,-1.160738170146942E-001,8.934776186943054E-001,-4.035697877407074E-001,
2.204366666666667E+009,4.083632677793503E-002,-1.371989250183106E-001,8.749231696128845E-001,-4.331467747688294E-001,4.083632677793503E-002,-1.371989250183106E-001,8.749231696128845E-001,-4.331467747688294E-001,
2.212733333333334E+009,3.679331019520760E-002,-1.599847078323364E-001,8.650165200233460E-001,-4.459045231342316E-001,3.679331019520760E-002,-1.599847078323364E-001,8.650165200233460E-001,-4.459045231342316E-001,
2.221100000000000E+009,2.013922482728958E-002,-1.817331165075302E-001,8.570098280906677E-001,-4.667231142520905E-001,2.013922482728958E-002,-1.817331165075302E-001,8.570098280906677E-001,-4.667231142520905E-001,
2.229466666666667E+009,-8.733605034649372E-003,-1.958141326904297E-001,8.463361263275147E-001,-4.932078421115875E-001,-8.733605034649372E-003,-1.958141326904297E-001,8.463361263275147E-001,-4.932078421115875E-001,
2.237833333333334E+009,-3.821993619203568E-002,-1.902861744165421E-001,8.229905962944031E-001,-5.037561655044556E-001,-3.821993619203568E-002,-1.902861744165421E-001,8.229905962944031E-001,-5.037561655044556E-001,
2.246200000000000E+009,-6.384786963462830E-002,-1.735078543424606E-001,8.122867941856384E-001,-5.303128361701965E-001,-6.384786963462830E-002,-1.735078543424606E-001,8.122867941856384E-001,-5.303128361701965E-001,
2.254566666666667E+009,-7.619441300630570E-002,-1.495336741209030E-001,8.057333230972290E-001,-5.492839813232422E-001,-7.619441300630570E-002,-1.495336741209030E-001,8.057333230972290E-001,-5.492839813232422E-001,
2.262933333333334E+009,-7.413929700851440E-002,-1.264951676130295E-001,7.954440116882324E-001,-5.735399127006531E-001,-7.413929700851440E-002,-1.264951676130295E-001,7.954440116882324E-001,-5.735399127006531E-001,
2.271300000000000E+009,-6.035989522933960E-002,-1.110644266009331E-001,7.880607247352600E-001,-5.878276228904724E-001,-6.035989522933960E-002,-1.110644266009331E-001,7.880607247352600E-001,-5.878276228904724E-001,
2.279666666666667E+009,-3.712272271513939E-002,-1.084426119923592E-001,7.652978897094727E-001,-6.104291677474976E-001,-3.712272271513939E-002,-1.084426119923592E-001,7.652978897094727E-001,-6.104291677474976E-001,
2.288033333333334E+009,-1.889440976083279E-002,-1.216803267598152E-001,7.458289265632629E-001,-6.340895295143127E-001,-1.889440976083279E-002,-1.216803267598152E-001,7.458289265632629E-001,-6.340895295143127E-001,
2.296400000000000E+009,-9.900930337607861E-003,-1.443779915571213E-001,7.322074770927429E-001,-6.595738530158997E-001,-9.900930337607861E-003,-1.443779915571213E-001,7.322074770927429E-001,-6.595738530158997E-001,
2.304766666666667E+009,-1.443322375416756E-002,-1.683893650770187E-001,7.132586240768433E-001,-6.684049963951111E-001,-1.443322375416756E-002,-1.683893650770187E-001,7.132586240768433E-001,-6.684049963951111E-001,
2.313133333333334E+009,-3.645537048578262E-002,-1.840344667434692E-001,6.832541823387146E-001,-6.871088147163391E-001,-3.645537048578262E-002,-1.840344667434692E-001,6.832541823387146E-001,-6.871088147163391E-001,
2.321500000000000E+009,-6.352917850017548E-002,-1.879969984292984E-001,6.664393544197083E-001,-7.039570212364197E-001,-6.352917850017548E-002,-1.879969984292984E-001,6.664393544197083E-001,-7.039570212364197E-001,
2.329866666666667E+009,-9.261947125196457E-002,-1.750700920820236E-001,6.536638736724854E-001,-7.158378958702087E-001,-9.261947125196457E-002,-1.750700920820236E-001,6.536638736724854E-001,-7.158378958702087E-001,
2.338233333333334E+009,-1.109479814767838E-001,-1.520122885704041E-001,6.368274092674255E-001,-7.326847910881043E-001,-1.109479814767838E-001,-1.520122885704041E-001,6.368274092674255E-001,-7.326847910881043E-001,
2.346600000000000E+009,-1.150269359350205E-001,-1.245373263955116E-001,6.184328794479370E-001,-7.472076416015625E-001,-1.150269359350205E-001,-1.245373263955116E-001,6.184328794479370E-001,-7.472076416015625E-001,
2.354966666666667E+009,-1.060113087296486E-001,-1.010782718658447E-001,6.020603775978088E-001,-7.693642377853394E-001,-1.060113087296486E-001,-1.010782718658447E-001,6.020603775978088E-001,-7.693642377853394E-001,
2.363333333333334E+009,-8.332496136426926E-002,-9.108521789312363E-002,5.922334194183350E-001,-7.880073189735413E-001,-8.332496136426926E-002,-9.108521789312363E-002,5.922334194183350E-001,-7.880073189735413E-001,
2.371700000000000E+009,-5.689673870801926E-002,-9.928439557552338E-002,5.532956123352051E-001,-8.042935132980347E-001,-5.689673870801926E-002,-9.928439557552338E-002,5.532956123352051E-001,-8.042935132980347E-001,
2.380066666666667E+009,-4.286666959524155E-002,-1.235565096139908E-001,5.383808612823486E-001,-8.185776472091675E-001,-4.286666959524155E-002,-1.235565096139908E-001,5.383808612823486E-001,-8.185776472091675E-001,
2.388433333333334E+009,-4.276819527149200E-002,-1.575759947299957E-001,5.096502900123596E-001,-8.263064622879028E-001,-4.276819527149200E-002,-1.575759947299957E-001,5.096502900123596E-001,-8.263064622879028E-001,
2.396800000000000E+009,-6.307887285947800E-002,-1.878424435853958E-001,4.918910264968872E-001,-8.429258465766907E-001,-6.307887285947800E-002,-1.878424435853958E-001,4.918910264968872E-001,-8.429258465766907E-001,
2.405166666666667E+009,-9.577275812625885E-002,-2.041365951299667E-001,4.619997441768646E-001,-8.578181862831116E-001,-9.577275812625885E-002,-2.041365951299667E-001,4.619997441768646E-001,-8.578181862831116E-001,
2.413533333333334E+009,-1.363070756196976E-001,-2.009474486112595E-001,4.482060372829437E-001,-8.597528338432312E-001,-1.363070756196976E-001,-2.009474486112595E-001,4.482060372829437E-001,-8.597528338432312E-001,
2.421900000000000E+009,-1.703953146934509E-001,-1.788486987352371E-001,4.277848303318024E-001,-8.668674826622009E-001,-1.703953146934509E-001,-1.788486987352371E-001,4.277848303318024E-001,-8.668674826622009E-001,
2.430266666666667E+009,-1.937749534845352E-001,-1.412295252084732E-001,4.096447527408600E-001,-8.719900846481323E-001,-1.937749534845352E-001,-1.412295252084732E-001,4.096447527408600E-001,-8.719900846481323E-001,
2.438633333333334E+009,-1.980372667312622E-001,-9.868893027305603E-002,3.905213177204132E-001,-8.861696124076843E-001,-1.980372667312622E-001,-9.868893027305603E-002,3.905213177204132E-001,-8.861696124076843E-001,
2.447000000000000E+009,-1.835520863533020E-001,-6.304839253425598E-002,3.772282004356384E-001,-8.913269639015198E-001,-1.835520863533020E-001,-6.304839253425598E-002,3.772282004356384E-001,-8.913269639015198E-001,
2.455366666666667E+009,-1.539798378944397E-001,-4.006290063261986E-002,3.446674346923828E-001,-9.054883718490601E-001,-1.539798378944397E-001,-4.006290063261986E-002,3.446674346923828E-001,-9.054883718490601E-001,
2.463733333333334E+009,-1.223377734422684E-001,-4.089264571666718E-002,3.295273184776306E-001,-9.253855347633362E-001,-1.223377734422684E-001,-4.089264571666718E-002,3.295273184776306E-001,-9.253855347633362E-001,
2.472100000000000E+009,-9.570474177598953E-002,-6.053181737661362E-002,2.984809279441834E-001,-9.361451268196106E-001,-9.570474177598953E-002,-6.053181737661362E-002,2.984809279441834E-001,-9.361451268196106E-001,
2.480466666666667E+009,-8.618047088384628E-002,-9.146384149789810E-002,2.637405693531036E-001,-9.388225078582764E-001,-8.618047088384628E-002,-9.146384149789810E-002,2.637405693531036E-001,-9.388225078582764E-001,
2.488833333333334E+009,-9.625412523746491E-002,-1.247525289654732E-001,2.370310276746750E-001,-9.375008344650269E-001,-9.625412523746491E-002,-1.247525289654732E-001,2.370310276746750E-001,-9.375008344650269E-001,
2.497200000000000E+009,-1.244976669549942E-001,-1.435479074716568E-001,2.108991593122482E-001,-9.477890133857727E-001,-1.244976669549942E-001,-1.435479074716568E-001,2.108991593122482E-001,-9.477890133857727E-001,
2.505566666666667E+009,-1.589813232421875E-001,-1.453954875469208E-001,1.925662457942963E-001,-9.472290277481079E-001,-1.589813232421875E-001,-1.453954875469208E-001,1.925662457942963E-001,-9.472290277481079E-001,
2.513933333333334E+009,-1.897302865982056E-001,-1.286070048809052E-001,1.718298941850662E-001,-9.494272470474243E-001,-1.897302865982056E-001,-1.286070048809052E-001,1.718298941850662E-001,-9.494272470474243E-001,
2.522300000000000E+009,-2.068338245153427E-001,-9.463550150394440E-002,1.503945738077164E-001,-9.460203051567078E-001,-2.068338245153427E-001,-9.463550150394440E-002,1.503945738077164E-001,-9.460203051567078E-001,
2.530666666666667E+009,-2.061830013990402E-001,-5.739165097475052E-002,1.296148002147675E-001,-9.582064747810364E-001,-2.061830013990402E-001,-5.739165097475052E-002,1.296148002147675E-001,-9.582064747810364E-001,
2.539033333333334E+009,-1.916784793138504E-001,-2.568486891686916E-002,1.058950722217560E-001,-9.635364413261414E-001,-1.916784793138504E-001,-2.568486891686916E-002,1.058950722217560E-001,-9.635364413261414E-001,
2.547400000000000E+009,-1.614262610673904E-001,-9.252016432583332E-003,9.410036355257034E-002,-9.677802324295044E-001,-1.614262610673904E-001,-9.252016432583332E-003,9.410036355257034E-002,-9.677802324295044E-001,
2.555766666666667E+009,-1.330251842737198E-001,-1.207638904452324E-002,4.741306975483894E-002,-9.845690131187439E-001,-1.330251842737198E-001,-1.207638904452324E-002,4.741306975483894E-002,-9.845690131187439E-001,
2.564133333333334E+009,-1.124414354562759E-001,-3.340154886245728E-002,2.797510474920273E-002,-9.792292118072510E-001,-1.124414354562759E-001,-3.340154886245728E-002,2.797510474920273E-002,-9.792292118072510E-001,
2.572500000000000E+009,-1.119849681854248E-001,-6.431284546852112E-002,-7.674753433093429E-004,-9.790048003196716E-001,-1.119849681854248E-001,-6.431284546852112E-002,-7.674753433093429E-004,-9.790048003196716E-001,
2.580866666666667E+009,-1.273082643747330E-001,-9.124894440174103E-002,-3.024403192102909E-002,-9.771023988723755E-001,-1.273082643747330E-001,-9.124894440174103E-002,-3.024403192102909E-002,-9.771023988723755E-001,
2.589233333333334E+009,-1.587294787168503E-001,-1.086077988147736E-001,-5.625317990779877E-002,-9.722733497619629E-001,-1.587294787168503E-001,-1.086077988147736E-001,-5.625317990779877E-002,-9.722733497619629E-001,
2.597600000000000E+009,-1.957348287105560E-001,-1.044297963380814E-001,-7.438700646162033E-002,-9.599842429161072E-001,-1.957348287105560E-001,-1.044297963380814E-001,-7.438700646162033E-002,-9.599842429161072E-001,
2.605966666666667E+009,-2.257395386695862E-001,-8.364417403936386E-002,-9.805130958557129E-002,-9.579015374183655E-001,-2.257395386695862E-001,-8.364417403936386E-002,-9.805130958557129E-002,-9.579015374183655E-001,
2.614333333333334E+009,-2.416741698980331E-001,-4.834789410233498E-002,-1.197255179286003E-001,-9.551333189010620E-001,-2.416741698980331E-001,-4.834789410233498E-002,-1.197255179286003E-001,-9.551333189010620E-001,
2.622700000000000E+009,-2.370037436485291E-001,-1.053026318550110E-002,-1.330224722623825E-001,-9.526771903038025E-001,-2.370037436485291E-001,-1.053026318550110E-002,-1.330224722623825E-001,-9.526771903038025E-001,
2.631066666666667E+009,-2.180972993373871E-001,2.410525828599930E-002,-1.587874889373779E-001,-9.580591917037964E-001,-2.180972993373871E-001,2.410525828599930E-002,-1.587874889373779E-001,-9.580591917037964E-001,
2.639433333333334E+009,-1.846521049737930E-001,4.041478782892227E-002,-1.872468441724777E-001,-9.630482792854309E-001,-1.846521049737930E-001,4.041478782892227E-002,-1.872468441724777E-001,-9.630482792854309E-001,
2.647800000000000E+009,-1.517371237277985E-001,3.882229700684547E-002,-2.068640440702438E-001,-9.556483626365662E-001,-1.517371237277985E-001,3.882229700684547E-002,-2.068640440702438E-001,-9.556483626365662E-001,
2.656166666666667E+009,-1.304266899824143E-001,2.020839788019657E-002,-2.384430319070816E-001,-9.555475115776062E-001,-1.304266899824143E-001,2.020839788019657E-002,-2.384430319070816E-001,-9.555475115776062E-001,
2.664533333333334E+009,-1.256399005651474E-001,-6.223051808774471E-003,-2.721999585628510E-001,-9.450829625129700E-001,-1.256399005651474E-001,-6.223051808774471E-003,-2.721999585628510E-001,-9.450829625129700E-001,
2.672900000000000E+009,-1.408403366804123E-001,-3.147795796394348E-002,-2.921588420867920E-001,-9.288039803504944E-001,-1.408403366804123E-001,-3.147795796394348E-002,-2.921588420867920E-001,-9.288039803504944E-001,
2.681266666666667E+009,-1.724771559238434E-001,-4.492513835430145E-002,-3.186800479888916E-001,-9.194732904434204E-001,-1.724771559238434E-001,-4.492513835430145E-002,-3.186800479888916E-001,-9.194732904434204E-001,
2.689633333333334E+009,-2.058131098747253E-001,-3.928738832473755E-002,-3.447102308273315E-001,-9.065667390823364E-001,-2.058131098747253E-001,-3.928738832473755E-002,-3.447102308273315E-001,-9.065667390823364E-001,
2.698000000000000E+009,-2.319970130920410E-001,-1.733637228608131E-002,-3.634721040725708E-001,-8.933629989624023E-001,-2.319970130920410E-001,-1.733637228608131E-002,-3.634721040725708E-001,-8.933629989624023E-001,
2.706366666666667E+009,-2.440164536237717E-001,1.603176631033421E-002,-3.796658515930176E-001,-8.916953206062317E-001,-2.440164536237717E-001,1.603176631033421E-002,-3.796658515930176E-001,-8.916953206062317E-001,
2.714733333333334E+009,-2.381327003240585E-001,5.185594409704208E-002,-3.931293487548828E-001,-8.790808320045471E-001,-2.381327003240585E-001,5.185594409704208E-002,-3.931293487548828E-001,-8.790808320045471E-001,
2.723100000000000E+009,-2.141416370868683E-001,8.175190538167954E-002,-4.147256612777710E-001,-8.704635500907898E-001,-2.141416370868683E-001,8.175190538167954E-002,-4.147256612777710E-001,-8.704635500907898E-001,
2.731466666666667E+009,-1.799039244651794E-001,9.584114700555801E-002,-4.381664097309113E-001,-8.666566610336304E-001,-1.799039244651794E-001,9.584114700555801E-002,-4.381664097309113E-001,-8.666566610336304E-001,
2.739833333333334E+009,-1.442246735095978E-001,9.372495114803314E-002,-4.620453119277954E-001,-8.503080606460571E-001,-1.442246735095978E-001,9.372495114803314E-002,-4.620453119277954E-001,-8.503080606460571E-001,
2.748200000000000E+009,-1.186107471585274E-001,7.549690455198288E-002,-4.929894208908081E-001,-8.479955196380615E-001,-1.186107471585274E-001,7.549690455198288E-002,-4.929894208908081E-001,-8.479955196380615E-001,
2.756566666666667E+009,-1.107726767659187E-001,4.586029797792435E-002,-5.209264755249023E-001,-8.344871401786804E-001,-1.107726767659187E-001,4.586029797792435E-002,-5.209264755249023E-001,-8.344871401786804E-001,
2.764933333333334E+009,-1.236805543303490E-001,2.017444930970669E-002,-5.473170876502991E-001,-8.210390210151672E-001,-1.236805543303490E-001,2.017444930970669E-002,-5.473170876502991E-001,-8.210390210151672E-001,
2.773300000000000E+009,-1.518062800168991E-001,5.227365996688604E-003,-5.689041614532471E-001,-7.926639914512634E-001,-1.518062800168991E-001,5.227365996688604E-003,-5.689041614532471E-001,-7.926639914512634E-001,
2.781666666666667E+009,-1.856373250484467E-001,8.162191137671471E-003,-5.834803581237793E-001,-7.767003178596497E-001,-1.856373250484467E-001,8.162191137671471E-003,-5.834803581237793E-001,-7.767003178596497E-001,
2.790033333333334E+009,-2.134563177824020E-001,3.012127615511417E-002,-5.993798375129700E-001,-7.593920826911926E-001,-2.134563177824020E-001,3.012127615511417E-002,-5.993798375129700E-001,-7.593920826911926E-001,
2.798400000000000E+009,-2.269156426191330E-001,6.153300777077675E-002,-6.110640168190002E-001,-7.460476160049439E-001,-2.269156426191330E-001,6.153300777077675E-002,-6.110640168190002E-001,-7.460476160049439E-001,
2.806766666666667E+009,-2.206883281469345E-001,9.615993499755859E-002,-6.255869865417481E-001,-7.396944165229797E-001,-2.206883281469345E-001,9.615993499755859E-002,-6.255869865417481E-001,-7.396944165229797E-001,
2.815133333333334E+009,-1.979113519191742E-001,1.246992647647858E-001,-6.430048346519470E-001,-7.222415804862976E-001,-1.979113519191742E-001,1.246992647647858E-001,-6.430048346519470E-001,-7.222415804862976E-001,
2.823500000000000E+009,-1.646889895200729E-001,1.369609534740448E-001,-6.601837873458862E-001,-7.118579745292664E-001,-1.646889895200729E-001,1.369609534740448E-001,-6.601837873458862E-001,-7.118579745292664E-001,
2.831866666666667E+009,-1.286611855030060E-001,1.340078562498093E-001,-6.751152873039246E-001,-6.933930516242981E-001,-1.286611855030060E-001,1.340078562498093E-001,-6.751152873039246E-001,-6.933930516242981E-001,
2.840233333333334E+009,-1.012444421648979E-001,1.124209761619568E-001,-7.041402459144592E-001,-6.832001805305481E-001,-1.012444421648979E-001,1.124209761619568E-001,-7.041402459144592E-001,-6.832001805305481E-001,
2.848600000000000E+009,-9.081060439348221E-002,8.347041159868240E-002,-7.224528789520264E-001,-6.511836647987366E-001,-9.081060439348221E-002,8.347041159868240E-002,-7.224528789520264E-001,-6.511836647987366E-001,
2.856966666666667E+009,-1.034743115305901E-001,5.740876123309135E-002,-7.490177750587463E-001,-6.344502568244934E-001,-1.034743115305901E-001,5.740876123309135E-002,-7.490177750587463E-001,-6.344502568244934E-001,
2.865333333333334E+009,-1.295102834701538E-001,4.169803857803345E-002,-7.598551511764526E-001,-6.131316423416138E-001,-1.295102834701538E-001,4.169803857803345E-002,-7.598551511764526E-001,-6.131316423416138E-001,
2.873700000000000E+009,-1.631088703870773E-001,4.595807939767838E-002,-7.699767351150513E-001,-5.843221545219421E-001,-1.631088703870773E-001,4.595807939767838E-002,-7.699767351150513E-001,-5.843221545219421E-001,
2.882066666666667E+009,-1.922827512025833E-001,6.975933909416199E-002,-7.893295288085938E-001,-5.622771382331848E-001,-1.922827512025833E-001,6.975933909416199E-002,-7.893295288085938E-001,-5.622771382331848E-001,
2.890433333333334E+009,-2.070014923810959E-001,1.037029400467873E-001,-7.941145896911621E-001,-5.438526868820190E-001,-2.070014923810959E-001,1.037029400467873E-001,-7.941145896911621E-001,-5.438526868820190E-001,
2.898800000000000E+009,-2.009750008583069E-001,1.414601802825928E-001,-8.013464212417603E-001,-5.256807804107666E-001,-2.009750008583069E-001,1.414601802825928E-001,-8.013464212417603E-001,-5.256807804107666E-001,
2.907166666666667E+009,-1.779187470674515E-001,1.708708703517914E-001,-8.190561532974243E-001,-5.129619836807251E-001,-1.779187470674515E-001,1.708708703517914E-001,-8.190561532974243E-001,-5.129619836807251E-001,
2.915533333333334E+009,-1.426315754652023E-001,1.849098950624466E-001,-8.321835994720459E-001,-5.006842017173767E-001,-1.426315754652023E-001,1.849098950624466E-001,-8.321835994720459E-001,-5.006842017173767E-001,
2.923900000000000E+009,-1.027231663465500E-001,1.769473850727081E-001,-8.414790034294128E-001,-4.849128425121307E-001,-1.027231663465500E-001,1.769473850727081E-001,-8.414790034294128E-001,-4.849128425121307E-001,
2.932266666666667E+009,-7.317282259464264E-002,1.542866677045822E-001,-8.632990717887878E-001,-4.571860730648041E-001,-7.317282259464264E-002,1.542866677045822E-001,-8.632990717887878E-001,-4.571860730648041E-001,
2.940633333333334E+009,-6.087767332792282E-002,1.207067742943764E-001,-8.757575154304504E-001,-4.302408397197723E-001,-6.087767332792282E-002,1.207067742943764E-001,-8.757575154304504E-001,-4.302408397197723E-001,
2.949000000000000E+009,-6.895902007818222E-002,8.929236978292465E-002,-8.935223817825317E-001,-4.093847572803497E-001,-6.895902007818222E-002,8.929236978292465E-002,-8.935223817825317E-001,-4.093847572803497E-001,
2.957366666666667E+009,-9.498514235019684E-002,7.041848450899124E-002,-9.018952250480652E-001,-3.832044303417206E-001,-9.498514235019684E-002,7.041848450899124E-002,-9.018952250480652E-001,-3.832044303417206E-001,
2.965733333333334E+009,-1.289005130529404E-001,7.296921312808991E-002,-9.125838279724121E-001,-3.497799634933472E-001,-1.289005130529404E-001,7.296921312808991E-002,-9.125838279724121E-001,-3.497799634933472E-001,
2.974100000000000E+009,-1.605704426765442E-001,9.691984951496124E-002,-9.136701226234436E-001,-3.233787119388580E-001,-1.605704426765442E-001,9.691984951496124E-002,-9.136701226234436E-001,-3.233787119388580E-001,
2.982466666666667E+009,-1.732997745275497E-001,1.339817345142365E-001,-9.125052690505981E-001,-3.000010848045349E-001,-1.732997745275497E-001,1.339817345142365E-001,-9.125052690505981E-001,-3.000010848045349E-001,
2.990833333333334E+009,-1.671303063631058E-001,1.749445050954819E-001,-9.156261682510376E-001,-2.775192260742188E-001,-1.671303063631058E-001,1.749445050954819E-001,-9.156261682510376E-001,-2.775192260742188E-001,
2.999200000000000E+009,-1.425027847290039E-001,2.064330726861954E-001,-9.228674173355103E-001,-2.619144022464752E-001,-1.425027847290039E-001,2.064330726861954E-001,-9.228674173355103E-001,-2.619144022464752E-001,
3.007566666666667E+009,-1.058090180158615E-001,2.204739749431610E-001,-9.324914216995239E-001,-2.469327449798584E-001,-1.058090180158615E-001,2.204739749431610E-001,-9.324914216995239E-001,-2.469327449798584E-001,
3.015933333333334E+009,-6.592882424592972E-002,2.127925455570221E-001,-9.454500675201416E-001,-2.231179177761078E-001,-6.592882424592972E-002,2.127925455570221E-001,-9.454500675201416E-001,-2.231179177761078E-001,
3.024300000000000E+009,-3.264543041586876E-002,1.856662631034851E-001,-9.509794116020203E-001,-2.023355960845947E-001,-3.264543041586876E-002,1.856662631034851E-001,-9.509794116020203E-001,-2.023355960845947E-001,
3.032666666666667E+009,-2.231731079518795E-002,1.453406661748886E-001,-9.606713056564331E-001,-1.775471270084381E-001,-2.231731079518795E-002,1.453406661748886E-001,-9.606713056564331E-001,-1.775471270084381E-001,
3.041033333333334E+009,-3.167301788926125E-002,1.069533526897430E-001,-9.723441004753113E-001,-1.508863419294357E-001,-3.167301788926125E-002,1.069533526897430E-001,-9.723441004753113E-001,-1.508863419294357E-001,
3.049400000000000E+009,-6.111790239810944E-002,8.485364913940430E-002,-9.809015393257141E-001,-1.216295436024666E-001,-6.111790239810944E-002,8.485364913940430E-002,-9.809015393257141E-001,-1.216295436024666E-001,
3.057766666666667E+009,-9.801854193210602E-002,8.575306087732315E-002,-9.798855185508728E-001,-8.460812270641327E-002,-9.801854193210602E-002,8.575306087732315E-002,-9.798855185508728E-001,-8.460812270641327E-002,
3.066133333333334E+009,-1.293859332799912E-001,1.126020327210426E-001,-9.695931673049927E-001,-5.729814991354942E-002,-1.293859332799912E-001,1.126020327210426E-001,-9.695931673049927E-001,-5.729814991354942E-002,
3.074500000000000E+009,-1.435987055301666E-001,1.539822220802307E-001,-9.656257033348084E-001,-3.016616404056549E-002,-1.435987055301666E-001,1.539822220802307E-001,-9.656257033348084E-001,-3.016616404056549E-002,
3.082866666666667E+009,-1.337272971868515E-001,2.002243101596832E-001,-9.554664492607117E-001,-1.618937030434609E-002,-1.337272971868515E-001,2.002243101596832E-001,-9.554664492607117E-001,-1.618937030434609E-002,
3.091233333333334E+009,-1.027218252420425E-001,2.351097017526627E-001,-9.584849476814270E-001,3.509524278342724E-003,-1.027218252420425E-001,2.351097017526627E-001,-9.584849476814270E-001,3.509524278342724E-003,
3.099600000000000E+009,-5.747725442051888E-002,2.509748041629791E-001,-9.565930366516113E-001,2.174989506602287E-002,-5.747725442051888E-002,2.509748041629791E-001,-9.565930366516113E-001,2.174989506602287E-002,
3.107966666666667E+009,-1.172471977770329E-002,2.408848553895950E-001,-9.594327807426453E-001,3.794826939702034E-002,-1.172471977770329E-002,2.408848553895950E-001,-9.594327807426453E-001,3.794826939702034E-002,
3.116333333333334E+009,2.416599914431572E-002,2.085972428321838E-001,-9.698662161827087E-001,6.217709928750992E-002,2.416599914431572E-002,2.085972428321838E-001,-9.698662161827087E-001,6.217709928750992E-002,
3.124700000000000E+009,3.904853016138077E-002,1.621894687414169E-001,-9.705718755722046E-001,8.593375235795975E-002,3.904853016138077E-002,1.621894687414169E-001,-9.705718755722046E-001,8.593375235795975E-002,
3.133066666666667E+009,2.557927370071411E-002,1.129702404141426E-001,-9.880434274673462E-001,1.227949187159538E-001,2.557927370071411E-002,1.129702404141426E-001,-9.880434274673462E-001,1.227949187159538E-001,
3.141433333333334E+009,-1.027996651828289E-002,8.146584779024124E-002,-9.771186113357544E-001,1.577552556991577E-001,-1.027996651828289E-002,8.146584779024124E-002,-9.771186113357544E-001,1.577552556991577E-001,
3.149800000000000E+009,-5.665661022067070E-002,7.760242372751236E-002,-9.713797569274902E-001,1.932435333728790E-001,-5.665661022067070E-002,7.760242372751236E-002,-9.713797569274902E-001,1.932435333728790E-001,
3.158166666666667E+009,-9.696955233812332E-002,1.019229143857956E-001,-9.609690904617310E-001,2.175967544317246E-001,-9.696955233812332E-002,1.019229143857956E-001,-9.609690904617310E-001,2.175967544317246E-001,
3.166533333333334E+009,-1.164002493023872E-001,1.462365090847015E-001,-9.401174783706665E-001,2.395698577165604E-001,-1.164002493023872E-001,1.462365090847015E-001,-9.401174783706665E-001,2.395698577165604E-001,
3.174900000000000E+009,-1.086073964834213E-001,1.968722194433212E-001,-9.290947318077087E-001,2.592210769653320E-001,-1.086073964834213E-001,1.968722194433212E-001,-9.290947318077087E-001,2.592210769653320E-001,
3.183266666666667E+009,-7.813149690628052E-002,2.369584590196610E-001,-9.189604520797730E-001,2.786880135536194E-001,-7.813149690628052E-002,2.369584590196610E-001,-9.189604520797730E-001,2.786880135536194E-001,
3.191633333333334E+009,-2.892204932868481E-002,2.578261494636536E-001,-9.133901000022888E-001,2.859179675579071E-001,-2.892204932868481E-002,2.578261494636536E-001,-9.133901000022888E-001,2.859179675579071E-001,
3.200000000000000E+009,2.122134529054165E-002,2.484089434146881E-001,-9.041181802749634E-001,3.097392320632935E-001,2.122134529054165E-002,2.484089434146881E-001,-9.041181802749634E-001,3.097392320632935E-001,
