% Version 1.00
%
%freq[Hz],re:Trc1_S11,im:Trc1_S11,re:Trc2_S21,im:Trc2_S21,re:Trc3_S11,im:Trc3_S11,re:Trc4_S21,im:Trc4_S21,
6.900000000000000E+008,-5.541472136974335E-002,3.820767253637314E-002,-5.117449760437012E-001,-8.540050983428955E-001,-5.541472136974335E-002,3.820767253637314E-002,-5.117449760437012E-001,-8.540050983428955E-001,
6.983666666666666E+008,-4.345150291919708E-002,3.693349659442902E-002,-5.321304202079773E-001,-8.386185169219971E-001,-4.345150291919708E-002,3.693349659442902E-002,-5.321304202079773E-001,-8.386185169219971E-001,
7.067333333333334E+008,-3.852123394608498E-002,3.172120824456215E-002,-5.721895098686218E-001,-7.937021851539612E-001,-3.852123394608498E-002,3.172120824456215E-002,-5.721895098686218E-001,-7.937021851539612E-001,
7.151000000000000E+008,-3.797388076782227E-002,2.475858852267265E-002,-5.671033859252930E-001,-8.046687841415405E-001,-3.797388076782227E-002,2.475858852267265E-002,-5.671033859252930E-001,-8.046687841415405E-001,
7.234666666666666E+008,-3.937696665525436E-002,1.869624666869640E-002,-5.989813208580017E-001,-7.984582781791687E-001,-3.937696665525436E-002,1.869624666869640E-002,-5.989813208580017E-001,-7.984582781791687E-001,
7.318333333333334E+008,-4.621317610144615E-002,1.755206286907196E-002,-6.126825213432312E-001,-7.799364328384399E-001,-4.621317610144615E-002,1.755206286907196E-002,-6.126825213432312E-001,-7.799364328384399E-001,
7.402000000000000E+008,-5.141702666878700E-002,2.040645293891430E-002,-6.248672008514404E-001,-7.727727293968201E-001,-5.141702666878700E-002,2.040645293891430E-002,-6.248672008514404E-001,-7.727727293968201E-001,
7.485666666666666E+008,-5.939094349741936E-002,2.702928520739079E-002,-6.553708910942078E-001,-7.465334534645081E-001,-5.939094349741936E-002,2.702928520739079E-002,-6.553708910942078E-001,-7.465334534645081E-001,
7.569333333333334E+008,-5.973703041672707E-002,3.719837218523026E-002,-6.692247986793518E-001,-7.420352101325989E-001,-5.973703041672707E-002,3.719837218523026E-002,-6.692247986793518E-001,-7.420352101325989E-001,
7.653000000000000E+008,-5.653025582432747E-002,4.570245742797852E-002,-6.864393353462219E-001,-7.117462158203125E-001,-5.653025582432747E-002,4.570245742797852E-002,-6.864393353462219E-001,-7.117462158203125E-001,
7.736666666666666E+008,-5.090305209159851E-002,5.361656099557877E-002,-7.111395001411438E-001,-6.982449293136597E-001,-5.090305209159851E-002,5.361656099557877E-002,-7.111395001411438E-001,-6.982449293136597E-001,
7.820333333333334E+008,-4.370230808854103E-002,5.622356757521629E-002,-7.651370763778687E-001,-6.851410269737244E-001,-4.370230808854103E-002,5.622356757521629E-002,-7.651370763778687E-001,-6.851410269737244E-001,
7.904000000000000E+008,-3.674488142132759E-002,5.515410751104355E-002,-7.524776458740234E-001,-6.682388782501221E-001,-3.674488142132759E-002,5.515410751104355E-002,-7.524776458740234E-001,-6.682388782501221E-001,
7.987666666666666E+008,-3.175583109259605E-002,4.919495061039925E-002,-7.618868350982666E-001,-6.381981372833252E-001,-3.175583109259605E-002,4.919495061039925E-002,-7.618868350982666E-001,-6.381981372833252E-001,
8.071333333333334E+008,-2.914345264434815E-002,4.239001497626305E-002,-7.778800129890442E-001,-6.132046580314636E-001,-2.914345264434815E-002,4.239001497626305E-002,-7.778800129890442E-001,-6.132046580314636E-001,
8.155000000000000E+008,-3.225548565387726E-002,3.878370299935341E-002,-8.050611615180969E-001,-5.932285785675049E-001,-3.225548565387726E-002,3.878370299935341E-002,-8.050611615180969E-001,-5.932285785675049E-001,
8.238666666666666E+008,-3.727933019399643E-002,3.504598140716553E-002,-8.145267367362976E-001,-5.695897936820984E-001,-3.727933019399643E-002,3.504598140716553E-002,-8.145267367362976E-001,-5.695897936820984E-001,
8.322333333333334E+008,-4.333900287747383E-002,3.658923134207726E-002,-8.207774758338928E-001,-5.512692332267761E-001,-4.333900287747383E-002,3.658923134207726E-002,-8.207774758338928E-001,-5.512692332267761E-001,
8.406000000000000E+008,-4.726099595427513E-002,4.196010529994965E-002,-8.296203613281250E-001,-5.279418230056763E-001,-4.726099595427513E-002,4.196010529994965E-002,-8.296203613281250E-001,-5.279418230056763E-001,
8.489666666666668E+008,-4.933504387736321E-002,5.097454041242600E-002,-8.510932326316834E-001,-4.938690364360809E-001,-4.933504387736321E-002,5.097454041242600E-002,-8.510932326316834E-001,-4.938690364360809E-001,
8.573333333333334E+008,-4.731718823313713E-002,5.948993936181068E-002,-8.540768623352051E-001,-4.993775188922882E-001,-4.731718823313713E-002,5.948993936181068E-002,-8.540768623352051E-001,-4.993775188922882E-001,
8.657000000000000E+008,-4.240224137902260E-002,6.802167743444443E-002,-8.749335408210754E-001,-4.610191881656647E-001,-4.240224137902260E-002,6.802167743444443E-002,-8.749335408210754E-001,-4.610191881656647E-001,
8.740666666666668E+008,-3.244180977344513E-002,7.398506999015808E-002,-8.828155994415283E-001,-4.518149197101593E-001,-3.244180977344513E-002,7.398506999015808E-002,-8.828155994415283E-001,-4.518149197101593E-001,
8.824333333333334E+008,-2.598940581083298E-002,7.352769374847412E-002,-8.938285708427429E-001,-4.359420537948608E-001,-2.598940581083298E-002,7.352769374847412E-002,-8.938285708427429E-001,-4.359420537948608E-001,
8.908000000000000E+008,-1.817352324724197E-002,6.918217986822128E-002,-8.995212912559509E-001,-3.925267457962036E-001,-1.817352324724197E-002,6.918217986822128E-002,-8.995212912559509E-001,-3.925267457962036E-001,
8.991666666666668E+008,-1.601649448275566E-002,6.412072479724884E-002,-9.150804281234741E-001,-3.704454600811005E-001,-1.601649448275566E-002,6.412072479724884E-002,-9.150804281234741E-001,-3.704454600811005E-001,
9.075333333333334E+008,-1.459341589361429E-002,5.818023532629013E-002,-9.237440824508667E-001,-3.481144905090332E-001,-1.459341589361429E-002,5.818023532629013E-002,-9.237440824508667E-001,-3.481144905090332E-001,
9.159000000000000E+008,-1.818471401929855E-002,5.451159924268723E-002,-9.282445311546326E-001,-3.297820389270783E-001,-1.818471401929855E-002,5.451159924268723E-002,-9.282445311546326E-001,-3.297820389270783E-001,
9.242666666666668E+008,-2.231534197926521E-002,5.115945637226105E-002,-9.356939196586609E-001,-3.086290359497070E-001,-2.231534197926521E-002,5.115945637226105E-002,-9.356939196586609E-001,-3.086290359497070E-001,
9.326333333333334E+008,-2.704912051558495E-002,5.372800678014755E-002,-9.360371828079224E-001,-2.762615978717804E-001,-2.704912051558495E-002,5.372800678014755E-002,-9.360371828079224E-001,-2.762615978717804E-001,
9.410000000000000E+008,-3.215342760086060E-002,6.032168120145798E-002,-9.516639709472656E-001,-2.633799314498901E-001,-3.215342760086060E-002,6.032168120145798E-002,-9.516639709472656E-001,-2.633799314498901E-001,
9.493666666666668E+008,-3.101895935833454E-002,6.909429281949997E-002,-9.729479551315308E-001,-2.252691388130188E-001,-3.101895935833454E-002,6.909429281949997E-002,-9.729479551315308E-001,-2.252691388130188E-001,
9.577333333333334E+008,-2.760818973183632E-002,7.786738872528076E-002,-9.528949856758118E-001,-1.973984241485596E-001,-2.760818973183632E-002,7.786738872528076E-002,-9.528949856758118E-001,-1.973984241485596E-001,
9.661000000000000E+008,-1.966395787894726E-002,8.484297245740891E-002,-9.614950418472290E-001,-1.816761195659638E-001,-1.966395787894726E-002,8.484297245740891E-002,-9.614950418472290E-001,-1.816761195659638E-001,
9.744666666666668E+008,-9.774435311555862E-003,9.075313806533814E-002,-9.727685451507568E-001,-1.611059457063675E-001,-9.774435311555862E-003,9.075313806533814E-002,-9.727685451507568E-001,-1.611059457063675E-001,
9.828333333333334E+008,2.286815783008933E-003,8.772604167461395E-002,-9.791873097419739E-001,-1.403930038213730E-001,2.286815783008933E-003,8.772604167461395E-002,-9.791873097419739E-001,-1.403930038213730E-001,
9.912000000000000E+008,9.352883324027062E-003,8.255033940076828E-002,-9.866566658020020E-001,-9.988272935152054E-002,9.352883324027062E-003,8.255033940076828E-002,-9.866566658020020E-001,-9.988272935152054E-002,
9.995666666666668E+008,1.212602853775024E-002,7.377330958843231E-002,-9.976621866226196E-001,-8.942780643701553E-002,1.212602853775024E-002,7.377330958843231E-002,-9.976621866226196E-001,-8.942780643701553E-002,
1.007933333333333E+009,1.329508051276207E-002,6.188808754086494E-002,-9.741357564926148E-001,-5.955313891172409E-002,1.329508051276207E-002,6.188808754086494E-002,-9.741357564926148E-001,-5.955313891172409E-002,
1.016300000000000E+009,8.618864230811596E-003,5.938494578003883E-002,-9.956269860267639E-001,-3.579947724938393E-002,8.618864230811596E-003,5.938494578003883E-002,-9.956269860267639E-001,-3.579947724938393E-002,
1.024666666666667E+009,5.179084837436676E-003,5.512706190347672E-002,-9.869408011436462E-001,-6.519594229757786E-003,5.179084837436676E-003,5.512706190347672E-002,-9.869408011436462E-001,-6.519594229757786E-003,
1.033033333333333E+009,-2.891199896112084E-003,5.756792426109314E-002,-9.836363792419434E-001,1.760391704738140E-002,-2.891199896112084E-003,5.756792426109314E-002,-9.836363792419434E-001,1.760391704738140E-002,
1.041400000000000E+009,-8.178537711501122E-003,6.521291285753250E-002,-9.810381531715393E-001,3.813257068395615E-002,-8.178537711501122E-003,6.521291285753250E-002,-9.810381531715393E-001,3.813257068395615E-002,
1.049766666666667E+009,-5.772374104708433E-003,7.547345757484436E-002,-9.928887486457825E-001,7.513430714607239E-002,-5.772374104708433E-003,7.547345757484436E-002,-9.928887486457825E-001,7.513430714607239E-002,
1.058133333333333E+009,-1.406893716193736E-003,8.403865993022919E-002,-9.705364108085632E-001,9.425498545169830E-002,-1.406893716193736E-003,8.403865993022919E-002,-9.705364108085632E-001,9.425498545169830E-002,
1.066500000000000E+009,9.911629371345043E-003,8.917396515607834E-002,-9.733440876007080E-001,1.210773736238480E-001,9.911629371345043E-003,8.917396515607834E-002,-9.733440876007080E-001,1.210773736238480E-001,
1.074866666666667E+009,2.397001907229424E-002,8.908240497112274E-002,-9.728605747222900E-001,1.485949009656906E-001,2.397001907229424E-002,8.908240497112274E-002,-9.728605747222900E-001,1.485949009656906E-001,
1.083233333333334E+009,3.398764878511429E-002,8.242248743772507E-002,-9.747086763381958E-001,1.759742200374603E-001,3.398764878511429E-002,8.242248743772507E-002,-9.747086763381958E-001,1.759742200374603E-001,
1.091600000000000E+009,3.954942151904106E-002,7.131650298833847E-002,-9.629089832305908E-001,1.918729692697525E-001,3.954942151904106E-002,7.131650298833847E-002,-9.629089832305908E-001,1.918729692697525E-001,
1.099966666666667E+009,3.781476616859436E-002,5.886475741863251E-002,-9.624608159065247E-001,2.296705394983292E-001,3.781476616859436E-002,5.886475741863251E-002,-9.624608159065247E-001,2.296705394983292E-001,
1.108333333333334E+009,3.038770519196987E-002,4.967974871397018E-002,-9.581826925277710E-001,2.593470811843872E-001,3.038770519196987E-002,4.967974871397018E-002,-9.581826925277710E-001,2.593470811843872E-001,
1.116700000000000E+009,2.122556790709496E-002,4.482787847518921E-002,-9.419293403625488E-001,2.747387588024139E-001,2.122556790709496E-002,4.482787847518921E-002,-9.419293403625488E-001,2.747387588024139E-001,
1.125066666666667E+009,7.223813794553280E-003,4.957602545619011E-002,-9.528063535690308E-001,2.955460250377655E-001,7.223813794553280E-003,4.957602545619011E-002,-9.528063535690308E-001,2.955460250377655E-001,
1.133433333333334E+009,1.627454999834299E-003,5.997205525636673E-002,-9.447907209396362E-001,3.221799433231354E-001,1.627454999834299E-003,5.997205525636673E-002,-9.447907209396362E-001,3.221799433231354E-001,
1.141800000000000E+009,1.673213671892881E-003,7.441096007823944E-002,-9.100297093391419E-001,3.444084823131561E-001,1.673213671892881E-003,7.441096007823944E-002,-9.100297093391419E-001,3.444084823131561E-001,
1.150166666666667E+009,1.057652477174997E-002,8.768801391124725E-002,-9.167774915695190E-001,3.644428253173828E-001,1.057652477174997E-002,8.768801391124725E-002,-9.167774915695190E-001,3.644428253173828E-001,
1.158533333333334E+009,2.658790908753872E-002,9.607730060815811E-002,-9.046837091445923E-001,3.865385353565216E-001,2.658790908753872E-002,9.607730060815811E-002,-9.046837091445923E-001,3.865385353565216E-001,
1.166900000000000E+009,4.630897939205170E-002,9.629456698894501E-002,-9.019653201103210E-001,3.997492492198944E-001,4.630897939205170E-002,9.629456698894501E-002,-9.019653201103210E-001,3.997492492198944E-001,
1.175266666666667E+009,6.238799914717674E-002,8.815995603799820E-002,-8.773441910743713E-001,4.109802842140198E-001,6.238799914717674E-002,8.815995603799820E-002,-8.773441910743713E-001,4.109802842140198E-001,
1.183633333333334E+009,7.379236072301865E-002,7.258284837007523E-002,-8.605177998542786E-001,4.535810947418213E-001,7.379236072301865E-002,7.258284837007523E-002,-8.605177998542786E-001,4.535810947418213E-001,
1.192000000000000E+009,7.451788336038590E-002,5.486650019884110E-002,-8.645326495170593E-001,4.734189212322235E-001,7.451788336038590E-002,5.486650019884110E-002,-8.645326495170593E-001,4.734189212322235E-001,
1.200366666666667E+009,6.576652824878693E-002,3.652409464120865E-002,-8.527905344963074E-001,4.995465874671936E-001,6.576652824878693E-002,3.652409464120865E-002,-8.527905344963074E-001,4.995465874671936E-001,
1.208733333333334E+009,5.021596699953079E-002,2.899530343711376E-002,-8.443055748939514E-001,5.144755244255066E-001,5.021596699953079E-002,2.899530343711376E-002,-8.443055748939514E-001,5.144755244255066E-001,
1.217100000000000E+009,3.340595960617065E-002,3.085470385849476E-002,-8.217096924781799E-001,5.359808802604675E-001,3.340595960617065E-002,3.085470385849476E-002,-8.217096924781799E-001,5.359808802604675E-001,
1.225466666666667E+009,2.125431038439274E-002,4.086992144584656E-002,-8.161080479621887E-001,5.652388334274292E-001,2.125431038439274E-002,4.086992144584656E-002,-8.161080479621887E-001,5.652388334274292E-001,
1.233833333333334E+009,1.874566636979580E-002,5.536522716283798E-002,-7.898474931716919E-001,5.917919874191284E-001,1.874566636979580E-002,5.536522716283798E-002,-7.898474931716919E-001,5.917919874191284E-001,
1.242200000000000E+009,2.590630203485489E-002,7.240562140941620E-002,-7.781256437301636E-001,6.017602682113648E-001,2.590630203485489E-002,7.240562140941620E-002,-7.781256437301636E-001,6.017602682113648E-001,
1.250566666666667E+009,4.220121353864670E-002,8.243632316589356E-002,-7.651534080505371E-001,6.268357634544373E-001,4.220121353864670E-002,8.243632316589356E-002,-7.651534080505371E-001,6.268357634544373E-001,
1.258933333333334E+009,6.350593268871307E-002,8.336497843265533E-002,-7.532387375831604E-001,6.362369656562805E-001,6.350593268871307E-002,8.336497843265533E-002,-7.532387375831604E-001,6.362369656562805E-001,
1.267300000000000E+009,8.306997269392014E-002,7.407830655574799E-002,-7.303019762039185E-001,6.522978544235230E-001,8.306997269392014E-002,7.407830655574799E-002,-7.303019762039185E-001,6.522978544235230E-001,
1.275666666666667E+009,9.218177199363709E-002,5.342978239059448E-002,-7.155966162681580E-001,6.883221268653870E-001,9.218177199363709E-002,5.342978239059448E-002,-7.155966162681580E-001,6.883221268653870E-001,
1.284033333333334E+009,9.231096506118774E-002,3.342925757169724E-002,-7.064706087112427E-001,6.974942684173584E-001,9.231096506118774E-002,3.342925757169724E-002,-7.064706087112427E-001,6.974942684173584E-001,
1.292400000000000E+009,8.135076612234116E-002,1.584474742412567E-002,-6.755037307739258E-001,7.130549550056458E-001,8.135076612234116E-002,1.584474742412567E-002,-6.755037307739258E-001,7.130549550056458E-001,
1.300766666666667E+009,6.103363633155823E-002,6.994568742811680E-003,-6.632601618766785E-001,7.369973659515381E-001,6.103363633155823E-002,6.994568742811680E-003,-6.632601618766785E-001,7.369973659515381E-001,
1.309133333333334E+009,4.325818642973900E-002,8.442263118922710E-003,-6.458978652954102E-001,7.454699873924255E-001,4.325818642973900E-002,8.442263118922710E-003,-6.458978652954102E-001,7.454699873924255E-001,
1.317500000000000E+009,3.018946386873722E-002,2.013793401420116E-002,-6.116578578948975E-001,7.730069160461426E-001,3.018946386873722E-002,2.013793401420116E-002,-6.116578578948975E-001,7.730069160461426E-001,
1.325866666666667E+009,2.670244686305523E-002,3.850925713777542E-002,-6.076197028160095E-001,7.785576581954956E-001,2.670244686305523E-002,3.850925713777542E-002,-6.076197028160095E-001,7.785576581954956E-001,
1.334233333333334E+009,3.485845774412155E-002,5.396256968379021E-002,-5.774853825569153E-001,7.936730980873108E-001,3.485845774412155E-002,5.396256968379021E-002,-5.774853825569153E-001,7.936730980873108E-001,
1.342600000000000E+009,5.126400291919708E-002,6.328822672367096E-002,-5.617840290069580E-001,8.054107427597046E-001,5.126400291919708E-002,6.328822672367096E-002,-5.617840290069580E-001,8.054107427597046E-001,
1.350966666666667E+009,7.186935096979141E-002,6.063540652394295E-002,-5.303830504417419E-001,8.104192614555359E-001,7.186935096979141E-002,6.063540652394295E-002,-5.303830504417419E-001,8.104192614555359E-001,
1.359333333333334E+009,8.786334842443466E-002,4.820176213979721E-002,-5.357047319412231E-001,8.335950374603272E-001,8.786334842443466E-002,4.820176213979721E-002,-5.357047319412231E-001,8.335950374603272E-001,
1.367700000000000E+009,9.525611251592636E-002,2.751538902521133E-002,-4.972838163375855E-001,8.485313057899475E-001,9.525611251592636E-002,2.751538902521133E-002,-4.972838163375855E-001,8.485313057899475E-001,
1.376066666666667E+009,9.096775203943253E-002,8.393044583499432E-003,-4.814998805522919E-001,8.604844212532044E-001,9.096775203943253E-002,8.393044583499432E-003,-4.814998805522919E-001,8.604844212532044E-001,
1.384433333333334E+009,7.442992925643921E-002,-5.996472202241421E-003,-4.653922319412231E-001,8.707673549652100E-001,7.442992925643921E-002,-5.996472202241421E-003,-4.653922319412231E-001,8.707673549652100E-001,
1.392800000000000E+009,5.380832031369209E-002,-1.063845306634903E-002,-4.428652822971344E-001,8.935629129409790E-001,5.380832031369209E-002,-1.063845306634903E-002,-4.428652822971344E-001,8.935629129409790E-001,
1.401166666666667E+009,3.215927630662918E-002,-3.683072980493307E-003,-4.178901016712189E-001,8.957650661468506E-001,3.215927630662918E-002,-3.683072980493307E-003,-4.178901016712189E-001,8.957650661468506E-001,
1.409533333333334E+009,2.066690661013126E-002,1.554348506033421E-002,-3.869581818580627E-001,9.058571457862854E-001,2.066690661013126E-002,1.554348506033421E-002,-3.869581818580627E-001,9.058571457862854E-001,
1.417900000000000E+009,1.965827122330666E-002,3.750927001237869E-002,-3.632647991180420E-001,9.188508987426758E-001,1.965827122330666E-002,3.750927001237869E-002,-3.632647991180420E-001,9.188508987426758E-001,
1.426266666666667E+009,3.225673362612724E-002,5.493498966097832E-002,-3.368674218654633E-001,9.371757507324219E-001,3.225673362612724E-002,5.493498966097832E-002,-3.368674218654633E-001,9.371757507324219E-001,
1.434633333333334E+009,5.348043888807297E-002,6.505472958087921E-002,-3.182778656482697E-001,9.325115084648132E-001,5.348043888807297E-002,6.505472958087921E-002,-3.182778656482697E-001,9.325115084648132E-001,
1.443000000000000E+009,7.806868106126785E-002,6.010800972580910E-002,-2.898200452327728E-001,9.379906654357910E-001,7.806868106126785E-002,6.010800972580910E-002,-2.898200452327728E-001,9.379906654357910E-001,
1.451366666666667E+009,9.327951073646545E-002,4.235535487532616E-002,-2.626836895942688E-001,9.355202913284302E-001,9.327951073646545E-002,4.235535487532616E-002,-2.626836895942688E-001,9.355202913284302E-001,
1.459733333333334E+009,1.011408865451813E-001,2.308697253465653E-002,-2.478466331958771E-001,9.587048292160034E-001,1.011408865451813E-001,2.308697253465653E-002,-2.478466331958771E-001,9.587048292160034E-001,
1.468100000000000E+009,9.461744129657745E-002,4.389850655570626E-004,-2.254305034875870E-001,9.507342576980591E-001,9.461744129657745E-002,4.389850655570626E-004,-2.254305034875870E-001,9.507342576980591E-001,
1.476466666666667E+009,7.886307686567307E-002,-1.214008964598179E-002,-2.012716084718704E-001,9.636605978012085E-001,7.886307686567307E-002,-1.214008964598179E-002,-2.012716084718704E-001,9.636605978012085E-001,
1.484833333333334E+009,5.715030804276466E-002,-1.286073680967093E-002,-1.708426624536514E-001,9.790449142456055E-001,5.715030804276466E-002,-1.286073680967093E-002,-1.708426624536514E-001,9.790449142456055E-001,
1.493200000000000E+009,4.068392515182495E-002,-5.584777332842350E-003,-1.352791637182236E-001,9.787070155143738E-001,4.068392515182495E-002,-5.584777332842350E-003,-1.352791637182236E-001,9.787070155143738E-001,
1.501566666666667E+009,2.877033874392510E-002,1.313351839780808E-002,-1.063636541366577E-001,9.806401729583740E-001,2.877033874392510E-002,1.313351839780808E-002,-1.063636541366577E-001,9.806401729583740E-001,
1.509933333333334E+009,3.157597035169601E-002,3.480171412229538E-002,-9.561381489038467E-002,9.853904843330383E-001,3.157597035169601E-002,3.480171412229538E-002,-9.561381489038467E-002,9.853904843330383E-001,
1.518300000000000E+009,4.591776430606842E-002,5.167355388402939E-002,-6.310418248176575E-002,9.836484193801880E-001,4.591776430606842E-002,5.167355388402939E-002,-6.310418248176575E-002,9.836484193801880E-001,
1.526666666666667E+009,6.696700304746628E-002,5.651776492595673E-002,-4.957459121942520E-002,9.792443513870239E-001,6.696700304746628E-002,5.651776492595673E-002,-4.957459121942520E-002,9.792443513870239E-001,
1.535033333333334E+009,8.919100463390350E-002,4.869912192225456E-002,-2.977742813527584E-002,9.720447063446045E-001,8.919100463390350E-002,4.869912192225456E-002,-2.977742813527584E-002,9.720447063446045E-001,
1.543400000000000E+009,1.042334884405136E-001,3.195494040846825E-002,2.568561350926757E-003,9.806488752365112E-001,1.042334884405136E-001,3.195494040846825E-002,2.568561350926757E-003,9.806488752365112E-001,
1.551766666666667E+009,1.100655347108841E-001,9.710509330034256E-003,2.457055263221264E-002,9.785152673721314E-001,1.100655347108841E-001,9.710509330034256E-003,2.457055263221264E-002,9.785152673721314E-001,
1.560133333333334E+009,1.028834506869316E-001,-1.014912407845259E-002,4.553627595305443E-002,9.878872036933899E-001,1.028834506869316E-001,-1.014912407845259E-002,4.553627595305443E-002,9.878872036933899E-001,
1.568500000000000E+009,8.748938888311386E-002,-2.400302886962891E-002,7.589645683765411E-002,9.853319525718689E-001,8.748938888311386E-002,-2.400302886962891E-002,7.589645683765411E-002,9.853319525718689E-001,
1.576866666666667E+009,6.919177621603012E-002,-2.483075484633446E-002,9.813223034143448E-002,9.845551848411560E-001,6.919177621603012E-002,-2.483075484633446E-002,9.813223034143448E-002,9.845551848411560E-001,
1.585233333333334E+009,5.327093973755837E-002,-1.497720088809729E-002,1.263630092144013E-001,9.765599966049194E-001,5.327093973755837E-002,-1.497720088809729E-002,1.263630092144013E-001,9.765599966049194E-001,
1.593600000000000E+009,4.673814401030541E-002,9.516367572359741E-005,1.548738777637482E-001,9.766395688056946E-001,4.673814401030541E-002,9.516367572359741E-005,1.548738777637482E-001,9.766395688056946E-001,
1.601966666666667E+009,4.824361950159073E-002,1.892779208719730E-002,1.864189058542252E-001,9.723449945449829E-001,4.824361950159073E-002,1.892779208719730E-002,1.864189058542252E-001,9.723449945449829E-001,
1.610333333333334E+009,5.963030457496643E-002,2.973151952028275E-002,2.082158178091049E-001,9.616247415542603E-001,5.963030457496643E-002,2.973151952028275E-002,2.082158178091049E-001,9.616247415542603E-001,
1.618700000000000E+009,7.762788981199265E-002,3.348203375935555E-002,2.284625321626663E-001,9.544609785079956E-001,7.762788981199265E-002,3.348203375935555E-002,2.284625321626663E-001,9.544609785079956E-001,
1.627066666666667E+009,9.583349525928497E-002,2.422735281288624E-002,2.539808154106140E-001,9.453206062316895E-001,9.583349525928497E-002,2.422735281288624E-002,2.539808154106140E-001,9.453206062316895E-001,
1.635433333333334E+009,1.060481369495392E-001,1.038674730807543E-002,2.730273604393005E-001,9.390656948089600E-001,1.060481369495392E-001,1.038674730807543E-002,2.730273604393005E-001,9.390656948089600E-001,
1.643800000000000E+009,1.070721447467804E-001,-9.457968175411224E-003,2.936162054538727E-001,9.327724575996399E-001,1.070721447467804E-001,-9.457968175411224E-003,2.936162054538727E-001,9.327724575996399E-001,
1.652166666666667E+009,9.952483326196671E-002,-2.555806562304497E-002,3.175068199634552E-001,9.251370429992676E-001,9.952483326196671E-002,-2.555806562304497E-002,3.175068199634552E-001,9.251370429992676E-001,
1.660533333333334E+009,8.620324730873108E-002,-3.544065728783608E-002,3.468771576881409E-001,9.241008162498474E-001,8.620324730873108E-002,-3.544065728783608E-002,3.468771576881409E-001,9.241008162498474E-001,
1.668900000000000E+009,7.006350904703140E-002,-3.440997749567032E-002,3.688519597053528E-001,9.214118123054504E-001,7.006350904703140E-002,-3.440997749567032E-002,3.688519597053528E-001,9.214118123054504E-001,
1.677266666666667E+009,5.847472324967384E-002,-2.450408786535263E-002,3.855545818805695E-001,9.116118550300598E-001,5.847472324967384E-002,-2.450408786535263E-002,3.855545818805695E-001,9.116118550300598E-001,
1.685633333333334E+009,5.643491074442864E-002,-1.003106590360403E-002,4.119654297828674E-001,8.944652676582336E-001,5.643491074442864E-002,-1.003106590360403E-002,4.119654297828674E-001,8.944652676582336E-001,
1.694000000000000E+009,6.049197912216187E-002,6.027322728186846E-003,4.404083490371704E-001,8.832989335060120E-001,6.049197912216187E-002,6.027322728186846E-003,4.404083490371704E-001,8.832989335060120E-001,
1.702366666666667E+009,7.343770563602448E-002,1.453203987330198E-002,4.711099267005920E-001,8.649816513061523E-001,7.343770563602448E-002,1.453203987330198E-002,4.711099267005920E-001,8.649816513061523E-001,
1.710733333333334E+009,8.918797224760056E-002,1.652139611542225E-002,4.850000739097595E-001,8.611579537391663E-001,8.918797224760056E-002,1.652139611542225E-002,4.850000739097595E-001,8.611579537391663E-001,
1.719100000000000E+009,1.042938008904457E-001,5.601125303655863E-003,5.096443891525269E-001,8.380424380302429E-001,1.042938008904457E-001,5.601125303655863E-003,5.096443891525269E-001,8.380424380302429E-001,
1.727466666666667E+009,1.135505363345146E-001,-8.465747348964214E-003,5.239917039871216E-001,8.292796611785889E-001,1.135505363345146E-001,-8.465747348964214E-003,5.239917039871216E-001,8.292796611785889E-001,
1.735833333333334E+009,1.174258440732956E-001,-2.771296352148056E-002,5.468203425407410E-001,8.116455078125000E-001,1.174258440732956E-001,-2.771296352148056E-002,5.468203425407410E-001,8.116455078125000E-001,
1.744200000000000E+009,1.101339310407639E-001,-4.601921141147614E-002,5.684190392494202E-001,7.947093248367310E-001,1.101339310407639E-001,-4.601921141147614E-002,5.684190392494202E-001,7.947093248367310E-001,
1.752566666666667E+009,9.762272983789444E-002,-5.825513601303101E-002,5.823458433151245E-001,7.911638617515564E-001,9.762272983789444E-002,-5.825513601303101E-002,5.823458433151245E-001,7.911638617515564E-001,
1.760933333333334E+009,8.122552186250687E-002,-6.118541210889816E-002,6.053853034973145E-001,7.751196026802063E-001,8.122552186250687E-002,-6.118541210889816E-002,6.053853034973145E-001,7.751196026802063E-001,
1.769300000000000E+009,6.768832355737686E-002,-5.756070092320442E-002,6.323102116584778E-001,7.540774941444397E-001,6.768832355737686E-002,-5.756070092320442E-002,6.323102116584778E-001,7.540774941444397E-001,
1.777666666666667E+009,5.944328382611275E-002,-4.955282062292099E-002,6.511102914810181E-001,7.478839755058289E-001,5.944328382611275E-002,-4.955282062292099E-002,6.511102914810181E-001,7.478839755058289E-001,
1.786033333333334E+009,5.921651795506477E-002,-3.629646077752113E-002,6.684166193008423E-001,7.248510122299194E-001,5.921651795506477E-002,-3.629646077752113E-002,6.684166193008423E-001,7.248510122299194E-001,
1.794400000000000E+009,6.340861320495606E-002,-2.652932889759541E-002,6.816865801811218E-001,7.050733566284180E-001,6.340861320495606E-002,-2.652932889759541E-002,6.816865801811218E-001,7.050733566284180E-001,
1.802766666666667E+009,7.442235946655273E-002,-1.950506679713726E-002,7.090205550193787E-001,6.927114725112915E-001,7.442235946655273E-002,-1.950506679713726E-002,7.090205550193787E-001,6.927114725112915E-001,
1.811133333333334E+009,8.426727354526520E-002,-2.116144075989723E-002,7.227386236190796E-001,6.631669402122498E-001,8.426727354526520E-002,-2.116144075989723E-002,7.227386236190796E-001,6.631669402122498E-001,
1.819500000000000E+009,9.048476070165634E-002,-2.661713585257530E-002,7.387246489524841E-001,6.545648574829102E-001,9.048476070165634E-002,-2.661713585257530E-002,7.387246489524841E-001,6.545648574829102E-001,
1.827866666666667E+009,9.747839719057083E-002,-3.659519180655479E-002,7.488077282905579E-001,6.336174011230469E-001,9.747839719057083E-002,-3.659519180655479E-002,7.488077282905579E-001,6.336174011230469E-001,
1.836233333333334E+009,9.441216289997101E-002,-4.910006746649742E-002,7.693989872932434E-001,6.062683463096619E-001,9.441216289997101E-002,-4.910006746649742E-002,7.693989872932434E-001,6.062683463096619E-001,
1.844600000000000E+009,9.104020148515701E-002,-5.899100005626679E-002,7.914276123046875E-001,6.038269400596619E-001,9.104020148515701E-002,-5.899100005626679E-002,7.914276123046875E-001,6.038269400596619E-001,
1.852966666666667E+009,8.174420148134232E-002,-6.434206664562225E-002,8.086131811141968E-001,5.752975344657898E-001,8.174420148134232E-002,-6.434206664562225E-002,8.086131811141968E-001,5.752975344657898E-001,
1.861333333333334E+009,7.387049496173859E-002,-6.682244688272476E-002,8.128872513771057E-001,5.551970005035400E-001,7.387049496173859E-002,-6.682244688272476E-002,8.128872513771057E-001,5.551970005035400E-001,
1.869700000000000E+009,6.746727228164673E-002,-6.309362500905991E-002,8.222876191139221E-001,5.392677187919617E-001,6.746727228164673E-002,-6.309362500905991E-002,8.222876191139221E-001,5.392677187919617E-001,
1.878066666666667E+009,6.445488333702087E-002,-5.801926553249359E-002,8.357673287391663E-001,5.073147416114807E-001,6.445488333702087E-002,-5.801926553249359E-002,8.357673287391663E-001,5.073147416114807E-001,
1.886433333333334E+009,6.610239297151566E-002,-4.986800998449326E-002,8.533214926719666E-001,4.943838417530060E-001,6.610239297151566E-002,-4.986800998449326E-002,8.533214926719666E-001,4.943838417530060E-001,
1.894800000000000E+009,7.110074162483215E-002,-4.388266056776047E-002,8.673765659332275E-001,4.753924310207367E-001,7.110074162483215E-002,-4.388266056776047E-002,8.673765659332275E-001,4.753924310207367E-001,
1.903166666666667E+009,8.117029815912247E-002,-4.354353621602058E-002,8.798719048500061E-001,4.463449418544769E-001,8.117029815912247E-002,-4.354353621602058E-002,8.798719048500061E-001,4.463449418544769E-001,
1.911533333333334E+009,8.941514045000076E-002,-4.584531486034393E-002,8.880661725997925E-001,4.275521934032440E-001,8.941514045000076E-002,-4.584531486034393E-002,8.880661725997925E-001,4.275521934032440E-001,
1.919900000000000E+009,9.708039462566376E-002,-5.785577371716499E-002,8.898664116859436E-001,3.952701389789581E-001,9.708039462566376E-002,-5.785577371716499E-002,8.898664116859436E-001,3.952701389789581E-001,
1.928266666666667E+009,9.784108400344849E-002,-6.948883831501007E-002,9.054593443870544E-001,3.702859282493591E-001,9.784108400344849E-002,-6.948883831501007E-002,9.054593443870544E-001,3.702859282493591E-001,
1.936633333333334E+009,9.243595600128174E-002,-8.324537426233292E-002,9.125487208366394E-001,3.524630665779114E-001,9.243595600128174E-002,-8.324537426233292E-002,9.125487208366394E-001,3.524630665779114E-001,
1.945000000000000E+009,8.422348648309708E-002,-9.507890790700913E-002,9.191785454750061E-001,3.243969082832336E-001,8.422348648309708E-002,-9.507890790700913E-002,9.191785454750061E-001,3.243969082832336E-001,
1.953366666666667E+009,7.086143642663956E-002,-1.014182940125465E-001,9.298781156539917E-001,2.959972918033600E-001,7.086143642663956E-002,-1.014182940125465E-001,9.298781156539917E-001,2.959972918033600E-001,
1.961733333333334E+009,5.925191566348076E-002,-1.012637019157410E-001,9.410235285758972E-001,2.955606281757355E-001,5.925191566348076E-002,-1.012637019157410E-001,9.410235285758972E-001,2.955606281757355E-001,
1.970100000000000E+009,4.899270087480545E-002,-9.336415678262711E-002,9.473426342010498E-001,2.558696568012238E-001,4.899270087480545E-002,-9.336415678262711E-002,9.473426342010498E-001,2.558696568012238E-001,
1.978466666666667E+009,4.648645594716072E-002,-8.324793726205826E-002,9.570547938346863E-001,2.306781858205795E-001,4.648645594716072E-002,-8.324793726205826E-002,9.570547938346863E-001,2.306781858205795E-001,
1.986833333333334E+009,4.944911599159241E-002,-7.355912774801254E-002,9.708294868469238E-001,2.085465788841248E-001,4.944911599159241E-002,-7.355912774801254E-002,9.708294868469238E-001,2.085465788841248E-001,
1.995200000000000E+009,6.153133511543274E-002,-6.591808050870895E-002,9.681481122970581E-001,1.897681355476379E-001,6.153133511543274E-002,-6.591808050870895E-002,9.681481122970581E-001,1.897681355476379E-001,
2.003566666666667E+009,7.494717836380005E-002,-6.650984287261963E-002,9.717387557029724E-001,1.612523943185806E-001,7.494717836380005E-002,-6.650984287261963E-002,9.717387557029724E-001,1.612523943185806E-001,
2.011933333333334E+009,8.717109262943268E-002,-7.500308752059937E-002,9.712556004524231E-001,1.283595263957977E-001,8.717109262943268E-002,-7.500308752059937E-002,9.712556004524231E-001,1.283595263957977E-001,
2.020300000000000E+009,9.288189560174942E-002,-8.706262707710266E-002,9.769152402877808E-001,1.076707467436791E-001,9.288189560174942E-002,-8.706262707710266E-002,9.769152402877808E-001,1.076707467436791E-001,
2.028666666666667E+009,9.153018146753311E-002,-1.046102195978165E-001,9.739596843719482E-001,8.328683674335480E-002,9.153018146753311E-002,-1.046102195978165E-001,9.739596843719482E-001,8.328683674335480E-002,
2.037033333333334E+009,8.122739940881729E-002,-1.217188313603401E-001,9.818418025970459E-001,5.631870031356812E-002,8.122739940881729E-002,-1.217188313603401E-001,9.818418025970459E-001,5.631870031356812E-002,
2.045400000000000E+009,6.482198089361191E-002,-1.329249441623688E-001,9.781509041786194E-001,3.971887752413750E-002,6.482198089361191E-002,-1.329249441623688E-001,9.781509041786194E-001,3.971887752413750E-002,
2.053766666666667E+009,4.623373225331307E-002,-1.356831192970276E-001,9.817829132080078E-001,6.623169872909784E-003,4.623373225331307E-002,-1.356831192970276E-001,9.817829132080078E-001,6.623169872909784E-003,
2.062133333333334E+009,3.048855811357498E-002,-1.297995597124100E-001,9.765269160270691E-001,-1.345339324325323E-002,3.048855811357498E-002,-1.297995597124100E-001,9.765269160270691E-001,-1.345339324325323E-002,
2.070500000000000E+009,2.239292860031128E-002,-1.156757324934006E-001,9.793075323104858E-001,-3.821691125631332E-002,2.239292860031128E-002,-1.156757324934006E-001,9.793075323104858E-001,-3.821691125631332E-002,
2.078866666666667E+009,2.418059110641480E-002,-1.033934354782105E-001,9.782475829124451E-001,-6.642180681228638E-002,2.418059110641480E-002,-1.033934354782105E-001,9.782475829124451E-001,-6.642180681228638E-002,
2.087233333333334E+009,3.630508854985237E-002,-9.219922125339508E-002,9.741950035095215E-001,-8.972132951021195E-002,3.630508854985237E-002,-9.219922125339508E-002,9.741950035095215E-001,-8.972132951021195E-002,
2.095600000000000E+009,5.396550521254540E-002,-9.314069151878357E-002,9.747706055641174E-001,-1.208869665861130E-001,5.396550521254540E-002,-9.314069151878357E-002,9.747706055641174E-001,-1.208869665861130E-001,
2.103966666666667E+009,6.798447668552399E-002,-1.043378338217735E-001,9.741314649581909E-001,-1.408163756132126E-001,6.798447668552399E-002,-1.043378338217735E-001,9.741314649581909E-001,-1.408163756132126E-001,
2.112333333333334E+009,7.770088315010071E-002,-1.204358711838722E-001,9.628186821937561E-001,-1.652500480413437E-001,7.770088315010071E-002,-1.204358711838722E-001,9.628186821937561E-001,-1.652500480413437E-001,
2.120700000000000E+009,7.275474071502686E-002,-1.440417468547821E-001,9.626380205154419E-001,-2.017779201269150E-001,7.275474071502686E-002,-1.440417468547821E-001,9.626380205154419E-001,-2.017779201269150E-001,
2.129066666666667E+009,5.777163803577423E-002,-1.619206964969635E-001,9.437628984451294E-001,-2.195958793163300E-001,5.777163803577423E-002,-1.619206964969635E-001,9.437628984451294E-001,-2.195958793163300E-001,
2.137433333333334E+009,3.395557776093483E-002,-1.730918437242508E-001,9.430661797523499E-001,-2.325949221849442E-001,3.395557776093483E-002,-1.730918437242508E-001,9.430661797523499E-001,-2.325949221849442E-001,
2.145800000000000E+009,6.873264908790588E-003,-1.746053844690323E-001,9.357131719589233E-001,-2.542104721069336E-001,6.873264908790588E-003,-1.746053844690323E-001,9.357131719589233E-001,-2.542104721069336E-001,
2.154166666666667E+009,-1.495925616472960E-002,-1.611289232969284E-001,9.320564270019531E-001,-2.797704041004181E-001,-1.495925616472960E-002,-1.611289232969284E-001,9.320564270019531E-001,-2.797704041004181E-001,
2.162533333333334E+009,-2.650702930986881E-002,-1.413865536451340E-001,9.217541217803955E-001,-3.014058768749237E-001,-2.650702930986881E-002,-1.413865536451340E-001,9.217541217803955E-001,-3.014058768749237E-001,
2.170900000000000E+009,-2.315235696732998E-002,-1.213440001010895E-001,9.190331697463989E-001,-3.309071660041809E-001,-2.315235696732998E-002,-1.213440001010895E-001,9.190331697463989E-001,-3.309071660041809E-001,
2.179266666666667E+009,-9.919900447130203E-003,-1.067190393805504E-001,9.094110727310181E-001,-3.527019321918488E-001,-9.919900447130203E-003,-1.067190393805504E-001,9.094110727310181E-001,-3.527019321918488E-001,
2.187633333333334E+009,1.156347244977951E-002,-1.041273549199104E-001,9.084573984146118E-001,-3.793835341930389E-001,1.156347244977951E-002,-1.041273549199104E-001,9.084573984146118E-001,-3.793835341930389E-001,
2.196000000000000E+009,3.004151210188866E-002,-1.154351532459259E-001,8.901976346969605E-001,-4.038265943527222E-001,3.004151210188866E-002,-1.154351532459259E-001,8.901976346969605E-001,-4.038265943527222E-001,
2.204366666666667E+009,4.022949934005737E-002,-1.367724686861038E-001,8.715555667877197E-001,-4.337626993656158E-001,4.022949934005737E-002,-1.367724686861038E-001,8.715555667877197E-001,-4.337626993656158E-001,
2.212733333333334E+009,3.628779202699661E-002,-1.595620810985565E-001,8.621071577072144E-001,-4.463589489459992E-001,3.628779202699661E-002,-1.595620810985565E-001,8.621071577072144E-001,-4.463589489459992E-001,
2.221100000000000E+009,1.938636787235737E-002,-1.814492195844650E-001,8.524852395057678E-001,-4.665268361568451E-001,1.938636787235737E-002,-1.814492195844650E-001,8.524852395057678E-001,-4.665268361568451E-001,
2.229466666666667E+009,-9.003712795674801E-003,-1.953030973672867E-001,8.439370989799500E-001,-4.930300712585449E-001,-9.003712795674801E-003,-1.953030973672867E-001,8.439370989799500E-001,-4.930300712585449E-001,
2.237833333333334E+009,-3.845102712512016E-002,-1.897950172424316E-001,8.201420903205872E-001,-5.029563903808594E-001,-3.845102712512016E-002,-1.897950172424316E-001,8.201420903205872E-001,-5.029563903808594E-001,
2.246200000000000E+009,-6.385630369186401E-002,-1.732482016086578E-001,8.096204400062561E-001,-5.294836163520813E-001,-6.385630369186401E-002,-1.732482016086578E-001,8.096204400062561E-001,-5.294836163520813E-001,
2.254566666666667E+009,-7.603371888399124E-002,-1.492417752742767E-001,8.027417063713074E-001,-5.489804744720459E-001,-7.603371888399124E-002,-1.492417752742767E-001,8.027417063713074E-001,-5.489804744720459E-001,
2.262933333333334E+009,-7.376528531312943E-002,-1.259417533874512E-001,7.934181690216065E-001,-5.735727548599243E-001,-7.376528531312943E-002,-1.259417533874512E-001,7.934181690216065E-001,-5.735727548599243E-001,
2.271300000000000E+009,-6.013935431838036E-002,-1.106609329581261E-001,7.858803868293762E-001,-5.877231359481812E-001,-6.013935431838036E-002,-1.106609329581261E-001,7.858803868293762E-001,-5.877231359481812E-001,
2.279666666666667E+009,-3.684742376208305E-002,-1.077672243118286E-001,7.623364925384522E-001,-6.111914515495300E-001,-3.684742376208305E-002,-1.077672243118286E-001,7.623364925384522E-001,-6.111914515495300E-001,
2.288033333333334E+009,-1.909177564084530E-002,-1.210309565067291E-001,7.429891824722290E-001,-6.335250735282898E-001,-1.909177564084530E-002,-1.210309565067291E-001,7.429891824722290E-001,-6.335250735282898E-001,
2.296400000000000E+009,-1.014568563550711E-002,-1.435513347387314E-001,7.288762927055359E-001,-6.581580042839050E-001,-1.014568563550711E-002,-1.435513347387314E-001,7.288762927055359E-001,-6.581580042839050E-001,
2.304766666666667E+009,-1.489401608705521E-002,-1.679522395133972E-001,7.104363441467285E-001,-6.679205894470215E-001,-1.489401608705521E-002,-1.679522395133972E-001,7.104363441467285E-001,-6.679205894470215E-001,
2.313133333333334E+009,-3.683800995349884E-002,-1.834713071584702E-001,6.810383200645447E-001,-6.867220997810364E-001,-3.683800995349884E-002,-1.834713071584702E-001,6.810383200645447E-001,-6.867220997810364E-001,
2.321500000000000E+009,-6.388435512781143E-002,-1.874538809061050E-001,6.644931435585022E-001,-7.026515603065491E-001,-6.388435512781143E-002,-1.874538809061050E-001,6.644931435585022E-001,-7.026515603065491E-001,
2.329866666666667E+009,-9.289194643497467E-002,-1.747550666332245E-001,6.514441370964050E-001,-7.149846553802490E-001,-9.289194643497467E-002,-1.747550666332245E-001,6.514441370964050E-001,-7.149846553802490E-001,
2.338233333333334E+009,-1.109353601932526E-001,-1.515362262725830E-001,6.341795325279236E-001,-7.315942049026489E-001,-1.109353601932526E-001,-1.515362262725830E-001,6.341795325279236E-001,-7.315942049026489E-001,
2.346600000000000E+009,-1.149014756083489E-001,-1.242952048778534E-001,6.161174774169922E-001,-7.458460927009583E-001,-1.149014756083489E-001,-1.242952048778534E-001,6.161174774169922E-001,-7.458460927009583E-001,
2.354966666666667E+009,-1.053967997431755E-001,-1.006486713886261E-001,5.995871424674988E-001,-7.669952511787415E-001,-1.053967997431755E-001,-1.006486713886261E-001,5.995871424674988E-001,-7.669952511787415E-001,
2.363333333333334E+009,-8.302249759435654E-002,-9.057676047086716E-002,5.902674794197083E-001,-7.866361141204834E-001,-8.302249759435654E-002,-9.057676047086716E-002,5.902674794197083E-001,-7.866361141204834E-001,
2.371700000000000E+009,-5.649856477975845E-002,-9.884567558765411E-002,5.508972406387329E-001,-8.028593659400940E-001,-5.649856477975845E-002,-9.884567558765411E-002,5.508972406387329E-001,-8.028593659400940E-001,
2.380066666666667E+009,-4.283525049686432E-002,-1.229120343923569E-001,5.353344678878784E-001,-8.176447749137878E-001,-4.283525049686432E-002,-1.229120343923569E-001,5.353344678878784E-001,-8.176447749137878E-001,
2.388433333333334E+009,-4.270512610673904E-002,-1.568696200847626E-001,5.075202584266663E-001,-8.245955705642700E-001,-4.270512610673904E-002,-1.568696200847626E-001,5.075202584266663E-001,-8.245955705642700E-001,
2.396800000000000E+009,-6.309174746274948E-002,-1.869968920946121E-001,4.898246824741364E-001,-8.411667943000794E-001,-6.309174746274948E-002,-1.869968920946121E-001,4.898246824741364E-001,-8.411667943000794E-001,
2.405166666666667E+009,-9.568875283002853E-002,-2.032516151666641E-001,4.599378108978272E-001,-8.559168577194214E-001,-9.568875283002853E-002,-2.032516151666641E-001,4.599378108978272E-001,-8.559168577194214E-001,
2.413533333333334E+009,-1.363253444433212E-001,-2.000706791877747E-001,4.469749927520752E-001,-8.575466871261597E-001,-1.363253444433212E-001,-2.000706791877747E-001,4.469749927520752E-001,-8.575466871261597E-001,
2.421900000000000E+009,-1.704570651054382E-001,-1.782479733228684E-001,4.258677363395691E-001,-8.647044897079468E-001,-1.704570651054382E-001,-1.782479733228684E-001,4.258677363395691E-001,-8.647044897079468E-001,
2.430266666666667E+009,-1.935848444700241E-001,-1.411836892366409E-001,4.080768227577210E-001,-8.699259161949158E-001,-1.935848444700241E-001,-1.411836892366409E-001,4.080768227577210E-001,-8.699259161949158E-001,
2.438633333333334E+009,-1.977270692586899E-001,-9.852380305528641E-002,3.885536193847656E-001,-8.842397928237915E-001,-1.977270692586899E-001,-9.852380305528641E-002,3.885536193847656E-001,-8.842397928237915E-001,
2.447000000000000E+009,-1.829961836338043E-001,-6.286269426345825E-002,3.746380805969238E-001,-8.903529644012451E-001,-1.829961836338043E-001,-6.286269426345825E-002,3.746380805969238E-001,-8.903529644012451E-001,
2.455366666666667E+009,-1.533918082714081E-001,-3.996778652071953E-002,3.420787751674652E-001,-9.044762849807739E-001,-1.533918082714081E-001,-3.996778652071953E-002,3.420787751674652E-001,-9.044762849807739E-001,
2.463733333333334E+009,-1.218518838286400E-001,-4.055844247341156E-002,3.278203606605530E-001,-9.235677123069763E-001,-1.218518838286400E-001,-4.055844247341156E-002,3.278203606605530E-001,-9.235677123069763E-001,
2.472100000000000E+009,-9.530130773782730E-002,-6.003043800592423E-002,2.970071136951447E-001,-9.349263310432434E-001,-9.530130773782730E-002,-6.003043800592423E-002,2.970071136951447E-001,-9.349263310432434E-001,
2.480466666666667E+009,-8.594270795583725E-002,-9.075057506561279E-002,2.615060508251190E-001,-9.365003108978272E-001,-8.594270795583725E-002,-9.075057506561279E-002,2.615060508251190E-001,-9.365003108978272E-001,
2.488833333333334E+009,-9.617745131254196E-002,-1.239976957440376E-001,2.349926978349686E-001,-9.350919127464294E-001,-9.617745131254196E-002,-1.239976957440376E-001,2.349926978349686E-001,-9.350919127464294E-001,
2.497200000000000E+009,-1.243662312626839E-001,-1.426486968994141E-001,2.090192139148712E-001,-9.452719092369080E-001,-1.243662312626839E-001,-1.426486968994141E-001,2.090192139148712E-001,-9.452719092369080E-001,
2.505566666666667E+009,-1.595379263162613E-001,-1.453560292720795E-001,1.917974799871445E-001,-9.485461115837097E-001,-1.595379263162613E-001,-1.453560292720795E-001,1.917974799871445E-001,-9.485461115837097E-001,
2.513933333333334E+009,-1.899298280477524E-001,-1.287071555852890E-001,1.714445203542709E-001,-9.489939808845520E-001,-1.899298280477524E-001,-1.287071555852890E-001,1.714445203542709E-001,-9.489939808845520E-001,
2.522300000000000E+009,-2.069403827190399E-001,-9.465999901294708E-002,1.498835831880570E-001,-9.465467333793640E-001,-2.069403827190399E-001,-9.465999901294708E-002,1.498835831880570E-001,-9.465467333793640E-001,
2.530666666666667E+009,-2.062174081802368E-001,-5.714270845055580E-002,1.273867189884186E-001,-9.589264988899231E-001,-2.062174081802368E-001,-5.714270845055580E-002,1.273867189884186E-001,-9.589264988899231E-001,
2.539033333333334E+009,-1.918407529592514E-001,-2.551762945950031E-002,1.055257394909859E-001,-9.646286964416504E-001,-1.918407529592514E-001,-2.551762945950031E-002,1.055257394909859E-001,-9.646286964416504E-001,
2.547400000000000E+009,-1.611488908529282E-001,-9.132274426519871E-003,9.337309747934341E-002,-9.674535989761353E-001,-1.611488908529282E-001,-9.132274426519871E-003,9.337309747934341E-002,-9.674535989761353E-001,
2.555766666666667E+009,-1.329662799835205E-001,-1.179014705121517E-002,4.717550426721573E-002,-9.844344854354858E-001,-1.329662799835205E-001,-1.179014705121517E-002,4.717550426721573E-002,-9.844344854354858E-001,
2.564133333333334E+009,-1.126476377248764E-001,-3.323448449373245E-002,2.734729647636414E-002,-9.794770479202271E-001,-1.126476377248764E-001,-3.323448449373245E-002,2.734729647636414E-002,-9.794770479202271E-001,
2.572500000000000E+009,-1.118611246347427E-001,-6.416961550712585E-002,-1.498779165558517E-003,-9.796506166458130E-001,-1.118611246347427E-001,-6.416961550712585E-002,-1.498779165558517E-003,-9.796506166458130E-001,
2.580866666666667E+009,-1.276147961616516E-001,-9.134069830179215E-002,-3.079583495855331E-002,-9.785794615745544E-001,-1.276147961616516E-001,-9.134069830179215E-002,-3.079583495855331E-002,-9.785794615745544E-001,
2.589233333333334E+009,-1.589509546756744E-001,-1.085577681660652E-001,-5.724502727389336E-002,-9.737680554389954E-001,-1.589509546756744E-001,-1.085577681660652E-001,-5.724502727389336E-002,-9.737680554389954E-001,
2.597600000000000E+009,-1.959524154663086E-001,-1.042181923985481E-001,-7.556298375129700E-002,-9.597030878067017E-001,-1.959524154663086E-001,-1.042181923985481E-001,-7.556298375129700E-002,-9.597030878067017E-001,
2.605966666666667E+009,-2.258582860231400E-001,-8.329454064369202E-002,-9.901321679353714E-002,-9.574774503707886E-001,-2.258582860231400E-001,-8.329454064369202E-002,-9.901321679353714E-002,-9.574774503707886E-001,
2.614333333333334E+009,-2.416484802961350E-001,-4.828601330518723E-002,-1.193208917975426E-001,-9.550451636314392E-001,-2.416484802961350E-001,-4.828601330518723E-002,-1.193208917975426E-001,-9.550451636314392E-001,
2.622700000000000E+009,-2.374718785285950E-001,-1.064267475157976E-002,-1.338284313678742E-001,-9.542208909988403E-001,-2.374718785285950E-001,-1.064267475157976E-002,-1.338284313678742E-001,-9.542208909988403E-001,
2.631066666666667E+009,-2.177623808383942E-001,2.407274581491947E-002,-1.596026122570038E-001,-9.565240740776062E-001,-2.177623808383942E-001,2.407274581491947E-002,-1.596026122570038E-001,-9.565240740776062E-001,
2.639433333333334E+009,-1.844784766435623E-001,4.037071019411087E-002,-1.872370392084122E-001,-9.628996849060059E-001,-1.844784766435623E-001,4.037071019411087E-002,-1.872370392084122E-001,-9.628996849060059E-001,
2.647800000000000E+009,-1.517209261655808E-001,3.890080377459526E-002,-2.073591202497482E-001,-9.560440778732300E-001,-1.517209261655808E-001,3.890080377459526E-002,-2.073591202497482E-001,-9.560440778732300E-001,
2.656166666666667E+009,-1.303624659776688E-001,2.042380906641483E-002,-2.396413236856461E-001,-9.562982916831970E-001,-1.303624659776688E-001,2.042380906641483E-002,-2.396413236856461E-001,-9.562982916831970E-001,
2.664533333333334E+009,-1.256474405527115E-001,-5.901831667870283E-003,-2.737142741680145E-001,-9.446619749069214E-001,-1.256474405527115E-001,-5.901831667870283E-003,-2.737142741680145E-001,-9.446619749069214E-001,
2.672900000000000E+009,-1.406992673873901E-001,-3.142333775758743E-002,-2.926678657531738E-001,-9.281869530677795E-001,-1.406992673873901E-001,-3.142333775758743E-002,-2.926678657531738E-001,-9.281869530677795E-001,
2.681266666666667E+009,-1.727093905210495E-001,-4.481242969632149E-002,-3.190667927265167E-001,-9.195647239685059E-001,-1.727093905210495E-001,-4.481242969632149E-002,-3.190667927265167E-001,-9.195647239685059E-001,
2.689633333333334E+009,-2.059084624052048E-001,-3.916068375110626E-002,-3.447911143302918E-001,-9.075390100479126E-001,-2.059084624052048E-001,-3.916068375110626E-002,-3.447911143302918E-001,-9.075390100479126E-001,
2.698000000000000E+009,-2.324566096067429E-001,-1.751281134784222E-002,-3.638934791088104E-001,-8.945300579071045E-001,-2.324566096067429E-001,-1.751281134784222E-002,-3.638934791088104E-001,-8.945300579071045E-001,
2.706366666666667E+009,-2.440460026264191E-001,1.616987399756908E-002,-3.809561431407929E-001,-8.899418711662293E-001,-2.440460026264191E-001,1.616987399756908E-002,-3.809561431407929E-001,-8.899418711662293E-001,
2.714733333333334E+009,-2.383432686328888E-001,5.185656249523163E-002,-3.938269615173340E-001,-8.795223832130432E-001,-2.383432686328888E-001,5.185656249523163E-002,-3.938269615173340E-001,-8.795223832130432E-001,
2.723100000000000E+009,-2.142507880926132E-001,8.187897503376007E-002,-4.154640436172485E-001,-8.706748485565186E-001,-2.142507880926132E-001,8.187897503376007E-002,-4.154640436172485E-001,-8.706748485565186E-001,
2.731466666666667E+009,-1.797318607568741E-001,9.589966386556625E-002,-4.383270144462585E-001,-8.656648993492127E-001,-1.797318607568741E-001,9.589966386556625E-002,-4.383270144462585E-001,-8.656648993492127E-001,
2.739833333333334E+009,-1.442672312259674E-001,9.388390928506851E-002,-4.619828760623932E-001,-8.520273566246033E-001,-1.442672312259674E-001,9.388390928506851E-002,-4.619828760623932E-001,-8.520273566246033E-001,
2.748200000000000E+009,-1.185232475399971E-001,7.556517422199249E-002,-4.945316612720490E-001,-8.474165201187134E-001,-1.185232475399971E-001,7.556517422199249E-002,-4.945316612720490E-001,-8.474165201187134E-001,
2.756566666666667E+009,-1.107595860958099E-001,4.597974196076393E-002,-5.222674012184143E-001,-8.338580131530762E-001,-1.107595860958099E-001,4.597974196076393E-002,-5.222674012184143E-001,-8.338580131530762E-001,
2.764933333333334E+009,-1.238422915339470E-001,2.040576748549938E-002,-5.470793247222900E-001,-8.210722208023071E-001,-1.238422915339470E-001,2.040576748549938E-002,-5.470793247222900E-001,-8.210722208023071E-001,
2.773300000000000E+009,-1.518043577671051E-001,5.339749623090029E-003,-5.688687562942505E-001,-7.923818230628967E-001,-1.518043577671051E-001,5.339749623090029E-003,-5.688687562942505E-001,-7.923818230628967E-001,
2.781666666666667E+009,-1.858403831720352E-001,8.446826599538326E-003,-5.835543870925903E-001,-7.775162458419800E-001,-1.858403831720352E-001,8.446826599538326E-003,-5.835543870925903E-001,-7.775162458419800E-001,
2.790033333333334E+009,-2.133965492248535E-001,3.066151402890682E-002,-6.004613041877747E-001,-7.588997483253479E-001,-2.133965492248535E-001,3.066151402890682E-002,-6.004613041877747E-001,-7.588997483253479E-001,
2.798400000000000E+009,-2.270957231521606E-001,6.169451028108597E-002,-6.115751266479492E-001,-7.459055781364441E-001,-2.270957231521606E-001,6.169451028108597E-002,-6.115751266479492E-001,-7.459055781364441E-001,
2.806766666666667E+009,-2.208198010921478E-001,9.652386605739594E-002,-6.277562975883484E-001,-7.377855777740479E-001,-2.208198010921478E-001,9.652386605739594E-002,-6.277562975883484E-001,-7.377855777740479E-001,
2.815133333333334E+009,-1.980846971273422E-001,1.247003301978111E-001,-6.435355544090271E-001,-7.214046716690064E-001,-1.980846971273422E-001,1.247003301978111E-001,-6.435355544090271E-001,-7.214046716690064E-001,
2.823500000000000E+009,-1.645928174257278E-001,1.370050460100174E-001,-6.606444120407105E-001,-7.117967009544373E-001,-1.645928174257278E-001,1.370050460100174E-001,-6.606444120407105E-001,-7.117967009544373E-001,
2.831866666666667E+009,-1.285877972841263E-001,1.341145485639572E-001,-6.763692498207092E-001,-6.931786537170410E-001,-1.285877972841263E-001,1.341145485639572E-001,-6.763692498207092E-001,-6.931786537170410E-001,
2.840233333333334E+009,-1.009818017482758E-001,1.125635877251625E-001,-7.051522135734558E-001,-6.828902959823608E-001,-1.009818017482758E-001,1.125635877251625E-001,-7.051522135734558E-001,-6.828902959823608E-001,
2.848600000000000E+009,-9.080702066421509E-002,8.351153880357742E-002,-7.235543727874756E-001,-6.509024500846863E-001,-9.080702066421509E-002,8.351153880357742E-002,-7.235543727874756E-001,-6.509024500846863E-001,
2.856966666666667E+009,-1.031725630164146E-001,5.762515217065811E-002,-7.499373555183411E-001,-6.345070600509644E-001,-1.031725630164146E-001,5.762515217065811E-002,-7.499373555183411E-001,-6.345070600509644E-001,
2.865333333333334E+009,-1.296054869890213E-001,4.209178313612938E-002,-7.610871195793152E-001,-6.137316226959229E-001,-1.296054869890213E-001,4.209178313612938E-002,-7.610871195793152E-001,-6.137316226959229E-001,
2.873700000000000E+009,-1.630867868661881E-001,4.648893699049950E-002,-7.713363170623779E-001,-5.829985141754150E-001,-1.630867868661881E-001,4.648893699049950E-002,-7.713363170623779E-001,-5.829985141754150E-001,
2.882066666666667E+009,-1.923855990171433E-001,7.027035951614380E-002,-7.901482582092285E-001,-5.615782141685486E-001,-1.923855990171433E-001,7.027035951614380E-002,-7.901482582092285E-001,-5.615782141685486E-001,
2.890433333333334E+009,-2.071388959884644E-001,1.040327697992325E-001,-7.950539588928223E-001,-5.431829094886780E-001,-2.071388959884644E-001,1.040327697992325E-001,-7.950539588928223E-001,-5.431829094886780E-001,
2.898800000000000E+009,-2.016277760267258E-001,1.419707238674164E-001,-8.038989901542664E-001,-5.245487689971924E-001,-2.016277760267258E-001,1.419707238674164E-001,-8.038989901542664E-001,-5.245487689971924E-001,
2.907166666666667E+009,-1.777739822864533E-001,1.712239533662796E-001,-8.205553889274597E-001,-5.122184157371521E-001,-1.777739822864533E-001,1.712239533662796E-001,-8.205553889274597E-001,-5.122184157371521E-001,
2.915533333333334E+009,-1.427148878574371E-001,1.851228177547455E-001,-8.333485126495361E-001,-5.000522732734680E-001,-1.427148878574371E-001,1.851228177547455E-001,-8.333485126495361E-001,-5.000522732734680E-001,
2.923900000000000E+009,-1.026652753353119E-001,1.771121621131897E-001,-8.418635129928589E-001,-4.851907789707184E-001,-1.026652753353119E-001,1.771121621131897E-001,-8.418635129928589E-001,-4.851907789707184E-001,
2.932266666666667E+009,-7.291183620691299E-002,1.544177234172821E-001,-8.636043667793274E-001,-4.572203457355499E-001,-7.291183620691299E-002,1.544177234172821E-001,-8.636043667793274E-001,-4.572203457355499E-001,
2.940633333333334E+009,-6.070158630609512E-002,1.207818165421486E-001,-8.757250308990479E-001,-4.310339093208313E-001,-6.070158630609512E-002,1.207818165421486E-001,-8.757250308990479E-001,-4.310339093208313E-001,
2.949000000000000E+009,-6.866405159235001E-002,8.967876434326172E-002,-8.939707875251770E-001,-4.085522294044495E-001,-6.866405159235001E-002,8.967876434326172E-002,-8.939707875251770E-001,-4.085522294044495E-001,
2.957366666666667E+009,-9.477050602436066E-002,7.061181217432022E-002,-9.023414254188538E-001,-3.822722733020783E-001,-9.477050602436066E-002,7.061181217432022E-002,-9.023414254188538E-001,-3.822722733020783E-001,
2.965733333333334E+009,-1.287307739257813E-001,7.332868129014969E-002,-9.137987494468689E-001,-3.494330048561096E-001,-1.287307739257813E-001,7.332868129014969E-002,-9.137987494468689E-001,-3.494330048561096E-001,
2.974100000000000E+009,-1.603960543870926E-001,9.727223217487335E-002,-9.133392572402954E-001,-3.233408927917481E-001,-1.603960543870926E-001,9.727223217487335E-002,-9.133392572402954E-001,-3.233408927917481E-001,
2.982466666666667E+009,-1.735354661941528E-001,1.343553364276886E-001,-9.132326841354370E-001,-3.002445697784424E-001,-1.735354661941528E-001,1.343553364276886E-001,-9.132326841354370E-001,-3.002445697784424E-001,
2.990833333333334E+009,-1.671610921621323E-001,1.753779351711273E-001,-9.163939952850342E-001,-2.773916125297546E-001,-1.671610921621323E-001,1.753779351711273E-001,-9.163939952850342E-001,-2.773916125297546E-001,
2.999200000000000E+009,-1.427717655897141E-001,2.068033367395401E-001,-9.232718348503113E-001,-2.619875371456146E-001,-1.427717655897141E-001,2.068033367395401E-001,-9.232718348503113E-001,-2.619875371456146E-001,
3.007566666666667E+009,-1.057245805859566E-001,2.206911146640778E-001,-9.318452477455139E-001,-2.460974454879761E-001,-1.057245805859566E-001,2.206911146640778E-001,-9.318452477455139E-001,-2.460974454879761E-001,
3.015933333333334E+009,-6.583686918020248E-002,2.130239009857178E-001,-9.450738430023193E-001,-2.221820652484894E-001,-6.583686918020248E-002,2.130239009857178E-001,-9.450738430023193E-001,-2.221820652484894E-001,
3.024300000000000E+009,-3.252655640244484E-002,1.857081055641174E-001,-9.515071511268616E-001,-2.024181634187698E-001,-3.252655640244484E-002,1.857081055641174E-001,-9.515071511268616E-001,-2.024181634187698E-001,
3.032666666666667E+009,-2.194065041840076E-002,1.454457044601440E-001,-9.609873294830322E-001,-1.776043176651001E-001,-2.194065041840076E-002,1.454457044601440E-001,-9.609873294830322E-001,-1.776043176651001E-001,
3.041033333333334E+009,-3.138122335076332E-002,1.068210676312447E-001,-9.737128019332886E-001,-1.505859494209290E-001,-3.138122335076332E-002,1.068210676312447E-001,-9.737128019332886E-001,-1.505859494209290E-001,
3.049400000000000E+009,-6.103036552667618E-002,8.501169830560684E-002,-9.809241294860840E-001,-1.215086206793785E-001,-6.103036552667618E-002,8.501169830560684E-002,-9.809241294860840E-001,-1.215086206793785E-001,
3.057766666666667E+009,-9.786473959684372E-002,8.609622716903687E-002,-9.797803759574890E-001,-8.404847979545593E-002,-9.786473959684372E-002,8.609622716903687E-002,-9.797803759574890E-001,-8.404847979545593E-002,
3.066133333333334E+009,-1.292352825403214E-001,1.132011413574219E-001,-9.705328345298767E-001,-5.703421682119370E-002,-1.292352825403214E-001,1.132011413574219E-001,-9.705328345298767E-001,-5.703421682119370E-002,
3.074500000000000E+009,-1.434692442417145E-001,1.544528454542160E-001,-9.664496779441834E-001,-3.014794550836086E-002,-1.434692442417145E-001,1.544528454542160E-001,-9.664496779441834E-001,-3.014794550836086E-002,
3.082866666666667E+009,-1.335961520671845E-001,2.006267905235291E-001,-9.557844400405884E-001,-1.653808355331421E-002,-1.335961520671845E-001,2.006267905235291E-001,-9.557844400405884E-001,-1.653808355331421E-002,
3.091233333333334E+009,-1.025876402854919E-001,2.357708364725113E-001,-9.594241976737976E-001,3.500690218061209E-003,-1.025876402854919E-001,2.357708364725113E-001,-9.594241976737976E-001,3.500690218061209E-003,
3.099600000000000E+009,-5.737907439470291E-002,2.512989342212677E-001,-9.574137926101685E-001,2.250565588474274E-002,-5.737907439470291E-002,2.512989342212677E-001,-9.574137926101685E-001,2.250565588474274E-002,
3.107966666666667E+009,-1.157134212553501E-002,2.415182441473007E-001,-9.607735872268677E-001,4.036235064268112E-002,-1.157134212553501E-002,2.415182441473007E-001,-9.607735872268677E-001,4.036235064268112E-002,
3.116333333333334E+009,2.402525395154953E-002,2.085045725107193E-001,-9.703779816627502E-001,6.221741065382958E-002,2.402525395154953E-002,2.085045725107193E-001,-9.703779816627502E-001,6.221741065382958E-002,
3.124700000000000E+009,3.918614983558655E-002,1.623408049345017E-001,-9.702582359313965E-001,8.595656603574753E-002,3.918614983558655E-002,1.623408049345017E-001,-9.702582359313965E-001,8.595656603574753E-002,
3.133066666666667E+009,2.575819566845894E-002,1.129586771130562E-001,-9.883485436439514E-001,1.237713322043419E-001,2.575819566845894E-002,1.129586771130562E-001,-9.883485436439514E-001,1.237713322043419E-001,
3.141433333333334E+009,-9.849652647972107E-003,8.122424781322479E-002,-9.778751730918884E-001,1.582394391298294E-001,-9.849652647972107E-003,8.122424781322479E-002,-9.778751730918884E-001,1.582394391298294E-001,
3.149800000000000E+009,-5.642644315958023E-002,7.776736468076706E-002,-9.714873433113098E-001,1.937012821435928E-001,-5.642644315958023E-002,7.776736468076706E-002,-9.714873433113098E-001,1.937012821435928E-001,
3.158166666666667E+009,-9.689909219741821E-002,1.020266413688660E-001,-9.610743522644043E-001,2.187211215496063E-001,-9.689909219741821E-002,1.020266413688660E-001,-9.610743522644043E-001,2.187211215496063E-001,
3.166533333333334E+009,-1.159947738051415E-001,1.464220732450485E-001,-9.404681324958801E-001,2.411013543605804E-001,-1.159947738051415E-001,1.464220732450485E-001,-9.404681324958801E-001,2.411013543605804E-001,
3.174900000000000E+009,-1.084580197930336E-001,1.972619742155075E-001,-9.288876652717590E-001,2.599159777164459E-001,-1.084580197930336E-001,1.972619742155075E-001,-9.288876652717590E-001,2.599159777164459E-001,
3.183266666666667E+009,-7.794451713562012E-002,2.372618466615677E-001,-9.192795157432556E-001,2.794544696807861E-001,-7.794451713562012E-002,2.372618466615677E-001,-9.192795157432556E-001,2.794544696807861E-001,
3.191633333333334E+009,-2.863670140504837E-002,2.581753432750702E-001,-9.135872721672058E-001,2.858954071998596E-001,-2.863670140504837E-002,2.581753432750702E-001,-9.135872721672058E-001,2.858954071998596E-001,
3.200000000000000E+009,2.147437818348408E-002,2.486139982938767E-001,-9.048162102699280E-001,3.098388016223908E-001,2.147437818348408E-002,2.486139982938767E-001,-9.048162102699280E-001,3.098388016223908E-001,
