% Version 1.00
%
%freq[Hz],re:Trc1_S11,im:Trc1_S11,re:Trc2_S21,im:Trc2_S21,re:Trc3_S11,im:Trc3_S11,re:Trc4_S21,im:Trc4_S21,
2.500000000000000E+009,8.587432652711868E-002,-1.986103802919388E-001,2.082745730876923E-001,-9.303178787231445E-001,8.587432652711868E-002,-1.986103802919388E-001,2.082745730876923E-001,-9.303178787231445E-001,
2.511666666666667E+009,3.865302354097366E-002,-1.956388354301453E-001,1.725055128335953E-001,-9.441875219345093E-001,3.865302354097366E-002,-1.956388354301453E-001,1.725055128335953E-001,-9.441875219345093E-001,
2.523333333333334E+009,1.000836305320263E-002,-1.618286371231079E-001,1.535336673259735E-001,-9.569677710533142E-001,1.000836305320263E-002,-1.618286371231079E-001,1.535336673259735E-001,-9.569677710533142E-001,
2.535000000000000E+009,1.696505770087242E-002,-1.207589209079742E-001,9.964609146118164E-002,-9.654057621955872E-001,1.696505770087242E-002,-1.207589209079742E-001,9.964609146118164E-002,-9.654057621955872E-001,
2.546666666666667E+009,5.143724754452705E-002,-1.011392325162888E-001,6.016833335161209E-002,-9.752585291862488E-001,5.143724754452705E-002,-1.011392325162888E-001,6.016833335161209E-002,-9.752585291862488E-001,
2.558333333333334E+009,9.016092866659164E-002,-1.187994331121445E-001,2.538937143981457E-002,-9.667685627937317E-001,9.016092866659164E-002,-1.187994331121445E-001,2.538937143981457E-002,-9.667685627937317E-001,
2.570000000000000E+009,1.019218713045120E-001,-1.621165871620178E-001,-1.737325638532639E-002,-9.524600505828857E-001,1.019218713045120E-001,-1.621165871620178E-001,-1.737325638532639E-002,-9.524600505828857E-001,
2.581666666666667E+009,7.759373635053635E-002,-2.044167667627335E-001,-4.745727777481079E-002,-9.443882107734680E-001,7.759373635053635E-002,-2.044167667627335E-001,-4.745727777481079E-002,-9.443882107734680E-001,
2.593333333333334E+009,3.146566450595856E-002,-2.225360423326492E-001,-7.228051871061325E-002,-9.425291419029236E-001,3.146566450595856E-002,-2.225360423326492E-001,-7.228051871061325E-002,-9.425291419029236E-001,
2.605000000000000E+009,-1.673007756471634E-002,-2.049781680107117E-001,-9.710279852151871E-002,-9.487269520759583E-001,-1.673007756471634E-002,-2.049781680107117E-001,-9.710279852151871E-002,-9.487269520759583E-001,
2.616666666666667E+009,-4.038899019360542E-002,-1.641810238361359E-001,-1.344331502914429E-001,-9.518097639083862E-001,-4.038899019360542E-002,-1.641810238361359E-001,-1.344331502914429E-001,-9.518097639083862E-001,
2.628333333333334E+009,-3.046781197190285E-002,-1.193930357694626E-001,-1.771852523088455E-001,-9.518621563911438E-001,-3.046781197190285E-002,-1.193930357694626E-001,-1.771852523088455E-001,-9.518621563911438E-001,
2.640000000000000E+009,6.702350918203592E-003,-1.014078482985497E-001,-2.129295319318771E-001,-9.525776505470276E-001,6.702350918203592E-003,-1.014078482985497E-001,-2.129295319318771E-001,-9.525776505470276E-001,
2.651666666666667E+009,4.547625035047531E-002,-1.196076050400734E-001,-2.506017386913300E-001,-9.353709816932678E-001,4.547625035047531E-002,-1.196076050400734E-001,-2.506017386913300E-001,-9.353709816932678E-001,
2.663333333333334E+009,5.523192137479782E-002,-1.610689908266068E-001,-2.834594845771790E-001,-9.185776710510254E-001,5.523192137479782E-002,-1.610689908266068E-001,-2.834594845771790E-001,-9.185776710510254E-001,
2.675000000000000E+009,2.949592284858227E-002,-2.009829282760620E-001,-3.110183477401733E-001,-9.012347459793091E-001,2.949592284858227E-002,-2.009829282760620E-001,-3.110183477401733E-001,-9.012347459793091E-001,
2.686666666666667E+009,-1.645481213927269E-002,-2.107467800378799E-001,-3.329301774501801E-001,-8.947436213493347E-001,-1.645481213927269E-002,-2.107467800378799E-001,-3.329301774501801E-001,-8.947436213493347E-001,
2.698333333333334E+009,-5.986743420362473E-002,-1.882757693529129E-001,-3.562085926532745E-001,-8.858720660209656E-001,-5.986743420362473E-002,-1.882757693529129E-001,-3.562085926532745E-001,-8.858720660209656E-001,
2.710000000000000E+009,-7.580571621656418E-002,-1.431539803743362E-001,-3.941137790679932E-001,-8.837149143218994E-001,-7.580571621656418E-002,-1.431539803743362E-001,-3.941137790679932E-001,-8.837149143218994E-001,
2.721666666666667E+009,-5.601656809449196E-002,-1.009360179305077E-001,-4.348750710487366E-001,-8.687939643859863E-001,-5.601656809449196E-002,-1.009360179305077E-001,-4.348750710487366E-001,-8.687939643859863E-001,
2.733333333333334E+009,-1.393361482769251E-002,-8.644021302461624E-002,-4.666675329208374E-001,-8.527598381042481E-001,-1.393361482769251E-002,-8.644021302461624E-002,-4.666675329208374E-001,-8.527598381042481E-001,
2.745000000000000E+009,2.275443077087402E-002,-1.092633306980133E-001,-5.053941011428833E-001,-8.300908207893372E-001,2.275443077087402E-002,-1.092633306980133E-001,-5.053941011428833E-001,-8.300908207893372E-001,
2.756666666666667E+009,3.031532838940620E-002,-1.525103598833084E-001,-5.328314900398254E-001,-8.005308508872986E-001,3.031532838940620E-002,-1.525103598833084E-001,-5.328314900398254E-001,-8.005308508872986E-001,
2.768333333333334E+009,1.979308435693383E-003,-1.922146677970886E-001,-5.551458001136780E-001,-7.768638730049133E-001,1.979308435693383E-003,-1.922146677970886E-001,-5.551458001136780E-001,-7.768638730049133E-001,
2.780000000000000E+009,-4.544134438037872E-002,-2.008122056722641E-001,-5.800380110740662E-001,-7.583584189414978E-001,-4.544134438037872E-002,-2.008122056722641E-001,-5.800380110740662E-001,-7.583584189414978E-001,
2.791666666666667E+009,-8.716151118278503E-002,-1.751503944396973E-001,-5.986226201057434E-001,-7.414444684982300E-001,-8.716151118278503E-002,-1.751503944396973E-001,-5.986226201057434E-001,-7.414444684982300E-001,
2.803333333333334E+009,-9.895741939544678E-002,-1.307651400566101E-001,-6.222817897796631E-001,-7.264716029167175E-001,-9.895741939544678E-002,-1.307651400566101E-001,-6.222817897796631E-001,-7.264716029167175E-001,
2.815000000000000E+009,-7.928102463483810E-002,-8.908414095640183E-002,-6.552518010139465E-001,-7.120754122734070E-001,-7.928102463483810E-002,-8.908414095640183E-002,-6.552518010139465E-001,-7.120754122734070E-001,
2.826666666666667E+009,-3.524444997310638E-002,-7.746591418981552E-002,-6.922374963760376E-001,-6.891758441925049E-001,-3.524444997310638E-002,-7.746591418981552E-002,-6.922374963760376E-001,-6.891758441925049E-001,
2.838333333333334E+009,-1.824924605898559E-003,-1.004384905099869E-001,-7.204035520553589E-001,-6.487213373184204E-001,-1.824924605898559E-003,-1.004384905099869E-001,-7.204035520553589E-001,-6.487213373184204E-001,
2.850000000000000E+009,3.662912873551250E-003,-1.466134935617447E-001,-7.370921373367310E-001,-6.184819340705872E-001,3.662912873551250E-003,-1.466134935617447E-001,-7.370921373367310E-001,-6.184819340705872E-001,
2.861666666666667E+009,-2.669426612555981E-002,-1.817924380302429E-001,-7.440211176872253E-001,-5.937404632568359E-001,-2.669426612555981E-002,-1.817924380302429E-001,-7.440211176872253E-001,-5.937404632568359E-001,
2.873333333333334E+009,-7.838769257068634E-002,-1.862194389104843E-001,-7.683396339416504E-001,-5.648208260536194E-001,-7.838769257068634E-002,-1.862194389104843E-001,-7.683396339416504E-001,-5.648208260536194E-001,
2.885000000000000E+009,-1.152251660823822E-001,-1.567792743444443E-001,-7.816677689552307E-001,-5.492715239524841E-001,-1.152251660823822E-001,-1.567792743444443E-001,-7.816677689552307E-001,-5.492715239524841E-001,
2.896666666666667E+009,-1.262723058462143E-001,-1.071723029017448E-001,-8.043461441993713E-001,-5.230494141578674E-001,-1.262723058462143E-001,-1.071723029017448E-001,-8.043461441993713E-001,-5.230494141578674E-001,
2.908333333333334E+009,-9.895330667495728E-002,-6.599456071853638E-002,-8.325016498565674E-001,-4.985865056514740E-001,-9.895330667495728E-002,-6.599456071853638E-002,-8.325016498565674E-001,-4.985865056514740E-001,
2.920000000000000E+009,-4.972255229949951E-002,-5.601163953542709E-002,-8.539500236511231E-001,-4.679378271102905E-001,-4.972255229949951E-002,-5.601163953542709E-002,-8.539500236511231E-001,-4.679378271102905E-001,
2.931666666666667E+009,-9.397963061928749E-003,-8.246832340955734E-002,-8.725901246070862E-001,-4.250527322292328E-001,-9.397963061928749E-003,-8.246832340955734E-002,-8.725901246070862E-001,-4.250527322292328E-001,
2.943333333333334E+009,-8.403891697525978E-003,-1.297721266746521E-001,-8.871513605117798E-001,-3.831798732280731E-001,-8.403891697525978E-003,-1.297721266746521E-001,-8.871513605117798E-001,-3.831798732280731E-001,
2.955000000000000E+009,-4.381867125630379E-002,-1.657735556364059E-001,-8.913357853889465E-001,-3.447230458259583E-001,-4.381867125630379E-002,-1.657735556364059E-001,-8.913357853889465E-001,-3.447230458259583E-001,
2.966666666666667E+009,-9.719505906105042E-002,-1.706911772489548E-001,-8.969641327857971E-001,-3.262549638748169E-001,-9.719505906105042E-002,-1.706911772489548E-001,-8.969641327857971E-001,-3.262549638748169E-001,
2.978333333333334E+009,-1.364161074161530E-001,-1.367802023887634E-001,-9.056661725044251E-001,-3.009358048439026E-001,-1.364161074161530E-001,-1.367802023887634E-001,-9.056661725044251E-001,-3.009358048439026E-001,
2.990000000000000E+009,-1.410001814365387E-001,-8.389718085527420E-002,-9.191472530364990E-001,-2.699832022190094E-001,-1.410001814365387E-001,-8.389718085527420E-002,-9.191472530364990E-001,-2.699832022190094E-001,
3.001666666666667E+009,-1.079585701227188E-001,-4.287956282496452E-002,-9.397439956665039E-001,-2.471140027046204E-001,-1.079585701227188E-001,-4.287956282496452E-002,-9.397439956665039E-001,-2.471140027046204E-001,
3.013333333333334E+009,-5.142884328961372E-002,-3.877343982458115E-002,-9.491981863975525E-001,-2.088381052017212E-001,-5.142884328961372E-002,-3.877343982458115E-002,-9.491981863975525E-001,-2.088381052017212E-001,
3.025000000000000E+009,-1.201722677797079E-002,-7.363668829202652E-002,-9.495338201522827E-001,-1.705258339643478E-001,-1.201722677797079E-002,-7.363668829202652E-002,-9.495338201522827E-001,-1.705258339643478E-001,
3.036666666666667E+009,-1.293357554823160E-002,-1.237415894865990E-001,-9.606389403343201E-001,-1.205984205007553E-001,-1.293357554823160E-002,-1.237415894865990E-001,-9.606389403343201E-001,-1.205984205007553E-001,
3.048333333333333E+009,-5.508230999112129E-002,-1.636961996555328E-001,-9.529397487640381E-001,-8.511406928300858E-002,-5.508230999112129E-002,-1.636961996555328E-001,-9.529397487640381E-001,-8.511406928300858E-002,
3.060000000000000E+009,-1.163696646690369E-001,-1.586983203887940E-001,-9.422637820243835E-001,-5.380953848361969E-002,-1.163696646690369E-001,-1.586983203887940E-001,-9.422637820243835E-001,-5.380953848361969E-002,
3.071666666666667E+009,-1.560286134481430E-001,-1.149875149130821E-001,-9.468698501586914E-001,-3.055222705006599E-002,-1.560286134481430E-001,-1.149875149130821E-001,-9.468698501586914E-001,-3.055222705006599E-002,
3.083333333333333E+009,-1.548348218202591E-001,-5.717059969902039E-002,-9.572076797485352E-001,-5.514719523489475E-003,-1.548348218202591E-001,-5.717059969902039E-002,-9.572076797485352E-001,-5.514719523489475E-003,
3.095000000000000E+009,-1.110152751207352E-001,-1.554021239280701E-002,-9.685566425323486E-001,2.788612060248852E-002,-1.110152751207352E-001,-1.554021239280701E-002,-9.685566425323486E-001,2.788612060248852E-002,
3.106666666666667E+009,-4.412291944026947E-002,-1.995289325714111E-002,-9.747895598411560E-001,7.105112820863724E-002,-4.412291944026947E-002,-1.995289325714111E-002,-9.747895598411560E-001,7.105112820863724E-002,
3.118333333333333E+009,-8.568527409806848E-004,-6.954960525035858E-002,-9.726437926292419E-001,1.155302897095680E-001,-8.568527409806848E-004,-6.954960525035858E-002,-9.726437926292419E-001,1.155302897095680E-001,
3.130000000000000E+009,-6.454588379710913E-003,-1.366900205612183E-001,-9.476187229156494E-001,1.667312234640122E-001,-6.454588379710913E-003,-1.366900205612183E-001,-9.476187229156494E-001,1.667312234640122E-001,
3.141666666666667E+009,-5.779285728931427E-002,-1.775642335414887E-001,-9.378653764724731E-001,1.973318308591843E-001,-5.779285728931427E-002,-1.775642335414887E-001,-9.378653764724731E-001,1.973318308591843E-001,
3.153333333333333E+009,-1.281822323799133E-001,-1.684064716100693E-001,-9.175964593887329E-001,2.150409072637558E-001,-1.281822323799133E-001,-1.684064716100693E-001,-9.175964593887329E-001,2.150409072637558E-001,
3.165000000000000E+009,-1.732868403196335E-001,-1.192586794495583E-001,-9.154879450798035E-001,2.497754395008087E-001,-1.732868403196335E-001,-1.192586794495583E-001,-9.154879450798035E-001,2.497754395008087E-001,
3.176666666666667E+009,-1.734918057918549E-001,-5.332380533218384E-002,-9.155884981155396E-001,2.642884850502014E-001,-1.734918057918549E-001,-5.332380533218384E-002,-9.155884981155396E-001,2.642884850502014E-001,
3.188333333333333E+009,-1.265390217304230E-001,-8.301956579089165E-003,-9.134599566459656E-001,3.027938902378082E-001,-1.265390217304230E-001,-8.301956579089165E-003,-9.134599566459656E-001,3.027938902378082E-001,
3.200000000000000E+009,-5.758635327219963E-002,-1.579646579921246E-002,-9.123307466506958E-001,3.427233994007111E-001,-5.758635327219963E-002,-1.579646579921246E-002,-9.123307466506958E-001,3.427233994007111E-001,
3.211666666666667E+009,-1.462726201862097E-002,-7.230369746685028E-002,-8.970326781272888E-001,3.846426606178284E-001,-1.462726201862097E-002,-7.230369746685028E-002,-8.970326781272888E-001,3.846426606178284E-001,
3.223333333333333E+009,-2.752309851348400E-002,-1.430121362209320E-001,-8.697093129158020E-001,4.230880141258240E-001,-2.752309851348400E-002,-1.430121362209320E-001,-8.697093129158020E-001,4.230880141258240E-001,
3.235000000000000E+009,-8.913662284612656E-002,-1.812268048524857E-001,-8.409492969512940E-001,4.461358487606049E-001,-8.913662284612656E-002,-1.812268048524857E-001,-8.409492969512940E-001,4.461358487606049E-001,
3.246666666666667E+009,-1.607775539159775E-001,-1.661590486764908E-001,-8.191027641296387E-001,4.751407802104950E-001,-1.607775539159775E-001,-1.661590486764908E-001,-8.191027641296387E-001,4.751407802104950E-001,
3.258333333333333E+009,-2.066210210323334E-001,-1.071260571479797E-001,-8.069562911987305E-001,4.848160147666931E-001,-2.066210210323334E-001,-1.071260571479797E-001,-8.069562911987305E-001,4.848160147666931E-001,
3.270000000000000E+009,-1.993553787469864E-001,-3.582398220896721E-002,-7.962910532951355E-001,5.165295600891113E-001,-1.993553787469864E-001,-3.582398220896721E-002,-7.962910532951355E-001,5.165295600891113E-001,
3.281666666666667E+009,-1.433394700288773E-001,7.602509111166000E-003,-7.904844284057617E-001,5.464873313903809E-001,-1.433394700288773E-001,7.602509111166000E-003,-7.904844284057617E-001,5.464873313903809E-001,
3.293333333333333E+009,-7.160617411136627E-002,-4.722471348941326E-003,-7.749553918838501E-001,5.816177725791931E-001,-7.160617411136627E-002,-4.722471348941326E-003,-7.749553918838501E-001,5.816177725791931E-001,
3.305000000000000E+009,-3.027526848018169E-002,-6.944442540407181E-002,-7.405063509941101E-001,6.186787486076355E-001,-3.027526848018169E-002,-6.944442540407181E-002,-7.405063509941101E-001,6.186787486076355E-001,
3.316666666666667E+009,-4.945807158946991E-002,-1.440862566232681E-001,-7.105103731155396E-001,6.476380825042725E-001,-4.945807158946991E-002,-1.440862566232681E-001,-7.105103731155396E-001,6.476380825042725E-001,
3.328333333333333E+009,-1.171015128493309E-001,-1.809121966362000E-001,-6.745709776878357E-001,6.720695495605469E-001,-1.171015128493309E-001,-1.809121966362000E-001,-6.745709776878357E-001,6.720695495605469E-001,
3.340000000000000E+009,-1.926277875900269E-001,-1.625743955373764E-001,-6.523294448852539E-001,6.747567653656006E-001,-1.926277875900269E-001,-1.625743955373764E-001,-6.523294448852539E-001,6.747567653656006E-001,
3.351666666666667E+009,-2.361537069082260E-001,-9.633183479309082E-002,-6.313772201538086E-001,6.921200752258301E-001,-2.361537069082260E-001,-9.633183479309082E-002,-6.313772201538086E-001,6.921200752258301E-001,
3.363333333333333E+009,-2.242762744426727E-001,-2.114997059106827E-002,-6.201625466346741E-001,7.100456953048706E-001,-2.242762744426727E-001,-2.114997059106827E-002,-6.201625466346741E-001,7.100456953048706E-001,
3.375000000000000E+009,-1.668013483285904E-001,1.986617222428322E-002,-6.088001728057861E-001,7.496644854545593E-001,-1.668013483285904E-001,1.986617222428322E-002,-6.088001728057861E-001,7.496644854545593E-001,
3.386666666666667E+009,-9.882602095603943E-002,4.171112086623907E-003,-5.662673115730286E-001,7.777480483055115E-001,-9.882602095603943E-002,4.171112086623907E-003,-5.662673115730286E-001,7.777480483055115E-001,
3.398333333333333E+009,-6.575816869735718E-002,-6.425548344850540E-002,-5.360220670700073E-001,8.014671206474304E-001,-6.575816869735718E-002,-6.425548344850540E-002,-5.360220670700073E-001,8.014671206474304E-001,
3.410000000000000E+009,-9.522020816802979E-002,-1.335192471742630E-001,-4.951205253601074E-001,8.255549073219299E-001,-9.522020816802979E-002,-1.335192471742630E-001,-4.951205253601074E-001,8.255549073219299E-001,
3.421666666666667E+009,-1.656395941972733E-001,-1.582379192113876E-001,-4.559427201747894E-001,8.245056271553040E-001,-1.656395941972733E-001,-1.582379192113876E-001,-4.559427201747894E-001,8.245056271553040E-001,
3.433333333333333E+009,-2.343721538782120E-001,-1.275995969772339E-001,-4.259077012538910E-001,8.305851221084595E-001,-2.343721538782120E-001,-1.275995969772339E-001,-4.259077012538910E-001,8.305851221084595E-001,
3.445000000000000E+009,-2.666891515254974E-001,-5.750011652708054E-002,-4.077828824520111E-001,8.367881178855896E-001,-2.666891515254974E-001,-5.750011652708054E-002,-4.077828824520111E-001,8.367881178855896E-001,
3.456666666666667E+009,-2.463272511959076E-001,1.601340435445309E-002,-3.921307325363159E-001,8.579458594322205E-001,-2.463272511959076E-001,1.601340435445309E-002,-3.921307325363159E-001,8.579458594322205E-001,
3.468333333333333E+009,-1.814245581626892E-001,5.382669344544411E-002,-3.706179559230804E-001,8.789841532707214E-001,-1.814245581626892E-001,5.382669344544411E-002,-3.706179559230804E-001,8.789841532707214E-001,
3.480000000000000E+009,-1.129295527935028E-001,2.763739228248596E-002,-3.349962532520294E-001,9.115554094314575E-001,-1.129295527935028E-001,2.763739228248596E-002,-3.349962532520294E-001,9.115554094314575E-001,
3.491666666666667E+009,-8.929742127656937E-002,-4.288104921579361E-002,-2.780080735683441E-001,9.249740242958069E-001,-8.929742127656937E-002,-4.288104921579361E-002,-2.780080735683441E-001,9.249740242958069E-001,
3.503333333333333E+009,-1.258417516946793E-001,-1.118489131331444E-001,-2.312679141759872E-001,9.306585192680359E-001,-1.258417516946793E-001,-1.118489131331444E-001,-2.312679141759872E-001,9.306585192680359E-001,
3.515000000000000E+009,-2.020399570465088E-001,-1.328080147504807E-001,-1.985249519348145E-001,9.229816794395447E-001,-2.020399570465088E-001,-1.328080147504807E-001,-1.985249519348145E-001,9.229816794395447E-001,
3.526666666666667E+009,-2.721033990383148E-001,-9.536815434694290E-002,-1.721840947866440E-001,9.159302115440369E-001,-2.721033990383148E-001,-9.536815434694290E-002,-1.721840947866440E-001,9.159302115440369E-001,
3.538333333333333E+009,-3.010821938514710E-001,-1.821988448500633E-002,-1.498184055089951E-001,9.166241288185120E-001,-3.010821938514710E-001,-1.821988448500633E-002,-1.498184055089951E-001,9.166241288185120E-001,
3.550000000000000E+009,-2.748185098171234E-001,5.675052478909493E-002,-1.301675289869309E-001,9.262240529060364E-001,-2.748185098171234E-001,5.675052478909493E-002,-1.301675289869309E-001,9.262240529060364E-001,
3.561666666666667E+009,-2.085248827934265E-001,9.355365484952927E-002,-1.076711639761925E-001,9.450818300247192E-001,-2.085248827934265E-001,9.355365484952927E-002,-1.076711639761925E-001,9.450818300247192E-001,
3.573333333333333E+009,-1.404026895761490E-001,7.019381225109100E-002,-6.267064064741135E-002,9.569238424301148E-001,-1.404026895761490E-001,7.019381225109100E-002,-6.267064064741135E-002,9.569238424301148E-001,
3.585000000000000E+009,-1.153029501438141E-001,3.344524186104536E-003,-8.587828837335110E-003,9.581030607223511E-001,-1.153029501438141E-001,3.344524186104536E-003,-8.587828837335110E-003,9.581030607223511E-001,
3.596666666666667E+009,-1.527175754308701E-001,-6.222816929221153E-002,3.788155689835548E-002,9.499471187591553E-001,-1.527175754308701E-001,-6.222816929221153E-002,3.788155689835548E-002,9.499471187591553E-001,
3.608333333333333E+009,-2.261504381895065E-001,-7.986851781606674E-002,6.898076087236404E-002,9.374109506607056E-001,-2.261504381895065E-001,-7.986851781606674E-002,6.898076087236404E-002,9.374109506607056E-001,
3.620000000000000E+009,-2.919775247573853E-001,-3.901673853397369E-002,1.020978018641472E-001,9.184414744377136E-001,-2.919775247573853E-001,-3.901673853397369E-002,1.020978018641472E-001,9.184414744377136E-001,
3.631666666666667E+009,-3.161326944828033E-001,3.489069640636444E-002,1.127169206738472E-001,9.105626344680786E-001,-3.161326944828033E-001,3.489069640636444E-002,1.127169206738472E-001,9.105626344680786E-001,
3.643333333333333E+009,-2.852167785167694E-001,1.052132621407509E-001,1.339270770549774E-001,9.144659638404846E-001,-2.852167785167694E-001,1.052132621407509E-001,1.339270770549774E-001,9.144659638404846E-001,
3.655000000000000E+009,-2.192426621913910E-001,1.390325129032135E-001,1.623220294713974E-001,9.254750609397888E-001,-2.192426621913910E-001,1.390325129032135E-001,1.623220294713974E-001,9.254750609397888E-001,
3.666666666666667E+009,-1.547908186912537E-001,1.158476397395134E-001,2.136844694614410E-001,9.267618656158447E-001,-1.547908186912537E-001,1.158476397395134E-001,2.136844694614410E-001,9.267618656158447E-001,
3.678333333333333E+009,-1.359596103429794E-001,5.212600529193878E-002,2.575117647647858E-001,9.171891808509827E-001,-1.359596103429794E-001,5.212600529193878E-002,2.575117647647858E-001,9.171891808509827E-001,
3.690000000000000E+009,-1.745137870311737E-001,-5.564671009778976E-003,3.008125722408295E-001,9.003784656524658E-001,-1.745137870311737E-001,-5.564671009778976E-003,3.008125722408295E-001,9.003784656524658E-001,
3.701666666666667E+009,-2.468385845422745E-001,-1.378609053790569E-002,3.353117108345032E-001,8.672889471054077E-001,-2.468385845422745E-001,-1.378609053790569E-002,3.353117108345032E-001,8.672889471054077E-001,
3.713333333333333E+009,-3.068269789218903E-001,3.210006281733513E-002,3.514340817928314E-001,8.476065397262573E-001,-3.068269789218903E-001,3.210006281733513E-002,3.514340817928314E-001,8.476065397262573E-001,
3.725000000000000E+009,-3.219382762908936E-001,1.061578169465065E-001,3.646420240402222E-001,8.341341018676758E-001,-3.219382762908936E-001,1.061578169465065E-001,3.646420240402222E-001,8.341341018676758E-001,
3.736666666666667E+009,-2.879269123077393E-001,1.778443753719330E-001,3.859094381332398E-001,8.293955326080322E-001,-2.879269123077393E-001,1.778443753719330E-001,3.859094381332398E-001,8.293955326080322E-001,
3.748333333333333E+009,-2.143618762493134E-001,2.086099386215210E-001,4.167258739471436E-001,8.427720069885254E-001,-2.143618762493134E-001,2.086099386215210E-001,4.167258739471436E-001,8.427720069885254E-001,
3.760000000000000E+009,-1.443583518266678E-001,1.829502880573273E-001,4.595109522342682E-001,8.374811410903931E-001,-1.443583518266678E-001,1.829502880573273E-001,4.595109522342682E-001,8.374811410903931E-001,
3.771666666666667E+009,-1.210035011172295E-001,1.178489625453949E-001,5.065208077430725E-001,8.146747946739197E-001,-1.210035011172295E-001,1.178489625453949E-001,5.065208077430725E-001,8.146747946739197E-001,
3.783333333333333E+009,-1.603901684284210E-001,6.085896492004395E-002,5.448353290557861E-001,7.839483618736267E-001,-1.603901684284210E-001,6.085896492004395E-002,5.448353290557861E-001,7.839483618736267E-001,
3.795000000000000E+009,-2.339922785758972E-001,5.197104811668396E-002,5.642358660697937E-001,7.406547069549561E-001,-2.339922785758972E-001,5.197104811668396E-002,5.642358660697937E-001,7.406547069549561E-001,
3.806666666666667E+009,-2.920680940151215E-001,9.629379957914352E-002,5.791151523590088E-001,7.087022662162781E-001,-2.920680940151215E-001,9.629379957914352E-002,5.791151523590088E-001,7.087022662162781E-001,
3.818333333333333E+009,-3.037512600421906E-001,1.725187897682190E-001,5.924971103668213E-001,6.887075304985046E-001,-3.037512600421906E-001,1.725187897682190E-001,5.924971103668213E-001,6.887075304985046E-001,
3.830000000000000E+009,-2.672579586505890E-001,2.402643561363220E-001,6.001600027084351E-001,6.764217019081116E-001,-2.672579586505890E-001,2.402643561363220E-001,6.001600027084351E-001,6.764217019081116E-001,
3.841666666666667E+009,-1.974058896303177E-001,2.669126987457275E-001,6.209856271743774E-001,6.812331080436707E-001,-1.974058896303177E-001,2.669126987457275E-001,6.209856271743774E-001,6.812331080436707E-001,
3.853333333333333E+009,-1.300238072872162E-001,2.444927245378494E-001,6.610086560249329E-001,6.675748229026794E-001,-1.300238072872162E-001,2.444927245378494E-001,6.610086560249329E-001,6.675748229026794E-001,
3.865000000000000E+009,-1.041615083813667E-001,1.863263249397278E-001,7.081142067909241E-001,6.423666477203369E-001,-1.041615083813667E-001,1.863263249397278E-001,7.081142067909241E-001,6.423666477203369E-001,
3.876666666666667E+009,-1.385553777217865E-001,1.329381465911865E-001,7.337472438812256E-001,6.030787825584412E-001,-1.385553777217865E-001,1.329381465911865E-001,7.337472438812256E-001,6.030787825584412E-001,
3.888333333333333E+009,-2.078900039196014E-001,1.277196109294891E-001,7.568764686584473E-001,5.524860024452210E-001,-2.078900039196014E-001,1.277196109294891E-001,7.568764686584473E-001,5.524860024452210E-001,
3.900000000000000E+009,-2.614265382289887E-001,1.767466515302658E-001,7.609674930572510E-001,5.177376866340637E-001,-2.614265382289887E-001,1.767466515302658E-001,7.609674930572510E-001,5.177376866340637E-001,
3.911666666666667E+009,-2.678423523902893E-001,2.540245652198792E-001,7.577927112579346E-001,4.860390424728394E-001,-2.678423523902893E-001,2.540245652198792E-001,7.577927112579346E-001,4.860390424728394E-001,
3.923333333333333E+009,-2.225103080272675E-001,3.205184340476990E-001,7.637151479721069E-001,4.721904098987579E-001,-2.225103080272675E-001,3.205184340476990E-001,7.637151479721069E-001,4.721904098987579E-001,
3.935000000000000E+009,-1.431869417428970E-001,3.447895348072052E-001,7.826085090637207E-001,4.640582501888275E-001,-1.431869417428970E-001,3.447895348072052E-001,7.826085090637207E-001,4.640582501888275E-001,
3.946666666666667E+009,-7.338541001081467E-002,3.192569315433502E-001,8.095571994781494E-001,4.517575204372406E-001,-7.338541001081467E-002,3.192569315433502E-001,8.095571994781494E-001,4.517575204372406E-001,
3.958333333333333E+009,-4.038876667618752E-002,2.573498487472534E-001,8.471164703369141E-001,4.203246533870697E-001,-4.038876667618752E-002,2.573498487472534E-001,8.471164703369141E-001,4.203246533870697E-001,
3.970000000000000E+009,-6.681400537490845E-002,2.055447995662689E-001,8.678865432739258E-001,3.743622303009033E-001,-6.681400537490845E-002,2.055447995662689E-001,8.678865432739258E-001,3.743622303009033E-001,
3.981666666666667E+009,-1.250429302453995E-001,1.966862231492996E-001,8.834229111671448E-001,3.243027031421661E-001,-1.250429302453995E-001,1.966862231492996E-001,8.834229111671448E-001,3.243027031421661E-001,
3.993333333333333E+009,-1.727300435304642E-001,2.385800033807755E-001,8.751380443572998E-001,2.783249616622925E-001,-1.727300435304642E-001,2.385800033807755E-001,8.751380443572998E-001,2.783249616622925E-001,
4.005000000000000E+009,-1.751553118228912E-001,3.086182475090027E-001,8.711490035057068E-001,2.478753477334976E-001,-1.751553118228912E-001,3.086182475090027E-001,8.711490035057068E-001,2.478753477334976E-001,
4.016666666666667E+009,-1.308467686176300E-001,3.661636412143707E-001,8.609093427658081E-001,2.325871884822846E-001,-1.308467686176300E-001,3.661636412143707E-001,8.609093427658081E-001,2.325871884822846E-001,
4.028333333333333E+009,-5.913567543029785E-002,3.825563788414002E-001,8.740445375442505E-001,2.178315967321396E-001,-5.913567543029785E-002,3.825563788414002E-001,8.740445375442505E-001,2.178315967321396E-001,
4.040000000000000E+009,1.267554052174091E-002,3.495233952999115E-001,8.996667861938477E-001,2.024573385715485E-001,1.267554052174091E-002,3.495233952999115E-001,8.996667861938477E-001,2.024573385715485E-001,
4.051666666666667E+009,4.223494604229927E-002,2.840109169483185E-001,9.177233576774597E-001,1.588036864995956E-001,4.223494604229927E-002,2.840109169483185E-001,9.177233576774597E-001,1.588036864995956E-001,
4.063333333333333E+009,1.618622802197933E-002,2.291576415300369E-001,9.357501864433289E-001,1.139564961194992E-001,1.618622802197933E-002,2.291576415300369E-001,9.357501864433289E-001,1.139564961194992E-001,
4.075000000000000E+009,-4.128085076808929E-002,2.201462239027023E-001,9.403508305549622E-001,5.436042323708534E-002,-4.128085076808929E-002,2.201462239027023E-001,9.403508305549622E-001,5.436042323708534E-002,
4.086666666666667E+009,-8.235943317413330E-002,2.665861546993256E-001,9.157654047012329E-001,8.593365550041199E-003,-8.235943317413330E-002,2.665861546993256E-001,9.157654047012329E-001,8.593365550041199E-003,
4.098333333333333E+009,-7.878416776657105E-002,3.323288857936859E-001,8.977042436599731E-001,-1.483574602752924E-002,-7.878416776657105E-002,3.323288857936859E-001,8.977042436599731E-001,-1.483574602752924E-002,
4.110000000000000E+009,-3.033334761857987E-002,3.831542730331421E-001,8.830665946006775E-001,-3.762353584170342E-002,-3.033334761857987E-002,3.831542730331421E-001,8.830665946006775E-001,-3.762353584170342E-002,
4.121666666666667E+009,4.228422790765762E-002,3.905278742313385E-001,8.871322870254517E-001,-4.418667033314705E-002,4.228422790765762E-002,3.905278742313385E-001,8.871322870254517E-001,-4.418667033314705E-002,
4.133333333333333E+009,1.066089496016502E-001,3.523359894752502E-001,8.933363556861877E-001,-6.264801323413849E-002,1.066089496016502E-001,3.523359894752502E-001,8.933363556861877E-001,-6.264801323413849E-002,
4.145000000000000E+009,1.335687786340714E-001,2.832909226417542E-001,9.127917885780335E-001,-9.899768978357315E-002,1.335687786340714E-001,2.832909226417542E-001,9.127917885780335E-001,-9.899768978357315E-002,
4.156666666666667E+009,1.115588918328285E-001,2.211355566978455E-001,9.283447265625000E-001,-1.469364464282990E-001,1.115588918328285E-001,2.211355566978455E-001,9.283447265625000E-001,-1.469364464282990E-001,
4.168333333333333E+009,5.606358498334885E-002,2.073943018913269E-001,9.156866669654846E-001,-2.011955529451370E-001,5.606358498334885E-002,2.073943018913269E-001,9.156866669654846E-001,-2.011955529451370E-001,
4.180000000000000E+009,1.581439189612865E-002,2.469393908977509E-001,8.895934820175171E-001,-2.553033530712128E-001,1.581439189612865E-002,2.469393908977509E-001,8.895934820175171E-001,-2.553033530712128E-001,
4.191666666666667E+009,1.987821049988270E-002,3.076787292957306E-001,8.545886874198914E-001,-2.817542850971222E-001,1.987821049988270E-002,3.076787292957306E-001,8.545886874198914E-001,-2.817542850971222E-001,
4.203333333333333E+009,6.772209703922272E-002,3.526359498500824E-001,8.267470002174377E-001,-2.919390201568604E-001,6.772209703922272E-002,3.526359498500824E-001,8.267470002174377E-001,-2.919390201568604E-001,
4.215000000000000E+009,1.351089477539063E-001,3.568904101848602E-001,8.187187910079956E-001,-3.015976548194885E-001,1.351089477539063E-001,3.568904101848602E-001,8.187187910079956E-001,-3.015976548194885E-001,
4.226666666666667E+009,1.886338293552399E-001,3.145884871482849E-001,8.217037916183472E-001,-3.103275299072266E-001,1.886338293552399E-001,3.145884871482849E-001,8.217037916183472E-001,-3.103275299072266E-001,
4.238333333333333E+009,2.121212780475617E-001,2.465166896581650E-001,8.291021585464478E-001,-3.445581793785095E-001,2.121212780475617E-001,2.465166896581650E-001,8.291021585464478E-001,-3.445581793785095E-001,
4.250000000000000E+009,1.871574372053146E-001,1.841074526309967E-001,8.372485637664795E-001,-3.888842165470123E-001,1.871574372053146E-001,1.841074526309967E-001,8.372485637664795E-001,-3.888842165470123E-001,
4.261666666666667E+009,1.362333148717880E-001,1.676317304372788E-001,8.229057788848877E-001,-4.418752193450928E-001,1.362333148717880E-001,1.676317304372788E-001,8.229057788848877E-001,-4.418752193450928E-001,
4.273333333333333E+009,9.694525599479675E-002,1.959972828626633E-001,7.834746837615967E-001,-4.862214028835297E-001,9.694525599479675E-002,1.959972828626633E-001,7.834746837615967E-001,-4.862214028835297E-001,
4.285000000000000E+009,1.010446771979332E-001,2.523749768733978E-001,7.451689839363098E-001,-5.170617103576660E-001,1.010446771979332E-001,2.523749768733978E-001,7.451689839363098E-001,-5.170617103576660E-001,
4.296666666666666E+009,1.475989222526550E-001,2.915077209472656E-001,7.084821462631226E-001,-5.164769291877747E-001,1.475989222526550E-001,2.915077209472656E-001,7.084821462631226E-001,-5.164769291877747E-001,
4.308333333333333E+009,2.129350900650024E-001,2.895633876323700E-001,6.896589994430542E-001,-5.230819582939148E-001,2.129350900650024E-001,2.895633876323700E-001,6.896589994430542E-001,-5.230819582939148E-001,
4.320000000000000E+009,2.617670595645905E-001,2.487533539533615E-001,6.863704919815064E-001,-5.290380716323853E-001,2.617670595645905E-001,2.487533539533615E-001,6.863704919815064E-001,-5.290380716323853E-001,
4.331666666666666E+009,2.770257294178009E-001,1.821367591619492E-001,6.900179386138916E-001,-5.501013994216919E-001,2.770257294178009E-001,1.821367591619492E-001,6.900179386138916E-001,-5.501013994216919E-001,
4.343333333333333E+009,2.470639944076538E-001,1.164437159895897E-001,6.824353337287903E-001,-5.937079787254334E-001,2.470639944076538E-001,1.164437159895897E-001,6.824353337287903E-001,-5.937079787254334E-001,
4.355000000000000E+009,1.921087354421616E-001,9.148922562599182E-002,6.630683541297913E-001,-6.363148093223572E-001,1.921087354421616E-001,9.148922562599182E-002,6.630683541297913E-001,-6.363148093223572E-001,
4.366666666666666E+009,1.461412012577057E-001,1.156550645828247E-001,6.167239546775818E-001,-6.801670789718628E-001,1.461412012577057E-001,1.156550645828247E-001,6.167239546775818E-001,-6.801670789718628E-001,
4.378333333333333E+009,1.449283808469772E-001,1.636009514331818E-001,5.688749551773071E-001,-6.931349039077759E-001,1.449283808469772E-001,1.636009514331818E-001,5.688749551773071E-001,-6.931349039077759E-001,
4.390000000000000E+009,1.846666038036346E-001,1.956534832715988E-001,5.310750007629395E-001,-7.012148499488831E-001,1.846666038036346E-001,1.956534832715988E-001,5.310750007629395E-001,-7.012148499488831E-001,
4.401666666666666E+009,2.413406968116760E-001,1.926415413618088E-001,5.047039985656738E-001,-6.980028748512268E-001,2.413406968116760E-001,1.926415413618088E-001,5.047039985656738E-001,-6.980028748512268E-001,
4.413333333333333E+009,2.861083447933197E-001,1.507684588432312E-001,4.972140789031982E-001,-7.006622552871704E-001,2.861083447933197E-001,1.507684588432312E-001,4.972140789031982E-001,-7.006622552871704E-001,
4.425000000000000E+009,2.922011315822601E-001,8.462742716073990E-002,4.924843907356262E-001,-7.149400115013123E-001,2.922011315822601E-001,8.462742716073990E-002,4.924843907356262E-001,-7.149400115013123E-001,
4.436666666666666E+009,2.549528181552887E-001,2.586293779313564E-002,4.780295193195343E-001,-7.411070466041565E-001,2.549528181552887E-001,2.586293779313564E-002,4.780295193195343E-001,-7.411070466041565E-001,
4.448333333333333E+009,1.894609481096268E-001,9.136222070083022E-004,4.532990157604218E-001,-7.850002646446228E-001,1.894609481096268E-001,9.136222070083022E-004,4.532990157604218E-001,-7.850002646446228E-001,
4.460000000000000E+009,1.324624717235565E-001,2.675652503967285E-002,4.098933935165405E-001,-8.220053911209106E-001,1.324624717235565E-001,2.675652503967285E-002,4.098933935165405E-001,-8.220053911209106E-001,
4.471666666666666E+009,1.182190403342247E-001,8.096314966678619E-002,3.539187908172607E-001,-8.319500088691711E-001,1.182190403342247E-001,8.096314966678619E-002,3.539187908172607E-001,-8.319500088691711E-001,
4.483333333333333E+009,1.502970606088638E-001,1.192221790552139E-001,3.011068105697632E-001,-8.342531323432922E-001,1.502970606088638E-001,1.192221790552139E-001,3.011068105697632E-001,-8.342531323432922E-001,
4.495000000000000E+009,2.047212570905685E-001,1.229510158300400E-001,2.735344171524048E-001,-8.157348632812500E-001,2.047212570905685E-001,1.229510158300400E-001,2.735344171524048E-001,-8.157348632812500E-001,
4.506666666666666E+009,2.483933120965958E-001,8.676762878894806E-002,2.558043897151947E-001,-8.101485371589661E-001,2.483933120965958E-001,8.676762878894806E-002,2.558043897151947E-001,-8.101485371589661E-001,
4.518333333333333E+009,2.543886601924896E-001,3.204429149627686E-002,2.454836815595627E-001,-8.065975904464722E-001,2.543886601924896E-001,3.204429149627686E-002,2.454836815595627E-001,-8.065975904464722E-001,
4.530000000000000E+009,2.208429574966431E-001,-1.705643162131310E-002,2.351581007242203E-001,-8.319641947746277E-001,2.208429574966431E-001,-1.705643162131310E-002,2.351581007242203E-001,-8.319641947746277E-001,
4.541666666666666E+009,1.617220789194107E-001,-3.605112433433533E-002,2.039598077535629E-001,-8.574491739273071E-001,1.617220789194107E-001,-3.605112433433533E-002,2.039598077535629E-001,-8.574491739273071E-001,
4.553333333333333E+009,1.075170487165451E-001,-9.821031242609024E-003,1.559262722730637E-001,-8.814694881439209E-001,1.075170487165451E-001,-9.821031242609024E-003,1.559262722730637E-001,-8.814694881439209E-001,
4.565000000000000E+009,9.436726570129395E-002,4.328992962837219E-002,1.002658084034920E-001,-8.848235011100769E-001,9.436726570129395E-002,4.328992962837219E-002,1.002658084034920E-001,-8.848235011100769E-001,
4.576666666666666E+009,1.233939006924629E-001,7.885807752609253E-002,5.241428315639496E-002,-8.712911009788513E-001,1.233939006924629E-001,7.885807752609253E-002,5.241428315639496E-002,-8.712911009788513E-001,
4.588333333333333E+009,1.696581840515137E-001,7.715334743261337E-002,2.181974425911903E-002,-8.478289246559143E-001,1.696581840515137E-001,7.715334743261337E-002,2.181974425911903E-002,-8.478289246559143E-001,
4.600000000000000E+009,2.033174484968185E-001,4.107074812054634E-002,1.730786636471748E-003,-8.345161080360413E-001,2.033174484968185E-001,4.107074812054634E-002,1.730786636471748E-003,-8.345161080360413E-001,
4.611666666666666E+009,2.015172988176346E-001,-1.144942734390497E-002,-9.613685309886932E-003,-8.330386281013489E-001,2.015172988176346E-001,-1.144942734390497E-002,-9.613685309886932E-003,-8.330386281013489E-001,
4.623333333333333E+009,1.623899489641190E-001,-5.449140816926956E-002,-1.796756871044636E-002,-8.352892398834229E-001,1.623899489641190E-001,-5.449140816926956E-002,-1.796756871044636E-002,-8.352892398834229E-001,
4.635000000000000E+009,9.835500270128250E-002,-6.059497594833374E-002,-4.467163980007172E-002,-8.574829697608948E-001,9.835500270128250E-002,-6.059497594833374E-002,-4.467163980007172E-002,-8.574829697608948E-001,
4.646666666666666E+009,4.360268637537956E-002,-2.327596768736839E-002,-8.529498428106308E-002,-8.735510706901550E-001,4.360268637537956E-002,-2.327596768736839E-002,-8.529498428106308E-002,-8.735510706901550E-001,
4.658333333333333E+009,2.703239209949970E-002,3.947202488780022E-002,-1.424913406372070E-001,-8.669822812080383E-001,2.703239209949970E-002,3.947202488780022E-002,-1.424913406372070E-001,-8.669822812080383E-001,
4.670000000000000E+009,5.718517675995827E-002,8.815884590148926E-002,-1.928662508726120E-001,-8.387064337730408E-001,5.718517675995827E-002,8.815884590148926E-002,-1.928662508726120E-001,-8.387064337730408E-001,
4.681666666666666E+009,1.050112396478653E-001,9.578211605548859E-002,-2.237260192632675E-001,-8.105878829956055E-001,1.050112396478653E-001,9.578211605548859E-002,-2.237260192632675E-001,-8.105878829956055E-001,
4.693333333333333E+009,1.356854736804962E-001,6.804303824901581E-002,-2.349863946437836E-001,-7.865806818008423E-001,1.356854736804962E-001,6.804303824901581E-002,-2.349863946437836E-001,-7.865806818008423E-001,
4.705000000000000E+009,1.335009336471558E-001,2.611128054559231E-002,-2.422591596841812E-001,-7.720839381217957E-001,1.335009336471558E-001,2.611128054559231E-002,-2.422591596841812E-001,-7.720839381217957E-001,
4.716666666666666E+009,9.928832948207855E-002,6.091381073929369E-004,-2.573414444923401E-001,-7.693157792091370E-001,9.928832948207855E-002,6.091381073929369E-004,-2.573414444923401E-001,-7.693157792091370E-001,
4.728333333333333E+009,4.861445724964142E-002,1.056513842195272E-002,-2.731104493141174E-001,-7.759079337120056E-001,4.861445724964142E-002,1.056513842195272E-002,-2.731104493141174E-001,-7.759079337120056E-001,
4.740000000000000E+009,1.169567275792360E-002,5.897226557135582E-002,-3.234135210514069E-001,-7.849390506744385E-001,1.169567275792360E-002,5.897226557135582E-002,-3.234135210514069E-001,-7.849390506744385E-001,
4.751666666666666E+009,1.638025231659412E-002,1.224210560321808E-001,-3.683614432811737E-001,-7.643048763275147E-001,1.638025231659412E-002,1.224210560321808E-001,-3.683614432811737E-001,-7.643048763275147E-001,
4.763333333333333E+009,6.113470345735550E-002,1.701983660459518E-001,-4.081097841262817E-001,-7.272795438766480E-001,6.113470345735550E-002,1.701983660459518E-001,-4.081097841262817E-001,-7.272795438766480E-001,
4.775000000000000E+009,1.192544475197792E-001,1.752965897321701E-001,-4.257993996143341E-001,-6.940271854400635E-001,1.192544475197792E-001,1.752965897321701E-001,-4.257993996143341E-001,-6.940271854400635E-001,
4.786666666666666E+009,1.570243239402771E-001,1.481070518493652E-001,-4.294904172420502E-001,-6.633466482162476E-001,1.570243239402771E-001,1.481070518493652E-001,-4.294904172420502E-001,-6.633466482162476E-001,
4.798333333333333E+009,1.621935814619064E-001,1.115993186831474E-001,-4.359176158905029E-001,-6.404666304588318E-001,1.621935814619064E-001,1.115993186831474E-001,-4.359176158905029E-001,-6.404666304588318E-001,
4.810000000000000E+009,1.390416324138641E-001,9.109590947628021E-002,-4.424046277999878E-001,-6.249113082885742E-001,1.390416324138641E-001,9.109590947628021E-002,-4.424046277999878E-001,-6.249113082885742E-001,
4.821666666666666E+009,1.061894595623016E-001,9.949274361133575E-002,-4.588333666324616E-001,-6.357393264770508E-001,1.061894595623016E-001,9.949274361133575E-002,-4.588333666324616E-001,-6.357393264770508E-001,
4.833333333333333E+009,8.853675425052643E-002,1.432244628667831E-001,-4.815897643566132E-001,-6.254177093505859E-001,8.853675425052643E-002,1.432244628667831E-001,-4.815897643566132E-001,-6.254177093505859E-001,
4.845000000000000E+009,1.088466495275497E-001,1.957081407308579E-001,-5.218657255172730E-001,-6.106367111206055E-001,1.088466495275497E-001,1.957081407308579E-001,-5.218657255172730E-001,-6.106367111206055E-001,
4.856666666666666E+009,1.672724187374115E-001,2.270656824111939E-001,-5.471752285957336E-001,-5.767234563827515E-001,1.672724187374115E-001,2.270656824111939E-001,-5.471752285957336E-001,-5.767234563827515E-001,
4.868333333333333E+009,2.335574775934219E-001,2.189753353595734E-001,-5.665013790130615E-001,-5.354114174842835E-001,2.335574775934219E-001,2.189753353595734E-001,-5.665013790130615E-001,-5.354114174842835E-001,
4.880000000000000E+009,2.791620194911957E-001,1.815059483051300E-001,-5.619966983795166E-001,-5.007494688034058E-001,2.791620194911957E-001,1.815059483051300E-001,-5.619966983795166E-001,-5.007494688034058E-001,
4.891666666666666E+009,2.965857386589050E-001,1.347914040088654E-001,-5.647593140602112E-001,-4.817628860473633E-001,2.965857386589050E-001,1.347914040088654E-001,-5.647593140602112E-001,-4.817628860473633E-001,
4.903333333333333E+009,2.794429361820221E-001,1.009608507156372E-001,-5.506517291069031E-001,-4.751195907592773E-001,2.794429361820221E-001,1.009608507156372E-001,-5.506517291069031E-001,-4.751195907592773E-001,
4.915000000000000E+009,2.549897432327271E-001,9.505715221166611E-002,-5.657554268836975E-001,-4.678605794906616E-001,2.549897432327271E-001,9.505715221166611E-002,-5.657554268836975E-001,-4.678605794906616E-001,
4.926666666666666E+009,2.397337853908539E-001,1.153032407164574E-001,-5.854248404502869E-001,-4.579129219055176E-001,2.397337853908539E-001,1.153032407164574E-001,-5.854248404502869E-001,-4.579129219055176E-001,
4.938333333333333E+009,2.559169828891754E-001,1.462090611457825E-001,-6.080221533775330E-001,-4.459438621997833E-001,2.559169828891754E-001,1.462090611457825E-001,-6.080221533775330E-001,-4.459438621997833E-001,
4.950000000000000E+009,3.014808595180512E-001,1.622252613306046E-001,-6.351527571678162E-001,-4.176516532897949E-001,3.014808595180512E-001,1.622252613306046E-001,-6.351527571678162E-001,-4.176516532897949E-001,
4.961666666666666E+009,3.571364283561707E-001,1.417018175125122E-001,-6.483234167098999E-001,-3.868039250373840E-001,3.571364283561707E-001,1.417018175125122E-001,-6.483234167098999E-001,-3.868039250373840E-001,
4.973333333333333E+009,3.970580995082855E-001,1.000323072075844E-001,-6.441029310226440E-001,-3.527795374393463E-001,3.970580995082855E-001,1.000323072075844E-001,-6.441029310226440E-001,-3.527795374393463E-001,
4.985000000000000E+009,4.057299494743347E-001,4.419443756341934E-002,-6.398264169692993E-001,-3.318592607975006E-001,4.057299494743347E-001,4.419443756341934E-002,-6.398264169692993E-001,-3.318592607975006E-001,
4.996666666666666E+009,3.919943273067474E-001,1.161391846835613E-003,-6.423121690750122E-001,-3.284099996089935E-001,3.919943273067474E-001,1.161391846835613E-003,-6.423121690750122E-001,-3.284099996089935E-001,
5.008333333333333E+009,3.665265440940857E-001,-1.697199605405331E-002,-6.393078565597534E-001,-3.219354748725891E-001,3.665265440940857E-001,-1.697199605405331E-002,-6.393078565597534E-001,-3.219354748725891E-001,
5.020000000000000E+009,3.461793661117554E-001,-1.427926402539015E-002,-6.525464653968811E-001,-3.116782307624817E-001,3.461793661117554E-001,-1.427926402539015E-002,-6.525464653968811E-001,-3.116782307624817E-001,
5.031666666666666E+009,3.496218323707581E-001,2.856987761333585E-003,-6.762781739234924E-001,-2.967443764209747E-001,3.496218323707581E-001,2.856987761333585E-003,-6.762781739234924E-001,-2.967443764209747E-001,
5.043333333333333E+009,3.782054483890533E-001,5.505152046680450E-003,-6.993230581283569E-001,-2.704063057899475E-001,3.782054483890533E-001,5.505152046680450E-003,-6.993230581283569E-001,-2.704063057899475E-001,
5.055000000000000E+009,4.195459485054016E-001,-1.480120327323675E-002,-7.083104252815247E-001,-2.377218455076218E-001,4.195459485054016E-001,-1.480120327323675E-002,-7.083104252815247E-001,-2.377218455076218E-001,
5.066666666666666E+009,4.481536746025085E-001,-6.227561458945274E-002,-7.057182192802429E-001,-2.101516574621201E-001,4.481536746025085E-001,-6.227561458945274E-002,-7.057182192802429E-001,-2.101516574621201E-001,
5.078333333333333E+009,4.431214630603790E-001,-1.200738102197647E-001,-6.955829858779907E-001,-1.902473568916321E-001,4.431214630603790E-001,-1.200738102197647E-001,-6.955829858779907E-001,-1.902473568916321E-001,
5.090000000000000E+009,4.198588728904724E-001,-1.688872575759888E-001,-6.966177821159363E-001,-1.717773228883743E-001,4.198588728904724E-001,-1.688872575759888E-001,-6.966177821159363E-001,-1.717773228883743E-001,
5.101666666666666E+009,3.836205005645752E-001,-1.933224499225617E-001,-7.056962847709656E-001,-1.669107526540756E-001,3.836205005645752E-001,-1.933224499225617E-001,-7.056962847709656E-001,-1.669107526540756E-001,
5.113333333333333E+009,3.510270118713379E-001,-1.925260126590729E-001,-7.174239158630371E-001,-1.622103452682495E-001,3.510270118713379E-001,-1.925260126590729E-001,-7.174239158630371E-001,-1.622103452682495E-001,
5.125000000000000E+009,3.371517658233643E-001,-1.804735958576202E-001,-7.352901101112366E-001,-1.408393234014511E-001,3.371517658233643E-001,-1.804735958576202E-001,-7.352901101112366E-001,-1.408393234014511E-001,
5.136666666666666E+009,3.479642868041992E-001,-1.720708161592484E-001,-7.477024793624878E-001,-1.155612617731094E-001,3.479642868041992E-001,-1.720708161592484E-001,-7.477024793624878E-001,-1.155612617731094E-001,
5.148333333333333E+009,3.714194595813751E-001,-1.846586912870407E-001,-7.623741030693054E-001,-8.754837512969971E-002,3.714194595813751E-001,-1.846586912870407E-001,-7.623741030693054E-001,-8.754837512969971E-002,
5.160000000000000E+009,3.839497268199921E-001,-2.217213958501816E-001,-7.565452456474304E-001,-5.701519921422005E-002,3.839497268199921E-001,-2.217213958501816E-001,-7.565452456474304E-001,-5.701519921422005E-002,
5.171666666666666E+009,3.756469488143921E-001,-2.721635997295380E-001,-7.486194968223572E-001,-2.393575944006443E-002,3.756469488143921E-001,-2.721635997295380E-001,-7.486194968223572E-001,-2.393575944006443E-002,
5.183333333333333E+009,3.523997962474823E-001,-3.149534463882446E-001,-7.497695088386536E-001,-6.532669067382813E-003,3.523997962474823E-001,-3.149534463882446E-001,-7.497695088386536E-001,-6.532669067382813E-003,
5.195000000000000E+009,3.072237372398377E-001,-3.368789255619049E-001,-7.473539710044861E-001,-6.308506272034720E-005,3.072237372398377E-001,-3.368789255619049E-001,-7.473539710044861E-001,-6.308506272034720E-005,
5.206666666666666E+009,2.658747732639313E-001,-3.330484032630920E-001,-7.550574541091919E-001,1.082977093756199E-002,2.658747732639313E-001,-3.330484032630920E-001,-7.550574541091919E-001,1.082977093756199E-002,
5.218333333333333E+009,2.411832064390183E-001,-3.178943097591400E-001,-7.642829418182373E-001,4.191904515028000E-002,2.411832064390183E-001,-3.178943097591400E-001,-7.642829418182373E-001,4.191904515028000E-002,
5.230000000000000E+009,2.363857030868530E-001,-3.001612722873688E-001,-7.741724848747253E-001,6.879561394453049E-002,2.363857030868530E-001,-3.001612722873688E-001,-7.741724848747253E-001,6.879561394453049E-002,
5.241666666666666E+009,2.466190904378891E-001,-3.009019196033478E-001,-7.903156280517578E-001,1.005091518163681E-001,2.466190904378891E-001,-3.009019196033478E-001,-7.903156280517578E-001,1.005091518163681E-001,
5.253333333333333E+009,2.642624378204346E-001,-3.233896493911743E-001,-7.765263915061951E-001,1.271934211254120E-001,2.642624378204346E-001,-3.233896493911743E-001,-7.765263915061951E-001,1.271934211254120E-001,
5.265000000000000E+009,2.561452090740204E-001,-3.584796786308289E-001,-7.716476917266846E-001,1.675631105899811E-001,2.561452090740204E-001,-3.584796786308289E-001,-7.716476917266846E-001,1.675631105899811E-001,
5.276666666666666E+009,2.248935252428055E-001,-3.962976336479187E-001,-7.557768225669861E-001,1.800435632467270E-001,2.248935252428055E-001,-3.962976336479187E-001,-7.557768225669861E-001,1.800435632467270E-001,
5.288333333333333E+009,1.814020574092865E-001,-4.147439599037170E-001,-7.454814314842224E-001,1.970741450786591E-001,1.814020574092865E-001,-4.147439599037170E-001,-7.454814314842224E-001,1.970741450786591E-001,
5.300000000000000E+009,1.389417201280594E-001,-4.119840264320374E-001,-7.554770708084106E-001,2.249229997396469E-001,1.389417201280594E-001,-4.119840264320374E-001,-7.554770708084106E-001,2.249229997396469E-001,
5.311666666666666E+009,1.041720137000084E-001,-3.879224359989166E-001,-7.588679194450378E-001,2.424688786268234E-001,1.041720137000084E-001,-3.879224359989166E-001,-7.588679194450378E-001,2.424688786268234E-001,
5.323333333333333E+009,9.223557263612747E-002,-3.610923588275909E-001,-7.588837742805481E-001,2.677777111530304E-001,9.223557263612747E-002,-3.610923588275909E-001,-7.588837742805481E-001,2.677777111530304E-001,
5.335000000000000E+009,1.028221696615219E-001,-3.423686623573303E-001,-7.600132226943970E-001,3.028878271579742E-001,1.028221696615219E-001,-3.423686623573303E-001,-7.600132226943970E-001,3.028878271579742E-001,
5.346666666666666E+009,1.134148538112640E-001,-3.499645888805389E-001,-7.460892796516419E-001,3.482639193534851E-001,1.134148538112640E-001,-3.499645888805389E-001,-7.460892796516419E-001,3.482639193534851E-001,
5.358333333333333E+009,1.144803389906883E-001,-3.741540610790253E-001,-7.310745716094971E-001,3.738329708576202E-001,1.144803389906883E-001,-3.741540610790253E-001,-7.310745716094971E-001,3.738329708576202E-001,
5.370000000000000E+009,9.486077725887299E-002,-4.039465785026550E-001,-7.147259712219238E-001,4.008300006389618E-001,9.486077725887299E-002,-4.039465785026550E-001,-7.147259712219238E-001,4.008300006389618E-001,
5.381666666666666E+009,5.718761682510376E-002,-4.197335243225098E-001,-6.986227035522461E-001,4.191461801528931E-001,5.718761682510376E-002,-4.197335243225098E-001,-6.986227035522461E-001,4.191461801528931E-001,
5.393333333333333E+009,9.113820269703865E-003,-4.113939702510834E-001,-6.935907006263733E-001,4.376307427883148E-001,9.113820269703865E-003,-4.113939702510834E-001,-6.935907006263733E-001,4.376307427883148E-001,
5.405000000000000E+009,-2.460876852273941E-002,-3.833847343921661E-001,-6.881150603294373E-001,4.644072353839874E-001,-2.460876852273941E-002,-3.833847343921661E-001,-6.881150603294373E-001,4.644072353839874E-001,
5.416666666666666E+009,-3.545406460762024E-002,-3.472252190113068E-001,-6.793942451477051E-001,4.897342622280121E-001,-3.545406460762024E-002,-3.472252190113068E-001,-6.793942451477051E-001,4.897342622280121E-001,
5.428333333333333E+009,-2.603933215141296E-002,-3.175178170204163E-001,-6.664553880691528E-001,5.189827680587769E-001,-2.603933215141296E-002,-3.175178170204163E-001,-6.664553880691528E-001,5.189827680587769E-001,
5.440000000000000E+009,-5.889055319130421E-003,-3.155116140842438E-001,-6.435468792915344E-001,5.591695308685303E-001,-5.889055319130421E-003,-3.155116140842438E-001,-6.435468792915344E-001,5.591695308685303E-001,
5.451666666666666E+009,2.168635372072458E-003,-3.361941874027252E-001,-6.214233636856079E-001,5.779109597206116E-001,2.168635372072458E-003,-3.361941874027252E-001,-6.214233636856079E-001,5.779109597206116E-001,
5.463333333333333E+009,-1.076328475028276E-002,-3.625822961330414E-001,-5.948250293731690E-001,5.923821926116943E-001,-1.076328475028276E-002,-3.625822961330414E-001,-5.948250293731690E-001,5.923821926116943E-001,
5.475000000000000E+009,-4.930789396166802E-002,-3.807197213172913E-001,-5.721845030784607E-001,6.204290390014648E-001,-4.930789396166802E-002,-3.807197213172913E-001,-5.721845030784607E-001,6.204290390014648E-001,
5.486666666666666E+009,-9.227813780307770E-002,-3.701208829879761E-001,-5.679489970207214E-001,6.322912573814392E-001,-9.227813780307770E-002,-3.701208829879761E-001,-5.679489970207214E-001,6.322912573814392E-001,
5.498333333333333E+009,-1.262045949697495E-001,-3.325943350791931E-001,-5.470634102821350E-001,6.536383032798767E-001,-1.262045949697495E-001,-3.325943350791931E-001,-5.470634102821350E-001,6.536383032798767E-001,
5.510000000000000E+009,-1.326043307781220E-001,-2.861245274543762E-001,-5.293362736701965E-001,6.832576990127564E-001,-1.326043307781220E-001,-2.861245274543762E-001,-5.293362736701965E-001,6.832576990127564E-001,
5.521666666666666E+009,-1.094786226749420E-001,-2.494544833898544E-001,-5.104546546936035E-001,7.125170826911926E-001,-1.094786226749420E-001,-2.494544833898544E-001,-5.104546546936035E-001,7.125170826911926E-001,
5.533333333333333E+009,-7.632441818714142E-002,-2.446100562810898E-001,-4.826470613479614E-001,7.445162534713745E-001,-7.632441818714142E-002,-2.446100562810898E-001,-4.826470613479614E-001,7.445162534713745E-001,
5.545000000000000E+009,-5.415358766913414E-002,-2.670733332633972E-001,-4.425081312656403E-001,7.592479586601257E-001,-5.415358766913414E-002,-2.670733332633972E-001,-4.425081312656403E-001,7.592479586601257E-001,
5.556666666666666E+009,-6.382092088460922E-002,-3.019841909408569E-001,-4.137546122074127E-001,7.745492458343506E-001,-6.382092088460922E-002,-3.019841909408569E-001,-4.137546122074127E-001,7.745492458343506E-001,
5.568333333333333E+009,-1.025518625974655E-001,-3.212521672248840E-001,-3.801883757114410E-001,7.787939906120300E-001,-1.025518625974655E-001,-3.212521672248840E-001,-3.801883757114410E-001,7.787939906120300E-001,
5.580000000000000E+009,-1.514242887496948E-001,-3.118717968463898E-001,-3.618671298027039E-001,7.885118722915649E-001,-1.514242887496948E-001,-3.118717968463898E-001,-3.618671298027039E-001,7.885118722915649E-001,
5.591666666666666E+009,-1.808777302503586E-001,-2.691326141357422E-001,-3.485459089279175E-001,8.067194223403931E-001,-1.808777302503586E-001,-2.691326141357422E-001,-3.485459089279175E-001,8.067194223403931E-001,
5.603333333333333E+009,-1.777253448963165E-001,-2.178238183259964E-001,-3.173213601112366E-001,8.342061638832092E-001,-1.777253448963165E-001,-2.178238183259964E-001,-3.173213601112366E-001,8.342061638832092E-001,
5.615000000000000E+009,-1.448508948087692E-001,-1.803508400917053E-001,-2.820613086223602E-001,8.535645008087158E-001,-1.448508948087692E-001,-1.803508400917053E-001,-2.820613086223602E-001,8.535645008087158E-001,
5.626666666666666E+009,-1.011189743876457E-001,-1.779563575983048E-001,-2.454854995012283E-001,8.682933449745178E-001,-1.011189743876457E-001,-1.779563575983048E-001,-2.454854995012283E-001,8.682933449745178E-001,
5.638333333333333E+009,-7.318113744258881E-002,-2.101780325174332E-001,-2.028185874223709E-001,8.722466230392456E-001,-7.318113744258881E-002,-2.101780325174332E-001,-2.028185874223709E-001,8.722466230392456E-001,
5.650000000000000E+009,-8.254411816596985E-002,-2.503557801246643E-001,-1.721448153257370E-001,8.772243857383728E-001,-8.254411816596985E-002,-2.503557801246643E-001,-1.721448153257370E-001,8.772243857383728E-001,
5.661666666666666E+009,-1.223938241600990E-001,-2.751641869544983E-001,-1.440349817276001E-001,8.735656142234802E-001,-1.223938241600990E-001,-2.751641869544983E-001,-1.440349817276001E-001,8.735656142234802E-001,
5.673333333333333E+009,-1.732445657253265E-001,-2.661906778812408E-001,-1.180031299591065E-001,8.835251927375794E-001,-1.732445657253265E-001,-2.661906778812408E-001,-1.180031299591065E-001,8.835251927375794E-001,
5.685000000000000E+009,-2.034473419189453E-001,-2.236076742410660E-001,-9.413995593786240E-002,8.895210027694702E-001,-2.034473419189453E-001,-2.236076742410660E-001,-9.413995593786240E-002,8.895210027694702E-001,
5.696666666666666E+009,-2.007012963294983E-001,-1.712685227394104E-001,-6.162188202142716E-002,9.029516577720642E-001,-2.007012963294983E-001,-1.712685227394104E-001,-6.162188202142716E-002,9.029516577720642E-001,
5.708333333333333E+009,-1.619757115840912E-001,-1.351242512464523E-001,-2.492537535727024E-002,9.123038053512573E-001,-1.619757115840912E-001,-1.351242512464523E-001,-2.492537535727024E-002,9.123038053512573E-001,
5.720000000000000E+009,-1.160576418042183E-001,-1.344434171915054E-001,1.861433684825897E-002,9.200249910354614E-001,-1.160576418042183E-001,-1.344434171915054E-001,1.861433684825897E-002,9.200249910354614E-001,
5.731666666666666E+009,-8.697442710399628E-002,-1.638362407684326E-001,6.445262581110001E-002,9.119977355003357E-001,-8.697442710399628E-002,-1.638362407684326E-001,6.445262581110001E-002,9.119977355003357E-001,
5.743333333333333E+009,-9.520711749792099E-002,-2.043267637491226E-001,9.936641901731491E-002,9.038782119750977E-001,-9.520711749792099E-002,-2.043267637491226E-001,9.936641901731491E-002,9.038782119750977E-001,
5.755000000000000E+009,-1.278206557035446E-001,-2.272594571113586E-001,1.254861354827881E-001,8.962064385414124E-001,-1.278206557035446E-001,-2.272594571113586E-001,1.254861354827881E-001,8.962064385414124E-001,
5.766666666666666E+009,-1.706802099943161E-001,-2.199132740497589E-001,1.521586179733276E-001,8.884798288345337E-001,-1.706802099943161E-001,-2.199132740497589E-001,1.521586179733276E-001,8.884798288345337E-001,
5.778333333333333E+009,-1.962869316339493E-001,-1.850534826517105E-001,1.769183129072189E-001,8.934759497642517E-001,-1.962869316339493E-001,-1.850534826517105E-001,1.769183129072189E-001,8.934759497642517E-001,
5.790000000000000E+009,-1.897417902946472E-001,-1.415876150131226E-001,2.126294225454330E-001,8.845512866973877E-001,-1.897417902946472E-001,-1.415876150131226E-001,2.126294225454330E-001,8.845512866973877E-001,
5.801666666666666E+009,-1.567527502775192E-001,-1.166553497314453E-001,2.498418241739273E-001,8.892850875854492E-001,-1.567527502775192E-001,-1.166553497314453E-001,2.498418241739273E-001,8.892850875854492E-001,
5.813333333333333E+009,-1.167581155896187E-001,-1.194357872009277E-001,2.947183549404144E-001,8.789277672767639E-001,-1.167581155896187E-001,-1.194357872009277E-001,2.947183549404144E-001,8.789277672767639E-001,
5.825000000000000E+009,-9.858055412769318E-002,-1.478982418775559E-001,3.318895399570465E-001,8.620294928550720E-001,-9.858055412769318E-002,-1.478982418775559E-001,3.318895399570465E-001,8.620294928550720E-001,
5.836666666666666E+009,-1.059897914528847E-001,-1.760994940996170E-001,3.676248192787170E-001,8.381386399269104E-001,-1.059897914528847E-001,-1.760994940996170E-001,3.676248192787170E-001,8.381386399269104E-001,
5.848333333333333E+009,-1.302418857812882E-001,-1.881410628557205E-001,3.857871592044830E-001,8.235990405082703E-001,-1.302418857812882E-001,-1.881410628557205E-001,3.857871592044830E-001,8.235990405082703E-001,
5.860000000000000E+009,-1.557151675224304E-001,-1.798907816410065E-001,4.070290327072144E-001,8.151284456253052E-001,-1.557151675224304E-001,-1.798907816410065E-001,4.070290327072144E-001,8.151284456253052E-001,
5.871666666666666E+009,-1.620647907257080E-001,-1.583621948957443E-001,4.447466135025024E-001,8.068639636039734E-001,-1.620647907257080E-001,-1.583621948957443E-001,4.447466135025024E-001,8.068639636039734E-001,
5.883333333333333E+009,-1.486784070730209E-001,-1.392113715410233E-001,4.774981141090393E-001,7.934915423393250E-001,-1.486784070730209E-001,-1.392113715410233E-001,4.774981141090393E-001,7.934915423393250E-001,
5.895000000000000E+009,-1.226460933685303E-001,-1.413891613483429E-001,5.170789957046509E-001,7.691002488136292E-001,-1.226460933685303E-001,-1.413891613483429E-001,5.170789957046509E-001,7.691002488136292E-001,
5.906666666666666E+009,-1.036563888192177E-001,-1.663502603769302E-001,5.558014512062073E-001,7.423915266990662E-001,-1.036563888192177E-001,-1.663502603769302E-001,5.558014512062073E-001,7.423915266990662E-001,
5.918333333333333E+009,-1.070821583271027E-001,-1.981705576181412E-001,5.805449485778809E-001,7.118418812751770E-001,-1.070821583271027E-001,-1.981705576181412E-001,5.805449485778809E-001,7.118418812751770E-001,
5.930000000000000E+009,-1.381181031465530E-001,-2.213881909847260E-001,5.998007655143738E-001,6.751614212989807E-001,-1.381181031465530E-001,-2.213881909847260E-001,5.998007655143738E-001,6.751614212989807E-001,
5.941666666666666E+009,-1.780076026916504E-001,-2.222760170698166E-001,6.123492717742920E-001,6.708415150642395E-001,-1.780076026916504E-001,-2.222760170698166E-001,6.123492717742920E-001,6.708415150642395E-001,
5.953333333333333E+009,-2.081920653581619E-001,-2.002156823873520E-001,6.210387349128723E-001,6.506136059761047E-001,-2.081920653581619E-001,-2.002156823873520E-001,6.210387349128723E-001,6.506136059761047E-001,
5.965000000000000E+009,-2.215690016746521E-001,-1.694979816675186E-001,6.448849439620972E-001,6.353607773780823E-001,-2.215690016746521E-001,-1.694979816675186E-001,6.448849439620972E-001,6.353607773780823E-001,
5.976666666666666E+009,-2.110607773065567E-001,-1.401951760053635E-001,6.800155639648438E-001,6.057443022727966E-001,-2.110607773065567E-001,-1.401951760053635E-001,6.800155639648438E-001,6.057443022727966E-001,
5.988333333333333E+009,-1.859405785799027E-001,-1.352906823158264E-001,7.071145772933960E-001,5.908177495002747E-001,-1.859405785799027E-001,-1.352906823158264E-001,7.071145772933960E-001,5.908177495002747E-001,
6.000000000000000E+009,-1.674095392227173E-001,-1.453624665737152E-001,7.424578070640564E-001,5.716550350189209E-001,-1.674095392227173E-001,-1.453624665737152E-001,7.424578070640564E-001,5.716550350189209E-001,
