% Version 1.00
%
%freq[Hz],re:Trc1_S11,im:Trc1_S11,re:Trc2_S21,im:Trc2_S21,re:Trc3_S11,im:Trc3_S11,re:Trc4_S21,im:Trc4_S21,
2.500000000000000E+009,1.400620937347412E-001,-8.277060091495514E-002,2.338456064462662E-001,-9.505642056465149E-001,1.400620937347412E-001,-8.277060091495514E-002,2.338456064462662E-001,-9.505642056465149E-001,
2.511666666666667E+009,9.625572711229324E-002,-7.931873947381973E-002,1.923969537019730E-001,-9.638579487800598E-001,9.625572711229324E-002,-7.931873947381973E-002,1.923969537019730E-001,-9.638579487800598E-001,
2.523333333333334E+009,6.942386180162430E-002,-4.174213483929634E-002,1.696479022502899E-001,-9.770566821098328E-001,6.942386180162430E-002,-4.174213483929634E-002,1.696479022502899E-001,-9.770566821098328E-001,
2.535000000000000E+009,7.856189459562302E-002,3.618746297433972E-003,1.114023700356484E-001,-9.797121882438660E-001,7.856189459562302E-002,3.618746297433972E-003,1.114023700356484E-001,-9.797121882438660E-001,
2.546666666666667E+009,1.177083626389504E-001,2.460338361561298E-002,7.541105896234512E-002,-9.842748641967773E-001,1.177083626389504E-001,2.460338361561298E-002,7.541105896234512E-002,-9.842748641967773E-001,
2.558333333333334E+009,1.613726764917374E-001,7.343962788581848E-003,4.679588228464127E-002,-9.769197106361389E-001,1.613726764917374E-001,7.343962788581848E-003,4.679588228464127E-002,-9.769197106361389E-001,
2.570000000000000E+009,1.800711601972580E-001,-3.742355108261108E-002,6.460976786911488E-003,-9.642444252967835E-001,1.800711601972580E-001,-3.742355108261108E-002,6.460976786911488E-003,-9.642444252967835E-001,
2.581666666666667E+009,1.634370833635330E-001,-8.570582419633865E-002,-2.157435566186905E-002,-9.638199210166931E-001,1.634370833635330E-001,-8.570582419633865E-002,-2.157435566186905E-002,-9.638199210166931E-001,
2.593333333333334E+009,1.223797351121903E-001,-1.103829741477966E-001,-5.014605820178986E-002,-9.687239527702332E-001,1.223797351121903E-001,-1.103829741477966E-001,-5.014605820178986E-002,-9.687239527702332E-001,
2.605000000000000E+009,7.696270197629929E-002,-9.623443335294724E-002,-8.498331159353256E-002,-9.776145219802856E-001,7.696270197629929E-002,-9.623443335294724E-002,-8.498331159353256E-002,-9.776145219802856E-001,
2.616666666666667E+009,5.758056789636612E-002,-5.358104035258293E-002,-1.286697685718536E-001,-9.767996668815613E-001,5.758056789636612E-002,-5.358104035258293E-002,-1.286697685718536E-001,-9.767996668815613E-001,
2.628333333333334E+009,7.312811911106110E-002,-5.879824515432119E-003,-1.718888878822327E-001,-9.706109166145325E-001,7.312811911106110E-002,-5.879824515432119E-003,-1.718888878822327E-001,-9.706109166145325E-001,
2.640000000000000E+009,1.142780557274818E-001,1.220938470214605E-002,-2.052011489868164E-001,-9.653061032295227E-001,1.142780557274818E-001,1.220938470214605E-002,-2.052011489868164E-001,-9.653061032295227E-001,
2.651666666666667E+009,1.577277928590775E-001,-6.714338902384043E-003,-2.368859499692917E-001,-9.463128447532654E-001,1.577277928590775E-001,-6.714338902384043E-003,-2.368859499692917E-001,-9.463128447532654E-001,
2.663333333333334E+009,1.725614517927170E-001,-5.165068432688713E-002,-2.642216384410858E-001,-9.352089762687683E-001,1.725614517927170E-001,-5.165068432688713E-002,-2.642216384410858E-001,-9.352089762687683E-001,
2.675000000000000E+009,1.523517817258835E-001,-9.762907773256302E-002,-2.928529977798462E-001,-9.247744679450989E-001,1.523517817258835E-001,-9.762907773256302E-002,-2.928529977798462E-001,-9.247744679450989E-001,
2.686666666666667E+009,1.092064380645752E-001,-1.154100820422173E-001,-3.201086521148682E-001,-9.240514636039734E-001,1.092064380645752E-001,-1.154100820422173E-001,-3.201086521148682E-001,-9.240514636039734E-001,
2.698333333333334E+009,6.789361685514450E-002,-9.911312907934189E-002,-3.534989953041077E-001,-9.122979640960693E-001,6.789361685514450E-002,-9.911312907934189E-002,-3.534989953041077E-001,-9.122979640960693E-001,
2.710000000000000E+009,5.688881129026413E-002,-5.429870635271072E-002,-3.958610594272614E-001,-9.075769186019898E-001,5.688881129026413E-002,-5.429870635271072E-002,-3.958610594272614E-001,-9.075769186019898E-001,
2.721666666666667E+009,8.231499791145325E-002,-1.198754739016295E-002,-4.366829693317413E-001,-8.851525783538818E-001,8.231499791145325E-002,-1.198754739016295E-002,-4.366829693317413E-001,-8.851525783538818E-001,
2.733333333333334E+009,1.295185387134552E-001,9.319563396275044E-004,-4.646283388137817E-001,-8.638643622398377E-001,1.295185387134552E-001,9.319563396275044E-004,-4.646283388137817E-001,-8.638643622398377E-001,
2.745000000000000E+009,1.709804683923721E-001,-2.396003343164921E-002,-4.928912818431854E-001,-8.415365815162659E-001,1.709804683923721E-001,-2.396003343164921E-002,-4.928912818431854E-001,-8.415365815162659E-001,
2.756666666666667E+009,1.825969368219376E-001,-7.075807452201843E-002,-5.161562561988831E-001,-8.177466988563538E-001,1.825969368219376E-001,-7.075807452201843E-002,-5.161562561988831E-001,-8.177466988563538E-001,
2.768333333333334E+009,1.580293476581574E-001,-1.176724880933762E-001,-5.430279374122620E-001,-7.999976873397827E-001,1.580293476581574E-001,-1.176724880933762E-001,-5.430279374122620E-001,-7.999976873397827E-001,
2.780000000000000E+009,1.118221580982208E-001,-1.349946111440659E-001,-5.720440745353699E-001,-7.892206311225891E-001,1.118221580982208E-001,-1.349946111440659E-001,-5.720440745353699E-001,-7.892206311225891E-001,
2.791666666666667E+009,7.030223309993744E-002,-1.166796758770943E-001,-5.995623469352722E-001,-7.708438038825989E-001,7.030223309993744E-002,-1.166796758770943E-001,-5.995623469352722E-001,-7.708438038825989E-001,
2.803333333333334E+009,6.203170493245125E-002,-7.605496048927307E-002,-6.305285692214966E-001,-7.504992485046387E-001,6.203170493245125E-002,-7.605496048927307E-002,-6.305285692214966E-001,-7.504992485046387E-001,
2.815000000000000E+009,8.668263256549835E-002,-3.708124905824661E-002,-6.611931324005127E-001,-7.266608476638794E-001,8.668263256549835E-002,-3.708124905824661E-002,-6.611931324005127E-001,-7.266608476638794E-001,
2.826666666666667E+009,1.359773129224777E-001,-2.931280434131622E-002,-6.943185925483704E-001,-6.971616148948669E-001,1.359773129224777E-001,-2.931280434131622E-002,-6.943185925483704E-001,-6.971616148948669E-001,
2.838333333333334E+009,1.730793267488480E-001,-5.520444735884666E-002,-7.130319476127625E-001,-6.583088636398315E-001,1.730793267488480E-001,-5.520444735884666E-002,-7.130319476127625E-001,-6.583088636398315E-001,
2.850000000000000E+009,1.811140179634094E-001,-1.063655465841293E-001,-7.255477309226990E-001,-6.328787803649902E-001,1.811140179634094E-001,-1.063655465841293E-001,-7.255477309226990E-001,-6.328787803649902E-001,
2.861666666666667E+009,1.522512435913086E-001,-1.480957418680191E-001,-7.332842946052551E-001,-6.188662052154541E-001,1.522512435913086E-001,-1.480957418680191E-001,-7.332842946052551E-001,-6.188662052154541E-001,
2.873333333333334E+009,9.842817485332489E-002,-1.616147756576538E-001,-7.629540562629700E-001,-5.933393239974976E-001,9.842817485332489E-002,-1.616147756576538E-001,-7.629540562629700E-001,-5.933393239974976E-001,
2.885000000000000E+009,5.860946699976921E-002,-1.395923346281052E-001,-7.874878644943237E-001,-5.755379199981690E-001,5.860946699976921E-002,-1.395923346281052E-001,-7.874878644943237E-001,-5.755379199981690E-001,
2.896666666666667E+009,4.733922705054283E-002,-9.596154838800430E-002,-8.168518543243408E-001,-5.443093776702881E-001,4.733922705054283E-002,-9.596154838800430E-002,-8.168518543243408E-001,-5.443093776702881E-001,
2.908333333333334E+009,7.830759137868881E-002,-5.934644117951393E-002,-8.415551781654358E-001,-5.091144442558289E-001,7.830759137868881E-002,-5.934644117951393E-002,-8.415551781654358E-001,-5.091144442558289E-001,
2.920000000000000E+009,1.316448748111725E-001,-5.475389584898949E-002,-8.550925254821777E-001,-4.719138443470001E-001,1.316448748111725E-001,-5.475389584898949E-002,-8.550925254821777E-001,-4.719138443470001E-001,
2.931666666666667E+009,1.749019175767899E-001,-8.485586196184158E-002,-8.662397265434265E-001,-4.330904185771942E-001,1.749019175767899E-001,-8.485586196184158E-002,-8.662397265434265E-001,-4.330904185771942E-001,
2.943333333333334E+009,1.774117052555084E-001,-1.367685645818710E-001,-8.744659423828125E-001,-4.012697041034699E-001,1.774117052555084E-001,-1.367685645818710E-001,-8.744659423828125E-001,-4.012697041034699E-001,
2.955000000000000E+009,1.425528079271317E-001,-1.788561791181564E-001,-8.834571838378906E-001,-3.714491724967957E-001,1.425528079271317E-001,-1.788561791181564E-001,-8.834571838378906E-001,-3.714491724967957E-001,
2.966666666666667E+009,8.808670192956924E-002,-1.912929564714432E-001,-8.964571952819824E-001,-3.580715060234070E-001,8.808670192956924E-002,-1.912929564714432E-001,-8.964571952819824E-001,-3.580715060234070E-001,
2.978333333333334E+009,4.200779274106026E-002,-1.639487445354462E-001,-9.149808883666992E-001,-3.293438851833344E-001,4.200779274106026E-002,-1.639487445354462E-001,-9.149808883666992E-001,-3.293438851833344E-001,
2.990000000000000E+009,3.305414691567421E-002,-1.164090782403946E-001,-9.334033727645874E-001,-2.903730273246765E-001,3.305414691567421E-002,-1.164090782403946E-001,-9.334033727645874E-001,-2.903730273246765E-001,
3.001666666666667E+009,6.643585115671158E-002,-8.027859777212143E-002,-9.518014192581177E-001,-2.577415704727173E-001,6.643585115671158E-002,-8.027859777212143E-002,-9.518014192581177E-001,-2.577415704727173E-001,
3.013333333333334E+009,1.243067532777786E-001,-8.254292607307434E-002,-9.517352581024170E-001,-2.140224128961563E-001,1.243067532777786E-001,-8.254292607307434E-002,-9.517352581024170E-001,-2.140224128961563E-001,
3.025000000000000E+009,1.642387062311173E-001,-1.240497455000877E-001,-9.414343833923340E-001,-1.820347160100937E-001,1.642387062311173E-001,-1.240497455000877E-001,-9.414343833923340E-001,-1.820347160100937E-001,
3.036666666666667E+009,1.648560911417007E-001,-1.782432943582535E-001,-9.482659697532654E-001,-1.404125243425369E-001,1.648560911417007E-001,-1.782432943582535E-001,-9.482659697532654E-001,-1.404125243425369E-001,
3.048333333333333E+009,1.235215812921524E-001,-2.235083431005478E-001,-9.469411969184876E-001,-1.143772602081299E-001,1.235215812921524E-001,-2.235083431005478E-001,-9.469411969184876E-001,-1.143772602081299E-001,
3.060000000000000E+009,5.879535898566246E-002,-2.245063483715057E-001,-9.466710090637207E-001,-8.719046413898468E-002,5.879535898566246E-002,-2.245063483715057E-001,-9.466710090637207E-001,-8.719046413898468E-002,
3.071666666666667E+009,1.165878865867853E-002,-1.849530488252640E-001,-9.604036808013916E-001,-6.125884130597115E-002,1.165878865867853E-002,-1.849530488252640E-001,-9.604036808013916E-001,-6.125884130597115E-002,
3.083333333333333E+009,5.449235439300537E-003,-1.288905292749405E-001,-9.773318767547607E-001,-2.686016447842121E-002,5.449235439300537E-003,-1.288905292749405E-001,-9.773318767547607E-001,-2.686016447842121E-002,
3.095000000000000E+009,4.755723848938942E-002,-9.040104597806931E-002,-9.832676649093628E-001,1.389634516090155E-002,4.755723848938942E-002,-9.040104597806931E-002,-9.832676649093628E-001,1.389634516090155E-002,
3.106666666666667E+009,1.135484129190445E-001,-9.972743690013886E-002,-9.755667448043823E-001,6.403636187314987E-002,1.135484129190445E-001,-9.972743690013886E-002,-9.755667448043823E-001,6.403636187314987E-002,
3.118333333333333E+009,1.561881601810455E-001,-1.547666788101196E-001,-9.648363590240479E-001,1.004222407937050E-001,1.561881601810455E-001,-1.547666788101196E-001,-9.648363590240479E-001,1.004222407937050E-001,
3.130000000000000E+009,1.504679769277573E-001,-2.274180799722672E-001,-9.373467564582825E-001,1.401564180850983E-001,1.504679769277573E-001,-2.274180799722672E-001,-9.373467564582825E-001,1.401564180850983E-001,
3.141666666666667E+009,9.993224591016769E-002,-2.729113399982452E-001,-9.328696131706238E-001,1.608976721763611E-001,9.993224591016769E-002,-2.729113399982452E-001,-9.328696131706238E-001,1.608976721763611E-001,
3.153333333333333E+009,2.546515502035618E-002,-2.707283794879913E-001,-9.234145283699036E-001,1.758625358343124E-001,2.546515502035618E-002,-2.707283794879913E-001,-9.234145283699036E-001,1.758625358343124E-001,
3.165000000000000E+009,-2.785304747521877E-002,-2.257752567529678E-001,-9.356599450111389E-001,2.153118848800659E-001,-2.785304747521877E-002,-2.257752567529678E-001,-9.356599450111389E-001,2.153118848800659E-001,
3.176666666666667E+009,-3.705272823572159E-002,-1.587823927402496E-001,-9.420499205589294E-001,2.403091490268707E-001,-3.705272823572159E-002,-1.587823927402496E-001,-9.420499205589294E-001,2.403091490268707E-001,
3.188333333333333E+009,5.976118613034487E-003,-1.139783412218094E-001,-9.325494766235352E-001,2.890878021717072E-001,5.976118613034487E-003,-1.139783412218094E-001,-9.325494766235352E-001,2.890878021717072E-001,
3.200000000000000E+009,7.359981536865234E-002,-1.239202022552490E-001,-9.199408292770386E-001,3.341614603996277E-001,7.359981536865234E-002,-1.239202022552490E-001,-9.199408292770386E-001,3.341614603996277E-001,
3.211666666666667E+009,1.154680475592613E-001,-1.846869736909866E-001,-8.948675990104675E-001,3.663851618766785E-001,1.154680475592613E-001,-1.846869736909866E-001,-8.948675990104675E-001,3.663851618766785E-001,
3.223333333333333E+009,1.033188030123711E-001,-2.585576474666596E-001,-8.669167757034302E-001,3.898870050907135E-001,1.033188030123711E-001,-2.585576474666596E-001,-8.669167757034302E-001,3.898870050907135E-001,
3.235000000000000E+009,4.290841147303581E-002,-3.018478751182556E-001,-8.460397124290466E-001,4.034355580806732E-001,4.290841147303581E-002,-3.018478751182556E-001,-8.460397124290466E-001,4.034355580806732E-001,
3.246666666666667E+009,-3.137252852320671E-002,-2.923684418201447E-001,-8.407340049743652E-001,4.305344521999359E-001,-3.137252852320671E-002,-2.923684418201447E-001,-8.407340049743652E-001,4.305344521999359E-001,
3.258333333333333E+009,-8.620371669530869E-002,-2.356370687484741E-001,-8.400928378105164E-001,4.469255805015564E-001,-8.620371669530869E-002,-2.356370687484741E-001,-8.400928378105164E-001,4.469255805015564E-001,
3.270000000000000E+009,-8.808872848749161E-002,-1.599814891815186E-001,-8.334954380989075E-001,4.945163130760193E-001,-8.808872848749161E-002,-1.599814891815186E-001,-8.334954380989075E-001,4.945163130760193E-001,
3.281666666666667E+009,-3.580066934227943E-002,-1.119142249226570E-001,-8.202961087226868E-001,5.343115925788879E-001,-3.580066934227943E-002,-1.119142249226570E-001,-8.202961087226868E-001,5.343115925788879E-001,
3.293333333333333E+009,3.486945107579231E-002,-1.246429756283760E-001,-7.925684452056885E-001,5.687121748924255E-001,3.486945107579231E-002,-1.246429756283760E-001,-7.925684452056885E-001,5.687121748924255E-001,
3.305000000000000E+009,7.386029511690140E-002,-1.927573233842850E-001,-7.501104474067688E-001,5.995648503303528E-001,7.386029511690140E-002,-1.927573233842850E-001,-7.501104474067688E-001,5.995648503303528E-001,
3.316666666666667E+009,5.444753170013428E-002,-2.713169157505035E-001,-7.199488878250122E-001,6.143777966499329E-001,5.444753170013428E-002,-2.713169157505035E-001,-7.199488878250122E-001,6.143777966499329E-001,
3.328333333333333E+009,-1.169585157185793E-002,-3.150397539138794E-001,-6.963348388671875E-001,6.306216120719910E-001,-1.169585157185793E-002,-3.150397539138794E-001,-6.963348388671875E-001,6.306216120719910E-001,
3.340000000000000E+009,-8.871719986200333E-002,-3.024695813655853E-001,-6.849658489227295E-001,6.344543099403381E-001,-8.871719986200333E-002,-3.024695813655853E-001,-6.849658489227295E-001,6.344543099403381E-001,
3.351666666666667E+009,-1.398222446441650E-001,-2.384305149316788E-001,-6.760249733924866E-001,6.607288718223572E-001,-1.398222446441650E-001,-2.384305149316788E-001,-6.760249733924866E-001,6.607288718223572E-001,
3.363333333333333E+009,-1.357817202806473E-001,-1.577700376510620E-001,-6.687902212142944E-001,6.911436319351196E-001,-1.357817202806473E-001,-1.577700376510620E-001,-6.687902212142944E-001,6.911436319351196E-001,
3.375000000000000E+009,-8.040750026702881E-002,-1.091953590512276E-001,-6.494027972221375E-001,7.407205104827881E-001,-8.040750026702881E-002,-1.091953590512276E-001,-6.494027972221375E-001,7.407205104827881E-001,
3.386666666666667E+009,-1.198941282927990E-002,-1.232291013002396E-001,-5.948729515075684E-001,7.693107724189758E-001,-1.198941282927990E-002,-1.232291013002396E-001,-5.948729515075684E-001,7.693107724189758E-001,
3.398333333333333E+009,2.009229175746441E-002,-1.925846487283707E-001,-5.582222938537598E-001,7.843632102012634E-001,2.009229175746441E-002,-1.925846487283707E-001,-5.582222938537598E-001,7.843632102012634E-001,
3.410000000000000E+009,-9.517051279544830E-003,-2.662738263607025E-001,-5.200912356376648E-001,7.962024807929993E-001,-9.517051279544830E-003,-2.662738263607025E-001,-5.200912356376648E-001,7.962024807929993E-001,
3.421666666666667E+009,-7.859895378351212E-002,-2.996173799037933E-001,-4.940639436244965E-001,7.910719513893127E-001,-7.859895378351212E-002,-2.996173799037933E-001,-4.940639436244965E-001,7.910719513893127E-001,
3.433333333333333E+009,-1.511625349521637E-001,-2.760554552078247E-001,-4.752103686332703E-001,7.999130487442017E-001,-1.511625349521637E-001,-2.760554552078247E-001,-4.752103686332703E-001,7.999130487442017E-001,
3.445000000000000E+009,-1.910166740417481E-001,-2.066950052976608E-001,-4.646593630313873E-001,8.177813887596130E-001,-1.910166740417481E-001,-2.066950052976608E-001,-4.646593630313873E-001,8.177813887596130E-001,
3.456666666666667E+009,-1.751209944486618E-001,-1.264005005359650E-001,-4.499405026435852E-001,8.524991273880005E-001,-1.751209944486618E-001,-1.264005005359650E-001,-4.499405026435852E-001,8.524991273880005E-001,
3.468333333333333E+009,-1.100748330354691E-001,-8.042832463979721E-002,-4.184957742691040E-001,8.830530047416687E-001,-1.100748330354691E-001,-8.042832463979721E-002,-4.184957742691040E-001,8.830530047416687E-001,
3.480000000000000E+009,-3.640625998377800E-002,-1.030249744653702E-001,-3.727313578128815E-001,9.120255112648010E-001,-3.640625998377800E-002,-1.030249744653702E-001,-3.727313578128815E-001,9.120255112648010E-001,
3.491666666666667E+009,-1.170913502573967E-002,-1.759996265172958E-001,-3.124370574951172E-001,9.149161577224731E-001,-1.170913502573967E-002,-1.759996265172958E-001,-3.124370574951172E-001,9.149161577224731E-001,
3.503333333333333E+009,-4.860614240169525E-002,-2.493682056665421E-001,-2.722260057926178E-001,9.136760234832764E-001,-4.860614240169525E-002,-2.493682056665421E-001,-2.722260057926178E-001,9.136760234832764E-001,
3.515000000000000E+009,-1.262104660272598E-001,-2.805884182453156E-001,-2.535264790058136E-001,9.041330814361572E-001,-1.262104660272598E-001,-2.805884182453156E-001,-2.535264790058136E-001,9.041330814361572E-001,
3.526666666666667E+009,-2.003139555454254E-001,-2.531833350658417E-001,-2.391486763954163E-001,9.029415249824524E-001,-2.003139555454254E-001,-2.531833350658417E-001,-2.391486763954163E-001,9.029415249824524E-001,
3.538333333333333E+009,-2.378763109445572E-001,-1.787240654230118E-001,-2.225593775510788E-001,9.199103713035584E-001,-2.378763109445572E-001,-1.787240654230118E-001,-2.225593775510788E-001,9.199103713035584E-001,
3.550000000000000E+009,-2.153966873884201E-001,-9.698821604251862E-002,-1.963978111743927E-001,9.419239163398743E-001,-2.153966873884201E-001,-9.698821604251862E-002,-1.963978111743927E-001,9.419239163398743E-001,
3.561666666666667E+009,-1.450026035308838E-001,-5.185254290699959E-002,-1.631833165884018E-001,9.653368592262268E-001,-1.450026035308838E-001,-5.185254290699959E-002,-1.631833165884018E-001,9.653368592262268E-001,
3.573333333333333E+009,-6.948445737361908E-002,-7.323180884122849E-002,-1.063386946916580E-001,9.760503172874451E-001,-6.948445737361908E-002,-7.323180884122849E-002,-1.063386946916580E-001,9.760503172874451E-001,
3.585000000000000E+009,-4.141293466091156E-002,-1.423155963420868E-001,-5.090153589844704E-002,9.684479236602783E-001,-4.141293466091156E-002,-1.423155963420868E-001,-5.090153589844704E-002,9.684479236602783E-001,
3.596666666666667E+009,-7.777184993028641E-002,-2.133380025625229E-001,-1.136162504553795E-002,9.536983370780945E-001,-7.777184993028641E-002,-2.133380025625229E-001,-1.136162504553795E-002,9.536983370780945E-001,
3.608333333333333E+009,-1.542585790157318E-001,-2.416854500770569E-001,6.956299301236868E-003,9.426376819610596E-001,-1.542585790157318E-001,-2.416854500770569E-001,6.956299301236868E-003,9.426376819610596E-001,
3.620000000000000E+009,-2.267620116472244E-001,-2.121983468532562E-001,3.252064436674118E-002,9.332544207572937E-001,-2.267620116472244E-001,-2.121983468532562E-001,3.252064436674118E-002,9.332544207572937E-001,
3.631666666666667E+009,-2.597562670707703E-001,-1.426651924848557E-001,4.211067035794258E-002,9.378675818443298E-001,-2.597562670707703E-001,-1.426651924848557E-001,4.211067035794258E-002,9.378675818443298E-001,
3.643333333333333E+009,-2.329605966806412E-001,-6.758016347885132E-002,7.139334827661514E-002,9.541165828704834E-001,-2.329605966806412E-001,-6.758016347885132E-002,7.139334827661514E-002,9.541165828704834E-001,
3.655000000000000E+009,-1.629898995161057E-001,-2.921746671199799E-002,1.122121438384056E-001,9.687566161155701E-001,-1.629898995161057E-001,-2.921746671199799E-002,1.122121438384056E-001,9.687566161155701E-001,
3.666666666666667E+009,-9.053151309490204E-002,-5.187602713704109E-002,1.740507632493973E-001,9.653786420822144E-001,-9.053151309490204E-002,-5.187602713704109E-002,1.740507632493973E-001,9.653786420822144E-001,
3.678333333333333E+009,-6.544902175664902E-002,-1.205444186925888E-001,2.177829593420029E-001,9.455260038375855E-001,-6.544902175664902E-002,-1.205444186925888E-001,2.177829593420029E-001,9.455260038375855E-001,
3.690000000000000E+009,-1.041677594184876E-001,-1.855397820472717E-001,2.507817745208740E-001,9.263328909873962E-001,-1.041677594184876E-001,-1.855397820472717E-001,2.507817745208740E-001,9.263328909873962E-001,
3.701666666666667E+009,-1.822838038206101E-001,-2.038490921258926E-001,2.764098942279816E-001,8.963449001312256E-001,-1.822838038206101E-001,-2.038490921258926E-001,2.764098942279816E-001,8.963449001312256E-001,
3.713333333333333E+009,-2.526991367340088E-001,-1.693193167448044E-001,2.873924374580383E-001,8.882719278335571E-001,-2.526991367340088E-001,-1.693193167448044E-001,2.873924374580383E-001,8.882719278335571E-001,
3.725000000000000E+009,-2.793314456939697E-001,-9.880144149065018E-002,3.041447997093201E-001,8.884130120277405E-001,-2.793314456939697E-001,-9.880144149065018E-002,3.041447997093201E-001,8.884130120277405E-001,
3.736666666666667E+009,-2.504636049270630E-001,-2.389111928641796E-002,3.377687633037567E-001,8.943336606025696E-001,-2.504636049270630E-001,-2.389111928641796E-002,3.377687633037567E-001,8.943336606025696E-001,
3.748333333333333E+009,-1.711911410093308E-001,8.563892915844917E-003,3.801709413528442E-001,9.051796793937683E-001,-1.711911410093308E-001,8.563892915844917E-003,3.801709413528442E-001,9.051796793937683E-001,
3.760000000000000E+009,-9.396916627883911E-002,-2.243996411561966E-002,4.331771731376648E-001,8.910631537437439E-001,-9.396916627883911E-002,-2.243996411561966E-002,4.331771731376648E-001,8.910631537437439E-001,
3.771666666666667E+009,-6.786201149225235E-002,-9.540779888629913E-002,4.795734584331513E-001,8.581348061561585E-001,-6.786201149225235E-002,-9.540779888629913E-002,4.795734584331513E-001,8.581348061561585E-001,
3.783333333333333E+009,-1.082482486963272E-001,-1.617037206888199E-001,5.071001648902893E-001,8.239436745643616E-001,-1.082482486963272E-001,-1.617037206888199E-001,5.071001648902893E-001,8.239436745643616E-001,
3.795000000000000E+009,-1.875784099102020E-001,-1.807836294174194E-001,5.189295411109924E-001,7.893575429916382E-001,-1.875784099102020E-001,-1.807836294174194E-001,5.189295411109924E-001,7.893575429916382E-001,
3.806666666666667E+009,-2.597306966781616E-001,-1.469299942255020E-001,5.312756896018982E-001,7.707896828651428E-001,-2.597306966781616E-001,-1.469299942255020E-001,5.312756896018982E-001,7.707896828651428E-001,
3.818333333333333E+009,-2.887473106384277E-001,-7.457051426172257E-002,5.517450571060181E-001,7.655747532844544E-001,-2.887473106384277E-001,-7.457051426172257E-002,5.517450571060181E-001,7.655747532844544E-001,
3.830000000000000E+009,-2.627592980861664E-001,-3.453367622569203E-003,5.735093355178833E-001,7.602730393409729E-001,-2.627592980861664E-001,-3.453367622569203E-003,5.735093355178833E-001,7.602730393409729E-001,
3.841666666666667E+009,-1.901345849037170E-001,2.730184793472290E-002,6.082417964935303E-001,7.591727375984192E-001,-1.901345849037170E-001,2.730184793472290E-002,6.082417964935303E-001,7.591727375984192E-001,
3.853333333333333E+009,-1.173527389764786E-001,-1.254699309356511E-003,6.568642854690552E-001,7.345032691955566E-001,-1.173527389764786E-001,-1.254699309356511E-003,6.568642854690552E-001,7.345032691955566E-001,
3.865000000000000E+009,-8.993611484766007E-002,-7.065407931804657E-002,7.009457349777222E-001,6.967996358871460E-001,-8.993611484766007E-002,-7.065407931804657E-002,7.009457349777222E-001,6.967996358871460E-001,
3.876666666666667E+009,-1.280711591243744E-001,-1.353347152471542E-001,7.131478786468506E-001,6.534082293510437E-001,-1.280711591243744E-001,-1.353347152471542E-001,7.131478786468506E-001,6.534082293510437E-001,
3.888333333333333E+009,-2.051309496164322E-001,-1.507907211780548E-001,7.266555428504944E-001,6.124521493911743E-001,-2.051309496164322E-001,-1.507907211780548E-001,7.266555428504944E-001,6.124521493911743E-001,
3.900000000000000E+009,-2.768525481224060E-001,-1.114551424980164E-001,7.314497828483582E-001,5.951060652732849E-001,-2.768525481224060E-001,-1.114551424980164E-001,7.314497828483582E-001,5.951060652732849E-001,
3.911666666666667E+009,-3.046599626541138E-001,-3.636513650417328E-002,7.387906908988953E-001,5.790018439292908E-001,-3.046599626541138E-001,-3.636513650417328E-002,7.387906908988953E-001,5.790018439292908E-001,
3.923333333333333E+009,-2.756325006484985E-001,3.847663477063179E-002,7.646245360374451E-001,5.680887699127197E-001,-2.756325006484985E-001,3.847663477063179E-002,7.646245360374451E-001,5.680887699127197E-001,
3.935000000000000E+009,-2.007780373096466E-001,6.983575224876404E-002,8.016613721847534E-001,5.556459426879883E-001,-2.007780373096466E-001,6.983575224876404E-002,8.016613721847534E-001,5.556459426879883E-001,
3.946666666666667E+009,-1.274302452802658E-001,3.975518792867661E-002,8.342821002006531E-001,5.293365120887756E-001,-1.274302452802658E-001,3.975518792867661E-002,8.342821002006531E-001,5.293365120887756E-001,
3.958333333333333E+009,-9.733883291482925E-002,-3.253636136651039E-002,8.671069145202637E-001,4.810404777526856E-001,-9.733883291482925E-002,-3.253636136651039E-002,8.671069145202637E-001,4.810404777526856E-001,
3.970000000000000E+009,-1.318572461605072E-001,-9.654118865728378E-002,8.756940364837647E-001,4.300433099269867E-001,-1.318572461605072E-001,-9.654118865728378E-002,8.756940364837647E-001,4.300433099269867E-001,
3.981666666666667E+009,-2.013227641582489E-001,-1.128782629966736E-001,8.788658380508423E-001,3.932915627956390E-001,-2.013227641582489E-001,-1.128782629966736E-001,8.788658380508423E-001,3.932915627956390E-001,
3.993333333333333E+009,-2.671316564083099E-001,-7.589158415794373E-002,8.742490410804749E-001,3.600730895996094E-001,-2.671316564083099E-001,-7.589158415794373E-002,8.742490410804749E-001,3.600730895996094E-001,
4.005000000000000E+009,-2.928354740142822E-001,-4.444743506610394E-003,8.830807805061340E-001,3.439902067184448E-001,-2.928354740142822E-001,-4.444743506610394E-003,8.830807805061340E-001,3.439902067184448E-001,
4.016666666666667E+009,-2.663649618625641E-001,6.386408954858780E-002,8.918377161026001E-001,3.297761976718903E-001,-2.663649618625641E-001,6.386408954858780E-002,8.918377161026001E-001,3.297761976718903E-001,
4.028333333333333E+009,-1.976981014013290E-001,8.962205052375794E-002,9.232278466224670E-001,3.044881522655487E-001,-1.976981014013290E-001,8.962205052375794E-002,9.232278466224670E-001,3.044881522655487E-001,
4.040000000000000E+009,-1.279962360858917E-001,5.597677826881409E-002,9.552947282791138E-001,2.732929289340973E-001,-1.279962360858917E-001,5.597677826881409E-002,9.552947282791138E-001,2.732929289340973E-001,
4.051666666666667E+009,-1.056767329573631E-001,-1.771104149520397E-002,9.636589884757996E-001,2.131085991859436E-001,-1.056767329573631E-001,-1.771104149520397E-002,9.636589884757996E-001,2.131085991859436E-001,
4.063333333333333E+009,-1.448173969984055E-001,-7.981979101896286E-002,9.659901857376099E-001,1.671827137470245E-001,-1.448173969984055E-001,-7.981979101896286E-002,9.659901857376099E-001,1.671827137470245E-001,
4.075000000000000E+009,-2.167628407478333E-001,-9.374009072780609E-002,9.597477912902832E-001,1.228022500872612E-001,-2.167628407478333E-001,-9.374009072780609E-002,9.597477912902832E-001,1.228022500872612E-001,
4.086666666666667E+009,-2.805046141147614E-001,-4.871428012847900E-002,9.419271945953369E-001,9.305452555418015E-002,-2.805046141147614E-001,-4.871428012847900E-002,9.419271945953369E-001,9.305452555418015E-002,
4.098333333333333E+009,-3.004797995090485E-001,2.688168361783028E-002,9.400767683982849E-001,7.889040559530258E-002,-3.004797995090485E-001,2.688168361783028E-002,9.400767683982849E-001,7.889040559530258E-002,
4.110000000000000E+009,-2.701505720615387E-001,9.572137892246246E-002,9.482219815254211E-001,5.405279621481895E-002,-2.701505720615387E-001,9.572137892246246E-002,9.482219815254211E-001,5.405279621481895E-002,
4.121666666666667E+009,-2.005687057971954E-001,1.200550869107246E-001,9.703876376152039E-001,3.369590640068054E-002,-2.005687057971954E-001,1.200550869107246E-001,9.703876376152039E-001,3.369590640068054E-002,
4.133333333333333E+009,-1.345742344856262E-001,8.694838732481003E-002,9.802274107933044E-001,-7.349082734435797E-003,-1.345742344856262E-001,8.694838732481003E-002,9.802274107933044E-001,-7.349082734435797E-003,
4.145000000000000E+009,-1.137911677360535E-001,1.265028025954962E-002,9.880245327949524E-001,-6.389991939067841E-002,-1.137911677360535E-001,1.265028025954962E-002,9.880245327949524E-001,-6.389991939067841E-002,
4.156666666666667E+009,-1.517453342676163E-001,-5.124747753143311E-002,9.869673848152161E-001,-1.104564666748047E-001,-1.517453342676163E-001,-5.124747753143311E-002,9.869673848152161E-001,-1.104564666748047E-001,
4.168333333333333E+009,-2.260583639144898E-001,-6.262242794036865E-002,9.606840014457703E-001,-1.495964080095291E-001,-2.260583639144898E-001,-6.262242794036865E-002,9.606840014457703E-001,-1.495964080095291E-001,
4.180000000000000E+009,-2.852503955364227E-001,-1.757976785302162E-002,9.405423402786255E-001,-1.877480894327164E-001,-2.852503955364227E-001,-1.757976785302162E-002,9.405423402786255E-001,-1.877480894327164E-001,
4.191666666666667E+009,-3.043911159038544E-001,5.624235421419144E-002,9.250738024711609E-001,-2.013680636882782E-001,-3.043911159038544E-001,5.624235421419144E-002,9.250738024711609E-001,-2.013680636882782E-001,
4.203333333333333E+009,-2.731720209121704E-001,1.246507316827774E-001,9.195156097412109E-001,-2.175877839326859E-001,-2.731720209121704E-001,1.246507316827774E-001,9.195156097412109E-001,-2.175877839326859E-001,
4.215000000000000E+009,-2.051171064376831E-001,1.526797115802765E-001,9.287689924240112E-001,-2.479625791311264E-001,-2.051171064376831E-001,1.526797115802765E-001,9.287689924240112E-001,-2.479625791311264E-001,
4.226666666666667E+009,-1.435696035623550E-001,1.200894266366959E-001,9.333603382110596E-001,-2.807220220565796E-001,-1.435696035623550E-001,1.200894266366959E-001,9.333603382110596E-001,-2.807220220565796E-001,
4.238333333333333E+009,-1.248013228178024E-001,5.331259220838547E-002,9.258455038070679E-001,-3.339207172393799E-001,-1.248013228178024E-001,5.331259220838547E-002,9.258455038070679E-001,-3.339207172393799E-001,
4.250000000000000E+009,-1.617668122053146E-001,-7.074569817632437E-003,9.109964966773987E-001,-3.824509978294373E-001,-1.617668122053146E-001,-7.074569817632437E-003,9.109964966773987E-001,-3.824509978294373E-001,
4.261666666666667E+009,-2.310418635606766E-001,-1.551131531596184E-002,8.856198787689209E-001,-4.186246395111084E-001,-2.310418635606766E-001,-1.551131531596184E-002,8.856198787689209E-001,-4.186246395111084E-001,
4.273333333333333E+009,-2.884348928928375E-001,2.540252357721329E-002,8.508116006851196E-001,-4.410257935523987E-001,-2.884348928928375E-001,2.540252357721329E-002,8.508116006851196E-001,-4.410257935523987E-001,
4.285000000000000E+009,-3.029188215732575E-001,9.990966320037842E-002,8.324451446533203E-001,-4.608798921108246E-001,-3.029188215732575E-001,9.990966320037842E-002,8.324451446533203E-001,-4.608798921108246E-001,
4.296666666666666E+009,-2.683111131191254E-001,1.668976694345474E-001,8.196163177490234E-001,-4.683273434638977E-001,-2.683111131191254E-001,1.668976694345474E-001,8.196163177490234E-001,-4.683273434638977E-001,
4.308333333333333E+009,-1.996495425701141E-001,1.935400366783142E-001,8.183366060256958E-001,-4.968048334121704E-001,-1.996495425701141E-001,1.935400366783142E-001,8.183366060256958E-001,-4.968048334121704E-001,
4.320000000000000E+009,-1.384368389844894E-001,1.661286354064941E-001,8.153051733970642E-001,-5.321689248085022E-001,-1.384368389844894E-001,1.661286354064941E-001,8.153051733970642E-001,-5.321689248085022E-001,
4.331666666666666E+009,-1.177079454064369E-001,1.019566953182221E-001,7.992597818374634E-001,-5.757971405982971E-001,-1.177079454064369E-001,1.019566953182221E-001,7.992597818374634E-001,-5.757971405982971E-001,
4.343333333333333E+009,-1.534284800291061E-001,4.321163892745972E-002,7.682709693908691E-001,-6.235830187797546E-001,-1.534284800291061E-001,4.321163892745972E-002,7.682709693908691E-001,-6.235830187797546E-001,
4.355000000000000E+009,-2.206517606973648E-001,3.158039599657059E-002,7.306554317474365E-001,-6.504072546958923E-001,-2.206517606973648E-001,3.158039599657059E-002,7.306554317474365E-001,-6.504072546958923E-001,
4.366666666666666E+009,-2.764157950878143E-001,7.264178246259689E-002,6.890375018119812E-001,-6.727052927017212E-001,-2.764157950878143E-001,7.264178246259689E-002,6.890375018119812E-001,-6.727052927017212E-001,
4.378333333333333E+009,-2.862322330474854E-001,1.420441716909409E-001,6.592019200325012E-001,-6.735474467277527E-001,-2.862322330474854E-001,1.420441716909409E-001,6.592019200325012E-001,-6.735474467277527E-001,
4.390000000000000E+009,-2.512481510639191E-001,2.024680078029633E-001,6.466854810714722E-001,-6.871635317802429E-001,-2.512481510639191E-001,2.024680078029633E-001,6.466854810714722E-001,-6.871635317802429E-001,
4.401666666666666E+009,-1.862957328557968E-001,2.260058522224426E-001,6.336869001388550E-001,-7.073955535888672E-001,-1.862957328557968E-001,2.260058522224426E-001,6.336869001388550E-001,-7.073955535888672E-001,
4.413333333333333E+009,-1.241678372025490E-001,1.995208412408829E-001,6.237310171127319E-001,-7.353895306587219E-001,-1.241678372025490E-001,1.995208412408829E-001,6.237310171127319E-001,-7.353895306587219E-001,
4.425000000000000E+009,-1.044291704893112E-001,1.351074427366257E-001,5.982939004898071E-001,-7.710753679275513E-001,-1.044291704893112E-001,1.351074427366257E-001,5.982939004898071E-001,-7.710753679275513E-001,
4.436666666666666E+009,-1.420694440603256E-001,7.866565883159638E-002,5.553200840950012E-001,-8.014098405838013E-001,-1.420694440603256E-001,7.866565883159638E-002,5.553200840950012E-001,-8.014098405838013E-001,
4.448333333333333E+009,-2.134800404310226E-001,6.752913445234299E-002,5.130533576011658E-001,-8.261876702308655E-001,-2.134800404310226E-001,6.752913445234299E-002,5.130533576011658E-001,-8.261876702308655E-001,
4.460000000000000E+009,-2.719141840934753E-001,1.131936460733414E-001,4.712826907634735E-001,-8.366454839706421E-001,-2.719141840934753E-001,1.131936460733414E-001,4.712826907634735E-001,-8.366454839706421E-001,
4.471666666666666E+009,-2.861351370811462E-001,1.884293109178543E-001,4.363296926021576E-001,-8.340087532997131E-001,-2.861351370811462E-001,1.884293109178543E-001,4.363296926021576E-001,-8.340087532997131E-001,
4.483333333333333E+009,-2.507873177528381E-001,2.526121139526367E-001,4.128273427486420E-001,-8.439811468124390E-001,-2.507873177528381E-001,2.526121139526367E-001,4.128273427486420E-001,-8.439811468124390E-001,
4.495000000000000E+009,-1.827770918607712E-001,2.842003107070923E-001,4.001899063587189E-001,-8.480679988861084E-001,-1.827770918607712E-001,2.842003107070923E-001,4.001899063587189E-001,-8.480679988861084E-001,
4.506666666666666E+009,-1.156600713729858E-001,2.653057277202606E-001,3.827295303344727E-001,-8.696858882904053E-001,-1.156600713729858E-001,2.653057277202606E-001,3.827295303344727E-001,-8.696858882904053E-001,
4.518333333333333E+009,-8.656422048807144E-002,2.095109373331070E-001,3.527531623840332E-001,-8.874873518943787E-001,-8.656422048807144E-002,2.095109373331070E-001,3.527531623840332E-001,-8.874873518943787E-001,
4.530000000000000E+009,-1.088658198714256E-001,1.563879549503326E-001,3.173616528511047E-001,-9.174394607543945E-001,-1.088658198714256E-001,1.563879549503326E-001,3.173616528511047E-001,-9.174394607543945E-001,
4.541666666666666E+009,-1.662529855966568E-001,1.425143033266068E-001,2.676518857479096E-001,-9.274708032608032E-001,-1.662529855966568E-001,1.425143033266068E-001,2.676518857479096E-001,-9.274708032608032E-001,
4.553333333333333E+009,-2.153134495019913E-001,1.803370416164398E-001,2.198964804410934E-001,-9.299814105033875E-001,-2.153134495019913E-001,1.803370416164398E-001,2.198964804410934E-001,-9.299814105033875E-001,
4.565000000000000E+009,-2.222077101469040E-001,2.495276182889938E-001,1.853966563940048E-001,-9.195892214775085E-001,-2.222077101469040E-001,2.495276182889938E-001,1.853966563940048E-001,-9.195892214775085E-001,
4.576666666666666E+009,-1.839219182729721E-001,3.047876656055450E-001,1.672014296054840E-001,-9.164105653762817E-001,-1.839219182729721E-001,3.047876656055450E-001,1.672014296054840E-001,-9.164105653762817E-001,
4.588333333333333E+009,-1.144121140241623E-001,3.240603506565094E-001,1.478637158870697E-001,-9.210407137870789E-001,-1.144121140241623E-001,3.240603506565094E-001,1.478637158870697E-001,-9.210407137870789E-001,
4.600000000000000E+009,-4.917775094509125E-002,2.966001033782959E-001,1.204783990979195E-001,-9.397125840187073E-001,-4.917775094509125E-002,2.966001033782959E-001,1.204783990979195E-001,-9.397125840187073E-001,
4.611666666666666E+009,-2.319769561290741E-002,2.316205203533173E-001,8.884264528751373E-002,-9.624441862106323E-001,-2.319769561290741E-002,2.316205203533173E-001,8.884264528751373E-002,-9.624441862106323E-001,
4.623333333333333E+009,-5.126830190420151E-002,1.688895672559738E-001,4.893722385168076E-002,-9.665415883064270E-001,-5.126830190420151E-002,1.688895672559738E-001,4.893722385168076E-002,-9.665415883064270E-001,
4.635000000000000E+009,-1.156063675880432E-001,1.526682823896408E-001,-1.662434660829604E-003,-9.724198579788208E-001,-1.156063675880432E-001,1.526682823896408E-001,-1.662434660829604E-003,-9.724198579788208E-001,
4.646666666666666E+009,-1.666006743907929E-001,1.930641531944275E-001,-4.275006800889969E-002,-9.619506597518921E-001,-1.666006743907929E-001,1.930641531944275E-001,-4.275006800889969E-002,-9.619506597518921E-001,
4.658333333333333E+009,-1.768057793378830E-001,2.617181539535523E-001,-8.047318458557129E-002,-9.419535994529724E-001,-1.768057793378830E-001,2.617181539535523E-001,-8.047318458557129E-002,-9.419535994529724E-001,
4.670000000000000E+009,-1.345589458942413E-001,3.209986090660095E-001,-1.064170747995377E-001,-9.233667850494385E-001,-1.345589458942413E-001,3.209986090660095E-001,-1.064170747995377E-001,-9.233667850494385E-001,
4.681666666666666E+009,-6.455755233764648E-002,3.401440680027008E-001,-1.253874301910400E-001,-9.246196746826172E-001,-6.455755233764648E-002,3.401440680027008E-001,-1.253874301910400E-001,-9.246196746826172E-001,
4.693333333333333E+009,-7.382688112556934E-003,3.094936907291412E-001,-1.414708197116852E-001,-9.319778084754944E-001,-7.382688112556934E-003,3.094936907291412E-001,-1.414708197116852E-001,-9.319778084754944E-001,
4.705000000000000E+009,1.445104647427797E-002,2.450525462627411E-001,-1.742913722991943E-001,-9.411280155181885E-001,1.445104647427797E-002,2.450525462627411E-001,-1.742913722991943E-001,-9.411280155181885E-001,
4.716666666666666E+009,-1.605015248060226E-002,1.878669112920761E-001,-2.235780358314514E-001,-9.405135512351990E-001,-1.605015248060226E-002,1.878669112920761E-001,-2.235780358314514E-001,-9.405135512351990E-001,
4.728333333333333E+009,-7.960883527994156E-002,1.775088608264923E-001,-2.633722126483917E-001,-9.298986196517944E-001,-7.960883527994156E-002,1.775088608264923E-001,-2.633722126483917E-001,-9.298986196517944E-001,
4.740000000000000E+009,-1.280658245086670E-001,2.230710387229919E-001,-3.176531791687012E-001,-9.154021739959717E-001,-1.280658245086670E-001,2.230710387229919E-001,-3.176531791687012E-001,-9.154021739959717E-001,
4.751666666666666E+009,-1.265107095241547E-001,2.895940244197846E-001,-3.436092436313629E-001,-8.814275264739990E-001,-1.265107095241547E-001,2.895940244197846E-001,-3.436092436313629E-001,-8.814275264739990E-001,
4.763333333333333E+009,-7.676023989915848E-002,3.418661057949066E-001,-3.624517619609833E-001,-8.547129631042481E-001,-7.676023989915848E-002,3.418661057949066E-001,-3.624517619609833E-001,-8.547129631042481E-001,
4.775000000000000E+009,-2.691097091883421E-003,3.527613282203674E-001,-3.714782893657684E-001,-8.502370715141296E-001,-2.691097091883421E-003,3.527613282203674E-001,-3.714782893657684E-001,-8.502370715141296E-001,
4.786666666666666E+009,5.591668933629990E-002,3.157866895198822E-001,-3.894042372703552E-001,-8.501933217048645E-001,5.591668933629990E-002,3.157866895198822E-001,-3.894042372703552E-001,-8.501933217048645E-001,
4.798333333333333E+009,7.089321315288544E-002,2.509079575538635E-001,-4.293514192104340E-001,-8.483406901359558E-001,7.089321315288544E-002,2.509079575538635E-001,-4.293514192104340E-001,-8.483406901359558E-001,
4.810000000000000E+009,3.316973894834518E-002,1.965774297714233E-001,-4.781877398490906E-001,-8.292189240455627E-001,3.316973894834518E-002,1.965774297714233E-001,-4.781877398490906E-001,-8.292189240455627E-001,
4.821666666666666E+009,-3.393528237938881E-002,1.886018365621567E-001,-5.204364061355591E-001,-8.219173550605774E-001,-3.393528237938881E-002,1.886018365621567E-001,-5.204364061355591E-001,-8.219173550605774E-001,
4.833333333333333E+009,-8.047250658273697E-002,2.382067441940308E-001,-5.466263294219971E-001,-7.794565558433533E-001,-8.047250658273697E-002,2.382067441940308E-001,-5.466263294219971E-001,-7.794565558433533E-001,
4.845000000000000E+009,-7.351181656122208E-002,3.081417679786682E-001,-5.722879171371460E-001,-7.475466132164002E-001,-7.351181656122208E-002,3.081417679786682E-001,-5.722879171371460E-001,-7.475466132164002E-001,
4.856666666666666E+009,-1.467217877507210E-002,3.536580801010132E-001,-5.763903260231018E-001,-7.223237156867981E-001,-1.467217877507210E-002,3.536580801010132E-001,-5.763903260231018E-001,-7.223237156867981E-001,
4.868333333333333E+009,6.344667822122574E-002,3.555249869823456E-001,-5.918411016464233E-001,-7.094637155532837E-001,6.344667822122574E-002,3.555249869823456E-001,-5.918411016464233E-001,-7.094637155532837E-001,
4.880000000000000E+009,1.248681992292404E-001,3.129504919052124E-001,-6.046782135963440E-001,-7.019020318984985E-001,1.248681992292404E-001,3.129504919052124E-001,-6.046782135963440E-001,-7.019020318984985E-001,
4.891666666666666E+009,1.439034044742584E-001,2.432997524738312E-001,-6.491870880126953E-001,-6.979463696479797E-001,1.439034044742584E-001,2.432997524738312E-001,-6.491870880126953E-001,-6.979463696479797E-001,
4.903333333333333E+009,1.018170043826103E-001,1.845155805349350E-001,-6.752357482910156E-001,-6.822326779365540E-001,1.018170043826103E-001,1.845155805349350E-001,-6.752357482910156E-001,-6.822326779365540E-001,
4.915000000000000E+009,3.415744379162788E-002,1.759535223245621E-001,-7.240847945213318E-001,-6.472158432006836E-001,3.415744379162788E-002,1.759535223245621E-001,-7.240847945213318E-001,-6.472158432006836E-001,
4.926666666666666E+009,-1.739093288779259E-002,2.199845761060715E-001,-7.497654557228088E-001,-5.962797403335571E-001,-1.739093288779259E-002,2.199845761060715E-001,-7.497654557228088E-001,-5.962797403335571E-001,
4.938333333333333E+009,-1.432247925549746E-002,2.854195237159729E-001,-7.550114989280701E-001,-5.607818365097046E-001,-1.432247925549746E-002,2.854195237159729E-001,-7.550114989280701E-001,-5.607818365097046E-001,
4.950000000000000E+009,3.773434087634087E-002,3.279590904712677E-001,-7.635835409164429E-001,-5.305194854736328E-001,3.773434087634087E-002,3.279590904712677E-001,-7.635835409164429E-001,-5.305194854736328E-001,
4.961666666666666E+009,1.069924831390381E-001,3.233020901679993E-001,-7.703498005867004E-001,-5.171426534652710E-001,1.069924831390381E-001,3.233020901679993E-001,-7.703498005867004E-001,-5.171426534652710E-001,
4.973333333333333E+009,1.615662276744843E-001,2.837181389331818E-001,-7.835450768470764E-001,-4.995675981044769E-001,1.615662276744843E-001,2.837181389331818E-001,-7.835450768470764E-001,-4.995675981044769E-001,
4.985000000000000E+009,1.713444441556931E-001,2.186361104249954E-001,-8.130033612251282E-001,-4.842532277107239E-001,1.713444441556931E-001,2.186361104249954E-001,-8.130033612251282E-001,-4.842532277107239E-001,
4.996666666666666E+009,1.338882148265839E-001,1.692641526460648E-001,-8.520482778549194E-001,-4.662581384181976E-001,1.338882148265839E-001,1.692641526460648E-001,-8.520482778549194E-001,-4.662581384181976E-001,
5.008333333333333E+009,7.275503128767014E-002,1.677353233098984E-001,-8.728526234626770E-001,-4.205627441406250E-001,7.275503128767014E-002,1.677353233098984E-001,-8.728526234626770E-001,-4.205627441406250E-001,
5.020000000000000E+009,3.051480837166309E-002,2.107153087854385E-001,-8.839277029037476E-001,-3.686740696430206E-001,3.051480837166309E-002,2.107153087854385E-001,-8.839277029037476E-001,-3.686740696430206E-001,
5.031666666666666E+009,3.637458756566048E-002,2.702177166938782E-001,-8.854682445526123E-001,-3.238518834114075E-001,3.637458756566048E-002,2.702177166938782E-001,-8.854682445526123E-001,-3.238518834114075E-001,
5.043333333333333E+009,8.589108288288117E-002,3.037214577198029E-001,-8.834952712059021E-001,-2.963281273841858E-001,8.589108288288117E-002,3.037214577198029E-001,-8.834952712059021E-001,-2.963281273841858E-001,
5.055000000000000E+009,1.503338813781738E-001,2.988245785236359E-001,-8.818826675415039E-001,-2.755876183509827E-001,1.503338813781738E-001,2.988245785236359E-001,-8.818826675415039E-001,-2.755876183509827E-001,
5.066666666666666E+009,1.998662352561951E-001,2.530187070369721E-001,-8.875584006309509E-001,-2.613149285316467E-001,1.998662352561951E-001,2.530187070369721E-001,-8.875584006309509E-001,-2.613149285316467E-001,
5.078333333333333E+009,2.040173113346100E-001,1.912633627653122E-001,-9.042037129402161E-001,-2.425291985273361E-001,2.040173113346100E-001,1.912633627653122E-001,-9.042037129402161E-001,-2.425291985273361E-001,
5.090000000000000E+009,1.685182303190231E-001,1.464647501707077E-001,-9.337798357009888E-001,-2.000660151243210E-001,1.685182303190231E-001,1.464647501707077E-001,-9.337798357009888E-001,-2.000660151243210E-001,
5.101666666666666E+009,1.143036559224129E-001,1.432307362556458E-001,-9.576513767242432E-001,-1.556143015623093E-001,1.143036559224129E-001,1.432307362556458E-001,-9.576513767242432E-001,-1.556143015623093E-001,
5.113333333333333E+009,7.402102649211884E-002,1.846041530370712E-001,-9.606330394744873E-001,-1.113786697387695E-001,7.402102649211884E-002,1.846041530370712E-001,-9.606330394744873E-001,-1.113786697387695E-001,
5.125000000000000E+009,7.866072654724121E-002,2.376281619071960E-001,-9.516752958297730E-001,-6.507680565118790E-002,7.866072654724121E-002,2.376281619071960E-001,-9.516752958297730E-001,-6.507680565118790E-002,
5.136666666666666E+009,1.207333430647850E-001,2.702570259571075E-001,-9.298384189605713E-001,-3.557531908154488E-002,1.207333430647850E-001,2.702570259571075E-001,-9.298384189605713E-001,-3.557531908154488E-002,
5.148333333333333E+009,1.752251684665680E-001,2.659656703472138E-001,-9.311999678611755E-001,-2.031086571514607E-002,1.752251684665680E-001,2.659656703472138E-001,-9.311999678611755E-001,-2.031086571514607E-002,
5.160000000000000E+009,2.146244794130325E-001,2.257633060216904E-001,-9.282653331756592E-001,-1.241193036548793E-003,2.146244794130325E-001,2.257633060216904E-001,-9.282653331756592E-001,-1.241193036548793E-003,
5.171666666666666E+009,2.229890823364258E-001,1.699237525463104E-001,-9.376578330993652E-001,3.220459446310997E-002,2.229890823364258E-001,1.699237525463104E-001,-9.376578330993652E-001,3.220459446310997E-002,
5.183333333333333E+009,1.969415992498398E-001,1.300332844257355E-001,-9.544378519058228E-001,6.950020790100098E-002,1.969415992498398E-001,1.300332844257355E-001,-9.544378519058228E-001,6.950020790100098E-002,
5.195000000000000E+009,1.486225724220276E-001,1.238789856433868E-001,-9.585242271423340E-001,1.074220314621925E-001,1.486225724220276E-001,1.238789856433868E-001,-9.585242271423340E-001,1.074220314621925E-001,
5.206666666666666E+009,1.137461513280869E-001,1.584349423646927E-001,-9.530634880065918E-001,1.526833027601242E-001,1.137461513280869E-001,1.584349423646927E-001,-9.530634880065918E-001,1.526833027601242E-001,
5.218333333333333E+009,1.138413026928902E-001,2.059273868799210E-001,-9.280453324317932E-001,2.044596970081329E-001,1.138413026928902E-001,2.059273868799210E-001,-9.280453324317932E-001,2.044596970081329E-001,
5.230000000000000E+009,1.498567461967468E-001,2.388770431280136E-001,-9.052290916442871E-001,2.295412570238113E-001,1.498567461967468E-001,2.388770431280136E-001,-9.052290916442871E-001,2.295412570238113E-001,
5.241666666666666E+009,1.954137831926346E-001,2.349773049354553E-001,-9.062398076057434E-001,2.478132694959641E-001,1.954137831926346E-001,2.349773049354553E-001,-9.062398076057434E-001,2.478132694959641E-001,
5.253333333333333E+009,2.376395016908646E-001,2.028908431529999E-001,-8.883054852485657E-001,2.564492821693420E-001,2.376395016908646E-001,2.028908431529999E-001,-8.883054852485657E-001,2.564492821693420E-001,
5.265000000000000E+009,2.454036623239517E-001,1.545389443635941E-001,-8.920624852180481E-001,2.963144183158875E-001,2.454036623239517E-001,1.545389443635941E-001,-8.920624852180481E-001,2.963144183158875E-001,
5.276666666666666E+009,2.255482673645020E-001,1.103428080677986E-001,-8.923311829566956E-001,3.197281360626221E-001,2.255482673645020E-001,1.103428080677986E-001,-8.923311829566956E-001,3.197281360626221E-001,
5.288333333333333E+009,1.808150410652161E-001,9.633553028106690E-002,-8.792110681533814E-001,3.620210587978363E-001,1.808150410652161E-001,9.633553028106690E-002,-8.792110681533814E-001,3.620210587978363E-001,
5.300000000000000E+009,1.471412628889084E-001,1.230337694287300E-001,-8.738362789154053E-001,4.192228913307190E-001,1.471412628889084E-001,1.230337694287300E-001,-8.738362789154053E-001,4.192228913307190E-001,
5.311666666666666E+009,1.389209479093552E-001,1.675859093666077E-001,-8.464992046356201E-001,4.533230960369110E-001,1.389209479093552E-001,1.675859093666077E-001,-8.464992046356201E-001,4.533230960369110E-001,
5.323333333333333E+009,1.624027043581009E-001,2.041799426078796E-001,-8.132529258728027E-001,4.729662537574768E-001,1.624027043581009E-001,2.041799426078796E-001,-8.132529258728027E-001,4.729662537574768E-001,
5.335000000000000E+009,2.072191089391708E-001,2.117555737495422E-001,-7.914803624153137E-001,4.942300319671631E-001,2.072191089391708E-001,2.117555737495422E-001,-7.914803624153137E-001,4.942300319671631E-001,
5.346666666666666E+009,2.481497079133987E-001,1.867727190256119E-001,-7.715637683868408E-001,5.198130011558533E-001,2.481497079133987E-001,1.867727190256119E-001,-7.715637683868408E-001,5.198130011558533E-001,
5.358333333333333E+009,2.632573246955872E-001,1.428881436586380E-001,-7.646125555038452E-001,5.322030186653137E-001,2.632573246955872E-001,1.428881436586380E-001,-7.646125555038452E-001,5.322030186653137E-001,
5.370000000000000E+009,2.518329918384552E-001,9.955731034278870E-002,-7.583656311035156E-001,5.636580586433411E-001,2.518329918384552E-001,9.955731034278870E-002,-7.583656311035156E-001,5.636580586433411E-001,
5.381666666666666E+009,2.152251005172730E-001,8.252128958702087E-002,-7.374639511108398E-001,6.020343303680420E-001,2.152251005172730E-001,8.252128958702087E-002,-7.374639511108398E-001,6.020343303680420E-001,
5.393333333333333E+009,1.795657426118851E-001,9.679960459470749E-002,-7.233149409294128E-001,6.368730664253235E-001,1.795657426118851E-001,9.679960459470749E-002,-7.233149409294128E-001,6.368730664253235E-001,
5.405000000000000E+009,1.700083315372467E-001,1.355565786361694E-001,-6.852135658264160E-001,6.764684915542603E-001,1.700083315372467E-001,1.355565786361694E-001,-6.852135658264160E-001,6.764684915542603E-001,
5.416666666666666E+009,1.939464807510376E-001,1.720327883958817E-001,-6.465854048728943E-001,6.905207633972168E-001,1.939464807510376E-001,1.720327883958817E-001,-6.465854048728943E-001,6.905207633972168E-001,
5.428333333333333E+009,2.341808378696442E-001,1.822976917028427E-001,-6.149359941482544E-001,7.009499669075012E-001,2.341808378696442E-001,1.822976917028427E-001,-6.149359941482544E-001,7.009499669075012E-001,
5.440000000000000E+009,2.732703685760498E-001,1.620435863733292E-001,-5.903912782669067E-001,7.165605425834656E-001,2.732703685760498E-001,1.620435863733292E-001,-5.903912782669067E-001,7.165605425834656E-001,
5.451666666666666E+009,2.908972203731537E-001,1.175057664513588E-001,-5.756851434707642E-001,7.226904630661011E-001,2.908972203731537E-001,1.175057664513588E-001,-5.756851434707642E-001,7.226904630661011E-001,
5.463333333333333E+009,2.783603072166443E-001,7.396069169044495E-002,-5.600231885910034E-001,7.382480502128601E-001,2.783603072166443E-001,7.396069169044495E-002,-5.600231885910034E-001,7.382480502128601E-001,
5.475000000000000E+009,2.416928708553314E-001,5.129792541265488E-002,-5.357059240341187E-001,7.814469337463379E-001,2.416928708553314E-001,5.129792541265488E-002,-5.357059240341187E-001,7.814469337463379E-001,
5.486666666666666E+009,2.032124251127243E-001,6.793645769357681E-002,-5.176680684089661E-001,8.094695806503296E-001,2.032124251127243E-001,6.793645769357681E-002,-5.176680684089661E-001,8.094695806503296E-001,
5.498333333333333E+009,1.945650577545166E-001,1.069275736808777E-001,-4.680638909339905E-001,8.291627168655396E-001,1.945650577545166E-001,1.069275736808777E-001,-4.680638909339905E-001,8.291627168655396E-001,
5.510000000000000E+009,2.212009131908417E-001,1.447026282548904E-001,-4.240231812000275E-001,8.437107205390930E-001,2.212009131908417E-001,1.447026282548904E-001,-4.240231812000275E-001,8.437107205390930E-001,
5.521666666666666E+009,2.678791582584381E-001,1.556563079357147E-001,-3.913632333278656E-001,8.442150950431824E-001,2.678791582584381E-001,1.556563079357147E-001,-3.913632333278656E-001,8.442150950431824E-001,
5.533333333333333E+009,3.159685134887695E-001,1.290089786052704E-001,-3.666664361953735E-001,8.507963418960571E-001,3.159685134887695E-001,1.290089786052704E-001,-3.666664361953735E-001,8.507963418960571E-001,
5.545000000000000E+009,3.321261107921600E-001,8.225578814744949E-002,-3.438984155654907E-001,8.511897325515747E-001,3.321261107921600E-001,8.225578814744949E-002,-3.438984155654907E-001,8.511897325515747E-001,
5.556666666666666E+009,3.185452520847321E-001,3.259669616818428E-002,-3.297883868217468E-001,8.691338896751404E-001,3.185452520847321E-001,3.259669616818428E-002,-3.297883868217468E-001,8.691338896751404E-001,
5.568333333333333E+009,2.753773927688599E-001,5.421161185950041E-003,-3.003528416156769E-001,8.882960081100464E-001,2.753773927688599E-001,5.421161185950041E-003,-3.003528416156769E-001,8.882960081100464E-001,
5.580000000000000E+009,2.329242080450058E-001,1.850570738315582E-002,-2.664843797683716E-001,9.087219834327698E-001,2.329242080450058E-001,1.850570738315582E-002,-2.664843797683716E-001,9.087219834327698E-001,
5.591666666666666E+009,2.188424170017242E-001,6.160419806838036E-002,-2.235570102930069E-001,9.273205399513245E-001,2.188424170017242E-001,6.160419806838036E-002,-2.235570102930069E-001,9.273205399513245E-001,
5.603333333333333E+009,2.484346926212311E-001,1.024939566850662E-001,-1.720266342163086E-001,9.312297105789185E-001,2.484346926212311E-001,1.024939566850662E-001,-1.720266342163086E-001,9.312297105789185E-001,
5.615000000000000E+009,2.989542186260223E-001,1.127628535032272E-001,-1.313862800598145E-001,9.192554950714111E-001,2.989542186260223E-001,1.127628535032272E-001,-1.313862800598145E-001,9.192554950714111E-001,
5.626666666666666E+009,3.437691926956177E-001,8.321370929479599E-002,-1.065113022923470E-001,9.078562259674072E-001,3.437691926956177E-001,8.321370929479599E-002,-1.065113022923470E-001,9.078562259674072E-001,
5.638333333333333E+009,3.642751276493073E-001,3.030142746865749E-002,-8.833324909210205E-002,9.011443853378296E-001,3.642751276493073E-001,3.030142746865749E-002,-8.833324909210205E-002,9.011443853378296E-001,
5.650000000000000E+009,3.437900841236115E-001,-2.320720814168453E-002,-7.525727897882462E-002,9.158642292022705E-001,3.437900841236115E-001,-2.320720814168453E-002,-7.525727897882462E-002,9.158642292022705E-001,
5.661666666666666E+009,2.984490096569061E-001,-5.335497483611107E-002,-4.852127656340599E-002,9.274135231971741E-001,2.984490096569061E-001,-5.335497483611107E-002,-4.852127656340599E-002,9.274135231971741E-001,
5.673333333333333E+009,2.504364252090454E-001,-4.288703575730324E-002,-1.147156488150358E-002,9.510092139244080E-001,2.504364252090454E-001,-4.288703575730324E-002,-1.147156488150358E-002,9.510092139244080E-001,
5.685000000000000E+009,2.303063422441483E-001,-1.459612627513707E-003,4.018145054578781E-002,9.531596899032593E-001,2.303063422441483E-001,-1.459612627513707E-003,4.018145054578781E-002,9.531596899032593E-001,
5.696666666666666E+009,2.542575001716614E-001,4.087592661380768E-002,9.040202200412750E-002,9.399361014366150E-001,2.542575001716614E-001,4.087592661380768E-002,9.040202200412750E-002,9.399361014366150E-001,
5.708333333333333E+009,3.036174774169922E-001,5.293570086359978E-002,1.223777607083321E-001,9.202998876571655E-001,3.036174774169922E-001,5.293570086359978E-002,1.223777607083321E-001,9.202998876571655E-001,
5.720000000000000E+009,3.476803004741669E-001,2.618438750505447E-002,1.489663720130920E-001,9.066730737686157E-001,3.476803004741669E-001,2.618438750505447E-002,1.489663720130920E-001,9.066730737686157E-001,
5.731666666666666E+009,3.637584745883942E-001,-2.369556017220020E-002,1.717534512281418E-001,8.930841684341431E-001,3.637584745883942E-001,-2.369556017220020E-002,1.717534512281418E-001,8.930841684341431E-001,
5.743333333333333E+009,3.485953807830811E-001,-7.182933390140533E-002,1.928456872701645E-001,8.966528773307800E-001,3.485953807830811E-001,-7.182933390140533E-002,1.928456872701645E-001,8.966528773307800E-001,
5.755000000000000E+009,3.100012540817261E-001,-9.741257876157761E-002,2.185595631599426E-001,9.033776521682739E-001,3.100012540817261E-001,-9.741257876157761E-002,2.185595631599426E-001,9.033776521682739E-001,
5.766666666666666E+009,2.662340402603149E-001,-9.074772149324417E-002,2.576235532760620E-001,9.018346667289734E-001,2.662340402603149E-001,-9.074772149324417E-002,2.576235532760620E-001,9.018346667289734E-001,
5.778333333333333E+009,2.500078976154327E-001,-5.762958154082298E-002,2.983866333961487E-001,8.992698788642883E-001,2.500078976154327E-001,-5.762958154082298E-002,2.983866333961487E-001,8.992698788642883E-001,
5.790000000000000E+009,2.684913873672485E-001,-2.537400834262371E-002,3.459266126155853E-001,8.677735328674316E-001,2.684913873672485E-001,-2.537400834262371E-002,3.459266126155853E-001,8.677735328674316E-001,
5.801666666666666E+009,3.082585632801056E-001,-1.968597434461117E-002,3.712666630744934E-001,8.507050275802612E-001,3.082585632801056E-001,-1.968597434461117E-002,3.712666630744934E-001,8.507050275802612E-001,
5.813333333333333E+009,3.421259522438049E-001,-4.031852260231972E-002,3.954168856143951E-001,8.277591466903687E-001,3.421259522438049E-001,-4.031852260231972E-002,3.954168856143951E-001,8.277591466903687E-001,
5.825000000000000E+009,3.491354584693909E-001,-8.310452103614807E-002,4.144219160079956E-001,8.101723790168762E-001,3.491354584693909E-001,-8.310452103614807E-002,4.144219160079956E-001,8.101723790168762E-001,
5.836666666666666E+009,3.366452753543854E-001,-1.193726360797882E-001,4.393031001091003E-001,7.980937957763672E-001,3.366452753543854E-001,-1.193726360797882E-001,4.393031001091003E-001,7.980937957763672E-001,
5.848333333333333E+009,3.091435432434082E-001,-1.348028630018234E-001,4.591645002365112E-001,7.925194501876831E-001,3.091435432434082E-001,-1.348028630018234E-001,4.591645002365112E-001,7.925194501876831E-001,
5.860000000000000E+009,2.832445204257965E-001,-1.294197440147400E-001,4.891503155231476E-001,7.843713164329529E-001,2.832445204257965E-001,-1.294197440147400E-001,4.891503155231476E-001,7.843713164329529E-001,
5.871666666666666E+009,2.837758660316467E-001,-1.134226471185684E-001,5.317924022674561E-001,7.694382071495056E-001,2.837758660316467E-001,-1.134226471185684E-001,5.317924022674561E-001,7.694382071495056E-001,
5.883333333333333E+009,3.001362681388855E-001,-1.043174266815186E-001,5.591855645179749E-001,7.407000660896301E-001,3.001362681388855E-001,-1.043174266815186E-001,5.591855645179749E-001,7.407000660896301E-001,
5.895000000000000E+009,3.246231079101563E-001,-1.225073412060738E-001,5.824313163757324E-001,7.051503062248230E-001,3.246231079101563E-001,-1.225073412060738E-001,5.824313163757324E-001,7.051503062248230E-001,
5.906666666666666E+009,3.389491736888886E-001,-1.565663367509842E-001,6.035270094871521E-001,6.830574274063110E-001,3.389491736888886E-001,-1.565663367509842E-001,6.035270094871521E-001,6.830574274063110E-001,
5.918333333333333E+009,3.290687203407288E-001,-1.945123672485352E-001,6.153630018234253E-001,6.624953746795654E-001,3.290687203407288E-001,-1.945123672485352E-001,6.153630018234253E-001,6.624953746795654E-001,
5.930000000000000E+009,2.958928048610687E-001,-2.222018986940384E-001,6.373546719551086E-001,6.450407505035400E-001,2.958928048610687E-001,-2.222018986940384E-001,6.373546719551086E-001,6.450407505035400E-001,
5.941666666666666E+009,2.556619048118591E-001,-2.267039865255356E-001,6.600257754325867E-001,6.519806981086731E-001,2.556619048118591E-001,-2.267039865255356E-001,6.600257754325867E-001,6.519806981086731E-001,
5.953333333333333E+009,2.238470017910004E-001,-2.090099602937698E-001,6.844182610511780E-001,6.283023953437805E-001,2.238470017910004E-001,-2.090099602937698E-001,6.844182610511780E-001,6.283023953437805E-001,
5.965000000000000E+009,2.169998586177826E-001,-1.819268912076950E-001,7.162247896194458E-001,5.995023846626282E-001,2.169998586177826E-001,-1.819268912076950E-001,7.162247896194458E-001,5.995023846626282E-001,
5.976666666666666E+009,2.322694957256317E-001,-1.623923033475876E-001,7.487923502922058E-001,5.524769425392151E-001,2.322694957256317E-001,-1.623923033475876E-001,7.487923502922058E-001,5.524769425392151E-001,
5.988333333333333E+009,2.619658112525940E-001,-1.650804281234741E-001,7.587792277336121E-001,5.271435976028442E-001,2.619658112525940E-001,-1.650804281234741E-001,7.587792277336121E-001,5.271435976028442E-001,
6.000000000000000E+009,2.764511704444885E-001,-1.892642080783844E-001,7.779947519302368E-001,5.094808340072632E-001,2.764511704444885E-001,-1.892642080783844E-001,7.779947519302368E-001,5.094808340072632E-001,
