% Version 1.00
%
%freq[Hz],re:Trc1_S11,im:Trc1_S11,re:Trc2_S21,im:Trc2_S21,re:Trc3_S11,im:Trc3_S11,re:Trc4_S21,im:Trc4_S21,
2.500000000000000E+009,5.683851614594460E-002,-1.528409719467163E-001,2.616197466850281E-001,-9.417164921760559E-001,5.683851614594460E-002,-1.528409719467163E-001,2.616197466850281E-001,-9.417164921760559E-001,
2.511666666666667E+009,9.653986431658268E-003,-1.510215848684311E-001,2.236354947090149E-001,-9.550806283950806E-001,9.653986431658268E-003,-1.510215848684311E-001,2.236354947090149E-001,-9.550806283950806E-001,
2.523333333333334E+009,-2.204954996705055E-002,-1.156833022832871E-001,2.050222456455231E-001,-9.655556082725525E-001,-2.204954996705055E-002,-1.156833022832871E-001,2.050222456455231E-001,-9.655556082725525E-001,
2.535000000000000E+009,-1.806301437318325E-002,-7.095355540513992E-002,1.522720605134964E-001,-9.743210077285767E-001,-1.806301437318325E-002,-7.095355540513992E-002,1.522720605134964E-001,-9.743210077285767E-001,
2.546666666666667E+009,1.712258532643318E-002,-4.552734270691872E-002,1.166232153773308E-001,-9.875738620758057E-001,1.712258532643318E-002,-4.552734270691872E-002,1.166232153773308E-001,-9.875738620758057E-001,
2.558333333333334E+009,6.071863695979118E-002,-5.774806439876556E-002,8.421514183282852E-002,-9.830498099327087E-001,6.071863695979118E-002,-5.774806439876556E-002,8.421514183282852E-002,-9.830498099327087E-001,
2.570000000000000E+009,8.064474910497665E-002,-9.924317151308060E-002,3.890933841466904E-002,-9.746153354644775E-001,8.064474910497665E-002,-9.924317151308060E-002,3.890933841466904E-002,-9.746153354644775E-001,
2.581666666666667E+009,6.420303136110306E-002,-1.448689997196198E-001,6.019209977239370E-003,-9.688714146614075E-001,6.420303136110306E-002,-1.448689997196198E-001,6.019209977239370E-003,-9.688714146614075E-001,
2.593333333333334E+009,2.165330573916435E-002,-1.696565151214600E-001,-2.276587113738060E-002,-9.691562652587891E-001,2.165330573916435E-002,-1.696565151214600E-001,-2.276587113738060E-002,-9.691562652587891E-001,
2.605000000000000E+009,-2.638483606278896E-002,-1.561388969421387E-001,-5.008421465754509E-002,-9.748080372810364E-001,-2.638483606278896E-002,-1.561388969421387E-001,-5.008421465754509E-002,-9.748080372810364E-001,
2.616666666666667E+009,-5.203893408179283E-002,-1.144443675875664E-001,-8.735431730747223E-002,-9.765302538871765E-001,-5.203893408179283E-002,-1.144443675875664E-001,-8.735431730747223E-002,-9.765302538871765E-001,
2.628333333333334E+009,-4.424359276890755E-002,-6.572367250919342E-002,-1.276242733001709E-001,-9.762585759162903E-001,-4.424359276890755E-002,-6.572367250919342E-002,-1.276242733001709E-001,-9.762585759162903E-001,
2.640000000000000E+009,-6.764586549252272E-003,-4.297897964715958E-002,-1.615386754274368E-001,-9.801307916641235E-001,-6.764586549252272E-003,-4.297897964715958E-002,-1.615386754274368E-001,-9.801307916641235E-001,
2.651666666666667E+009,3.683132305741310E-002,-5.740159004926682E-002,-1.993004381656647E-001,-9.667109251022339E-001,3.683132305741310E-002,-5.740159004926682E-002,-1.993004381656647E-001,-9.667109251022339E-001,
2.663333333333334E+009,5.400174856185913E-002,-9.872901439666748E-002,-2.340774983167648E-001,-9.536772966384888E-001,5.400174856185913E-002,-9.872901439666748E-002,-2.340774983167648E-001,-9.536772966384888E-001,
2.675000000000000E+009,3.501182794570923E-002,-1.426098346710205E-001,-2.647685110569000E-001,-9.409493207931519E-001,3.501182794570923E-002,-1.426098346710205E-001,-2.647685110569000E-001,-9.409493207931519E-001,
2.686666666666667E+009,-8.597834967076778E-003,-1.597366780042648E-001,-2.908390760421753E-001,-9.343557953834534E-001,-8.597834967076778E-003,-1.597366780042648E-001,-2.908390760421753E-001,-9.343557953834534E-001,
2.698333333333334E+009,-5.305701494216919E-002,-1.421876102685928E-001,-3.169531226158142E-001,-9.232220649719238E-001,-5.305701494216919E-002,-1.421876102685928E-001,-3.169531226158142E-001,-9.232220649719238E-001,
2.710000000000000E+009,-7.054521888494492E-002,-9.761741012334824E-002,-3.549778759479523E-001,-9.207895994186401E-001,-7.054521888494492E-002,-9.761741012334824E-002,-3.549778759479523E-001,-9.207895994186401E-001,
2.721666666666667E+009,-5.213322117924690E-002,-5.260417237877846E-002,-3.936816751956940E-001,-9.069287180900574E-001,-5.213322117924690E-002,-5.260417237877846E-002,-3.936816751956940E-001,-9.069287180900574E-001,
2.733333333333334E+009,-9.274386800825596E-003,-3.381064161658287E-002,-4.251601397991180E-001,-8.928328752517700E-001,-9.274386800825596E-003,-3.381064161658287E-002,-4.251601397991180E-001,-8.928328752517700E-001,
2.745000000000000E+009,3.222394362092018E-002,-5.344251915812492E-002,-4.644826650619507E-001,-8.737008571624756E-001,3.222394362092018E-002,-5.344251915812492E-002,-4.644826650619507E-001,-8.737008571624756E-001,
2.756666666666667E+009,4.667495563626289E-002,-9.742879122495651E-002,-4.938984811306000E-001,-8.493972420692444E-001,4.667495563626289E-002,-9.742879122495651E-002,-4.938984811306000E-001,-8.493972420692444E-001,
2.768333333333334E+009,2.418811060488224E-002,-1.424614787101746E-001,-5.203542113304138E-001,-8.274737000465393E-001,2.418811060488224E-002,-1.424614787101746E-001,-5.203542113304138E-001,-8.274737000465393E-001,
2.780000000000000E+009,-2.144197747111321E-002,-1.588769555091858E-001,-5.489125847816467E-001,-8.089848756790161E-001,-2.144197747111321E-002,-1.588769555091858E-001,-5.489125847816467E-001,-8.089848756790161E-001,
2.791666666666667E+009,-6.553047895431519E-002,-1.398228555917740E-001,-5.699019432067871E-001,-7.911157608032227E-001,-6.553047895431519E-002,-1.398228555917740E-001,-5.699019432067871E-001,-7.911157608032227E-001,
2.803333333333334E+009,-7.991050928831101E-002,-9.722229838371277E-002,-5.939004421234131E-001,-7.744401693344116E-001,-7.991050928831101E-002,-9.722229838371277E-002,-5.939004421234131E-001,-7.744401693344116E-001,
2.815000000000000E+009,-6.229372695088387E-002,-5.378605425357819E-002,-6.257802844047546E-001,-7.605684995651245E-001,-6.229372695088387E-002,-5.378605425357819E-002,-6.257802844047546E-001,-7.605684995651245E-001,
2.826666666666667E+009,-1.731568947434425E-002,-3.873035684227943E-002,-6.628067493438721E-001,-7.397901415824890E-001,-1.731568947434425E-002,-3.873035684227943E-002,-6.628067493438721E-001,-7.397901415824890E-001,
2.838333333333334E+009,1.996561139822006E-002,-5.948057398200035E-002,-6.934385299682617E-001,-7.013269662857056E-001,1.996561139822006E-002,-5.948057398200035E-002,-6.934385299682617E-001,-7.013269662857056E-001,
2.850000000000000E+009,3.131642937660217E-002,-1.072707921266556E-001,-7.117655873298645E-001,-6.742336750030518E-001,3.131642937660217E-002,-1.072707921266556E-001,-7.117655873298645E-001,-6.742336750030518E-001,
2.861666666666667E+009,4.975123330950737E-003,-1.486347913742065E-001,-7.215859889984131E-001,-6.514084935188294E-001,4.975123330950737E-003,-1.486347913742065E-001,-7.215859889984131E-001,-6.514084935188294E-001,
2.873333333333334E+009,-4.710504040122032E-002,-1.611140370368958E-001,-7.506408095359802E-001,-6.212874054908752E-001,-4.710504040122032E-002,-1.611140370368958E-001,-7.506408095359802E-001,-6.212874054908752E-001,
2.885000000000000E+009,-8.850061893463135E-002,-1.384323686361313E-001,-7.648694515228272E-001,-6.035823822021484E-001,-8.850061893463135E-002,-1.384323686361313E-001,-7.648694515228272E-001,-6.035823822021484E-001,
2.896666666666667E+009,-1.046822443604469E-001,-9.134510904550552E-002,-7.876365184783936E-001,-5.777072310447693E-001,-1.046822443604469E-001,-9.134510904550552E-002,-7.876365184783936E-001,-5.777072310447693E-001,
2.908333333333334E+009,-8.034662902355194E-002,-4.828424751758575E-002,-8.160526752471924E-001,-5.544044971466065E-001,-8.034662902355194E-002,-4.828424751758575E-002,-8.160526752471924E-001,-5.544044971466065E-001,
2.920000000000000E+009,-3.124172985553742E-002,-3.418712317943573E-002,-8.378698825836182E-001,-5.246070027351379E-001,-3.124172985553742E-002,-3.418712317943573E-002,-8.378698825836182E-001,-5.246070027351379E-001,
2.931666666666667E+009,1.278146449476481E-002,-5.801007896661758E-002,-8.568574190139771E-001,-4.857144653797150E-001,1.278146449476481E-002,-5.801007896661758E-002,-8.568574190139771E-001,-4.857144653797150E-001,
2.943333333333334E+009,1.949963718652725E-002,-1.069806367158890E-001,-8.746289014816284E-001,-4.479304552078247E-001,1.949963718652725E-002,-1.069806367158890E-001,-8.746289014816284E-001,-4.479304552078247E-001,
2.955000000000000E+009,-1.297016814351082E-002,-1.487856656312943E-001,-8.834303617477417E-001,-4.086318910121918E-001,-1.297016814351082E-002,-1.487856656312943E-001,-8.834303617477417E-001,-4.086318910121918E-001,
2.966666666666667E+009,-6.759288161993027E-002,-1.615394204854965E-001,-8.905580043792725E-001,-3.896591365337372E-001,-6.759288161993027E-002,-1.615394204854965E-001,-8.905580043792725E-001,-3.896591365337372E-001,
2.978333333333334E+009,-1.132876425981522E-001,-1.337225735187531E-001,-9.015461206436157E-001,-3.623166978359222E-001,-1.132876425981522E-001,-1.337225735187531E-001,-9.015461206436157E-001,-3.623166978359222E-001,
2.990000000000000E+009,-1.260348856449127E-001,-8.267125487327576E-002,-9.165880084037781E-001,-3.295898139476776E-001,-1.260348856449127E-001,-8.267125487327576E-002,-9.165880084037781E-001,-3.295898139476776E-001,
3.001666666666667E+009,-9.803870320320129E-002,-3.876111283898354E-002,-9.372160434722900E-001,-3.076719939708710E-001,-9.803870320320129E-002,-3.876111283898354E-002,-9.372160434722900E-001,-3.076719939708710E-001,
3.013333333333334E+009,-4.236267507076263E-002,-2.980701252818108E-002,-9.481286406517029E-001,-2.717078030109406E-001,-4.236267507076263E-002,-2.980701252818108E-002,-9.481286406517029E-001,-2.717078030109406E-001,
3.025000000000000E+009,8.147755870595574E-004,-6.144276261329651E-002,-9.507347345352173E-001,-2.355525940656662E-001,8.147755870595574E-004,-6.144276261329651E-002,-9.507347345352173E-001,-2.355525940656662E-001,
3.036666666666667E+009,5.517343990504742E-003,-1.133199408650398E-001,-9.657763242721558E-001,-1.881073564291000E-001,5.517343990504742E-003,-1.133199408650398E-001,-9.657763242721558E-001,-1.881073564291000E-001,
3.048333333333333E+009,-3.431719541549683E-002,-1.590230017900467E-001,-9.613468647003174E-001,-1.519660502672195E-001,-3.431719541549683E-002,-1.590230017900467E-001,-9.613468647003174E-001,-1.519660502672195E-001,
3.060000000000000E+009,-9.817098826169968E-002,-1.610208153724670E-001,-9.529494047164917E-001,-1.192573979496956E-001,-9.817098826169968E-002,-1.610208153724670E-001,-9.529494047164917E-001,-1.192573979496956E-001,
3.071666666666667E+009,-1.454720050096512E-001,-1.217786222696304E-001,-9.576537609100342E-001,-9.540126472711563E-002,-1.454720050096512E-001,-1.217786222696304E-001,-9.576537609100342E-001,-9.540126472711563E-002,
3.083333333333333E+009,-1.537332236766815E-001,-6.339951604604721E-002,-9.690298438072205E-001,-6.866968423128128E-002,-1.537332236766815E-001,-6.339951604604721E-002,-9.690298438072205E-001,-6.866968423128128E-002,
3.095000000000000E+009,-1.165167763829231E-001,-1.585374586284161E-002,-9.820535778999329E-001,-3.714581578969955E-002,-1.165167763829231E-001,-1.585374586284161E-002,-9.820535778999329E-001,-3.714581578969955E-002,
3.106666666666667E+009,-5.029920861124992E-002,-1.192177459597588E-002,-9.915968775749207E-001,4.433368798345327E-003,-5.029920861124992E-002,-1.192177459597588E-002,-9.915968775749207E-001,4.433368798345327E-003,
3.118333333333333E+009,-2.024176064878702E-003,-5.637992173433304E-002,-9.926971793174744E-001,4.845302179455757E-002,-2.024176064878702E-003,-5.637992173433304E-002,-9.926971793174744E-001,4.845302179455757E-002,
3.130000000000000E+009,-1.399527973262593E-004,-1.249935701489449E-001,-9.725356698036194E-001,1.006601229310036E-001,-1.399527973262593E-004,-1.249935701489449E-001,-9.725356698036194E-001,1.006601229310036E-001,
3.141666666666667E+009,-4.859325289726257E-002,-1.728426814079285E-001,-9.651979207992554E-001,1.326161473989487E-001,-4.859325289726257E-002,-1.728426814079285E-001,-9.651979207992554E-001,1.326161473989487E-001,
3.153333333333333E+009,-1.225200667977333E-001,-1.716167479753494E-001,-9.445691704750061E-001,1.520618647336960E-001,-1.225200667977333E-001,-1.716167479753494E-001,-9.445691704750061E-001,1.520618647336960E-001,
3.165000000000000E+009,-1.766970455646515E-001,-1.269062757492065E-001,-9.443603754043579E-001,1.881782412528992E-001,-1.766970455646515E-001,-1.269062757492065E-001,-9.443603754043579E-001,1.881782412528992E-001,
3.176666666666667E+009,-1.879375725984573E-001,-5.888056382536888E-002,-9.444136619567871E-001,2.019650489091873E-001,-1.879375725984573E-001,-5.888056382536888E-002,-9.444136619567871E-001,2.019650489091873E-001,
3.188333333333333E+009,-1.487886160612106E-001,-5.523003637790680E-003,-9.454087615013123E-001,2.395165413618088E-001,-1.487886160612106E-001,-5.523003637790680E-003,-9.454087615013123E-001,2.395165413618088E-001,
3.200000000000000E+009,-7.965876907110214E-002,-2.063430612906814E-003,-9.486240744590759E-001,2.789108753204346E-001,-7.965876907110214E-002,-2.063430612906814E-003,-9.486240744590759E-001,2.789108753204346E-001,
3.211666666666667E+009,-2.962807379662991E-002,-5.132337659597397E-002,-9.375430345535278E-001,3.214936256408691E-001,-2.962807379662991E-002,-5.132337659597397E-002,-9.375430345535278E-001,3.214936256408691E-001,
3.223333333333333E+009,-3.315985202789307E-002,-1.232653632760048E-001,-9.154209494590759E-001,3.627059459686279E-001,-3.315985202789307E-002,-1.232653632760048E-001,-9.154209494590759E-001,3.627059459686279E-001,
3.235000000000000E+009,-9.057978540658951E-002,-1.684388816356659E-001,-8.879386186599731E-001,3.869587182998657E-001,-9.057978540658951E-002,-1.684388816356659E-001,-8.879386186599731E-001,3.869587182998657E-001,
3.246666666666667E+009,-1.660234928131104E-001,-1.597593724727631E-001,-8.660342097282410E-001,4.171735644340515E-001,-1.660234928131104E-001,-1.597593724727631E-001,-8.660342097282410E-001,4.171735644340515E-001,
3.258333333333333E+009,-2.212517261505127E-001,-1.032357215881348E-001,-8.526989221572876E-001,4.272879660129547E-001,-2.212517261505127E-001,-1.032357215881348E-001,-8.526989221572876E-001,4.272879660129547E-001,
3.270000000000000E+009,-2.249362766742706E-001,-2.751996368169785E-002,-8.439324498176575E-001,4.578973650932312E-001,-2.249362766742706E-001,-2.751996368169785E-002,-8.439324498176575E-001,4.578973650932312E-001,
3.281666666666667E+009,-1.764245629310608E-001,2.720695920288563E-002,-8.422817587852478E-001,4.867221713066101E-001,-1.764245629310608E-001,2.720695920288563E-002,-8.422817587852478E-001,4.867221713066101E-001,
3.293333333333333E+009,-1.028880029916763E-001,2.901875413954258E-002,-8.333989977836609E-001,5.226573944091797E-001,-1.028880029916763E-001,2.901875413954258E-002,-8.333989977836609E-001,5.226573944091797E-001,
3.305000000000000E+009,-5.078275874257088E-002,-2.758910693228245E-002,-8.052424192428589E-001,5.635799169540405E-001,-5.078275874257088E-002,-2.758910693228245E-002,-8.052424192428589E-001,5.635799169540405E-001,
3.316666666666667E+009,-5.844585224986076E-002,-1.043922826647759E-001,-7.791098952293396E-001,5.988233685493469E-001,-5.844585224986076E-002,-1.043922826647759E-001,-7.791098952293396E-001,5.988233685493469E-001,
3.328333333333333E+009,-1.206119433045387E-001,-1.502406746149063E-001,-7.423722743988037E-001,6.288997530937195E-001,-1.206119433045387E-001,-1.502406746149063E-001,-7.423722743988037E-001,6.288997530937195E-001,
3.340000000000000E+009,-1.999018192291260E-001,-1.388607472181320E-001,-7.161406874656677E-001,6.332066059112549E-001,-1.999018192291260E-001,-1.388607472181320E-001,-7.161406874656677E-001,6.332066059112549E-001,
3.351666666666667E+009,-2.523102164268494E-001,-7.417632639408112E-002,-6.939678788185120E-001,6.504854559898377E-001,-2.523102164268494E-001,-7.417632639408112E-002,-6.939678788185120E-001,6.504854559898377E-001,
3.363333333333333E+009,-2.502972185611725E-001,6.775496527552605E-003,-6.846366524696350E-001,6.641442179679871E-001,-2.502972185611725E-001,6.775496527552605E-003,-6.846366524696350E-001,6.641442179679871E-001,
3.375000000000000E+009,-1.984260082244873E-001,6.071919947862625E-002,-6.812234520912170E-001,7.012254595756531E-001,-1.984260082244873E-001,6.071919947862625E-002,-6.812234520912170E-001,7.012254595756531E-001,
3.386666666666667E+009,-1.255838871002197E-001,6.026363000273705E-002,-6.465497016906738E-001,7.325447797775269E-001,-1.255838871002197E-001,6.026363000273705E-002,-6.465497016906738E-001,7.325447797775269E-001,
3.398333333333333E+009,-7.882257550954819E-002,-2.065755106741563E-004,-6.216122508049011E-001,7.621245980262756E-001,-7.882257550954819E-002,-2.065755106741563E-004,-6.216122508049011E-001,7.621245980262756E-001,
3.410000000000000E+009,-9.440013021230698E-002,-7.330663502216339E-002,-5.816782116889954E-001,7.958568930625916E-001,-9.440013021230698E-002,-7.330663502216339E-002,-5.816782116889954E-001,7.958568930625916E-001,
3.421666666666667E+009,-1.595027446746826E-001,-1.090399920940399E-001,-5.380531549453735E-001,8.012739419937134E-001,-1.595027446746826E-001,-1.090399920940399E-001,-5.380531549453735E-001,8.012739419937134E-001,
3.433333333333333E+009,-2.321805208921433E-001,-8.624840527772903E-002,-5.033493041992188E-001,8.096024394035339E-001,-2.321805208921433E-001,-8.624840527772903E-002,-5.033493041992188E-001,8.096024394035339E-001,
3.445000000000000E+009,-2.730380594730377E-001,-1.606813818216324E-002,-4.829617440700531E-001,8.131939172744751E-001,-2.730380594730377E-001,-1.606813818216324E-002,-4.829617440700531E-001,8.131939172744751E-001,
3.456666666666667E+009,-2.605265676975250E-001,6.504648178815842E-002,-4.714458882808685E-001,8.294190168380737E-001,-2.605265676975250E-001,6.504648178815842E-002,-4.714458882808685E-001,8.294190168380737E-001,
3.468333333333333E+009,-1.975520253181458E-001,1.174834147095680E-001,-4.573375582695007E-001,8.477116823196411E-001,-1.975520253181458E-001,1.174834147095680E-001,-4.573375582695007E-001,8.477116823196411E-001,
3.480000000000000E+009,-1.214025393128395E-001,1.066828444600105E-001,-4.329469799995422E-001,8.855278491973877E-001,-1.214025393128395E-001,1.066828444600105E-001,-4.329469799995422E-001,8.855278491973877E-001,
3.491666666666667E+009,-7.954736053943634E-002,4.279598593711853E-002,-3.826461732387543E-001,9.098889231681824E-001,-7.954736053943634E-002,4.279598593711853E-002,-3.826461732387543E-001,9.098889231681824E-001,
3.503333333333333E+009,-9.952783584594727E-002,-3.381107747554779E-002,-3.353286683559418E-001,9.287648797035217E-001,-9.952783584594727E-002,-3.381107747554779E-002,-3.353286683559418E-001,9.287648797035217E-001,
3.515000000000000E+009,-1.706781685352325E-001,-7.060910761356354E-002,-2.957901358604431E-001,9.287022352218628E-001,-1.706781685352325E-001,-7.060910761356354E-002,-2.957901358604431E-001,9.287022352218628E-001,
3.526666666666667E+009,-2.456962764263153E-001,-4.320936277508736E-002,-2.625853419303894E-001,9.232326149940491E-001,-2.456962764263153E-001,-4.320936277508736E-002,-2.625853419303894E-001,9.232326149940491E-001,
3.538333333333333E+009,-2.828631699085236E-001,3.395241871476173E-002,-2.352660298347473E-001,9.209073781967163E-001,-2.828631699085236E-001,3.395241871476173E-002,-2.352660298347473E-001,9.209073781967163E-001,
3.550000000000000E+009,-2.631332874298096E-001,1.172263622283936E-001,-2.180503755807877E-001,9.271641969680786E-001,-2.631332874298096E-001,1.172263622283936E-001,-2.180503755807877E-001,9.271641969680786E-001,
3.561666666666667E+009,-1.970375776290894E-001,1.677070558071137E-001,-2.041852474212647E-001,9.431298375129700E-001,-1.970375776290894E-001,1.677070558071137E-001,-2.041852474212647E-001,9.431298375129700E-001,
3.573333333333333E+009,-1.181085705757141E-001,1.594042629003525E-001,-1.677436679601669E-001,9.618217349052429E-001,-1.181085705757141E-001,1.594042629003525E-001,-1.677436679601669E-001,9.618217349052429E-001,
3.585000000000000E+009,-7.226096838712692E-002,9.708051383495331E-002,-1.204802319407463E-001,9.753195643424988E-001,-7.226096838712692E-002,9.708051383495331E-002,-1.204802319407463E-001,9.753195643424988E-001,
3.596666666666667E+009,-9.165650606155396E-002,2.110850997269154E-002,-7.382540404796600E-002,9.818269014358521E-001,-9.165650606155396E-002,2.110850997269154E-002,-7.382540404796600E-002,9.818269014358521E-001,
3.608333333333333E+009,-1.594370901584625E-001,-1.555078942328692E-002,-3.270711377263069E-002,9.782166481018066E-001,-1.594370901584625E-001,-1.555078942328692E-002,-3.270711377263069E-002,9.782166481018066E-001,
3.620000000000000E+009,-2.313250303268433E-001,1.165409479290247E-002,1.132644619792700E-002,9.612647294998169E-001,-2.313250303268433E-001,1.165409479290247E-002,1.132644619792700E-002,9.612647294998169E-001,
3.631666666666667E+009,-2.641986608505249E-001,8.411968499422073E-002,2.715509198606014E-002,9.497883915901184E-001,-2.641986608505249E-001,8.411968499422073E-002,2.715509198606014E-002,9.497883915901184E-001,
3.643333333333333E+009,-2.377311289310455E-001,1.618876755237579E-001,4.886751994490624E-002,9.484566450119019E-001,-2.377311289310455E-001,1.618876755237579E-001,4.886751994490624E-002,9.484566450119019E-001,
3.655000000000000E+009,-1.692188233137131E-001,2.069940418004990E-001,6.884066760540009E-002,9.575712680816650E-001,-1.692188233137131E-001,2.069940418004990E-001,6.884066760540009E-002,9.575712680816650E-001,
3.666666666666667E+009,-9.246367216110230E-002,1.944253295660019E-001,1.114746853709221E-001,9.653951525688171E-001,-9.246367216110230E-002,1.944253295660019E-001,1.114746853709221E-001,9.653951525688171E-001,
3.678333333333333E+009,-5.299773439764977E-002,1.317243874073029E-001,1.510942131280899E-001,9.689418673515320E-001,-5.299773439764977E-002,1.317243874073029E-001,1.510942131280899E-001,9.689418673515320E-001,
3.690000000000000E+009,-7.482808828353882E-002,5.995208770036697E-002,1.964818090200424E-001,9.680025577545166E-001,-7.482808828353882E-002,5.995208770036697E-002,1.964818090200424E-001,9.680025577545166E-001,
3.701666666666667E+009,-1.446002870798111E-001,2.950961515307427E-002,2.437220066785812E-001,9.435812830924988E-001,-1.446002870798111E-001,2.950961515307427E-002,2.437220066785812E-001,9.435812830924988E-001,
3.713333333333333E+009,-2.141410559415817E-001,6.000572070479393E-002,2.709715962409973E-001,9.246205687522888E-001,-2.141410559415817E-001,6.000572070479393E-002,2.709715962409973E-001,9.246205687522888E-001,
3.725000000000000E+009,-2.397308051586151E-001,1.327107697725296E-001,2.933470010757446E-001,9.062297344207764E-001,-2.397308051586151E-001,1.327107697725296E-001,2.933470010757446E-001,9.062297344207764E-001,
3.736666666666667E+009,-2.089114934206009E-001,2.112572640180588E-001,3.145688176155090E-001,8.946095108985901E-001,-2.089114934206009E-001,2.112572640180588E-001,3.145688176155090E-001,8.946095108985901E-001,
3.748333333333333E+009,-1.305847167968750E-001,2.519009113311768E-001,3.392849862575531E-001,9.051671028137207E-001,-1.305847167968750E-001,2.519009113311768E-001,3.392849862575531E-001,9.051671028137207E-001,
3.760000000000000E+009,-4.707401245832443E-002,2.335839122533798E-001,3.730612397193909E-001,9.054723978042603E-001,-4.707401245832443E-002,2.335839122533798E-001,3.730612397193909E-001,9.054723978042603E-001,
3.771666666666667E+009,-3.254460636526346E-003,1.647814959287643E-001,4.173542857170105E-001,8.958877921104431E-001,-3.254460636526346E-003,1.647814959287643E-001,4.173542857170105E-001,8.958877921104431E-001,
3.783333333333333E+009,-2.536595985293388E-002,8.963986486196518E-002,4.587789475917816E-001,8.820558786392212E-001,-2.536595985293388E-002,8.963986486196518E-002,4.587789475917816E-001,8.820558786392212E-001,
3.795000000000000E+009,-9.930713474750519E-002,5.469393730163574E-002,4.914415776729584E-001,8.491781949996948E-001,-9.930713474750519E-002,5.469393730163574E-002,4.914415776729584E-001,8.491781949996948E-001,
3.806666666666667E+009,-1.724821925163269E-001,7.979813963174820E-002,5.223586559295654E-001,8.179697394371033E-001,-1.724821925163269E-001,7.979813963174820E-002,5.223586559295654E-001,8.179697394371033E-001,
3.818333333333333E+009,-2.013161182403565E-001,1.519557088613510E-001,5.448361635208130E-001,7.939774990081787E-001,-2.013161182403565E-001,1.519557088613510E-001,5.448361635208130E-001,7.939774990081787E-001,
3.830000000000000E+009,-1.713075041770935E-001,2.260788828134537E-001,5.562084317207336E-001,7.730311751365662E-001,-1.713075041770935E-001,2.260788828134537E-001,5.562084317207336E-001,7.730311751365662E-001,
3.841666666666667E+009,-9.783024340867996E-002,2.615938186645508E-001,5.733234882354736E-001,7.715506553649902E-001,-9.783024340867996E-002,2.615938186645508E-001,5.733234882354736E-001,7.715506553649902E-001,
3.853333333333333E+009,-1.838929206132889E-002,2.428677231073380E-001,6.063276529312134E-001,7.612698078155518E-001,-1.838929206132889E-002,2.428677231073380E-001,6.063276529312134E-001,7.612698078155518E-001,
3.865000000000000E+009,2.423360198736191E-002,1.791899055242539E-001,6.497163176536560E-001,7.487400174140930E-001,2.423360198736191E-002,1.791899055242539E-001,6.497163176536560E-001,7.487400174140930E-001,
3.876666666666667E+009,3.151023760437965E-003,1.060666665434837E-001,6.808446049690247E-001,7.214751839637756E-001,3.151023760437965E-003,1.060666665434837E-001,6.808446049690247E-001,7.214751839637756E-001,
3.888333333333333E+009,-6.895504891872406E-002,7.465674728155136E-002,7.176348567008972E-001,6.803948879241943E-001,-6.895504891872406E-002,7.465674728155136E-002,7.176348567008972E-001,6.803948879241943E-001,
3.900000000000000E+009,-1.435767114162445E-001,1.040355041623116E-001,7.369925975799561E-001,6.483499407768250E-001,-1.435767114162445E-001,1.040355041623116E-001,7.369925975799561E-001,6.483499407768250E-001,
3.911666666666667E+009,-1.719135642051697E-001,1.779800802469254E-001,7.471591234207153E-001,6.070749759674072E-001,-1.719135642051697E-001,1.779800802469254E-001,7.471591234207153E-001,6.070749759674072E-001,
3.923333333333333E+009,-1.382231116294861E-001,2.521272003650665E-001,7.573232650756836E-001,5.844319462776184E-001,-1.382231116294861E-001,2.521272003650665E-001,7.573232650756836E-001,5.844319462776184E-001,
3.935000000000000E+009,-5.851368978619576E-002,2.850316762924194E-001,7.721313238143921E-001,5.709193944931030E-001,-5.851368978619576E-002,2.850316762924194E-001,7.721313238143921E-001,5.709193944931030E-001,
3.946666666666667E+009,2.105503343045712E-002,2.627165317535400E-001,7.921521663665772E-001,5.574378371238709E-001,2.105503343045712E-002,2.627165317535400E-001,7.921521663665772E-001,5.574378371238709E-001,
3.958333333333333E+009,6.610029935836792E-002,1.943542361259460E-001,8.252326250076294E-001,5.344976186752319E-001,6.610029935836792E-002,1.943542361259460E-001,8.252326250076294E-001,5.344976186752319E-001,
3.970000000000000E+009,4.864143580198288E-002,1.246704757213593E-001,8.509808778762817E-001,5.013102293014526E-001,4.864143580198288E-002,1.246704757213593E-001,8.509808778762817E-001,5.013102293014526E-001,
3.981666666666667E+009,-1.568640582263470E-002,9.173373132944107E-002,8.809104561805725E-001,4.603577554225922E-001,-1.568640582263470E-002,9.173373132944107E-002,8.809104561805725E-001,4.603577554225922E-001,
3.993333333333333E+009,-8.594252169132233E-002,1.175640225410461E-001,8.902686238288879E-001,4.146699607372284E-001,-8.594252169132233E-002,1.175640225410461E-001,8.902686238288879E-001,4.146699607372284E-001,
4.005000000000000E+009,-1.146754622459412E-001,1.860345304012299E-001,8.987092971801758E-001,3.779053092002869E-001,-1.146754622459412E-001,1.860345304012299E-001,8.987092971801758E-001,3.779053092002869E-001,
4.016666666666667E+009,-8.473143726587296E-002,2.534559965133667E-001,8.916025757789612E-001,3.511839509010315E-001,-8.473143726587296E-002,2.534559965133667E-001,8.916025757789612E-001,3.511839509010315E-001,
4.028333333333333E+009,-1.268054079264402E-002,2.806827127933502E-001,9.036501049995422E-001,3.290370404720306E-001,-1.268054079264402E-002,2.806827127933502E-001,9.036501049995422E-001,3.290370404720306E-001,
4.040000000000000E+009,6.604714691638947E-002,2.506811022758484E-001,9.226037859916687E-001,3.135859072208405E-001,6.604714691638947E-002,2.506811022758484E-001,9.226037859916687E-001,3.135859072208405E-001,
4.051666666666667E+009,1.042464971542358E-001,1.786722838878632E-001,9.365066289901733E-001,2.747765779495239E-001,1.042464971542358E-001,1.786722838878632E-001,9.365066289901733E-001,2.747765779495239E-001,
4.063333333333333E+009,8.173190057277679E-002,1.073928922414780E-001,9.579918384552002E-001,2.436802685260773E-001,8.173190057277679E-002,1.073928922414780E-001,9.579918384552002E-001,2.436802685260773E-001,
4.075000000000000E+009,1.371225249022245E-002,7.685273140668869E-002,9.764090180397034E-001,1.935393214225769E-001,1.371225249022245E-002,7.685273140668869E-002,9.764090180397034E-001,1.935393214225769E-001,
4.086666666666667E+009,-5.473176017403603E-002,1.102471798658371E-001,9.705260992050171E-001,1.448342651128769E-001,-5.473176017403603E-002,1.102471798658371E-001,9.705260992050171E-001,1.448342651128769E-001,
4.098333333333333E+009,-8.140716701745987E-002,1.825934350490570E-001,9.670212864875794E-001,1.112496852874756E-001,-8.140716701745987E-002,1.825934350490570E-001,9.670212864875794E-001,1.112496852874756E-001,
4.110000000000000E+009,-5.048068240284920E-002,2.503523826599121E-001,9.573283791542053E-001,7.564029842615128E-002,-5.048068240284920E-002,2.503523826599121E-001,9.573283791542053E-001,7.564029842615128E-002,
4.121666666666667E+009,2.239129133522511E-002,2.743285596370697E-001,9.600824713706970E-001,5.932450294494629E-002,2.239129133522511E-002,2.743285596370697E-001,9.600824713706970E-001,5.932450294494629E-002,
4.133333333333333E+009,9.542069584131241E-002,2.422223240137100E-001,9.597783088684082E-001,3.547186404466629E-002,9.542069584131241E-002,2.422223240137100E-001,9.597783088684082E-001,3.547186404466629E-002,
4.145000000000000E+009,1.307497173547745E-001,1.689468026161194E-001,9.745368957519531E-001,4.731029272079468E-003,1.307497173547745E-001,1.689468026161194E-001,9.745368957519531E-001,4.731029272079468E-003,
4.156666666666667E+009,1.100986301898956E-001,9.391830116510391E-002,9.937446117401123E-001,-3.237026184797287E-002,1.100986301898956E-001,9.391830116510391E-002,9.937446117401123E-001,-3.237026184797287E-002,
4.168333333333333E+009,4.235014319419861E-002,6.320340186357498E-002,9.933325648307800E-001,-7.969919592142105E-002,4.235014319419861E-002,6.320340186357498E-002,9.933325648307800E-001,-7.969919592142105E-002,
4.180000000000000E+009,-2.437072433531284E-002,9.514646232128143E-002,9.847608804702759E-001,-1.360260546207428E-001,-2.437072433531284E-002,9.514646232128143E-002,9.847608804702759E-001,-1.360260546207428E-001,
4.191666666666667E+009,-5.119084194302559E-002,1.671358197927475E-001,9.636975526809692E-001,-1.729739457368851E-001,-5.119084194302559E-002,1.671358197927475E-001,9.636975526809692E-001,-1.729739457368851E-001,
4.203333333333333E+009,-2.095374278724194E-002,2.361159771680832E-001,9.407746791839600E-001,-1.985724121332169E-001,-2.095374278724194E-002,2.361159771680832E-001,9.407746791839600E-001,-1.985724121332169E-001,
4.215000000000000E+009,4.801125824451447E-002,2.621298432350159E-001,9.313108921051025E-001,-2.221731841564179E-001,4.801125824451447E-002,2.621298432350159E-001,9.313108921051025E-001,-2.221731841564179E-001,
4.226666666666667E+009,1.129054799675942E-001,2.294906675815582E-001,9.271102547645569E-001,-2.354213446378708E-001,1.129054799675942E-001,2.294906675815582E-001,9.271102547645569E-001,-2.354213446378708E-001,
4.238333333333333E+009,1.449585407972336E-001,1.602034419775009E-001,9.299145936965942E-001,-2.683242261409760E-001,1.449585407972336E-001,1.602034419775009E-001,9.299145936965942E-001,-2.683242261409760E-001,
4.250000000000000E+009,1.219282373785973E-001,8.859886229038239E-002,9.389816522598267E-001,-3.071697056293488E-001,1.219282373785973E-001,8.859886229038239E-002,9.389816522598267E-001,-3.071697056293488E-001,
4.261666666666667E+009,5.982458591461182E-002,6.158372014760971E-002,9.355214238166809E-001,-3.540729284286499E-001,5.982458591461182E-002,6.158372014760971E-002,9.355214238166809E-001,-3.540729284286499E-001,
4.273333333333333E+009,-3.125808201730251E-003,8.864599466323853E-002,9.100686907768250E-001,-4.004685580730438E-001,-3.125808201730251E-003,8.864599466323853E-002,9.100686907768250E-001,-4.004685580730438E-001,
4.285000000000000E+009,-2.487492747604847E-002,1.606008559465408E-001,8.839554786682129E-001,-4.424369037151337E-001,-2.487492747604847E-002,1.606008559465408E-001,8.839554786682129E-001,-4.424369037151337E-001,
4.296666666666666E+009,7.956028915941715E-003,2.288820892572403E-001,8.508905768394470E-001,-4.564794003963471E-001,7.956028915941715E-003,2.288820892572403E-001,8.508905768394470E-001,-4.564794003963471E-001,
4.308333333333333E+009,7.787218689918518E-002,2.544367313385010E-001,8.305761218070984E-001,-4.773750305175781E-001,7.787218689918518E-002,2.544367313385010E-001,8.305761218070984E-001,-4.773750305175781E-001,
4.320000000000000E+009,1.420808285474777E-001,2.259072065353394E-001,8.201883435249329E-001,-4.916289448738098E-001,1.420808285474777E-001,2.259072065353394E-001,8.201883435249329E-001,-4.916289448738098E-001,
4.331666666666666E+009,1.712750494480133E-001,1.592075675725937E-001,8.169342279434204E-001,-5.141415596008301E-001,1.712750494480133E-001,1.592075675725937E-001,8.169342279434204E-001,-5.141415596008301E-001,
4.343333333333333E+009,1.469560265541077E-001,8.729539811611176E-002,8.097128868103027E-001,-5.547813177108765E-001,1.469560265541077E-001,8.729539811611176E-002,8.097128868103027E-001,-5.547813177108765E-001,
4.355000000000000E+009,8.503212034702301E-002,5.504149198532105E-002,7.950921654701233E-001,-5.929649472236633E-001,8.503212034702301E-002,5.504149198532105E-002,7.950921654701233E-001,-5.929649472236633E-001,
4.366666666666666E+009,2.233215980231762E-002,8.128010481595993E-002,7.606062293052673E-001,-6.394572854042053E-001,2.233215980231762E-002,8.128010481595993E-002,7.606062293052673E-001,-6.394572854042053E-001,
4.378333333333333E+009,3.872417844831944E-003,1.471117287874222E-001,7.209252119064331E-001,-6.628130674362183E-001,3.872417844831944E-003,1.471117287874222E-001,7.209252119064331E-001,-6.628130674362183E-001,
4.390000000000000E+009,3.755588829517365E-002,2.098854780197144E-001,6.879690885543823E-001,-6.847745776176453E-001,3.755588829517365E-002,2.098854780197144E-001,6.879690885543823E-001,-6.847745776176453E-001,
4.401666666666666E+009,1.047842130064964E-001,2.342463284730911E-001,6.570767164230347E-001,-6.937966346740723E-001,1.047842130064964E-001,2.342463284730911E-001,6.570767164230347E-001,-6.937966346740723E-001,
4.413333333333333E+009,1.704059243202210E-001,2.070598155260086E-001,6.441290378570557E-001,-7.036708593368530E-001,1.704059243202210E-001,2.070598155260086E-001,6.441290378570557E-001,-7.036708593368530E-001,
4.425000000000000E+009,1.963350474834442E-001,1.399748921394348E-001,6.327837705612183E-001,-7.205688357353210E-001,1.963350474834442E-001,1.399748921394348E-001,6.327837705612183E-001,-7.205688357353210E-001,
4.436666666666666E+009,1.695440411567688E-001,7.197035104036331E-002,6.140899658203125E-001,-7.456346154212952E-001,1.695440411567688E-001,7.197035104036331E-002,6.140899658203125E-001,-7.456346154212952E-001,
4.448333333333333E+009,1.019448414444923E-001,3.786934167146683E-002,5.928214192390442E-001,-7.876785397529602E-001,1.019448414444923E-001,3.786934167146683E-002,5.928214192390442E-001,-7.876785397529602E-001,
4.460000000000000E+009,3.316043317317963E-002,6.345803290605545E-002,5.580357313156128E-001,-8.254442811012268E-001,3.316043317317963E-002,6.345803290605545E-002,5.580357313156128E-001,-8.254442811012268E-001,
4.471666666666666E+009,6.074819713830948E-003,1.326224654912949E-001,5.085456967353821E-001,-8.446342945098877E-001,6.074819713830948E-003,1.326224654912949E-001,5.085456967353821E-001,-8.446342945098877E-001,
4.483333333333333E+009,3.745216876268387E-002,1.994706988334656E-001,4.596452116966248E-001,-8.616262674331665E-001,3.745216876268387E-002,1.994706988334656E-001,4.596452116966248E-001,-8.616262674331665E-001,
4.495000000000000E+009,1.082958653569222E-001,2.319346964359283E-001,4.291224181652069E-001,-8.545163273811340E-001,1.082958653569222E-001,2.319346964359283E-001,4.291224181652069E-001,-8.545163273811340E-001,
4.506666666666666E+009,1.797701269388199E-001,2.109778374433518E-001,4.058778882026672E-001,-8.581551909446716E-001,1.797701269388199E-001,2.109778374433518E-001,4.058778882026672E-001,-8.581551909446716E-001,
4.518333333333333E+009,2.130275517702103E-001,1.540608853101730E-001,3.875818848609924E-001,-8.579084277153015E-001,2.130275517702103E-001,1.540608853101730E-001,3.875818848609924E-001,-8.579084277153015E-001,
4.530000000000000E+009,1.969164758920670E-001,9.248878061771393E-002,3.750710189342499E-001,-8.843424916267395E-001,1.969164758920670E-001,9.248878061771393E-002,3.750710189342499E-001,-8.843424916267395E-001,
4.541666666666666E+009,1.421110332012177E-001,6.062424555420876E-002,3.435176610946655E-001,-9.105130434036255E-001,1.421110332012177E-001,6.062424555420876E-002,3.435176610946655E-001,-9.105130434036255E-001,
4.553333333333333E+009,8.242767304182053E-002,8.171318471431732E-002,2.986883223056793E-001,-9.376684427261353E-001,8.242767304182053E-002,8.171318471431732E-002,2.986883223056793E-001,-9.376684427261353E-001,
4.565000000000000E+009,6.396930664777756E-002,1.445522755384445E-001,2.482913583517075E-001,-9.474943876266480E-001,6.396930664777756E-002,1.445522755384445E-001,2.482913583517075E-001,-9.474943876266480E-001,
4.576666666666666E+009,1.000757664442062E-001,2.006363570690155E-001,2.026150524616242E-001,-9.459282159805298E-001,1.000757664442062E-001,2.006363570690155E-001,2.026150524616242E-001,-9.459282159805298E-001,
4.588333333333333E+009,1.705621927976608E-001,2.170915752649307E-001,1.681279242038727E-001,-9.330086112022400E-001,1.705621927976608E-001,2.170915752649307E-001,1.681279242038727E-001,-9.330086112022400E-001,
4.600000000000000E+009,2.391203194856644E-001,1.852875351905823E-001,1.425359249114990E-001,-9.289324879646301E-001,2.391203194856644E-001,1.852875351905823E-001,1.425359249114990E-001,-9.289324879646301E-001,
4.611666666666666E+009,2.698263227939606E-001,1.186390295624733E-001,1.248081773519516E-001,-9.344016909599304E-001,2.698263227939606E-001,1.186390295624733E-001,1.248081773519516E-001,-9.344016909599304E-001,
4.623333333333333E+009,2.503470778465271E-001,4.992406070232391E-002,1.108821332454681E-001,-9.386967420578003E-001,2.503470778465271E-001,4.992406070232391E-002,1.108821332454681E-001,-9.386967420578003E-001,
4.635000000000000E+009,1.886856555938721E-001,1.680996827781200E-002,8.223243057727814E-002,-9.643675684928894E-001,1.886856555938721E-001,1.680996827781200E-002,8.223243057727814E-002,-9.643675684928894E-001,
4.646666666666666E+009,1.244781240820885E-001,3.708478063344955E-002,4.132544994354248E-002,-9.843875765800476E-001,1.244781240820885E-001,3.708478063344955E-002,4.132544994354248E-002,-9.843875765800476E-001,
4.658333333333333E+009,9.808444231748581E-002,9.976669400930405E-002,-1.663247123360634E-002,-9.842754602432251E-001,9.808444231748581E-002,9.976669400930405E-002,-1.663247123360634E-002,-9.842754602432251E-001,
4.670000000000000E+009,1.318930238485336E-001,1.589294970035553E-001,-6.796845793724060E-002,-9.643803834915161E-001,1.318930238485336E-001,1.589294970035553E-001,-6.796845793724060E-002,-9.643803834915161E-001,
4.681666666666666E+009,2.013619095087051E-001,1.742742806673050E-001,-1.026083156466484E-001,-9.466261267662048E-001,2.013619095087051E-001,1.742742806673050E-001,-1.026083156466484E-001,-9.466261267662048E-001,
4.693333333333333E+009,2.633418142795563E-001,1.402195692062378E-001,-1.186496168375015E-001,-9.326163530349731E-001,2.633418142795563E-001,1.402195692062378E-001,-1.186496168375015E-001,-9.326163530349731E-001,
4.705000000000000E+009,2.882692515850067E-001,7.067816704511643E-002,-1.333362311124802E-001,-9.256652593612671E-001,2.882692515850067E-001,7.067816704511643E-002,-1.333362311124802E-001,-9.256652593612671E-001,
4.716666666666666E+009,2.636668980121613E-001,5.563666112720966E-003,-1.563280075788498E-001,-9.315980076789856E-001,2.636668980121613E-001,5.563666112720966E-003,-1.563280075788498E-001,-9.315980076789856E-001,
4.728333333333333E+009,2.011609673500061E-001,-2.085260674357414E-002,-1.783191114664078E-001,-9.423779249191284E-001,2.011609673500061E-001,-2.085260674357414E-002,-1.783191114664078E-001,-9.423779249191284E-001,
4.740000000000000E+009,1.396263986825943E-001,6.746492814272642E-003,-2.365998029708862E-001,-9.596519470214844E-001,1.396263986825943E-001,6.746492814272642E-003,-2.365998029708862E-001,-9.596519470214844E-001,
4.751666666666666E+009,1.228064298629761E-001,6.967945396900177E-002,-2.892441749572754E-001,-9.419022202491760E-001,1.228064298629761E-001,6.967945396900177E-002,-2.892441749572754E-001,-9.419022202491760E-001,
4.763333333333333E+009,1.631373912096024E-001,1.269410401582718E-001,-3.355901539325714E-001,-9.096044301986694E-001,1.631373912096024E-001,1.269410401582718E-001,-3.355901539325714E-001,-9.096044301986694E-001,
4.775000000000000E+009,2.351292520761490E-001,1.349500268697739E-001,-3.569638133049011E-001,-8.839665055274963E-001,2.351292520761490E-001,1.349500268697739E-001,-3.569638133049011E-001,-8.839665055274963E-001,
4.786666666666666E+009,2.941119968891144E-001,9.265338629484177E-002,-3.681464493274689E-001,-8.610468506813049E-001,2.941119968891144E-001,9.265338629484177E-002,-3.681464493274689E-001,-8.610468506813049E-001,
4.798333333333333E+009,3.123011887073517E-001,2.115284465253353E-002,-3.871052861213684E-001,-8.471565246582031E-001,3.123011887073517E-001,2.115284465253353E-002,-3.871052861213684E-001,-8.471565246582031E-001,
4.810000000000000E+009,2.796912491321564E-001,-4.352732747793198E-002,-4.093359410762787E-001,-8.379974365234375E-001,2.796912491321564E-001,-4.352732747793198E-002,-4.093359410762787E-001,-8.379974365234375E-001,
4.821666666666666E+009,2.131368964910507E-001,-6.869914382696152E-002,-4.417626857757568E-001,-8.550925850868225E-001,2.131368964910507E-001,-6.869914382696152E-002,-4.417626857757568E-001,-8.550925850868225E-001,
4.833333333333333E+009,1.512867361307144E-001,-3.262492269277573E-002,-4.805404841899872E-001,-8.424007892608643E-001,1.512867361307144E-001,-3.262492269277573E-002,-4.805404841899872E-001,-8.424007892608643E-001,
4.845000000000000E+009,1.384702473878861E-001,3.316002711653709E-002,-5.342476963996887E-001,-8.237744569778442E-001,1.384702473878861E-001,3.316002711653709E-002,-5.342476963996887E-001,-8.237744569778442E-001,
4.856666666666666E+009,1.878409087657929E-001,8.558724075555801E-002,-5.673030018806458E-001,-7.844983339309692E-001,1.878409087657929E-001,8.558724075555801E-002,-5.673030018806458E-001,-7.844983339309692E-001,
4.868333333333333E+009,2.633151412010193E-001,8.741188049316406E-002,-5.930650830268860E-001,-7.443947196006775E-001,2.633151412010193E-001,8.741188049316406E-002,-5.930650830268860E-001,-7.443947196006775E-001,
4.880000000000000E+009,3.225821852684021E-001,3.962842002511025E-002,-5.954083204269409E-001,-7.139295935630798E-001,3.225821852684021E-001,3.962842002511025E-002,-5.954083204269409E-001,-7.139295935630798E-001,
4.891666666666666E+009,3.397473990917206E-001,-3.800501301884651E-002,-6.125370860099793E-001,-7.012822031974793E-001,3.397473990917206E-001,-3.800501301884651E-002,-6.125370860099793E-001,-7.012822031974793E-001,
4.903333333333333E+009,2.984330356121063E-001,-1.044144704937935E-001,-6.111490130424500E-001,-6.973957419395447E-001,2.984330356121063E-001,-1.044144704937935E-001,-6.111490130424500E-001,-6.973957419395447E-001,
4.915000000000000E+009,2.309279292821884E-001,-1.291114687919617E-001,-6.480654478073120E-001,-6.905949115753174E-001,2.309279292821884E-001,-1.291114687919617E-001,-6.480654478073120E-001,-6.905949115753174E-001,
4.926666666666666E+009,1.683237999677658E-001,-1.028795540332794E-001,-6.892955899238586E-001,-6.711931228637695E-001,1.683237999677658E-001,-1.028795540332794E-001,-6.892955899238586E-001,-6.711931228637695E-001,
4.938333333333333E+009,1.514525115489960E-001,-4.079063981771469E-002,-7.251036167144775E-001,-6.432745456695557E-001,1.514525115489960E-001,-4.079063981771469E-002,-7.251036167144775E-001,-6.432745456695557E-001,
4.950000000000000E+009,1.913869529962540E-001,9.723686613142490E-003,-7.601813077926636E-001,-6.014822721481323E-001,1.913869529962540E-001,9.723686613142490E-003,-7.601813077926636E-001,-6.014822721481323E-001,
4.961666666666666E+009,2.571872770786285E-001,6.668203976005316E-003,-7.756330966949463E-001,-5.609629750251770E-001,2.571872770786285E-001,6.668203976005316E-003,-7.756330966949463E-001,-5.609629750251770E-001,
4.973333333333333E+009,3.082182407379150E-001,-3.743989393115044E-002,-7.740350961685181E-001,-5.226031541824341E-001,3.082182407379150E-001,-3.743989393115044E-002,-7.740350961685181E-001,-5.226031541824341E-001,
4.985000000000000E+009,3.142139911651611E-001,-1.072667464613915E-001,-7.801306843757629E-001,-5.031472444534302E-001,3.142139911651611E-001,-1.072667464613915E-001,-7.801306843757629E-001,-5.031472444534302E-001,
4.996666666666666E+009,2.748498320579529E-001,-1.652255952358246E-001,-7.988578081130981E-001,-4.978542923927307E-001,2.748498320579529E-001,-1.652255952358246E-001,-7.988578081130981E-001,-4.978542923927307E-001,
5.008333333333333E+009,2.088574618101120E-001,-1.819933652877808E-001,-8.105840086936951E-001,-4.820681512355804E-001,2.088574618101120E-001,-1.819933652877808E-001,-8.105840086936951E-001,-4.820681512355804E-001,
5.020000000000000E+009,1.521627008914948E-001,-1.530918031930924E-001,-8.397374153137207E-001,-4.552688300609589E-001,1.521627008914948E-001,-1.530918031930924E-001,-8.397374153137207E-001,-4.552688300609589E-001,
5.031666666666666E+009,1.389089524745941E-001,-9.537012875080109E-002,-8.738502860069275E-001,-4.171374738216400E-001,1.389089524745941E-001,-9.537012875080109E-002,-8.738502860069275E-001,-4.171374738216400E-001,
5.043333333333333E+009,1.751793771982193E-001,-5.483668670058250E-002,-8.949674963951111E-001,-3.705652654170990E-001,1.751793771982193E-001,-5.483668670058250E-002,-8.949674963951111E-001,-3.705652654170990E-001,
5.055000000000000E+009,2.359100729227066E-001,-5.701745674014092E-002,-8.978975415229797E-001,-3.245601952075958E-001,2.359100729227066E-001,-5.701745674014092E-002,-8.978975415229797E-001,-3.245601952075958E-001,
5.066666666666666E+009,2.819624245166779E-001,-1.039925441145897E-001,-8.916470408439636E-001,-2.919338047504425E-001,2.819624245166779E-001,-1.039925441145897E-001,-8.916470408439636E-001,-2.919338047504425E-001,
5.078333333333333E+009,2.794313728809357E-001,-1.689487248659134E-001,-8.814322948455811E-001,-2.696071863174439E-001,2.794313728809357E-001,-1.689487248659134E-001,-8.814322948455811E-001,-2.696071863174439E-001,
5.090000000000000E+009,2.398890703916550E-001,-2.218039333820343E-001,-8.924125432968140E-001,-2.440053075551987E-001,2.398890703916550E-001,-2.218039333820343E-001,-8.924125432968140E-001,-2.440053075551987E-001,
5.101666666666666E+009,1.786073297262192E-001,-2.364842295646668E-001,-9.142777323722839E-001,-2.280416488647461E-001,1.786073297262192E-001,-2.364842295646668E-001,-9.142777323722839E-001,-2.280416488647461E-001,
5.113333333333333E+009,1.244245618581772E-001,-2.079181075096130E-001,-9.345684647560120E-001,-2.078091949224472E-001,1.244245618581772E-001,-2.079181075096130E-001,-9.345684647560120E-001,-2.078091949224472E-001,
5.125000000000000E+009,1.088071987032890E-001,-1.572196334600449E-001,-9.532164335250855E-001,-1.625930517911911E-001,1.088071987032890E-001,-1.572196334600449E-001,-9.532164335250855E-001,-1.625930517911911E-001,
5.136666666666666E+009,1.369371414184570E-001,-1.173484697937965E-001,-9.571160674095154E-001,-1.170154735445976E-001,1.369371414184570E-001,-1.173484697937965E-001,-9.571160674095154E-001,-1.170154735445976E-001,
5.148333333333333E+009,1.860276758670807E-001,-1.162944287061691E-001,-9.608760476112366E-001,-7.782552391290665E-002,1.860276758670807E-001,-1.162944287061691E-001,-9.608760476112366E-001,-7.782552391290665E-002,
5.160000000000000E+009,2.199020385742188E-001,-1.555192917585373E-001,-9.443387985229492E-001,-4.179143533110619E-002,2.199020385742188E-001,-1.555192917585373E-001,-9.443387985229492E-001,-4.179143533110619E-002,
5.171666666666666E+009,2.215038836002350E-001,-2.136646956205368E-001,-9.322592020034790E-001,-7.018030155450106E-003,2.215038836002350E-001,-2.136646956205368E-001,-9.322592020034790E-001,-7.018030155450106E-003,
5.183333333333333E+009,1.894355267286301E-001,-2.596234083175659E-001,-9.367840886116028E-001,1.591007597744465E-002,1.894355267286301E-001,-2.596234083175659E-001,-9.367840886116028E-001,1.591007597744465E-002,
5.195000000000000E+009,1.319273412227631E-001,-2.722433507442474E-001,-9.386760592460632E-001,2.847405523061752E-002,1.319273412227631E-001,-2.722433507442474E-001,-9.386760592460632E-001,2.847405523061752E-002,
5.206666666666666E+009,8.238626271486282E-002,-2.465061247348785E-001,-9.494254589080811E-001,5.321851000189781E-002,8.238626271486282E-002,-2.465061247348785E-001,-9.494254589080811E-001,5.321851000189781E-002,
5.218333333333333E+009,6.285944581031799E-002,-2.016460448503494E-001,-9.527055025100708E-001,1.050758957862854E-001,6.285944581031799E-002,-2.016460448503494E-001,-9.527055025100708E-001,1.050758957862854E-001,
5.230000000000000E+009,8.073832839727402E-002,-1.605848819017410E-001,-9.509861469268799E-001,1.468927711248398E-001,8.073832839727402E-002,-1.605848819017410E-001,-9.509861469268799E-001,1.468927711248398E-001,
5.241666666666666E+009,1.194823086261749E-001,-1.550892293453217E-001,-9.560217261314392E-001,1.873095482587814E-001,1.194823086261749E-001,-1.550892293453217E-001,-9.560217261314392E-001,1.873095482587814E-001,
5.253333333333333E+009,1.586446762084961E-001,-1.843143850564957E-001,-9.252151250839233E-001,2.148297578096390E-001,1.586446762084961E-001,-1.843143850564957E-001,-9.252151250839233E-001,2.148297578096390E-001,
5.265000000000000E+009,1.608816236257553E-001,-2.324730157852173E-001,-9.119392037391663E-001,2.570120692253113E-001,1.608816236257553E-001,-2.324730157852173E-001,-9.119392037391663E-001,2.570120692253113E-001,
5.276666666666666E+009,1.307988315820694E-001,-2.776984572410584E-001,-8.944917321205139E-001,2.668857276439667E-001,1.307988315820694E-001,-2.776984572410584E-001,-8.944917321205139E-001,2.668857276439667E-001,
5.288333333333333E+009,8.027448505163193E-002,-2.949830591678619E-001,-8.817408680915833E-001,2.881380617618561E-001,8.027448505163193E-002,-2.949830591678619E-001,-8.817408680915833E-001,2.881380617618561E-001,
5.300000000000000E+009,3.309456631541252E-002,-2.775035202503204E-001,-8.934280872344971E-001,3.261563479900360E-001,3.309456631541252E-002,-2.775035202503204E-001,-8.934280872344971E-001,3.261563479900360E-001,
5.311666666666666E+009,4.702297039330006E-003,-2.342550605535507E-001,-8.915781378746033E-001,3.559507727622986E-001,4.702297039330006E-003,-2.342550605535507E-001,-8.915781378746033E-001,3.559507727622986E-001,
5.323333333333333E+009,1.145494636148214E-002,-1.916909813880920E-001,-8.800625801086426E-001,3.909404277801514E-001,1.145494636148214E-002,-1.916909813880920E-001,-8.800625801086426E-001,3.909404277801514E-001,
5.335000000000000E+009,4.718056693673134E-002,-1.709326058626175E-001,-8.672714829444885E-001,4.348638355731964E-001,4.718056693673134E-002,-1.709326058626175E-001,-8.672714829444885E-001,4.348638355731964E-001,
5.346666666666666E+009,8.076293021440506E-002,-1.879717856645584E-001,-8.372310996055603E-001,4.806603491306305E-001,8.076293021440506E-002,-1.879717856645584E-001,-8.372310996055603E-001,4.806603491306305E-001,
5.358333333333333E+009,9.233344346284866E-002,-2.284401804208756E-001,-8.115456104278565E-001,5.012136101722717E-001,9.233344346284866E-002,-2.284401804208756E-001,-8.115456104278565E-001,5.012136101722717E-001,
5.370000000000000E+009,7.349219173192978E-002,-2.703276872634888E-001,-7.902355194091797E-001,5.236062407493591E-001,7.349219173192978E-002,-2.703276872634888E-001,-7.902355194091797E-001,5.236062407493591E-001,
5.381666666666666E+009,3.008299693465233E-002,-2.896171510219574E-001,-7.705382108688355E-001,5.420342683792114E-001,3.008299693465233E-002,-2.896171510219574E-001,-7.705382108688355E-001,5.420342683792114E-001,
5.393333333333333E+009,-1.903422176837921E-002,-2.760084569454193E-001,-7.648677825927734E-001,5.626767873764038E-001,-1.903422176837921E-002,-2.760084569454193E-001,-7.648677825927734E-001,5.626767873764038E-001,
5.405000000000000E+009,-4.696424677968025E-002,-2.367671877145767E-001,-7.543781399726868E-001,5.960377454757690E-001,-4.696424677968025E-002,-2.367671877145767E-001,-7.543781399726868E-001,5.960377454757690E-001,
5.416666666666666E+009,-4.172802716493607E-002,-1.927265971899033E-001,-7.357770204544067E-001,6.269220709800720E-001,-4.172802716493607E-002,-1.927265971899033E-001,-7.357770204544067E-001,6.269220709800720E-001,
5.428333333333333E+009,-1.164298970252276E-002,-1.665120422840118E-001,-7.112913727760315E-001,6.595063209533691E-001,-1.164298970252276E-002,-1.665120422840118E-001,-7.112913727760315E-001,6.595063209533691E-001,
5.440000000000000E+009,2.486760355532169E-002,-1.777855008840561E-001,-6.743439435958862E-001,6.977084875106812E-001,2.486760355532169E-002,-1.777855008840561E-001,-6.743439435958862E-001,6.977084875106812E-001,
5.451666666666666E+009,3.889775276184082E-002,-2.161369025707245E-001,-6.420654654502869E-001,7.093641757965088E-001,3.889775276184082E-002,-2.161369025707245E-001,-6.420654654502869E-001,7.093641757965088E-001,
5.463333333333333E+009,2.164509706199169E-002,-2.571021020412445E-001,-6.102831959724426E-001,7.155424952507019E-001,2.164509706199169E-002,-2.571021020412445E-001,-6.102831959724426E-001,7.155424952507019E-001,
5.475000000000000E+009,-2.429511211812496E-002,-2.803572714328766E-001,-5.847908854484558E-001,7.413765192031860E-001,-2.429511211812496E-002,-2.803572714328766E-001,-5.847908854484558E-001,7.413765192031860E-001,
5.486666666666666E+009,-7.220482826232910E-002,-2.660636901855469E-001,-5.812502503395081E-001,7.521868944168091E-001,-7.220482826232910E-002,-2.660636901855469E-001,-5.812502503395081E-001,7.521868944168091E-001,
5.498333333333333E+009,-1.013259291648865E-001,-2.214229553937912E-001,-5.568011403083801E-001,7.742071151733398E-001,-1.013259291648865E-001,-2.214229553937912E-001,-5.568011403083801E-001,7.742071151733398E-001,
5.510000000000000E+009,-9.448905289173126E-002,-1.710263192653656E-001,-5.326210260391235E-001,8.064685463905335E-001,-9.448905289173126E-002,-1.710263192653656E-001,-5.326210260391235E-001,8.064685463905335E-001,
5.521666666666666E+009,-5.509373918175697E-002,-1.408034116029739E-001,-5.041787028312683E-001,8.367028236389160E-001,-5.509373918175697E-002,-1.408034116029739E-001,-5.041787028312683E-001,8.367028236389160E-001,
5.533333333333333E+009,-9.694043546915054E-003,-1.521732658147812E-001,-4.657281041145325E-001,8.650197982788086E-001,-9.694043546915054E-003,-1.521732658147812E-001,-4.657281041145325E-001,8.650197982788086E-001,
5.545000000000000E+009,1.127555873245001E-002,-1.937060803174973E-001,-4.169486463069916E-001,8.719114065170288E-001,1.127555873245001E-002,-1.937060803174973E-001,-4.169486463069916E-001,8.719114065170288E-001,
5.556666666666666E+009,-7.103924639523029E-003,-2.419444322586060E-001,-3.858529329299927E-001,8.784763216972351E-001,-7.103924639523029E-003,-2.419444322586060E-001,-3.858529329299927E-001,8.784763216972351E-001,
5.568333333333333E+009,-5.741995945572853E-002,-2.660642266273499E-001,-3.520753383636475E-001,8.754879236221314E-001,-5.741995945572853E-002,-2.660642266273499E-001,-3.520753383636475E-001,8.754879236221314E-001,
5.580000000000000E+009,-1.130696758627892E-001,-2.528429329395294E-001,-3.336317241191864E-001,8.805736303329468E-001,-1.130696758627892E-001,-2.528429329395294E-001,-3.336317241191864E-001,8.805736303329468E-001,
5.591666666666666E+009,-1.423958688974381E-001,-2.043863832950592E-001,-3.206014335155487E-001,8.993863463401794E-001,-1.423958688974381E-001,-2.043863832950592E-001,-3.206014335155487E-001,8.993863463401794E-001,
5.603333333333333E+009,-1.309651285409927E-001,-1.506793797016144E-001,-2.854415774345398E-001,9.275675415992737E-001,-1.309651285409927E-001,-1.506793797016144E-001,-2.854415774345398E-001,9.275675415992737E-001,
5.615000000000000E+009,-8.716249465942383E-002,-1.193056926131249E-001,-2.451159954071045E-001,9.457412958145142E-001,-8.716249465942383E-002,-1.193056926131249E-001,-2.451159954071045E-001,9.457412958145142E-001,
5.626666666666666E+009,-3.740903735160828E-002,-1.313705295324326E-001,-2.013833373785019E-001,9.568220376968384E-001,-3.740903735160828E-002,-1.313705295324326E-001,-2.013833373785019E-001,9.568220376968384E-001,
5.638333333333333E+009,-1.300673373043537E-002,-1.797769069671631E-001,-1.536480635404587E-001,9.534615874290466E-001,-1.300673373043537E-002,-1.797769069671631E-001,-1.536480635404587E-001,9.534615874290466E-001,
5.650000000000000E+009,-3.469756990671158E-002,-2.301426380872726E-001,-1.198764443397522E-001,9.526194334030151E-001,-3.469756990671158E-002,-2.301426380872726E-001,-1.198764443397522E-001,9.526194334030151E-001,
5.661666666666666E+009,-8.753032982349396E-002,-2.561488747596741E-001,-9.370987862348557E-002,9.407507777214050E-001,-8.753032982349396E-002,-2.561488747596741E-001,-9.370987862348557E-002,9.407507777214050E-001,
5.673333333333333E+009,-1.470335125923157E-001,-2.418223470449448E-001,-6.857488304376602E-002,9.454194307327271E-001,-1.470335125923157E-001,-2.418223470449448E-001,-6.857488304376602E-002,9.454194307327271E-001,
5.685000000000000E+009,-1.791918873786926E-001,-1.926458179950714E-001,-4.768819361925125E-002,9.483160972595215E-001,-1.791918873786926E-001,-1.926458179950714E-001,-4.768819361925125E-002,9.483160972595215E-001,
5.696666666666666E+009,-1.721936017274857E-001,-1.369112133979797E-001,-1.663695462048054E-002,9.616745114326477E-001,-1.721936017274857E-001,-1.369112133979797E-001,-1.663695462048054E-002,9.616745114326477E-001,
5.708333333333333E+009,-1.279243975877762E-001,-1.041628569364548E-001,2.074965089559555E-002,9.713832139968872E-001,-1.279243975877762E-001,-1.041628569364548E-001,2.074965089559555E-002,9.713832139968872E-001,
5.720000000000000E+009,-7.967451214790344E-002,-1.125847846269608E-001,6.702266633510590E-002,9.772547483444214E-001,-7.967451214790344E-002,-1.125847846269608E-001,6.702266633510590E-002,9.772547483444214E-001,
5.731666666666666E+009,-5.516300350427628E-002,-1.524612158536911E-001,1.159735694527626E-001,9.658452868461609E-001,-5.516300350427628E-002,-1.524612158536911E-001,1.159735694527626E-001,9.658452868461609E-001,
5.743333333333333E+009,-7.331158965826035E-002,-1.988287419080734E-001,1.539850533008575E-001,9.530057907104492E-001,-7.331158965826035E-002,-1.988287419080734E-001,1.539850533008575E-001,9.530057907104492E-001,
5.755000000000000E+009,-1.169902607798576E-001,-2.205923646688461E-001,1.797116845846176E-001,9.397706985473633E-001,-1.169902607798576E-001,-2.205923646688461E-001,1.797116845846176E-001,9.397706985473633E-001,
5.766666666666666E+009,-1.673059463500977E-001,-2.073822170495987E-001,2.046624869108200E-001,9.260539412498474E-001,-1.673059463500977E-001,-2.073822170495987E-001,2.046624869108200E-001,9.260539412498474E-001,
5.778333333333333E+009,-1.952563971281052E-001,-1.655048429965973E-001,2.267619520425797E-001,9.274039864540100E-001,-1.952563971281052E-001,-1.655048429965973E-001,2.267619520425797E-001,9.274039864540100E-001,
5.790000000000000E+009,-1.872403025627136E-001,-1.182528361678124E-001,2.585897147655487E-001,9.173239469528198E-001,-1.872403025627136E-001,-1.182528361678124E-001,2.585897147655487E-001,9.173239469528198E-001,
5.801666666666666E+009,-1.518127024173737E-001,-9.318913519382477E-002,2.939648032188416E-001,9.226821660995483E-001,-1.518127024173737E-001,-9.318913519382477E-002,2.939648032188416E-001,9.226821660995483E-001,
5.813333333333333E+009,-1.115387529134750E-001,-9.937931597232819E-002,3.381631076335907E-001,9.125750064849854E-001,-1.115387529134750E-001,-9.937931597232819E-002,3.381631076335907E-001,9.125750064849854E-001,
5.825000000000000E+009,-9.665124118328095E-002,-1.317796558141708E-001,3.775654733181000E-001,8.953334689140320E-001,-9.665124118328095E-002,-1.317796558141708E-001,3.775654733181000E-001,8.953334689140320E-001,
5.836666666666666E+009,-1.101745888590813E-001,-1.614778637886047E-001,4.145758748054504E-001,8.689008951187134E-001,-1.101745888590813E-001,-1.614778637886047E-001,4.145758748054504E-001,8.689008951187134E-001,
5.848333333333333E+009,-1.412703990936279E-001,-1.701308935880661E-001,4.323410093784332E-001,8.504526019096375E-001,-1.412703990936279E-001,-1.701308935880661E-001,4.323410093784332E-001,8.504526019096375E-001,
5.860000000000000E+009,-1.708875298500061E-001,-1.561595797538757E-001,4.517363309860230E-001,8.398230671882629E-001,-1.708875298500061E-001,-1.561595797538757E-001,4.517363309860230E-001,8.398230671882629E-001,
5.871666666666666E+009,-1.780881136655808E-001,-1.288132667541504E-001,4.875960350036621E-001,8.286076784133911E-001,-1.780881136655808E-001,-1.288132667541504E-001,4.875960350036621E-001,8.286076784133911E-001,
5.883333333333333E+009,-1.634577661752701E-001,-1.058165952563286E-001,5.175209045410156E-001,8.152953982353210E-001,-1.634577661752701E-001,-1.058165952563286E-001,5.175209045410156E-001,8.152953982353210E-001,
5.895000000000000E+009,-1.359867155551910E-001,-1.070166379213333E-001,5.554476976394653E-001,7.932383418083191E-001,-1.359867155551910E-001,-1.070166379213333E-001,5.554476976394653E-001,7.932383418083191E-001,
5.906666666666666E+009,-1.172308921813965E-001,-1.325076073408127E-001,5.963612794876099E-001,7.675528526306152E-001,-1.172308921813965E-001,-1.325076073408127E-001,5.963612794876099E-001,7.675528526306152E-001,
5.918333333333333E+009,-1.235078275203705E-001,-1.652789413928986E-001,6.240969300270081E-001,7.365720272064209E-001,-1.235078275203705E-001,-1.652789413928986E-001,6.240969300270081E-001,7.365720272064209E-001,
5.930000000000000E+009,-1.595930010080338E-001,-1.873803734779358E-001,6.451260447502136E-001,6.964266300201416E-001,-1.595930010080338E-001,-1.873803734779358E-001,6.451260447502136E-001,6.964266300201416E-001,
5.941666666666666E+009,-2.037432491779327E-001,-1.834968924522400E-001,6.585687994956970E-001,6.891781687736511E-001,-2.037432491779327E-001,-1.834968924522400E-001,6.585687994956970E-001,6.891781687736511E-001,
5.953333333333333E+009,-2.353242933750153E-001,-1.535902768373489E-001,6.643707752227783E-001,6.646617650985718E-001,-2.353242933750153E-001,-1.535902768373489E-001,6.643707752227783E-001,6.646617650985718E-001,
5.965000000000000E+009,-2.472632974386215E-001,-1.151181608438492E-001,6.845532059669495E-001,6.478053927421570E-001,-2.472632974386215E-001,-1.151181608438492E-001,6.845532059669495E-001,6.478053927421570E-001,
5.976666666666666E+009,-2.337592244148254E-001,-8.000522851943970E-002,7.162763476371765E-001,6.181245446205139E-001,-2.337592244148254E-001,-8.000522851943970E-002,7.162763476371765E-001,6.181245446205139E-001,
5.988333333333333E+009,-2.058423757553101E-001,-7.180862873792648E-002,7.409543991088867E-001,6.053045392036438E-001,-2.058423757553101E-001,-7.180862873792648E-002,7.409543991088867E-001,6.053045392036438E-001,
6.000000000000000E+009,-1.836022734642029E-001,-8.107192814350128E-002,7.774581313133240E-001,5.895140171051025E-001,-1.836022734642029E-001,-8.107192814350128E-002,7.774581313133240E-001,5.895140171051025E-001,
