% Version 1.00
%
%freq[Hz],re:Trc1_S11,im:Trc1_S11,re:Trc2_S21,im:Trc2_S21,re:Trc3_S11,im:Trc3_S11,re:Trc4_S21,im:Trc4_S21,
6.900000000000000E+008,-4.235563799738884E-002,3.332897275686264E-002,-4.989457130432129E-001,-8.599258065223694E-001,-4.235563799738884E-002,3.332897275686264E-002,-4.989457130432129E-001,-8.599258065223694E-001,
6.983666666666666E+008,-3.025717101991177E-002,3.215499222278595E-002,-5.192438960075378E-001,-8.462043404579163E-001,-3.025717101991177E-002,3.215499222278595E-002,-5.192438960075378E-001,-8.462043404579163E-001,
7.067333333333334E+008,-2.517678216099739E-002,2.701344713568687E-002,-5.604176521301270E-001,-8.014017343521118E-001,-2.517678216099739E-002,2.701344713568687E-002,-5.604176521301270E-001,-8.014017343521118E-001,
7.151000000000000E+008,-2.465260773897171E-002,1.966772787272930E-002,-5.545288920402527E-001,-8.127174973487854E-001,-2.465260773897171E-002,1.966772787272930E-002,-5.545288920402527E-001,-8.127174973487854E-001,
7.234666666666666E+008,-2.656387723982334E-002,1.329797413200140E-002,-5.869802236557007E-001,-8.072512745857239E-001,-2.656387723982334E-002,1.329797413200140E-002,-5.869802236557007E-001,-8.072512745857239E-001,
7.318333333333334E+008,-3.379066288471222E-002,1.161030307412148E-002,-6.013823151588440E-001,-7.909862399101257E-001,-3.379066288471222E-002,1.161030307412148E-002,-6.013823151588440E-001,-7.909862399101257E-001,
7.402000000000000E+008,-3.948438912630081E-002,1.393190585076809E-002,-6.123847961425781E-001,-7.833859324455261E-001,-3.948438912630081E-002,1.393190585076809E-002,-6.123847961425781E-001,-7.833859324455261E-001,
7.485666666666666E+008,-4.786447063088417E-002,1.996291056275368E-002,-6.427331566810608E-001,-7.567218542098999E-001,-4.786447063088417E-002,1.996291056275368E-002,-6.427331566810608E-001,-7.567218542098999E-001,
7.569333333333334E+008,-4.839476197957993E-002,2.932878769934177E-002,-6.581522226333618E-001,-7.525824904441834E-001,-4.839476197957993E-002,2.932878769934177E-002,-6.581522226333618E-001,-7.525824904441834E-001,
7.653000000000000E+008,-4.521651566028595E-002,3.742507100105286E-002,-6.751348972320557E-001,-7.239452004432678E-001,-4.521651566028595E-002,3.742507100105286E-002,-6.751348972320557E-001,-7.239452004432678E-001,
7.736666666666666E+008,-3.911467269062996E-002,4.501436278223991E-002,-6.995574831962585E-001,-7.099123597145081E-001,-3.911467269062996E-002,4.501436278223991E-002,-6.995574831962585E-001,-7.099123597145081E-001,
7.820333333333334E+008,-3.138674423098564E-002,4.713192209601402E-002,-7.541598677635193E-001,-6.984348893165588E-001,-3.138674423098564E-002,4.713192209601402E-002,-7.541598677635193E-001,-6.984348893165588E-001,
7.904000000000000E+008,-2.401691116392613E-002,4.586940258741379E-002,-7.414099574089050E-001,-6.812625527381897E-001,-2.401691116392613E-002,4.586940258741379E-002,-7.414099574089050E-001,-6.812625527381897E-001,
7.987666666666666E+008,-1.867581345140934E-002,3.966180980205536E-002,-7.502232193946838E-001,-6.500322818756104E-001,-1.867581345140934E-002,3.966180980205536E-002,-7.502232193946838E-001,-6.500322818756104E-001,
8.071333333333334E+008,-1.600688323378563E-002,3.303936868906021E-002,-7.673414349555969E-001,-6.271656751632690E-001,-1.600688323378563E-002,3.303936868906021E-002,-7.673414349555969E-001,-6.271656751632690E-001,
8.155000000000000E+008,-1.927057094871998E-002,2.912191674113274E-002,-7.941612005233765E-001,-6.081445217132568E-001,-1.927057094871998E-002,2.912191674113274E-002,-7.941612005233765E-001,-6.081445217132568E-001,
8.238666666666666E+008,-2.478702552616596E-002,2.512657456099987E-002,-8.050194382667542E-001,-5.844728946685791E-001,-2.478702552616596E-002,2.512657456099987E-002,-8.050194382667542E-001,-5.844728946685791E-001,
8.322333333333334E+008,-3.149140253663063E-002,2.619031630456448E-002,-8.117588758468628E-001,-5.662792325019836E-001,-3.149140253663063E-002,2.619031630456448E-002,-8.117588758468628E-001,-5.662792325019836E-001,
8.406000000000000E+008,-3.634331375360489E-002,3.108153492212296E-002,-8.212625384330750E-001,-5.446056127548218E-001,-3.634331375360489E-002,3.108153492212296E-002,-8.212625384330750E-001,-5.446056127548218E-001,
8.489666666666668E+008,-3.889741376042366E-002,3.990423306822777E-002,-8.431623578071594E-001,-5.099868178367615E-001,-3.889741376042366E-002,3.990423306822777E-002,-8.431623578071594E-001,-5.099868178367615E-001,
8.573333333333334E+008,-3.706463426351547E-002,4.773066565394402E-002,-8.461906909942627E-001,-5.152786374092102E-001,-3.706463426351547E-002,4.773066565394402E-002,-8.461906909942627E-001,-5.152786374092102E-001,
8.657000000000000E+008,-3.220107778906822E-002,5.523211508989334E-002,-8.674066066741943E-001,-4.775916635990143E-001,-3.220107778906822E-002,5.523211508989334E-002,-8.674066066741943E-001,-4.775916635990143E-001,
8.740666666666668E+008,-2.249889075756073E-002,6.072936207056046E-002,-8.754707574844360E-001,-4.684532880783081E-001,-2.249889075756073E-002,6.072936207056046E-002,-8.754707574844360E-001,-4.684532880783081E-001,
8.824333333333334E+008,-1.573510840535164E-002,5.968450009822846E-002,-8.862816095352173E-001,-4.517064392566681E-001,-1.573510840535164E-002,5.968450009822846E-002,-8.862816095352173E-001,-4.517064392566681E-001,
8.908000000000000E+008,-7.660677656531334E-003,5.516595020890236E-002,-8.925496339797974E-001,-4.084411561489105E-001,-7.660677656531334E-003,5.516595020890236E-002,-8.925496339797974E-001,-4.084411561489105E-001,
8.991666666666668E+008,-5.143173504620791E-003,4.973998293280602E-002,-9.089800119400024E-001,-3.867704868316650E-001,-5.143173504620791E-003,4.973998293280602E-002,-9.089800119400024E-001,-3.867704868316650E-001,
9.075333333333334E+008,-3.720931475982070E-003,4.350148141384125E-002,-9.170919060707092E-001,-3.644351959228516E-001,-3.720931475982070E-003,4.350148141384125E-002,-9.170919060707092E-001,-3.644351959228516E-001,
9.159000000000000E+008,-7.504159118980169E-003,3.981047868728638E-002,-9.219543337821960E-001,-3.473817408084869E-001,-7.504159118980169E-003,3.981047868728638E-002,-9.219543337821960E-001,-3.473817408084869E-001,
9.242666666666668E+008,-1.194514427334070E-002,3.634408861398697E-002,-9.298777580261231E-001,-3.265220820903778E-001,-1.194514427334070E-002,3.634408861398697E-002,-9.298777580261231E-001,-3.265220820903778E-001,
9.326333333333334E+008,-1.740867830812931E-002,3.872522711753845E-002,-9.312074184417725E-001,-2.944836914539337E-001,-1.740867830812931E-002,3.872522711753845E-002,-9.312074184417725E-001,-2.944836914539337E-001,
9.410000000000000E+008,-2.353059127926827E-002,4.497197642922401E-002,-9.471095204353333E-001,-2.832521498203278E-001,-2.353059127926827E-002,4.497197642922401E-002,-9.471095204353333E-001,-2.832521498203278E-001,
9.493666666666668E+008,-2.310395613312721E-002,5.342102795839310E-002,-9.696263670921326E-001,-2.457746267318726E-001,-2.310395613312721E-002,5.342102795839310E-002,-9.696263670921326E-001,-2.457746267318726E-001,
9.577333333333334E+008,-2.038469165563583E-002,6.132770702242851E-002,-9.492723345756531E-001,-2.172540724277496E-001,-2.038469165563583E-002,6.132770702242851E-002,-9.492723345756531E-001,-2.172540724277496E-001,
9.661000000000000E+008,-1.280936319380999E-002,6.767497211694717E-002,-9.584724903106690E-001,-2.032777070999146E-001,-1.280936319380999E-002,6.767497211694717E-002,-9.584724903106690E-001,-2.032777070999146E-001,
9.744666666666668E+008,-3.342680865898728E-003,7.293389737606049E-002,-9.704355001449585E-001,-1.809036582708359E-001,-3.342680865898728E-003,7.293389737606049E-002,-9.704355001449585E-001,-1.809036582708359E-001,
9.828333333333334E+008,8.524260483682156E-003,6.956817209720612E-002,-9.765041470527649E-001,-1.610998958349228E-001,8.524260483682156E-003,6.956817209720612E-002,-9.765041470527649E-001,-1.610998958349228E-001,
9.912000000000000E+008,1.554769743233919E-002,6.424254924058914E-002,-9.845207333564758E-001,-1.215008124709129E-001,1.554769743233919E-002,6.424254924058914E-002,-9.845207333564758E-001,-1.215008124709129E-001,
9.995666666666668E+008,1.835804991424084E-002,5.529644712805748E-002,-9.950292706489563E-001,-1.122083067893982E-001,1.835804991424084E-002,5.529644712805748E-002,-9.950292706489563E-001,-1.122083067893982E-001,
1.007933333333333E+009,1.932541280984879E-002,4.355650767683983E-002,-9.739574790000916E-001,-8.288091421127319E-002,1.932541280984879E-002,4.355650767683983E-002,-9.739574790000916E-001,-8.288091421127319E-002,
1.016300000000000E+009,1.486127823591232E-002,4.095529392361641E-002,-9.952297210693359E-001,-5.802281573414803E-002,1.486127823591232E-002,4.095529392361641E-002,-9.952297210693359E-001,-5.802281573414803E-002,
1.024666666666667E+009,1.100020110607147E-002,3.665079548954964E-002,-9.879536032676697E-001,-2.925996854901314E-002,1.100020110607147E-002,3.665079548954964E-002,-9.879536032676697E-001,-2.925996854901314E-002,
1.033033333333333E+009,2.281428081914783E-003,3.913022577762604E-002,-9.858543872833252E-001,-5.146755371242762E-003,2.281428081914783E-003,3.913022577762604E-002,-9.858543872833252E-001,-5.146755371242762E-003,
1.041400000000000E+009,-3.775426186621189E-003,4.654740542173386E-002,-9.842017889022827E-001,1.562865823507309E-002,-3.775426186621189E-003,4.654740542173386E-002,-9.842017889022827E-001,1.562865823507309E-002,
1.049766666666667E+009,-2.431507920846343E-003,5.644068121910095E-002,-9.965736865997315E-001,5.180762335658073E-002,-2.431507920846343E-003,5.644068121910095E-002,-9.965736865997315E-001,5.180762335658073E-002,
1.058133333333333E+009,1.465316163375974E-003,6.453995406627655E-002,-9.747514128684998E-001,7.116575539112091E-002,1.465316163375974E-003,6.453995406627655E-002,-9.747514128684998E-001,7.116575539112091E-002,
1.066500000000000E+009,1.184114348143339E-002,6.912632286548615E-002,-9.777337312698364E-001,9.802290052175522E-002,1.184114348143339E-002,6.912632286548615E-002,-9.777337312698364E-001,9.802290052175522E-002,
1.074866666666667E+009,2.538191154599190E-002,6.859605014324188E-002,-9.781326055526733E-001,1.258175373077393E-001,2.538191154599190E-002,6.859605014324188E-002,-9.781326055526733E-001,1.258175373077393E-001,
1.083233333333334E+009,3.499701991677284E-002,6.138788536190987E-002,-9.810519218444824E-001,1.512795686721802E-001,3.499701991677284E-002,6.138788536190987E-002,-9.810519218444824E-001,1.512795686721802E-001,
1.091600000000000E+009,4.040537029504776E-002,4.960520565509796E-002,-9.683142900466919E-001,1.671566367149353E-001,4.040537029504776E-002,4.960520565509796E-002,-9.683142900466919E-001,1.671566367149353E-001,
1.099966666666667E+009,3.874377161264420E-002,3.726849704980850E-002,-9.686731100082398E-001,2.048872262239456E-001,3.874377161264420E-002,3.726849704980850E-002,-9.686731100082398E-001,2.048872262239456E-001,
1.108333333333334E+009,3.124972619116306E-002,2.760220877826214E-002,-9.645109176635742E-001,2.342989593744278E-001,3.124972619116306E-002,2.760220877826214E-002,-9.645109176635742E-001,2.342989593744278E-001,
1.116700000000000E+009,2.178376354277134E-002,2.266533859074116E-002,-9.494835138320923E-001,2.485824525356293E-001,2.178376354277134E-002,2.266533859074116E-002,-9.494835138320923E-001,2.485824525356293E-001,
1.125066666666667E+009,7.469727192074060E-003,2.734368294477463E-002,-9.620394110679627E-001,2.691150605678558E-001,7.469727192074060E-003,2.734368294477463E-002,-9.620394110679627E-001,2.691150605678558E-001,
1.133433333333334E+009,1.084413263015449E-003,3.778617084026337E-002,-9.548169374465942E-001,2.958111166954041E-001,1.084413263015449E-003,3.778617084026337E-002,-9.548169374465942E-001,2.958111166954041E-001,
1.141800000000000E+009,1.431750861229375E-004,5.230299010872841E-002,-9.212145805358887E-001,3.181903660297394E-001,1.431750861229375E-004,5.230299010872841E-002,-9.212145805358887E-001,3.181903660297394E-001,
1.150166666666667E+009,7.775836624205113E-003,6.608276814222336E-002,-9.287451505661011E-001,3.405939042568207E-001,7.775836624205113E-003,6.608276814222336E-002,-9.287451505661011E-001,3.405939042568207E-001,
1.158533333333334E+009,2.285489067435265E-002,7.482185959815979E-002,-9.170798063278198E-001,3.623178899288178E-001,2.285489067435265E-002,7.482185959815979E-002,-9.170798063278198E-001,3.623178899288178E-001,
1.166900000000000E+009,4.153999686241150E-002,7.530669122934341E-002,-9.143502116203308E-001,3.758557140827179E-001,4.153999686241150E-002,7.530669122934341E-002,-9.143502116203308E-001,3.758557140827179E-001,
1.175266666666667E+009,5.745541676878929E-002,6.718489527702332E-002,-8.911635875701904E-001,3.883490562438965E-001,5.745541676878929E-002,6.718489527702332E-002,-8.911635875701904E-001,3.883490562438965E-001,
1.183633333333334E+009,6.871349364519119E-002,5.131869763135910E-002,-8.739761710166931E-001,4.308556914329529E-001,6.871349364519119E-002,5.131869763135910E-002,-8.739761710166931E-001,4.308556914329529E-001,
1.192000000000000E+009,6.955617666244507E-002,3.312773257493973E-002,-8.786289691925049E-001,4.504481256008148E-001,6.955617666244507E-002,3.312773257493973E-002,-8.786289691925049E-001,4.504481256008148E-001,
1.200366666666667E+009,6.098960712552071E-002,1.403448451310396E-002,-8.672235608100891E-001,4.767188727855682E-001,6.098960712552071E-002,1.403448451310396E-002,-8.672235608100891E-001,4.767188727855682E-001,
1.208733333333334E+009,4.547295719385147E-002,5.782435182482004E-003,-8.591833710670471E-001,4.912848174571991E-001,4.547295719385147E-002,5.782435182482004E-003,-8.591833710670471E-001,4.912848174571991E-001,
1.217100000000000E+009,2.821487933397293E-002,7.328337524086237E-003,-8.369348645210266E-001,5.136164426803589E-001,2.821487933397293E-002,7.328337524086237E-003,-8.369348645210266E-001,5.136164426803589E-001,
1.225466666666667E+009,1.546716317534447E-002,1.715944707393646E-002,-8.322238326072693E-001,5.423766374588013E-001,1.546716317534447E-002,1.715944707393646E-002,-8.322238326072693E-001,5.423766374588013E-001,
1.233833333333334E+009,1.169228833168745E-002,3.187190368771553E-002,-8.077056407928467E-001,5.697695612907410E-001,1.169228833168745E-002,3.187190368771553E-002,-8.077056407928467E-001,5.697695612907410E-001,
1.242200000000000E+009,1.764194294810295E-002,4.959802702069283E-002,-7.972930669784546E-001,5.805424451828003E-001,1.764194294810295E-002,4.959802702069283E-002,-7.972930669784546E-001,5.805424451828003E-001,
1.250566666666667E+009,3.277307376265526E-002,6.048194691538811E-002,-7.849824428558350E-001,6.058433651924133E-001,3.277307376265526E-002,6.048194691538811E-002,-7.849824428558350E-001,6.058433651924133E-001,
1.258933333333334E+009,5.319765955209732E-002,6.205673515796661E-002,-7.731487751007080E-001,6.165274381637573E-001,5.319765955209732E-002,6.205673515796661E-002,-7.731487751007080E-001,6.165274381637573E-001,
1.267300000000000E+009,7.212042808532715E-002,5.328037589788437E-002,-7.496392726898193E-001,6.343546509742737E-001,7.212042808532715E-002,5.328037589788437E-002,-7.496392726898193E-001,6.343546509742737E-001,
1.275666666666667E+009,8.129720389842987E-002,3.304410353302956E-002,-7.356858849525452E-001,6.707946062088013E-001,8.129720389842987E-002,3.304410353302956E-002,-7.356858849525452E-001,6.707946062088013E-001,
1.284033333333334E+009,8.154325187206268E-002,1.253683213144541E-002,-7.278144359588623E-001,6.798256635665894E-001,8.154325187206268E-002,1.253683213144541E-002,-7.278144359588623E-001,6.798256635665894E-001,
1.292400000000000E+009,7.045371085405350E-002,-6.086525972932577E-003,-6.947349905967712E-001,6.963095664978027E-001,7.045371085405350E-002,-6.086525972932577E-003,-6.947349905967712E-001,6.963095664978027E-001,
1.300766666666667E+009,5.054071545600891E-002,-1.570360176265240E-002,-6.843115091323853E-001,7.199786305427551E-001,5.054071545600891E-002,-1.570360176265240E-002,-6.843115091323853E-001,7.199786305427551E-001,
1.309133333333334E+009,3.176587820053101E-002,-1.479129213839769E-002,-6.670767068862915E-001,7.281860709190369E-001,3.176587820053101E-002,-1.479129213839769E-002,-6.670767068862915E-001,7.281860709190369E-001,
1.317500000000000E+009,1.796092651784420E-002,-3.448311472311616E-003,-6.348806619644165E-001,7.577352523803711E-001,1.796092651784420E-002,-3.448311472311616E-003,-6.348806619644165E-001,7.577352523803711E-001,
1.325866666666667E+009,1.323502138257027E-002,1.517954468727112E-002,-6.304323673248291E-001,7.616029381752014E-001,1.323502138257027E-002,1.517954468727112E-002,-6.304323673248291E-001,7.616029381752014E-001,
1.334233333333334E+009,2.028198726475239E-002,3.180729225277901E-002,-6.023260951042175E-001,7.788826823234558E-001,2.028198726475239E-002,3.180729225277901E-002,-6.023260951042175E-001,7.788826823234558E-001,
1.342600000000000E+009,3.579240292310715E-002,4.210571944713593E-002,-5.872692465782166E-001,7.895645499229431E-001,3.579240292310715E-002,4.210571944713593E-002,-5.872692465782166E-001,7.895645499229431E-001,
1.350966666666667E+009,5.577831715345383E-002,4.069982469081879E-002,-5.555316805839539E-001,7.964906692504883E-001,5.577831715345383E-002,4.069982469081879E-002,-5.555316805839539E-001,7.964906692504883E-001,
1.359333333333334E+009,7.141026854515076E-002,2.891319990158081E-002,-5.625680088996887E-001,8.203740119934082E-001,7.141026854515076E-002,2.891319990158081E-002,-5.625680088996887E-001,8.203740119934082E-001,
1.367700000000000E+009,7.880104333162308E-002,8.990881033241749E-003,-5.234274864196777E-001,8.358197212219238E-001,7.880104333162308E-002,8.990881033241749E-003,-5.234274864196777E-001,8.358197212219238E-001,
1.376066666666667E+009,7.420381158590317E-002,-1.080399192869663E-002,-5.074773430824280E-001,8.475437164306641E-001,7.420381158590317E-002,-1.080399192869663E-002,-5.074773430824280E-001,8.475437164306641E-001,
1.384433333333334E+009,5.752753466367722E-002,-2.638013474643230E-002,-4.911381006240845E-001,8.579350113868713E-001,5.752753466367722E-002,-2.638013474643230E-002,-4.911381006240845E-001,8.579350113868713E-001,
1.392800000000000E+009,3.642590716481209E-002,-3.202793002128601E-002,-4.705640971660614E-001,8.809569478034973E-001,3.642590716481209E-002,-3.202793002128601E-002,-4.705640971660614E-001,8.809569478034973E-001,
1.401166666666667E+009,1.376547571271658E-002,-2.586747147142887E-002,-4.457247257232666E-001,8.844120502471924E-001,1.376547571271658E-002,-2.586747147142887E-002,-4.457247257232666E-001,8.844120502471924E-001,
1.409533333333334E+009,1.025584875606000E-003,-6.944214459508658E-003,-4.158770442008972E-001,8.955897688865662E-001,1.025584875606000E-003,-6.944214459508658E-003,-4.158770442008972E-001,8.955897688865662E-001,
1.417900000000000E+009,-1.370966201648116E-003,1.552267558872700E-002,-3.944647312164307E-001,9.096801877021790E-001,-1.370966201648116E-003,1.552267558872700E-002,-3.944647312164307E-001,9.096801877021790E-001,
1.426266666666667E+009,9.962963871657848E-003,3.410877287387848E-002,-3.687157034873962E-001,9.295393824577332E-001,9.962963871657848E-003,3.410877287387848E-002,-3.687157034873962E-001,9.295393824577332E-001,
1.434633333333334E+009,3.064682148396969E-002,4.599721357226372E-002,-3.490213155746460E-001,9.266142845153809E-001,3.064682148396969E-002,4.599721357226372E-002,-3.490213155746460E-001,9.266142845153809E-001,
1.443000000000000E+009,5.497531965374947E-002,4.264209046959877E-002,-3.200352787971497E-001,9.331215023994446E-001,5.497531965374947E-002,4.264209046959877E-002,-3.200352787971497E-001,9.331215023994446E-001,
1.451366666666667E+009,7.024530321359634E-002,2.638855762779713E-002,-2.927482128143311E-001,9.308575987815857E-001,7.024530321359634E-002,2.638855762779713E-002,-2.927482128143311E-001,9.308575987815857E-001,
1.459733333333334E+009,7.828493416309357E-002,7.192120421677828E-003,-2.778563797473908E-001,9.561388492584229E-001,7.828493416309357E-002,7.192120421677828E-003,-2.778563797473908E-001,9.561388492584229E-001,
1.468100000000000E+009,7.153306901454926E-002,-1.564373634755611E-002,-2.544230818748474E-001,9.474302530288696E-001,7.153306901454926E-002,-1.564373634755611E-002,-2.544230818748474E-001,9.474302530288696E-001,
1.476466666666667E+009,5.519058927893639E-002,-2.877370454370976E-002,-2.301842570304871E-001,9.606705904006958E-001,5.519058927893639E-002,-2.877370454370976E-002,-2.301842570304871E-001,9.606705904006958E-001,
1.484833333333334E+009,3.238529339432716E-002,-3.033220395445824E-002,-2.008793056011200E-001,9.760527610778809E-001,3.238529339432716E-002,-3.033220395445824E-002,-2.008793056011200E-001,9.760527610778809E-001,
1.493200000000000E+009,1.460927817970514E-002,-2.366493269801140E-002,-1.651741564273834E-001,9.763675928115845E-001,1.460927817970514E-002,-2.366493269801140E-002,-1.651741564273834E-001,9.763675928115845E-001,
1.501566666666667E+009,1.123687019571662E-003,-5.307764746248722E-003,-1.370537728071213E-001,9.789611697196960E-001,1.123687019571662E-003,-5.307764746248722E-003,-1.370537728071213E-001,9.789611697196960E-001,
1.509933333333334E+009,2.838307991623879E-003,1.704869978129864E-002,-1.267046332359314E-001,9.848308563232422E-001,2.838307991623879E-003,1.704869978129864E-002,-1.267046332359314E-001,9.848308563232422E-001,
1.518300000000000E+009,1.626427285373211E-002,3.520175814628601E-002,-9.396649897098541E-002,9.845479130744934E-001,1.626427285373211E-002,3.520175814628601E-002,-9.396649897098541E-002,9.845479130744934E-001,
1.526666666666667E+009,3.721128776669502E-002,4.203714430332184E-002,-7.918184250593185E-002,9.818564653396606E-001,3.721128776669502E-002,4.203714430332184E-002,-7.918184250593185E-002,9.818564653396606E-001,
1.535033333333334E+009,5.950146913528442E-002,3.624117374420166E-002,-5.882956832647324E-002,9.757499098777771E-001,5.950146913528442E-002,3.624117374420166E-002,-5.882956832647324E-002,9.757499098777771E-001,
1.543400000000000E+009,7.527513802051544E-002,2.104778587818146E-002,-2.600078471004963E-002,9.859492778778076E-001,7.527513802051544E-002,2.104778587818146E-002,-2.600078471004963E-002,9.859492778778076E-001,
1.551766666666667E+009,8.148773759603500E-002,-6.088868249207735E-004,-2.758015412837267E-003,9.846618175506592E-001,8.148773759603500E-002,-6.088868249207735E-004,-2.758015412837267E-003,9.846618175506592E-001,
1.560133333333334E+009,7.399291545152664E-002,-2.070037648081780E-002,1.899992674589157E-002,9.930753707885742E-001,7.399291545152664E-002,-2.070037648081780E-002,1.899992674589157E-002,9.930753707885742E-001,
1.568500000000000E+009,5.807937309145927E-002,-3.491545468568802E-002,4.959273710846901E-002,9.915693998336792E-001,5.807937309145927E-002,-3.491545468568802E-002,4.959273710846901E-002,9.915693998336792E-001,
1.576866666666667E+009,3.874611854553223E-002,-3.625031188130379E-002,7.014999538660049E-002,9.903901815414429E-001,3.874611854553223E-002,-3.625031188130379E-002,7.014999538660049E-002,9.903901815414429E-001,
1.585233333333334E+009,2.129889279603958E-002,-2.657125890254974E-002,9.806616604328156E-002,9.827347397804260E-001,2.129889279603958E-002,-2.657125890254974E-002,9.806616604328156E-002,9.827347397804260E-001,
1.593600000000000E+009,1.314761675894260E-002,-1.117797195911408E-002,1.250527203083038E-001,9.834563732147217E-001,1.314761675894260E-002,-1.117797195911408E-002,1.250527203083038E-001,9.834563732147217E-001,
1.601966666666667E+009,1.327897422015667E-002,8.359017781913281E-003,1.556904613971710E-001,9.811876416206360E-001,1.327897422015667E-002,8.359017781913281E-003,1.556904613971710E-001,9.811876416206360E-001,
1.610333333333334E+009,2.415112219750881E-002,2.094079554080963E-002,1.778483986854553E-001,9.712238907814026E-001,2.415112219750881E-002,2.094079554080963E-002,1.778483986854553E-001,9.712238907814026E-001,
1.618700000000000E+009,4.195861145853996E-002,2.642611227929592E-002,1.989553123712540E-001,9.654022455215454E-001,4.195861145853996E-002,2.642611227929592E-002,1.989553123712540E-001,9.654022455215454E-001,
1.627066666666667E+009,6.104460731148720E-002,1.890280283987522E-002,2.246548831462860E-001,9.583832621574402E-001,6.104460731148720E-002,1.890280283987522E-002,2.246548831462860E-001,9.583832621574402E-001,
1.635433333333334E+009,7.220686227083206E-002,6.234718952327967E-003,2.451901286840439E-001,9.500647783279419E-001,7.220686227083206E-002,6.234718952327967E-003,2.451901286840439E-001,9.500647783279419E-001,
1.643800000000000E+009,7.397660613059998E-002,-1.277106627821922E-002,2.661066055297852E-001,9.456427097320557E-001,7.397660613059998E-002,-1.277106627821922E-002,2.661066055297852E-001,9.456427097320557E-001,
1.652166666666667E+009,6.677424907684326E-002,-2.879549935460091E-002,2.908580303192139E-001,9.384679198265076E-001,6.677424907684326E-002,-2.879549935460091E-002,2.908580303192139E-001,9.384679198265076E-001,
1.660533333333334E+009,5.308711528778076E-002,-3.823433071374893E-002,3.191623091697693E-001,9.374078512191773E-001,5.308711528778076E-002,-3.823433071374893E-002,3.191623091697693E-001,9.374078512191773E-001,
1.668900000000000E+009,3.528241813182831E-002,-3.735753893852234E-002,3.417919278144836E-001,9.348750114440918E-001,3.528241813182831E-002,-3.735753893852234E-002,3.417919278144836E-001,9.348750114440918E-001,
1.677266666666667E+009,2.262739837169647E-002,-2.702722884714603E-002,3.577931523323059E-001,9.251027703285217E-001,2.260382845997810E-002,-2.698242664337158E-002,3.575637638568878E-001,9.250376224517822E-001,
1.685633333333334E+009,1.860089972615242E-002,-1.203291304409504E-002,3.845494091510773E-001,9.089955091476440E-001,1.860089972615242E-002,-1.203291304409504E-002,3.845494091510773E-001,9.089955091476440E-001,
1.694000000000000E+009,2.148713730275631E-002,5.106045398861170E-003,4.132037758827210E-001,8.987750411033630E-001,2.148713730275631E-002,5.106045398861170E-003,4.132037758827210E-001,8.987750411033630E-001,
1.702366666666667E+009,3.381411358714104E-002,1.525010820478201E-002,4.447650909423828E-001,8.831503987312317E-001,3.381411358714104E-002,1.525010820478201E-002,4.447650909423828E-001,8.831503987312317E-001,
1.710733333333334E+009,4.967264458537102E-002,1.884477213025093E-002,4.583417773246765E-001,8.797753453254700E-001,4.967264458537102E-002,1.884477213025093E-002,4.583417773246765E-001,8.797753453254700E-001,
1.719100000000000E+009,6.584692746400833E-002,9.820832870900631E-003,4.838342368602753E-001,8.587978482246399E-001,6.584692746400833E-002,9.820832870900631E-003,4.838342368602753E-001,8.587978482246399E-001,
1.727466666666667E+009,7.656896859407425E-002,-3.164606168866158E-003,5.000038743019104E-001,8.503009676933289E-001,7.656896859407425E-002,-3.164606168866158E-003,5.000038743019104E-001,8.503009676933289E-001,
1.735833333333334E+009,8.169813454151154E-002,-2.162210829555988E-002,5.224638581275940E-001,8.339128494262695E-001,8.169813454151154E-002,-2.162210829555988E-002,5.224638581275940E-001,8.339128494262695E-001,
1.744200000000000E+009,7.516750693321228E-002,-3.952769935131073E-002,5.458245277404785E-001,8.166021108627319E-001,7.516750693321228E-002,-3.952769935131073E-002,5.458245277404785E-001,8.166021108627319E-001,
1.752566666666667E+009,6.281906366348267E-002,-5.144006386399269E-002,5.594109892845154E-001,8.129889965057373E-001,6.281906366348267E-002,-5.144006386399269E-002,5.594109892845154E-001,8.129889965057373E-001,
1.760933333333334E+009,4.600435867905617E-002,-5.399296432733536E-002,5.832696557044983E-001,7.973768115043640E-001,4.600435867905617E-002,-5.399296432733536E-002,5.832696557044983E-001,7.973768115043640E-001,
1.769300000000000E+009,3.137807920575142E-002,-4.994916543364525E-002,6.096650958061218E-001,7.763667106628418E-001,3.137807920575142E-002,-4.994916543364525E-002,6.096650958061218E-001,7.763667106628418E-001,
1.777666666666667E+009,2.163989655673504E-002,-4.134960845112801E-002,6.285108327865601E-001,7.710791826248169E-001,2.163989655673504E-002,-4.134960845112801E-002,6.285108327865601E-001,7.710791826248169E-001,
1.786033333333334E+009,2.008536644279957E-002,-2.708274498581886E-002,6.461149454116821E-001,7.485611438751221E-001,2.008536644279957E-002,-2.708274498581886E-002,6.461149454116821E-001,7.485611438751221E-001,
1.794400000000000E+009,2.350816875696182E-002,-1.615853980183601E-002,6.595161557197571E-001,7.296817302703857E-001,2.350816875696182E-002,-1.615853980183601E-002,6.595161557197571E-001,7.296817302703857E-001,
1.802766666666667E+009,3.410569950938225E-002,-7.693460211157799E-003,6.868802309036255E-001,7.180752158164978E-001,3.410569950938225E-002,-7.693460211157799E-003,6.868802309036255E-001,7.180752158164978E-001,
1.811133333333334E+009,4.404677823185921E-002,-7.981779985129833E-003,7.016365528106690E-001,6.901190280914307E-001,4.404677823185921E-002,-7.981779985129833E-003,7.016365528106690E-001,6.901190280914307E-001,
1.819500000000000E+009,5.176076292991638E-002,-1.240174937993288E-002,7.188863158226013E-001,6.821247339248657E-001,5.176076292991638E-002,-1.240174937993288E-002,7.188863158226013E-001,6.821247339248657E-001,
1.827866666666667E+009,5.964986234903336E-002,-2.142836712300777E-002,7.291699051856995E-001,6.620075106620789E-001,5.964986234903336E-002,-2.142836712300777E-002,7.291699051856995E-001,6.620075106620789E-001,
1.836233333333334E+009,5.770582705736160E-002,-3.329882398247719E-002,7.500691413879395E-001,6.356027722358704E-001,5.770582705736160E-002,-3.329882398247719E-002,7.500691413879395E-001,6.356027722358704E-001,
1.844600000000000E+009,5.502441897988319E-002,-4.226614907383919E-002,7.728083133697510E-001,6.337479352951050E-001,5.502441897988319E-002,-4.226614907383919E-002,7.728083133697510E-001,6.337479352951050E-001,
1.852966666666667E+009,4.631135612726212E-002,-4.707979410886765E-002,7.916735410690308E-001,6.051955819129944E-001,4.631135612726212E-002,-4.707979410886765E-002,7.916735410690308E-001,6.051955819129944E-001,
1.861333333333334E+009,3.794326260685921E-002,-4.841457679867744E-002,7.965184450149536E-001,5.842947363853455E-001,3.794326260685921E-002,-4.841457679867744E-002,7.965184450149536E-001,5.842947363853455E-001,
1.869700000000000E+009,3.093104436993599E-002,-4.386113956570625E-002,8.067713975906372E-001,5.691462159156799E-001,3.093104436993599E-002,-4.386113956570625E-002,8.067713975906372E-001,5.691462159156799E-001,
1.878066666666667E+009,2.714837715029717E-002,-3.727940469980240E-002,8.217137455940247E-001,5.371670722961426E-001,2.714837715029717E-002,-3.727940469980240E-002,8.217137455940247E-001,5.371670722961426E-001,
1.886433333333334E+009,2.852400764822960E-002,-2.783819101750851E-002,8.387662768363953E-001,5.249723196029663E-001,2.852400764822960E-002,-2.783819101750851E-002,8.387662768363953E-001,5.249723196029663E-001,
1.894800000000000E+009,3.353157266974449E-002,-2.044100873172283E-002,8.534640073776245E-001,5.069758892059326E-001,3.353157266974449E-002,-2.044100873172283E-002,8.534640073776245E-001,5.069758892059326E-001,
1.903166666666667E+009,4.364608228206635E-002,-1.887966878712177E-002,8.660935759544373E-001,4.785737991333008E-001,4.364608228206635E-002,-1.887966878712177E-002,8.660935759544373E-001,4.785737991333008E-001,
1.911533333333334E+009,5.300774425268173E-002,-2.046273648738861E-002,8.762626647949219E-001,4.605548381805420E-001,5.300774425268173E-002,-2.046273648738861E-002,8.762626647949219E-001,4.605548381805420E-001,
1.919900000000000E+009,6.176386028528214E-002,-3.134786337614059E-002,8.788508772850037E-001,4.286450743675232E-001,6.176386028528214E-002,-3.134786337614059E-002,8.788508772850037E-001,4.286450743675232E-001,
1.928266666666667E+009,6.435200572013855E-002,-4.226785898208618E-002,8.962691426277161E-001,4.049838185310364E-001,6.435200572013855E-002,-4.226785898208618E-002,8.962691426277161E-001,4.049838185310364E-001,
1.936633333333334E+009,6.024609878659248E-002,-5.552781373262405E-002,9.045093655586243E-001,3.876217901706696E-001,6.024609878659248E-002,-5.552781373262405E-002,9.045093655586243E-001,3.876217901706696E-001,
1.945000000000000E+009,5.296116322278976E-002,-6.694531440734863E-002,9.126937985420227E-001,3.589874207973480E-001,5.296116322278976E-002,-6.694531440734863E-002,9.126937985420227E-001,3.589874207973480E-001,
1.953366666666667E+009,4.071174934506416E-002,-7.244809716939926E-002,9.233719706535339E-001,3.303350806236267E-001,4.071174934506416E-002,-7.244809716939926E-002,9.233719706535339E-001,3.303350806236267E-001,
1.961733333333334E+009,2.912713773548603E-002,-7.149680703878403E-002,9.338976740837097E-001,3.301818966865540E-001,2.912713773548603E-002,-7.149680703878403E-002,9.338976740837097E-001,3.301818966865540E-001,
1.970100000000000E+009,1.851738616824150E-002,-6.285749375820160E-002,9.410097599029541E-001,2.904829382896423E-001,1.851738616824150E-002,-6.285749375820160E-002,9.410097599029541E-001,2.904829382896423E-001,
1.978466666666667E+009,1.551924087107182E-002,-5.128154158592224E-002,9.509244561195374E-001,2.663148045539856E-001,1.551924087107182E-002,-5.128154158592224E-002,9.509244561195374E-001,2.663148045539856E-001,
1.986833333333334E+009,1.787810586392880E-002,-4.019154608249664E-002,9.649552702903748E-001,2.459647655487061E-001,1.787810586392880E-002,-4.019154608249664E-002,9.649552702903748E-001,2.459647655487061E-001,
1.995200000000000E+009,2.986373752355576E-002,-3.081462159752846E-002,9.637064337730408E-001,2.273266911506653E-001,2.986373752355576E-002,-3.081462159752846E-002,9.637064337730408E-001,2.273266911506653E-001,
2.003566666666667E+009,4.362543299794197E-002,-2.995905838906765E-002,9.690147638320923E-001,1.989202201366425E-001,4.362543299794197E-002,-2.995905838906765E-002,9.690147638320923E-001,1.989202201366425E-001,
2.011933333333334E+009,5.695074424147606E-002,-3.697054460644722E-002,9.694128632545471E-001,1.671269237995148E-001,5.695074424147606E-002,-3.697054460644722E-002,9.694128632545471E-001,1.671269237995148E-001,
2.020300000000000E+009,6.462790071964264E-002,-4.825656861066818E-002,9.763135313987732E-001,1.468546837568283E-001,6.462790071964264E-002,-4.825656861066818E-002,9.763135313987732E-001,1.468546837568283E-001,
2.028666666666667E+009,6.544915586709976E-002,-6.565092504024506E-002,9.753819108009338E-001,1.218848600983620E-001,6.544915586709976E-002,-6.565092504024506E-002,9.753819108009338E-001,1.218848600983620E-001,
2.037033333333334E+009,5.706262588500977E-002,-8.275391161441803E-002,9.846755266189575E-001,9.425250440835953E-002,5.706262588500977E-002,-8.275391161441803E-002,9.846755266189575E-001,9.425250440835953E-002,
2.045400000000000E+009,4.231318831443787E-002,-9.424783289432526E-002,9.822801947593689E-001,7.689231634140015E-002,4.231318831443787E-002,-9.424783289432526E-002,9.822801947593689E-001,7.689231634140015E-002,
2.053766666666667E+009,2.472404763102531E-002,-9.672745317220688E-002,9.861896634101868E-001,4.456782713532448E-002,2.472404763102531E-002,-9.672745317220688E-002,9.861896634101868E-001,4.456782713532448E-002,
2.062133333333334E+009,9.715144522488117E-003,-9.075570106506348E-002,9.810094237327576E-001,2.552532404661179E-002,9.715144522488117E-003,-9.075570106506348E-002,9.810094237327576E-001,2.552532404661179E-002,
2.070500000000000E+009,1.519486424513161E-003,-7.531002908945084E-002,9.834864735603333E-001,8.592065423727036E-004,1.519486424513161E-003,-7.531002908945084E-002,9.834864735603333E-001,8.592065423727036E-004,
2.078866666666667E+009,3.105439711362124E-003,-6.129862368106842E-002,9.830830097198486E-001,-2.535573393106461E-002,3.105439711362124E-003,-6.129862368106842E-002,9.830830097198486E-001,-2.535573393106461E-002,
2.087233333333334E+009,1.498069893568754E-002,-4.793035984039307E-002,9.808360934257507E-001,-4.847308993339539E-002,1.498069893568754E-002,-4.793035984039307E-002,9.808360934257507E-001,-4.847308993339539E-002,
2.095600000000000E+009,3.312299773097038E-002,-4.631664231419563E-002,9.829061627388001E-001,-7.865997403860092E-002,3.312299773097038E-002,-4.631664231419563E-002,9.829061627388001E-001,-7.865997403860092E-002,
2.103966666666667E+009,4.830752313137054E-002,-5.582646653056145E-002,9.837732911109924E-001,-9.927980601787567E-002,4.830752313137054E-002,-5.582646653056145E-002,9.837732911109924E-001,-9.927980601787567E-002,
2.112333333333334E+009,6.016688793897629E-002,-7.159482687711716E-002,9.759289026260376E-001,-1.242555379867554E-001,6.016688793897629E-002,-7.159482687711716E-002,9.759289026260376E-001,-1.242555379867554E-001,
2.120700000000000E+009,5.767658352851868E-002,-9.550993144512177E-002,9.774830937385559E-001,-1.620949804782867E-001,5.767658352851868E-002,-9.550993144512177E-002,9.774830937385559E-001,-1.620949804782867E-001,
2.129066666666667E+009,4.528788104653359E-002,-1.150586977601051E-001,9.595946073532105E-001,-1.824050247669220E-001,4.528788104653359E-002,-1.150586977601051E-001,9.595946073532105E-001,-1.824050247669220E-001,
2.137433333333334E+009,2.305121533572674E-002,-1.276949644088745E-001,9.596875309944153E-001,-1.963613331317902E-001,2.305121533572674E-002,-1.276949644088745E-001,9.596875309944153E-001,-1.963613331317902E-001,
2.145800000000000E+009,-3.379406640306115E-003,-1.305497288703919E-001,9.525361657142639E-001,-2.198431342840195E-001,-3.379406640306115E-003,-1.305497288703919E-001,9.525361657142639E-001,-2.198431342840195E-001,
2.154166666666667E+009,-2.526606433093548E-002,-1.174921840429306E-001,9.491164684295654E-001,-2.466510236263275E-001,-2.526606433093548E-002,-1.174921840429306E-001,9.491164684295654E-001,-2.466510236263275E-001,
2.162533333333334E+009,-3.712514415383339E-002,-9.714750200510025E-002,9.383290410041809E-001,-2.683675587177277E-001,-3.712514415383339E-002,-9.714750200510025E-002,9.383290410041809E-001,-2.683675587177277E-001,
2.170900000000000E+009,-3.464281186461449E-002,-7.565753906965256E-002,9.368292093276978E-001,-2.981523573398590E-001,-3.464281186461449E-002,-7.565753906965256E-002,9.368292093276978E-001,-2.981523573398590E-001,
2.179266666666667E+009,-2.115976065397263E-002,-5.819576606154442E-002,9.284545183181763E-001,-3.198288977146149E-001,-2.115976065397263E-002,-5.819576606154442E-002,9.284545183181763E-001,-3.198288977146149E-001,
2.187633333333334E+009,1.043396187014878E-003,-5.294794961810112E-002,9.290570020675659E-001,-3.451547324657440E-001,1.043396187014878E-003,-5.294794961810112E-002,9.290570020675659E-001,-3.451547324657440E-001,
2.196000000000000E+009,2.174044586718082E-002,-6.195408478379250E-002,9.132838249206543E-001,-3.697087764739990E-001,2.174044586718082E-002,-6.195408478379250E-002,9.132838249206543E-001,-3.697087764739990E-001,
2.204366666666667E+009,3.498485684394836E-002,-8.251065015792847E-002,8.965224027633667E-001,-4.004715383052826E-001,3.498485684394836E-002,-8.251065015792847E-002,8.965224027633667E-001,-4.004715383052826E-001,
2.212733333333334E+009,3.428736329078674E-002,-1.060265079140663E-001,8.879797458648682E-001,-4.141976833343506E-001,3.428736329078674E-002,-1.060265079140663E-001,8.879797458648682E-001,-4.141976833343506E-001,
2.221100000000000E+009,1.981583237648010E-002,-1.292275935411453E-001,8.798890709877014E-001,-4.355755150318146E-001,1.981583237648010E-002,-1.292275935411453E-001,8.798890709877014E-001,-4.355755150318146E-001,
2.229466666666667E+009,-6.771118845790625E-003,-1.453220546245575E-001,8.706837892532349E-001,-4.635296761989594E-001,-6.771118845790625E-003,-1.453220546245575E-001,8.706837892532349E-001,-4.635296761989594E-001,
2.237833333333334E+009,-3.570868819952011E-002,-1.423197835683823E-001,8.458661437034607E-001,-4.746138453483582E-001,-3.570868819952011E-002,-1.423197835683823E-001,8.458661437034607E-001,-4.746138453483582E-001,
2.246200000000000E+009,-6.126840785145760E-002,-1.272933483123779E-001,8.356584906578064E-001,-5.013400912284851E-001,-6.126840785145760E-002,-1.272933483123779E-001,8.356584906578064E-001,-5.013400912284851E-001,
2.254566666666667E+009,-7.404478639364243E-002,-1.033359616994858E-001,8.280646204948425E-001,-5.201867222785950E-001,-7.404478639364243E-002,-1.033359616994858E-001,8.280646204948425E-001,-5.201867222785950E-001,
2.262933333333334E+009,-7.229634374380112E-002,-7.842285931110382E-002,8.191108703613281E-001,-5.449147820472717E-001,-7.229634374380112E-002,-7.842285931110382E-002,8.191108703613281E-001,-5.449147820472717E-001,
2.271300000000000E+009,-5.823416635394096E-002,-6.035122647881508E-002,8.125931620597839E-001,-5.566290020942688E-001,-5.823416635394096E-002,-6.035122647881508E-002,8.125931620597839E-001,-5.566290020942688E-001,
2.279666666666667E+009,-3.326603397727013E-002,-5.490595847368240E-002,7.904855608940125E-001,-5.802302360534668E-001,-3.326603397727013E-002,-5.490595847368240E-002,7.904855608940125E-001,-5.802302360534668E-001,
2.288033333333334E+009,-1.294431649148464E-002,-6.581646949052811E-002,7.741433978080750E-001,-6.041473150253296E-001,-1.294431649148464E-002,-6.581646949052811E-002,7.741433978080750E-001,-6.041473150253296E-001,
2.296400000000000E+009,-8.346819668076932E-004,-8.687145262956619E-002,7.616989016532898E-001,-6.292556524276733E-001,-8.346819668076932E-004,-8.687145262956619E-002,7.616989016532898E-001,-6.292556524276733E-001,
2.304766666666667E+009,-2.275506732985377E-003,-1.118180826306343E-001,7.456812262535095E-001,-6.409803032875061E-001,-2.275506732985377E-003,-1.118180826306343E-001,7.456812262535095E-001,-6.409803032875061E-001,
2.313133333333334E+009,-2.215517684817314E-002,-1.299163103103638E-001,7.170366048812866E-001,-6.619445681571960E-001,-2.215517684817314E-002,-1.299163103103638E-001,7.170366048812866E-001,-6.619445681571960E-001,
2.321500000000000E+009,-4.878191649913788E-002,-1.370319724082947E-001,6.998559236526489E-001,-6.804875731468201E-001,-4.878191649913788E-002,-1.370319724082947E-001,6.998559236526489E-001,-6.804875731468201E-001,
2.329866666666667E+009,-7.805720716714859E-002,-1.270602494478226E-001,6.860347986221314E-001,-6.935934424400330E-001,-7.805720716714859E-002,-1.270602494478226E-001,6.860347986221314E-001,-6.935934424400330E-001,
2.338233333333334E+009,-9.762251377105713E-002,-1.055929809808731E-001,6.683341860771179E-001,-7.108643054962158E-001,-9.762251377105713E-002,-1.055929809808731E-001,6.683341860771179E-001,-7.108643054962158E-001,
2.346600000000000E+009,-1.022715047001839E-001,-7.854962348937988E-002,6.496976613998413E-001,-7.249800562858582E-001,-1.022715047001839E-001,-7.854962348937988E-002,6.496976613998413E-001,-7.249800562858582E-001,
2.354966666666667E+009,-9.267622977495194E-002,-5.351120606064796E-002,6.336525678634644E-001,-7.457150220870972E-001,-9.267622977495194E-002,-5.351120606064796E-002,6.336525678634644E-001,-7.457150220870972E-001,
2.363333333333334E+009,-6.878808885812759E-002,-4.059331119060516E-002,6.254356503486633E-001,-7.639756202697754E-001,-6.878808885812759E-002,-4.059331119060516E-002,6.254356503486633E-001,-7.639756202697754E-001,
2.371700000000000E+009,-3.957241773605347E-002,-4.613453522324562E-002,5.883510708808899E-001,-7.812733054161072E-001,-3.957241773605347E-002,-4.613453522324562E-002,5.883510708808899E-001,-7.812733054161072E-001,
2.380066666666667E+009,-2.074578590691090E-002,-6.844521313905716E-002,5.750697851181030E-001,-7.971804141998291E-001,-2.074578590691090E-002,-6.844521313905716E-002,5.750697851181030E-001,-7.971804141998291E-001,
2.388433333333334E+009,-1.565377786755562E-002,-1.016236543655396E-001,5.497937798500061E-001,-8.056439757347107E-001,-1.565377786755562E-002,-1.016236543655396E-001,5.497937798500061E-001,-8.056439757347107E-001,
2.396800000000000E+009,-3.175558522343636E-002,-1.340894848108292E-001,5.338332056999207E-001,-8.244991898536682E-001,-3.175558522343636E-002,-1.340894848108292E-001,5.338332056999207E-001,-8.244991898536682E-001,
2.405166666666667E+009,-6.143949180841446E-002,-1.543172150850296E-001,5.048418045043945E-001,-8.419257998466492E-001,-6.143949180841446E-002,-1.543172150850296E-001,5.048418045043945E-001,-8.419257998466492E-001,
2.413533333333334E+009,-1.022002398967743E-001,-1.555422395467758E-001,4.904656112194061E-001,-8.465223908424377E-001,-1.022002398967743E-001,-1.555422395467758E-001,4.904656112194061E-001,-8.465223908424377E-001,
2.421900000000000E+009,-1.401135921478272E-001,-1.375814527273178E-001,4.679309427738190E-001,-8.556668162345886E-001,-1.401135921478272E-001,-1.375814527273178E-001,4.679309427738190E-001,-8.556668162345886E-001,
2.430266666666667E+009,-1.662030667066574E-001,-1.023869141936302E-001,4.468582272529602E-001,-8.613460063934326E-001,-1.662030667066574E-001,-1.023869141936302E-001,4.468582272529602E-001,-8.613460063934326E-001,
2.438633333333334E+009,-1.734723001718521E-001,-6.022679433226585E-002,4.273363053798676E-001,-8.751208782196045E-001,-1.734723001718521E-001,-6.022679433226585E-002,4.273363053798676E-001,-8.751208782196045E-001,
2.447000000000000E+009,-1.604283601045609E-001,-2.311990596354008E-002,4.124897122383118E-001,-8.792279362678528E-001,-1.604283601045609E-001,-2.311990596354008E-002,4.124897122383118E-001,-8.792279362678528E-001,
2.455366666666667E+009,-1.305294483900070E-001,2.058551879599690E-003,3.824205100536346E-001,-8.924019336700440E-001,-1.305294483900070E-001,2.058551879599690E-003,3.824205100536346E-001,-8.924019336700440E-001,
2.463733333333334E+009,-9.640542417764664E-002,4.658459685742855E-003,3.701712787151337E-001,-9.110209345817566E-001,-9.640542417764664E-002,4.658459685742855E-003,3.701712787151337E-001,-9.110209345817566E-001,
2.472100000000000E+009,-6.514798849821091E-002,-1.274060271680355E-002,3.416912853717804E-001,-9.236618280410767E-001,-6.514798849821091E-002,-1.274060271680355E-002,3.416912853717804E-001,-9.236618280410767E-001,
2.480466666666667E+009,-5.059920251369476E-002,-4.265169799327850E-002,3.086148798465729E-001,-9.290512204170227E-001,-5.059920251369476E-002,-4.265169799327850E-002,3.086148798465729E-001,-9.290512204170227E-001,
2.488833333333334E+009,-5.617136880755425E-002,-7.717322558164597E-002,2.811973690986633E-001,-9.306872487068176E-001,-5.617136880755425E-002,-7.717322558164597E-002,2.811973690986633E-001,-9.306872487068176E-001,
2.497200000000000E+009,-8.141736686229706E-002,-9.913246333599091E-002,2.554484009742737E-001,-9.446196556091309E-001,-8.141736686229706E-002,-9.913246333599091E-002,2.554484009742737E-001,-9.446196556091309E-001,
2.505566666666667E+009,-1.167602539062500E-001,-1.058879494667053E-001,2.337628751993179E-001,-9.509147405624390E-001,-1.167602539062500E-001,-1.058879494667053E-001,2.337628751993179E-001,-9.509147405624390E-001,
2.513933333333334E+009,-1.490484923124313E-001,-9.205447137355804E-002,2.111364006996155E-001,-9.526603817939758E-001,-1.490484923124313E-001,-9.205447137355804E-002,2.111364006996155E-001,-9.526603817939758E-001,
2.522300000000000E+009,-1.688132435083389E-001,-6.009310483932495E-002,1.881480067968369E-001,-9.495895504951477E-001,-1.688132435083389E-001,-6.009310483932495E-002,1.881480067968369E-001,-9.495895504951477E-001,
2.530666666666667E+009,-1.712851524353027E-001,-2.292536199092865E-002,1.663275212049484E-001,-9.617201685905457E-001,-1.712851524353027E-001,-2.292536199092865E-002,1.663275212049484E-001,-9.617201685905457E-001,
2.539033333333334E+009,-1.585113853216171E-001,9.996119886636734E-003,1.441984027624130E-001,-9.665321707725525E-001,-1.585113853216171E-001,9.996119886636734E-003,1.441984027624130E-001,-9.665321707725525E-001,
2.547400000000000E+009,-1.277605295181274E-001,2.806816250085831E-002,1.333774030208588E-001,-9.679747819900513E-001,-1.277605295181274E-001,2.806816250085831E-002,1.333774030208588E-001,-9.679747819900513E-001,
2.555766666666667E+009,-9.692689031362534E-002,2.733027562499046E-002,8.946580439805985E-002,-9.857236742973328E-001,-9.692689031362534E-002,2.733027562499046E-002,8.946580439805985E-002,-9.857236742973328E-001,
2.564133333333334E+009,-7.218579202890396E-002,6.708462256938219E-003,7.090558856725693E-002,-9.820926189422607E-001,-7.218579202890396E-002,6.708462256938219E-003,7.090558856725693E-002,-9.820926189422607E-001,
2.572500000000000E+009,-6.524402648210526E-002,-2.462369762361050E-002,4.234400019049645E-002,-9.848279356956482E-001,-6.524402648210526E-002,-2.462369762361050E-002,4.234400019049645E-002,-9.848279356956482E-001,
2.580866666666667E+009,-7.640375941991806E-002,-5.488643050193787E-002,1.344117429107428E-002,-9.868353605270386E-001,-7.640375941991806E-002,-5.488643050193787E-002,1.344117429107428E-002,-9.868353605270386E-001,
2.589233333333334E+009,-1.048255413770676E-001,-7.637991011142731E-002,-1.444785296916962E-002,-9.853346347808838E-001,-1.048255413770676E-001,-7.637991011142731E-002,-1.444785296916962E-002,-9.853346347808838E-001,
2.597600000000000E+009,-1.414039433002472E-001,-7.673521339893341E-002,-3.424081578850746E-002,-9.741870760917664E-001,-1.414039433002472E-001,-7.673521339893341E-002,-3.424081578850746E-002,-9.741870760917664E-001,
2.605966666666667E+009,-1.732356548309326E-001,-5.922714248299599E-002,-5.840880051255226E-002,-9.729558825492859E-001,-1.732356548309326E-001,-5.922714248299599E-002,-5.840880051255226E-002,-9.729558825492859E-001,
2.614333333333334E+009,-1.926608830690384E-001,-2.538984455168247E-002,-8.066581934690476E-002,-9.705405831336975E-001,-1.926608830690384E-001,-2.538984455168247E-002,-8.066581934690476E-002,-9.705405831336975E-001,
2.622700000000000E+009,-1.924322247505188E-001,1.283559110015631E-002,-9.783106297254562E-002,-9.674577713012695E-001,-1.924322247505188E-001,1.283559110015631E-002,-9.783106297254562E-002,-9.674577713012695E-001,
2.631066666666667E+009,-1.756907850503922E-001,4.897700250148773E-002,-1.208431571722031E-001,-9.703062772750855E-001,-1.756907850503922E-001,4.897700250148773E-002,-1.208431571722031E-001,-9.703062772750855E-001,
2.639433333333334E+009,-1.432817578315735E-001,6.766220927238464E-002,-1.491467654705048E-001,-9.745110869407654E-001,-1.432817578315735E-001,6.766220927238464E-002,-1.491467654705048E-001,-9.745110869407654E-001,
2.647800000000000E+009,-1.089075580239296E-001,6.822138279676437E-002,-1.687545180320740E-001,-9.673359394073486E-001,-1.089075580239296E-001,6.822138279676437E-002,-1.687545180320740E-001,-9.673359394073486E-001,
2.656166666666667E+009,-8.398909121751785E-002,5.010702088475227E-002,-1.972948610782623E-001,-9.696486592292786E-001,-8.398909121751785E-002,5.010702088475227E-002,-1.972948610782623E-001,-9.696486592292786E-001,
2.664533333333334E+009,-7.407002896070480E-002,2.208177931606770E-002,-2.300964742898941E-001,-9.616276621818543E-001,-7.407002896070480E-002,2.208177931606770E-002,-2.300964742898941E-001,-9.616276621818543E-001,
2.672900000000000E+009,-8.441358804702759E-002,-7.139581255614758E-003,-2.499911040067673E-001,-9.481274485588074E-001,-8.441358804702759E-002,-7.139581255614758E-003,-2.499911040067673E-001,-9.481274485588074E-001,
2.681266666666667E+009,-1.126518249511719E-001,-2.606653235852718E-002,-2.775112688541412E-001,-9.425923228263855E-001,-1.126518249511719E-001,-2.606653235852718E-002,-2.775112688541412E-001,-9.425923228263855E-001,
2.689633333333334E+009,-1.451203525066376E-001,-2.555498294532299E-002,-3.057027161121368E-001,-9.324864149093628E-001,-1.451203525066376E-001,-2.555498294532299E-002,-3.057027161121368E-001,-9.324864149093628E-001,
2.698000000000000E+009,-1.737885773181915E-001,-6.983718834817410E-003,-3.289180994033814E-001,-9.194176793098450E-001,-1.737885773181915E-001,-6.983718834817410E-003,-3.289180994033814E-001,-9.194176793098450E-001,
2.706366666666667E+009,-1.889169514179230E-001,2.556399814784527E-002,-3.468582928180695E-001,-9.160643815994263E-001,-1.889169514179230E-001,2.556399814784527E-002,-3.468582928180695E-001,-9.160643815994263E-001,
2.714733333333334E+009,-1.865240484476090E-001,6.280601024627686E-002,-3.597477972507477E-001,-9.044892787933350E-001,-1.865240484476090E-001,6.280601024627686E-002,-3.597477972507477E-001,-9.044892787933350E-001,
2.723100000000000E+009,-1.653072685003281E-001,9.551027417182922E-002,-3.838264346122742E-001,-8.928769826889038E-001,-1.653072685003281E-001,9.551027417182922E-002,-3.838264346122742E-001,-8.928769826889038E-001,
2.731466666666667E+009,-1.324567943811417E-001,1.126791834831238E-001,-4.026120901107788E-001,-8.882049322128296E-001,-1.324567943811417E-001,1.126791834831238E-001,-4.026120901107788E-001,-8.882049322128296E-001,
2.739833333333334E+009,-9.603768587112427E-002,1.133512780070305E-001,-4.263556003570557E-001,-8.749441504478455E-001,-9.603768587112427E-002,1.133512780070305E-001,-4.263556003570557E-001,-8.749441504478455E-001,
2.748200000000000E+009,-6.738030165433884E-002,9.594863653182983E-002,-4.564767181873322E-001,-8.717380166053772E-001,-6.738030165433884E-002,9.594863653182983E-002,-4.564767181873322E-001,-8.717380166053772E-001,
2.756566666666667E+009,-5.573629960417748E-002,6.463515013456345E-002,-4.812601208686829E-001,-8.626976013183594E-001,-5.573629960417748E-002,6.463515013456345E-002,-4.812601208686829E-001,-8.626976013183594E-001,
2.764933333333334E+009,-6.355480104684830E-002,3.469635546207428E-002,-5.089923143386841E-001,-8.517009615898132E-001,-6.355480104684830E-002,3.469635546207428E-002,-5.089923143386841E-001,-8.517009615898132E-001,
2.773300000000000E+009,-8.891426771879196E-002,1.328226085752249E-002,-5.314965248107910E-001,-8.274332880973816E-001,-8.891426771879196E-002,1.328226085752249E-002,-5.314965248107910E-001,-8.274332880973816E-001,
2.781666666666667E+009,-1.219695955514908E-001,1.002631802111864E-002,-5.491747260093689E-001,-8.135035037994385E-001,-1.219695955514908E-001,1.002631802111864E-002,-5.491747260093689E-001,-8.135035037994385E-001,
2.790033333333334E+009,-1.509421169757843E-001,2.727326937019825E-002,-5.694564580917358E-001,-7.960826158523560E-001,-1.509421169757843E-001,2.727326937019825E-002,-5.694564580917358E-001,-7.960826158523560E-001,
2.798400000000000E+009,-1.678585708141327E-001,5.625639110803604E-002,-5.820192098617554E-001,-7.836451530456543E-001,-1.678585708141327E-001,5.625639110803604E-002,-5.820192098617554E-001,-7.836451530456543E-001,
2.806766666666667E+009,-1.650158613920212E-001,9.257000684738159E-002,-6.005777120590210E-001,-7.739765048027039E-001,-1.650158613920212E-001,9.257000684738159E-002,-6.005777120590210E-001,-7.739765048027039E-001,
2.815133333333334E+009,-1.448379606008530E-001,1.234326288104057E-001,-6.161813139915466E-001,-7.556185126304627E-001,-1.448379606008530E-001,1.234326288104057E-001,-6.161813139915466E-001,-7.556185126304627E-001,
2.823500000000000E+009,-1.125373169779778E-001,1.402639597654343E-001,-6.337831020355225E-001,-7.430486679077148E-001,-1.125373169779778E-001,1.402639597654343E-001,-6.337831020355225E-001,-7.430486679077148E-001,
2.831866666666667E+009,-7.579784840345383E-002,1.407854259014130E-001,-6.481280922889710E-001,-7.249564528465271E-001,-7.579784840345383E-002,1.407854259014130E-001,-6.481280922889710E-001,-7.249564528465271E-001,
2.840233333333334E+009,-4.617561772465706E-002,1.212684810161591E-001,-6.740081310272217E-001,-7.179383039474487E-001,-4.617561772465706E-002,1.212684810161591E-001,-6.740081310272217E-001,-7.179383039474487E-001,
2.848600000000000E+009,-3.219072148203850E-002,9.123399853706360E-002,-6.922048926353455E-001,-6.891886591911316E-001,-3.219072148203850E-002,9.123399853706360E-002,-6.922048926353455E-001,-6.891886591911316E-001,
2.856966666666667E+009,-4.117255657911301E-002,6.081590801477432E-002,-7.187624573707581E-001,-6.756973862648010E-001,-4.117255657911301E-002,6.081590801477432E-002,-7.187624573707581E-001,-6.756973862648010E-001,
2.865333333333334E+009,-6.536496430635452E-002,3.822364285588265E-002,-7.332471013069153E-001,-6.567720174789429E-001,-6.536496430635452E-002,3.822364285588265E-002,-7.332471013069153E-001,-6.567720174789429E-001,
2.873700000000000E+009,-9.905063360929489E-002,3.470502793788910E-002,-7.461348176002502E-001,-6.299627423286438E-001,-9.905063360929489E-002,3.470502793788910E-002,-7.461348176002502E-001,-6.299627423286438E-001,
2.882066666666667E+009,-1.309958249330521E-001,5.168565735220909E-002,-7.679241895675659E-001,-6.098038554191589E-001,-1.309958249330521E-001,5.168565735220909E-002,-7.679241895675659E-001,-6.098038554191589E-001,
2.890433333333334E+009,-1.493864953517914E-001,8.280947804450989E-002,-7.771078348159790E-001,-5.882654786109924E-001,-1.493864953517914E-001,8.280947804450989E-002,-7.771078348159790E-001,-5.882654786109924E-001,
2.898800000000000E+009,-1.475197672843933E-001,1.204233765602112E-001,-7.870381474494934E-001,-5.689757466316223E-001,-1.475197672843933E-001,1.204233765602112E-001,-7.870381474494934E-001,-5.689757466316223E-001,
2.907166666666667E+009,-1.259596347808838E-001,1.538447141647339E-001,-8.059760332107544E-001,-5.526303648948669E-001,-1.259596347808838E-001,1.538447141647339E-001,-8.059760332107544E-001,-5.526303648948669E-001,
2.915533333333334E+009,-9.113547205924988E-002,1.723539978265762E-001,-8.163604736328125E-001,-5.413464307785034E-001,-9.113547205924988E-002,1.723539978265762E-001,-8.163604736328125E-001,-5.413464307785034E-001,
2.923900000000000E+009,-4.981141164898872E-002,1.695486456155777E-001,-8.235936760902405E-001,-5.243241786956787E-001,-4.981141164898872E-002,1.695486456155777E-001,-8.235936760902405E-001,-5.243241786956787E-001,
2.932266666666667E+009,-1.659244298934937E-002,1.501283943653107E-001,-8.430588841438294E-001,-4.997511506080627E-001,-1.659244298934937E-002,1.501283943653107E-001,-8.430588841438294E-001,-4.997511506080627E-001,
2.940633333333334E+009,-5.014863563701510E-004,1.169893145561218E-001,-8.552912473678589E-001,-4.748590886592865E-001,-5.014863563701510E-004,1.169893145561218E-001,-8.552912473678589E-001,-4.748590886592865E-001,
2.949000000000000E+009,-5.078688729554415E-003,8.242380619049072E-002,-8.737042546272278E-001,-4.570317566394806E-001,-5.078688729554415E-003,8.242380619049072E-002,-8.737042546272278E-001,-4.570317566394806E-001,
2.957366666666667E+009,-2.973801642656326E-002,5.650981143116951E-002,-8.847464919090271E-001,-4.339954257011414E-001,-2.973801642656326E-002,5.650981143116951E-002,-8.847464919090271E-001,-4.339954257011414E-001,
2.965733333333334E+009,-6.518624722957611E-002,5.058606714010239E-002,-9.001190066337585E-001,-4.023589789867401E-001,-6.518624722957611E-002,5.058606714010239E-002,-9.001190066337585E-001,-4.023589789867401E-001,
2.974100000000000E+009,-1.010650992393494E-001,6.722481548786163E-002,-9.043580889701843E-001,-3.769958913326263E-001,-1.010650992393494E-001,6.722481548786163E-002,-9.043580889701843E-001,-3.769958913326263E-001,
2.982466666666667E+009,-1.199989840388298E-001,9.998648613691330E-002,-9.081400036811829E-001,-3.517051637172699E-001,-1.199989840388298E-001,9.998648613691330E-002,-9.081400036811829E-001,-3.517051637172699E-001,
2.990833333333334E+009,-1.187082305550575E-001,1.402886509895325E-001,-9.130092859268189E-001,-3.263775706291199E-001,-1.187082305550575E-001,1.402886509895325E-001,-9.130092859268189E-001,-3.263775706291199E-001,
2.999200000000000E+009,-9.665547311306000E-002,1.746373176574707E-001,-9.211508631706238E-001,-3.076093196868897E-001,-9.665547311306000E-002,1.746373176574707E-001,-9.211508631706238E-001,-3.076093196868897E-001,
3.007566666666667E+009,-5.945044383406639E-002,1.926086694002152E-001,-9.283182621002197E-001,-2.906793355941773E-001,-5.945044383406639E-002,1.926086694002152E-001,-9.283182621002197E-001,-2.906793355941773E-001,
3.015933333333334E+009,-1.647892408072949E-002,1.898835003376007E-001,-9.401255846023560E-001,-2.663101255893707E-001,-1.647892408072949E-002,1.898835003376007E-001,-9.401255846023560E-001,-2.663101255893707E-001,
3.024300000000000E+009,2.158349752426148E-002,1.664155274629593E-001,-9.444151520729065E-001,-2.491004914045334E-001,2.158349752426148E-002,1.664155274629593E-001,-9.444151520729065E-001,-2.491004914045334E-001,
3.032666666666667E+009,3.779657557606697E-002,1.274692118167877E-001,-9.528753161430359E-001,-2.260179072618485E-001,3.779657557606697E-002,1.274692118167877E-001,-9.528753161430359E-001,-2.260179072618485E-001,
3.041033333333334E+009,3.279943764209747E-002,8.647599816322327E-002,-9.658129215240479E-001,-2.024876326322556E-001,3.279943764209747E-002,8.647599816322327E-002,-9.658129215240479E-001,-2.024876326322556E-001,
3.049400000000000E+009,4.742552526295185E-003,5.844919383525848E-002,-9.766557812690735E-001,-1.770847737789154E-001,4.742552526295185E-003,5.844919383525848E-002,-9.766557812690735E-001,-1.770847737789154E-001,
3.057766666666667E+009,-3.473568707704544E-002,5.154981836676598E-002,-9.803066849708557E-001,-1.425754874944687E-001,-3.473568707704544E-002,5.154981836676598E-002,-9.803066849708557E-001,-1.425754874944687E-001,
3.066133333333334E+009,-7.305649667978287E-002,7.121779769659042E-002,-9.755490422248840E-001,-1.150479316711426E-001,-7.305649667978287E-002,7.121779769659042E-002,-9.755490422248840E-001,-1.150479316711426E-001,
3.074500000000000E+009,-9.588333219289780E-002,1.087588369846344E-001,-9.754000902175903E-001,-8.409637212753296E-002,-9.588333219289780E-002,1.087588369846344E-001,-9.754000902175903E-001,-8.409637212753296E-002,
3.082866666666667E+009,-9.359910339117050E-002,1.550761163234711E-001,-9.666578769683838E-001,-6.645379215478897E-002,-9.359910339117050E-002,1.550761163234711E-001,-9.666578769683838E-001,-6.645379215478897E-002,
3.091233333333334E+009,-6.656787544488907E-002,1.928929686546326E-001,-9.705832004547119E-001,-4.465103894472122E-002,-6.656787544488907E-002,1.928929686546326E-001,-9.705832004547119E-001,-4.465103894472122E-002,
3.099600000000000E+009,-2.156383916735649E-002,2.130711972713471E-001,-9.672898054122925E-001,-2.383672073483467E-002,-2.156383916735649E-002,2.130711972713471E-001,-9.672898054122925E-001,-2.383672073483467E-002,
3.107966666666667E+009,2.816482074558735E-002,2.072245329618454E-001,-9.674783945083618E-001,-5.872187204658985E-003,2.816482074558735E-002,2.072245329618454E-001,-9.674783945083618E-001,-5.872187204658985E-003,
3.116333333333334E+009,7.015152275562286E-002,1.769568473100662E-001,-9.740257859230042E-001,1.557468902319670E-002,7.015152275562286E-002,1.769568473100662E-001,-9.740257859230042E-001,1.557468902319670E-002,
3.124700000000000E+009,9.287483245134354E-002,1.314429789781570E-001,-9.738174676895142E-001,3.591234236955643E-002,9.287483245134354E-002,1.314429789781570E-001,-9.738174676895142E-001,3.591234236955643E-002,
3.133066666666667E+009,8.633328229188919E-002,7.890182733535767E-002,-9.925031065940857E-001,6.837853044271469E-002,8.633328229188919E-002,7.890182733535767E-002,-9.925031065940857E-001,6.837853044271469E-002,
3.141433333333334E+009,5.397469922900200E-002,4.070964828133583E-002,-9.857323169708252E-001,9.907434880733490E-002,5.397469922900200E-002,4.070964828133583E-002,-9.857323169708252E-001,9.907434880733490E-002,
3.149800000000000E+009,5.527781788259745E-003,2.868465520441532E-002,-9.848586320877075E-001,1.323845982551575E-001,5.527781788259745E-003,2.868465520441532E-002,-9.848586320877075E-001,1.323845982551575E-001,
3.158166666666667E+009,-4.257635027170181E-002,4.546302184462547E-002,-9.802162051200867E-001,1.574893444776535E-001,-4.257635027170181E-002,4.546302184462547E-002,-9.802162051200867E-001,1.574893444776535E-001,
3.166533333333334E+009,-7.250376045703888E-002,8.643767982721329E-002,-9.641892313957214E-001,1.837443262338638E-001,-7.250376045703888E-002,8.643767982721329E-002,-9.641892313957214E-001,1.837443262338638E-001,
3.174900000000000E+009,-7.481199502944946E-002,1.379477381706238E-001,-9.552852511405945E-001,2.071983665227890E-001,-7.481199502944946E-002,1.379477381706238E-001,-9.552852511405945E-001,2.071983665227890E-001,
3.183266666666667E+009,-5.023571848869324E-002,1.823970079421997E-001,-9.463099837303162E-001,2.312601953744888E-001,-5.023571848869324E-002,1.823970079421997E-001,-9.463099837303162E-001,2.312601953744888E-001,
3.191633333333334E+009,-2.183726290240884E-003,2.084162533283234E-001,-9.381180405616760E-001,2.408188879489899E-001,-2.183726290240884E-003,2.084162533283234E-001,-9.381180405616760E-001,2.408188879489899E-001,
3.200000000000000E+009,5.109244957566261E-002,2.027428001165390E-001,-9.257456660270691E-001,2.664210796356201E-001,5.109244957566261E-002,2.027428001165390E-001,-9.257456660270691E-001,2.664210796356201E-001,
