% Version 1.00
%
%freq[Hz],re:Trc1_S11,im:Trc1_S11,re:Trc2_S21,im:Trc2_S21,re:Trc3_S11,im:Trc3_S11,re:Trc4_S21,im:Trc4_S21,
6.900000000000000E+008,-4.096107929944992E-002,3.041667118668556E-002,-4.939345121383667E-001,-8.596788644790649E-001,-4.096107929944992E-002,3.041667118668556E-002,-4.939345121383667E-001,-8.596788644790649E-001,
6.983666666666666E+008,-2.887740358710289E-002,2.942331321537495E-002,-5.141605734825134E-001,-8.456892967224121E-001,-2.887740358710289E-002,2.942331321537495E-002,-5.141605734825134E-001,-8.456892967224121E-001,
7.067333333333334E+008,-2.402516081929207E-002,2.434542588889599E-002,-5.544674992561340E-001,-8.018599152565002E-001,-2.402516081929207E-002,2.434542588889599E-002,-5.544674992561340E-001,-8.018599152565002E-001,
7.151000000000000E+008,-2.343397215008736E-002,1.720455288887024E-002,-5.492501854896545E-001,-8.138991594314575E-001,-2.343397215008736E-002,1.720455288887024E-002,-5.492501854896545E-001,-8.138991594314575E-001,
7.234666666666666E+008,-2.537146210670471E-002,1.085895579308271E-002,-5.813755989074707E-001,-8.082349896430969E-001,-2.537146210670471E-002,1.085895579308271E-002,-5.813755989074707E-001,-8.082349896430969E-001,
7.318333333333334E+008,-3.259500861167908E-002,9.112312458455563E-003,-5.961359143257141E-001,-7.909042239189148E-001,-3.259500861167908E-002,9.112312458455563E-003,-5.961359143257141E-001,-7.909042239189148E-001,
7.402000000000000E+008,-3.826241940259934E-002,1.123921852558851E-002,-6.071791052818298E-001,-7.846243977546692E-001,-3.826241940259934E-002,1.123921852558851E-002,-6.071791052818298E-001,-7.846243977546692E-001,
7.485666666666666E+008,-4.653800278902054E-002,1.705338433384895E-002,-6.373900175094605E-001,-7.585653066635132E-001,-4.653800278902054E-002,1.705338433384895E-002,-6.373900175094605E-001,-7.585653066635132E-001,
7.569333333333334E+008,-4.702603444457054E-002,2.627890929579735E-002,-6.514304876327515E-001,-7.537768483161926E-001,-4.702603444457054E-002,2.627890929579735E-002,-6.514304876327515E-001,-7.537768483161926E-001,
7.653000000000000E+008,-4.387750104069710E-002,3.430672734975815E-002,-6.689427495002747E-001,-7.259248495101929E-001,-4.387750104069710E-002,3.430672734975815E-002,-6.689427495002747E-001,-7.259248495101929E-001,
7.736666666666666E+008,-3.790419921278954E-002,4.189811646938324E-002,-6.943082809448242E-001,-7.119198441505432E-001,-3.790419921278954E-002,4.189811646938324E-002,-6.943082809448242E-001,-7.119198441505432E-001,
7.820333333333334E+008,-3.013290464878082E-002,4.417528584599495E-002,-7.485036253929138E-001,-7.003526687622070E-001,-3.013290464878082E-002,4.417528584599495E-002,-7.485036253929138E-001,-7.003526687622070E-001,
7.904000000000000E+008,-2.273010648787022E-002,4.308004677295685E-002,-7.358963489532471E-001,-6.837109923362732E-001,-2.273010648787022E-002,4.308004677295685E-002,-7.358963489532471E-001,-6.837109923362732E-001,
7.987666666666666E+008,-1.737621612846851E-002,3.704285621643066E-002,-7.446450591087341E-001,-6.527801752090454E-001,-1.737621612846851E-002,3.704285621643066E-002,-7.446450591087341E-001,-6.527801752090454E-001,
8.071333333333334E+008,-1.466226018965244E-002,3.058113530278206E-002,-7.618452906608582E-001,-6.295048594474793E-001,-1.466226018965244E-002,3.058113530278206E-002,-7.618452906608582E-001,-6.295048594474793E-001,
8.155000000000000E+008,-1.790764927864075E-002,2.671066671609879E-002,-7.883846759796143E-001,-6.108697056770325E-001,-1.790764927864075E-002,2.671066671609879E-002,-7.883846759796143E-001,-6.108697056770325E-001,
8.238666666666666E+008,-2.341564558446407E-002,2.265199273824692E-002,-7.997741699218750E-001,-5.878179669380188E-001,-2.341564558446407E-002,2.265199273824692E-002,-7.997741699218750E-001,-5.878179669380188E-001,
8.322333333333334E+008,-3.008228167891502E-002,2.360418625175953E-002,-8.063690662384033E-001,-5.688670873641968E-001,-3.008228167891502E-002,2.360418625175953E-002,-8.063690662384033E-001,-5.688670873641968E-001,
8.406000000000000E+008,-3.491792082786560E-002,2.823422290384769E-002,-8.154899477958679E-001,-5.482547283172607E-001,-3.491792082786560E-002,2.823422290384769E-002,-8.154899477958679E-001,-5.482547283172607E-001,
8.489666666666668E+008,-3.756868466734886E-002,3.686633333563805E-002,-8.374052643775940E-001,-5.137388706207275E-001,-3.756868466734886E-002,3.686633333563805E-002,-8.374052643775940E-001,-5.137388706207275E-001,
8.573333333333334E+008,-3.572213649749756E-002,4.454298317432404E-002,-8.406608700752258E-001,-5.196143388748169E-001,-3.572213649749756E-002,4.454298317432404E-002,-8.406608700752258E-001,-5.196143388748169E-001,
8.657000000000000E+008,-3.086278401315212E-002,5.197294801473618E-002,-8.612998127937317E-001,-4.817727208137512E-001,-3.086278401315212E-002,5.197294801473618E-002,-8.612998127937317E-001,-4.817727208137512E-001,
8.740666666666668E+008,-2.113276720046997E-002,5.759242922067642E-002,-8.706114292144775E-001,-4.718582034111023E-001,-2.113276720046997E-002,5.759242922067642E-002,-8.706114292144775E-001,-4.718582034111023E-001,
8.824333333333334E+008,-1.415711268782616E-002,5.673130974173546E-002,-8.811277151107788E-001,-4.555493593215942E-001,-1.415711268782616E-002,5.673130974173546E-002,-8.811277151107788E-001,-4.555493593215942E-001,
8.908000000000000E+008,-5.953859072178602E-003,5.227101221680641E-002,-8.875477313995361E-001,-4.125438034534454E-001,-5.953859072178602E-003,5.227101221680641E-002,-8.875477313995361E-001,-4.125438034534454E-001,
8.991666666666668E+008,-3.292477689683437E-003,4.699982330203056E-002,-9.038388133049011E-001,-3.913680016994476E-001,-3.292477689683437E-003,4.699982330203056E-002,-9.038388133049011E-001,-3.913680016994476E-001,
9.075333333333334E+008,-1.748427981510758E-003,4.084672406315804E-002,-9.125425219535828E-001,-3.694140911102295E-001,-1.748427981510758E-003,4.084672406315804E-002,-9.125425219535828E-001,-3.694140911102295E-001,
9.159000000000000E+008,-5.573919508606195E-003,3.713154047727585E-002,-9.171653389930725E-001,-3.526660501956940E-001,-5.573919508606195E-003,3.713154047727585E-002,-9.171653389930725E-001,-3.526660501956940E-001,
9.242666666666668E+008,-1.007364131510258E-002,3.348254784941673E-002,-9.249326586723328E-001,-3.312406539916992E-001,-1.007364131510258E-002,3.348254784941673E-002,-9.249326586723328E-001,-3.312406539916992E-001,
9.326333333333334E+008,-1.555087603628635E-002,3.569639101624489E-002,-9.266033172607422E-001,-2.997482120990753E-001,-1.555087603628635E-002,3.569639101624489E-002,-9.266033172607422E-001,-2.997482120990753E-001,
9.410000000000000E+008,-2.175521850585938E-002,4.181707277894020E-002,-9.427810907363892E-001,-2.880426645278931E-001,-2.175521850585938E-002,4.181707277894020E-002,-9.427810907363892E-001,-2.880426645278931E-001,
9.493666666666668E+008,-2.143182978034020E-002,5.000736936926842E-002,-9.653645753860474E-001,-2.517481148242950E-001,-2.143182978034020E-002,5.000736936926842E-002,-9.653645753860474E-001,-2.517481148242950E-001,
9.577333333333334E+008,-1.869887858629227E-002,5.779845640063286E-002,-9.452486038208008E-001,-2.225435078144074E-001,-1.869887858629227E-002,5.779845640063286E-002,-9.452486038208008E-001,-2.225435078144074E-001,
9.661000000000000E+008,-1.103817857801914E-002,6.407244503498077E-002,-9.545703530311585E-001,-2.091680467128754E-001,-1.103817857801914E-002,6.407244503498077E-002,-9.545703530311585E-001,-2.091680467128754E-001,
9.744666666666668E+008,-1.397352432832122E-003,6.936789304018021E-002,-9.668607115745544E-001,-1.861478537321091E-001,-1.397352432832122E-003,6.936789304018021E-002,-9.668607115745544E-001,-1.861478537321091E-001,
9.828333333333334E+008,1.067041885107756E-002,6.613411754369736E-002,-9.728004336357117E-001,-1.669974476099014E-001,1.067041885107756E-002,6.613411754369736E-002,-9.728004336357117E-001,-1.669974476099014E-001,
9.912000000000000E+008,1.792011409997940E-002,6.083697825670242E-002,-9.809553027153015E-001,-1.277332901954651E-001,1.792011409997940E-002,6.083697825670242E-002,-9.809553027153015E-001,-1.277332901954651E-001,
9.995666666666668E+008,2.092875726521015E-002,5.208633467555046E-002,-9.920071959495544E-001,-1.186786592006683E-001,2.092875726521015E-002,5.208633467555046E-002,-9.920071959495544E-001,-1.186786592006683E-001,
1.007933333333333E+009,2.198935672640801E-002,4.021122679114342E-002,-9.702222943305969E-001,-8.908271789550781E-002,2.198935672640801E-002,4.021122679114342E-002,-9.702222943305969E-001,-8.908271789550781E-002,
1.016300000000000E+009,1.756920292973518E-002,3.750291094183922E-002,-9.912931323051453E-001,-6.494250148534775E-002,1.756920292973518E-002,3.750291094183922E-002,-9.912931323051453E-001,-6.494250148534775E-002,
1.024666666666667E+009,1.365888211876154E-002,3.308975324034691E-002,-9.849751591682434E-001,-3.646704554557800E-002,1.365888211876154E-002,3.308975324034691E-002,-9.849751591682434E-001,-3.646704554557800E-002,
1.033033333333333E+009,4.798920359462500E-003,3.541080281138420E-002,-9.828002452850342E-001,-1.245007570832968E-002,4.798920359462500E-003,3.541080281138420E-002,-9.828002452850342E-001,-1.245007570832968E-002,
1.041400000000000E+009,-1.306218560785055E-003,4.271488636732101E-002,-9.808409810066223E-001,9.004231542348862E-003,-1.306218560785055E-003,4.271488636732101E-002,-9.808409810066223E-001,9.004231542348862E-003,
1.049766666666667E+009,-1.344160991720855E-004,5.227234959602356E-002,-9.944109916687012E-001,4.444982111454010E-002,-1.344160991720855E-004,5.227234959602356E-002,-9.944109916687012E-001,4.444982111454010E-002,
1.058133333333333E+009,3.824532730504870E-003,6.025480479001999E-002,-9.724310636520386E-001,6.416869163513184E-002,3.824532730504870E-003,6.025480479001999E-002,-9.724310636520386E-001,6.416869163513184E-002,
1.066500000000000E+009,1.434750482439995E-002,6.466551870107651E-002,-9.754298329353333E-001,9.050572663545609E-002,1.434750482439995E-002,6.466551870107651E-002,-9.754298329353333E-001,9.050572663545609E-002,
1.074866666666667E+009,2.795142680406570E-002,6.393786519765854E-002,-9.761349558830261E-001,1.188393682241440E-001,2.795142680406570E-002,6.393786519765854E-002,-9.761349558830261E-001,1.188393682241440E-001,
1.083233333333334E+009,3.781768307089806E-002,5.666182190179825E-002,-9.787812232971191E-001,1.440053433179855E-001,3.781768307089806E-002,5.666182190179825E-002,-9.787812232971191E-001,1.440053433179855E-001,
1.091600000000000E+009,4.352261871099472E-002,4.482088610529900E-002,-9.667239785194397E-001,1.599075198173523E-001,4.352261871099472E-002,4.482088610529900E-002,-9.667239785194397E-001,1.599075198173523E-001,
1.099966666666667E+009,4.193975403904915E-002,3.232930973172188E-002,-9.666708707809448E-001,1.964520663022995E-001,4.193975403904915E-002,3.232930973172188E-002,-9.666708707809448E-001,1.964520663022995E-001,
1.108333333333334E+009,3.450696170330048E-002,2.272093854844570E-002,-9.638168811798096E-001,2.265409678220749E-001,3.450696170330048E-002,2.272093854844570E-002,-9.638168811798096E-001,2.265409678220749E-001,
1.116700000000000E+009,2.506685629487038E-002,1.770713925361633E-002,-9.488849043846130E-001,2.406187206506729E-001,2.506685629487038E-002,1.770713925361633E-002,-9.488849043846130E-001,2.406187206506729E-001,
1.125066666666667E+009,1.077082287520170E-002,2.228080108761787E-002,-9.607437849044800E-001,2.609589993953705E-001,1.077082287520170E-002,2.228080108761787E-002,-9.607437849044800E-001,2.609589993953705E-001,
1.133433333333334E+009,4.181595519185066E-003,3.254043683409691E-002,-9.546502828598023E-001,2.877458631992340E-001,4.181595519185066E-003,3.254043683409691E-002,-9.546502828598023E-001,2.877458631992340E-001,
1.141800000000000E+009,3.034976078197360E-003,4.697681218385696E-002,-9.209999442100525E-001,3.108002841472626E-001,3.034976078197360E-003,4.697681218385696E-002,-9.209999442100525E-001,3.108002841472626E-001,
1.150166666666667E+009,1.051283441483975E-002,6.028063967823982E-002,-9.295414090156555E-001,3.316073715686798E-001,1.051283441483975E-002,6.028063967823982E-002,-9.295414090156555E-001,3.316073715686798E-001,
1.158533333333334E+009,2.548891305923462E-002,6.891721487045288E-002,-9.177544713020325E-001,3.540340363979340E-001,2.548891305923462E-002,6.891721487045288E-002,-9.177544713020325E-001,3.540340363979340E-001,
1.166900000000000E+009,4.414342716336250E-002,6.908549368381500E-002,-9.149261713027954E-001,3.680802285671234E-001,4.414342716336250E-002,6.908549368381500E-002,-9.149261713027954E-001,3.680802285671234E-001,
1.175266666666667E+009,6.018667668104172E-002,6.084335595369339E-002,-8.918761610984802E-001,3.803979456424713E-001,6.018667668104172E-002,6.084335595369339E-002,-8.918761610984802E-001,3.803979456424713E-001,
1.183633333333334E+009,7.168001681566238E-002,4.477659612894058E-002,-8.744696974754334E-001,4.231602251529694E-001,7.168001681566238E-002,4.477659612894058E-002,-8.744696974754334E-001,4.231602251529694E-001,
1.192000000000000E+009,7.264824211597443E-002,2.640543319284916E-002,-8.795830607414246E-001,4.423965811729431E-001,7.264824211597443E-002,2.640543319284916E-002,-8.795830607414246E-001,4.423965811729431E-001,
1.200366666666667E+009,6.432845443487167E-002,7.205421570688486E-003,-8.683434128761292E-001,4.687102138996124E-001,6.432845443487167E-002,7.205421570688486E-003,-8.683434128761292E-001,4.687102138996124E-001,
1.208733333333334E+009,4.898491129279137E-002,-1.122381538152695E-003,-8.609564304351807E-001,4.827215671539307E-001,4.898491129279137E-002,-1.122381538152695E-003,-8.609564304351807E-001,4.827215671539307E-001,
1.217100000000000E+009,3.177293390035629E-002,2.380187506787479E-004,-8.381394147872925E-001,5.052920579910278E-001,3.177293390035629E-002,2.380187506787479E-004,-8.381394147872925E-001,5.052920579910278E-001,
1.225466666666667E+009,1.871686801314354E-002,9.918166324496269E-003,-8.346107602119446E-001,5.331064462661743E-001,1.871686801314354E-002,9.918166324496269E-003,-8.346107602119446E-001,5.331064462661743E-001,
1.233833333333334E+009,1.463729795068502E-002,2.453720569610596E-002,-8.104620575904846E-001,5.610622763633728E-001,1.463729795068502E-002,2.453720569610596E-002,-8.104620575904846E-001,5.610622763633728E-001,
1.242200000000000E+009,2.015595138072968E-002,4.199921339750290E-002,-8.001840710639954E-001,5.724779367446899E-001,2.015595138072968E-002,4.199921339750290E-002,-8.001840710639954E-001,5.724779367446899E-001,
1.250566666666667E+009,3.496881574392319E-002,5.268708243966103E-002,-7.871941328048706E-001,5.971044898033142E-001,3.496881574392319E-002,5.268708243966103E-002,-7.871941328048706E-001,5.971044898033142E-001,
1.258933333333334E+009,5.504054576158524E-002,5.407746136188507E-002,-7.759751677513123E-001,6.082569360733032E-001,5.504054576158524E-002,5.407746136188507E-002,-7.759751677513123E-001,6.082569360733032E-001,
1.267300000000000E+009,7.365899533033371E-002,4.503849893808365E-002,-7.530448436737061E-001,6.265671849250794E-001,7.365899533033371E-002,4.503849893808365E-002,-7.530448436737061E-001,6.265671849250794E-001,
1.275666666666667E+009,8.279213309288025E-002,2.474532835185528E-002,-7.392035722732544E-001,6.626685261726379E-001,8.279213309288025E-002,2.474532835185528E-002,-7.392035722732544E-001,6.626685261726379E-001,
1.284033333333334E+009,8.324019610881805E-002,3.971315920352936E-003,-7.304421067237854E-001,6.716321706771851E-001,8.324019610881805E-002,3.971315920352936E-003,-7.304421067237854E-001,6.716321706771851E-001,
1.292400000000000E+009,7.242424786090851E-002,-1.477323472499847E-002,-6.983771920204163E-001,6.882756352424622E-001,7.242424786090851E-002,-1.477323472499847E-002,-6.983771920204163E-001,6.882756352424622E-001,
1.300766666666667E+009,5.278515443205833E-002,-2.434928156435490E-002,-6.881579756736755E-001,7.116041183471680E-001,5.278515443205833E-002,-2.434928156435490E-002,-6.881579756736755E-001,7.116041183471680E-001,
1.309133333333334E+009,3.410735726356506E-002,-2.398492023348808E-002,-6.715455651283264E-001,7.193874120712280E-001,3.410735726356506E-002,-2.398492023348808E-002,-6.715455651283264E-001,7.193874120712280E-001,
1.317500000000000E+009,2.027562260627747E-002,-1.288076676428318E-002,-6.398550271987915E-001,7.485318779945374E-001,2.027562260627747E-002,-1.288076676428318E-002,-6.398550271987915E-001,7.485318779945374E-001,
1.325866666666667E+009,1.539171114563942E-002,5.483549088239670E-003,-6.353799700737000E-001,7.534589171409607E-001,1.539171114563942E-002,5.483549088239670E-003,-6.353799700737000E-001,7.534589171409607E-001,
1.334233333333334E+009,2.193483337759972E-002,2.193275466561317E-002,-6.078504920005798E-001,7.705739140510559E-001,2.193483337759972E-002,2.193275466561317E-002,-6.078504920005798E-001,7.705739140510559E-001,
1.342600000000000E+009,3.696469217538834E-002,3.197541087865830E-002,-5.931308865547180E-001,7.819254994392395E-001,3.696469217538834E-002,3.197541087865830E-002,-5.931308865547180E-001,7.819254994392395E-001,
1.350966666666667E+009,5.656863376498222E-002,3.058406896889210E-002,-5.622367858886719E-001,7.883811593055725E-001,5.656863376498222E-002,3.058406896889210E-002,-5.622367858886719E-001,7.883811593055725E-001,
1.359333333333334E+009,7.180293649435043E-002,1.866116933524609E-002,-5.682962536811829E-001,8.127229809761047E-001,7.180293649435043E-002,1.866116933524609E-002,-5.682962536811829E-001,8.127229809761047E-001,
1.367700000000000E+009,7.883010804653168E-002,-1.258070115000010E-003,-5.293878912925720E-001,8.284574151039124E-001,7.883010804653168E-002,-1.258070115000010E-003,-5.293878912925720E-001,8.284574151039124E-001,
1.376066666666667E+009,7.425633072853088E-002,-2.133741788566113E-002,-5.134875774383545E-001,8.406102657318115E-001,7.425633072853088E-002,-2.133741788566113E-002,-5.134875774383545E-001,8.406102657318115E-001,
1.384433333333334E+009,5.766810104250908E-002,-3.721754252910614E-002,-4.961110651493073E-001,8.504073619842529E-001,5.766810104250908E-002,-3.721754252910614E-002,-4.961110651493073E-001,8.504073619842529E-001,
1.392800000000000E+009,3.664453327655792E-002,-4.305325075984001E-002,-4.773347675800324E-001,8.729401230812073E-001,3.664453327655792E-002,-4.305325075984001E-002,-4.773347675800324E-001,8.729401230812073E-001,
1.401166666666667E+009,1.408452447503805E-002,-3.738829120993614E-002,-4.526601731777191E-001,8.766896724700928E-001,1.408452447503805E-002,-3.738829120993614E-002,-4.526601731777191E-001,8.766896724700928E-001,
1.409533333333334E+009,1.116654020734131E-003,-1.879618503153324E-002,-4.236960411071777E-001,8.880154490470886E-001,1.116654020734131E-003,-1.879618503153324E-002,-4.236960411071777E-001,8.880154490470886E-001,
1.417900000000000E+009,-1.559022231958807E-003,3.530703019350767E-003,-4.025335907936096E-001,9.028797149658203E-001,-1.559022231958807E-003,3.530703019350767E-003,-4.025335907936096E-001,9.028797149658203E-001,
1.426266666666667E+009,9.333625435829163E-003,2.196662500500679E-002,-3.774034082889557E-001,9.233726263046265E-001,9.333625435829163E-003,2.196662500500679E-002,-3.774034082889557E-001,9.233726263046265E-001,
1.434633333333334E+009,2.912369929254055E-002,3.386445343494415E-002,-3.579753935337067E-001,9.197661876678467E-001,2.912369929254055E-002,3.386445343494415E-002,-3.579753935337067E-001,9.197661876678467E-001,
1.443000000000000E+009,5.292702838778496E-002,3.078330308198929E-002,-3.287034928798676E-001,9.271200895309448E-001,5.292702838778496E-002,3.078330308198929E-002,-3.287034928798676E-001,9.271200895309448E-001,
1.451366666666667E+009,6.770931184291840E-002,1.477241422981024E-002,-3.011685609817505E-001,9.260976314544678E-001,6.770931184291840E-002,1.477241422981024E-002,-3.011685609817505E-001,9.260976314544678E-001,
1.459733333333334E+009,7.541266083717346E-002,-4.434330388903618E-003,-2.860179245471954E-001,9.506896734237671E-001,7.541266083717346E-002,-4.434330388903618E-003,-2.860179245471954E-001,9.506896734237671E-001,
1.468100000000000E+009,6.848838925361633E-002,-2.736980468034744E-002,-2.629712224006653E-001,9.420305490493774E-001,6.848838925361633E-002,-2.736980468034744E-002,-2.629712224006653E-001,9.420305490493774E-001,
1.476466666666667E+009,5.202163755893707E-002,-4.085795208811760E-002,-2.388602346181870E-001,9.554937481880188E-001,5.202163755893707E-002,-4.085795208811760E-002,-2.388602346181870E-001,9.554937481880188E-001,
1.484833333333334E+009,2.918379940092564E-002,-4.281933233141899E-002,-2.100019156932831E-001,9.709260463714600E-001,2.918379940092564E-002,-4.281933233141899E-002,-2.100019156932831E-001,9.709260463714600E-001,
1.493200000000000E+009,1.138528808951378E-002,-3.653106465935707E-002,-1.757531464099884E-001,9.713200330734253E-001,1.138528808951378E-002,-3.653106465935707E-002,-1.757531464099884E-001,9.713200330734253E-001,
1.501566666666667E+009,-2.304467605426908E-003,-1.870418339967728E-002,-1.472313702106476E-001,9.748221039772034E-001,-2.304467605426908E-003,-1.870418339967728E-002,-1.472313702106476E-001,9.748221039772034E-001,
1.509933333333334E+009,-1.097594737075269E-003,3.387681441381574E-003,-1.370148509740830E-001,9.800607562065125E-001,-1.097594737075269E-003,3.387681441381574E-003,-1.370148509740830E-001,9.800607562065125E-001,
1.518300000000000E+009,1.172652840614319E-002,2.163018286228180E-002,-1.044960245490074E-001,9.807803630828857E-001,1.172652840614319E-002,2.163018286228180E-002,-1.044960245490074E-001,9.807803630828857E-001,
1.526666666666667E+009,3.196394443511963E-002,2.878714539110661E-002,-9.005302935838699E-002,9.788292050361633E-001,3.196394443511963E-002,2.878714539110661E-002,-9.005302935838699E-002,9.788292050361633E-001,
1.535033333333334E+009,5.363542214035988E-002,2.350346371531487E-002,-6.919939070940018E-002,9.725852608680725E-001,5.363542214035988E-002,2.350346371531487E-002,-6.919939070940018E-002,9.725852608680725E-001,
1.543400000000000E+009,6.879699230194092E-002,8.952996693551540E-003,-3.705040365457535E-002,9.833015203475952E-001,6.879699230194092E-002,8.952996693551540E-003,-3.705040365457535E-002,9.833015203475952E-001,
1.551766666666667E+009,7.466407865285873E-002,-1.234016101807356E-002,-1.371715217828751E-002,9.816167354583740E-001,7.466407865285873E-002,-1.234016101807356E-002,-1.371715217828751E-002,9.816167354583740E-001,
1.560133333333334E+009,6.705599278211594E-002,-3.230723738670349E-002,7.516357116401196E-003,9.899915456771851E-001,6.705599278211594E-002,-3.230723738670349E-002,7.516357116401196E-003,9.899915456771851E-001,
1.568500000000000E+009,5.109983310103416E-002,-4.657497256994247E-002,3.857766464352608E-002,9.888409972190857E-001,5.109983310103416E-002,-4.657497256994247E-002,3.857766464352608E-002,9.888409972190857E-001,
1.576866666666667E+009,3.156795725226402E-002,-4.826713353395462E-002,5.935806781053543E-002,9.879527091979981E-001,3.156795725226402E-002,-4.826713353395462E-002,5.935806781053543E-002,9.879527091979981E-001,
1.585233333333334E+009,1.400464121252298E-002,-3.910465911030769E-002,8.752158284187317E-002,9.800273180007935E-001,1.400464121252298E-002,-3.910465911030769E-002,8.752158284187317E-002,9.800273180007935E-001,
1.593600000000000E+009,5.442155990749598E-003,-2.400333248078823E-002,1.137432903051376E-001,9.819640517234802E-001,5.442155990749598E-003,-2.400333248078823E-002,1.137432903051376E-001,9.819640517234802E-001,
1.601966666666667E+009,5.117063410580158E-003,-4.836565349251032E-003,1.435104012489319E-001,9.796490073204041E-001,5.117063410580158E-003,-4.836565349251032E-003,1.435104012489319E-001,9.796490073204041E-001,
1.610333333333334E+009,1.545455213636160E-002,7.957443594932556E-003,1.654427945613861E-001,9.700307250022888E-001,1.545455213636160E-002,7.957443594932556E-003,1.654427945613861E-001,9.700307250022888E-001,
1.618700000000000E+009,3.269579634070396E-002,1.355127431452274E-002,1.864292621612549E-001,9.647634029388428E-001,3.269579634070396E-002,1.355127431452274E-002,1.864292621612549E-001,9.647634029388428E-001,
1.627066666666667E+009,5.127783492207527E-002,6.845577619969845E-003,2.130570858716965E-001,9.588291049003601E-001,5.127783492207527E-002,6.845577619969845E-003,2.130570858716965E-001,9.588291049003601E-001,
1.635433333333334E+009,6.199310719966888E-002,-5.341322626918554E-003,2.321562618017197E-001,9.506579041481018E-001,6.199310719966888E-002,-5.341322626918554E-003,2.321562618017197E-001,9.506579041481018E-001,
1.643800000000000E+009,6.352990865707398E-002,-2.370174415409565E-002,2.541541457176209E-001,9.462856650352478E-001,6.352990865707398E-002,-2.370174415409565E-002,2.541541457176209E-001,9.462856650352478E-001,
1.652166666666667E+009,5.614492669701576E-002,-3.945390135049820E-002,2.791397869586945E-001,9.392833113670349E-001,5.614492669701576E-002,-3.945390135049820E-002,2.791397869586945E-001,9.392833113670349E-001,
1.660533333333334E+009,4.214249178767204E-002,-4.864110425114632E-002,3.074361383914948E-001,9.384323954582214E-001,4.214249178767204E-002,-4.864110425114632E-002,3.074361383914948E-001,9.384323954582214E-001,
1.668900000000000E+009,2.388367988169193E-002,-4.788827151060104E-002,3.299002647399902E-001,9.353399276733398E-001,2.388367988169193E-002,-4.788827151060104E-002,3.299002647399902E-001,9.353399276733398E-001,
1.677266666666667E+009,1.079793646931648E-002,-3.778833150863648E-002,3.452812731266022E-001,9.264271259307861E-001,1.079793646931648E-002,-3.778833150863648E-002,3.452812731266022E-001,9.264271259307861E-001,
1.685633333333334E+009,6.167720071971417E-003,-2.312236838042736E-002,3.721542060375214E-001,9.103515148162842E-001,6.167720071971417E-003,-2.312236838042736E-002,3.721542060375214E-001,9.103515148162842E-001,
1.694000000000000E+009,8.516485802829266E-003,-6.006531883031130E-003,4.002860188484192E-001,9.007603526115418E-001,8.516485802829266E-003,-6.006531883031130E-003,4.002860188484192E-001,9.007603526115418E-001,
1.702366666666667E+009,2.012025937438011E-002,4.429375752806664E-003,4.315751791000366E-001,8.854699134826660E-001,2.012025937438011E-002,4.429375752806664E-003,4.315751791000366E-001,8.854699134826660E-001,
1.710733333333334E+009,3.557837381958962E-002,8.354953490197659E-003,4.463016986846924E-001,8.830465078353882E-001,3.557837381958962E-002,8.354953490197659E-003,4.463016986846924E-001,8.830465078353882E-001,
1.719100000000000E+009,5.142042785882950E-002,3.572798450477421E-004,4.719577133655548E-001,8.626796603202820E-001,5.142042785882950E-002,3.572798450477421E-004,4.719577133655548E-001,8.626796603202820E-001,
1.727466666666667E+009,6.203648820519447E-002,-1.193900499492884E-002,4.882235825061798E-001,8.533884882926941E-001,6.203648820519447E-002,-1.193900499492884E-002,4.882235825061798E-001,8.533884882926941E-001,
1.735833333333334E+009,6.717550754547119E-002,-2.967006340622902E-002,5.103282928466797E-001,8.384907245635986E-001,6.717550754547119E-002,-2.967006340622902E-002,5.103282928466797E-001,8.384907245635986E-001,
1.744200000000000E+009,6.065829098224640E-002,-4.694622755050659E-002,5.346228480339050E-001,8.212441205978394E-001,6.065829098224640E-002,-4.694622755050659E-002,5.346228480339050E-001,8.212441205978394E-001,
1.752566666666667E+009,4.826274886727333E-002,-5.854837223887444E-002,5.482257604598999E-001,8.174950480461121E-001,4.826274886727333E-002,-5.854837223887444E-002,5.482257604598999E-001,8.174950480461121E-001,
1.760933333333334E+009,3.117372840642929E-002,-6.093079224228859E-002,5.716143846511841E-001,8.026980757713318E-001,3.117372840642929E-002,-6.093079224228859E-002,5.716143846511841E-001,8.026980757713318E-001,
1.769300000000000E+009,1.622751355171204E-002,-5.706901848316193E-002,5.982236862182617E-001,7.819086909294128E-001,1.622751355171204E-002,-5.706901848316193E-002,5.982236862182617E-001,7.819086909294128E-001,
1.777666666666667E+009,5.853578913956881E-003,-4.852923005819321E-002,6.172988414764404E-001,7.758339047431946E-001,5.853578913956881E-003,-4.852923005819321E-002,6.172988414764404E-001,7.758339047431946E-001,
1.786033333333334E+009,3.646088764071465E-003,-3.427016735076904E-002,6.344764232635498E-001,7.541636824607849E-001,3.646088764071465E-003,-3.427016735076904E-002,6.344764232635498E-001,7.541636824607849E-001,
1.794400000000000E+009,6.482288241386414E-003,-2.312788739800453E-002,6.482914090156555E-001,7.360639572143555E-001,6.482288241386414E-003,-2.312788739800453E-002,6.482914090156555E-001,7.360639572143555E-001,
1.802766666666667E+009,1.651403121650219E-002,-1.428750157356262E-002,6.754288077354431E-001,7.253051400184631E-001,1.651403121650219E-002,-1.428750157356262E-002,6.754288077354431E-001,7.253051400184631E-001,
1.811133333333334E+009,2.603642456233501E-002,-1.393564790487289E-002,6.904150843620300E-001,6.975523233413696E-001,2.603642456233501E-002,-1.393564790487289E-002,6.904150843620300E-001,6.975523233413696E-001,
1.819500000000000E+009,3.401608020067215E-002,-1.749721914529800E-002,7.078601717948914E-001,6.896914839744568E-001,3.401608020067215E-002,-1.749721914529800E-002,7.078601717948914E-001,6.896914839744568E-001,
1.827866666666667E+009,4.186154529452324E-002,-2.561409771442413E-002,7.184155583381653E-001,6.692463755607605E-001,4.186154529452324E-002,-2.561409771442413E-002,7.184155583381653E-001,6.692463755607605E-001,
1.836233333333334E+009,4.002334922552109E-002,-3.674427792429924E-002,7.399980425834656E-001,6.437982916831970E-001,4.002334922552109E-002,-3.674427792429924E-002,7.399980425834656E-001,6.437982916831970E-001,
1.844600000000000E+009,3.735887631773949E-002,-4.507649317383766E-002,7.629217505455017E-001,6.414058804512024E-001,3.735887631773949E-002,-4.507649317383766E-002,7.629217505455017E-001,6.414058804512024E-001,
1.852966666666667E+009,2.882046252489090E-002,-4.939718544483185E-002,7.812069654464722E-001,6.139343976974487E-001,2.882046252489090E-002,-4.939718544483185E-002,7.812069654464722E-001,6.139343976974487E-001,
1.861333333333334E+009,2.002525888383389E-002,-5.057752132415772E-002,7.862487435340881E-001,5.931869149208069E-001,2.002525888383389E-002,-5.057752132415772E-002,7.862487435340881E-001,5.931869149208069E-001,
1.869700000000000E+009,1.267462503165007E-002,-4.589300230145454E-002,7.970466613769531E-001,5.779936313629150E-001,1.267462503165007E-002,-4.589300230145454E-002,7.970466613769531E-001,5.779936313629150E-001,
1.878066666666667E+009,8.145881816744804E-003,-3.899431601166725E-002,8.117132782936096E-001,5.465064644813538E-001,8.145881816744804E-003,-3.899431601166725E-002,8.117132782936096E-001,5.465064644813538E-001,
1.886433333333334E+009,9.163193404674530E-003,-2.925113961100578E-002,8.287978768348694E-001,5.351563096046448E-001,9.163193404674530E-003,-2.925113961100578E-002,8.287978768348694E-001,5.351563096046448E-001,
1.894800000000000E+009,1.379040535539389E-002,-2.137247100472450E-002,8.438769578933716E-001,5.175997018814087E-001,1.379040535539389E-002,-2.137247100472450E-002,8.438769578933716E-001,5.175997018814087E-001,
1.903166666666667E+009,2.370936796069145E-002,-1.910667307674885E-002,8.561879992485046E-001,4.897216856479645E-001,2.370936796069145E-002,-1.910667307674885E-002,8.561879992485046E-001,4.897216856479645E-001,
1.911533333333334E+009,3.330776095390320E-002,-1.997016370296478E-002,8.668769001960754E-001,4.721044898033142E-001,3.330776095390320E-002,-1.997016370296478E-002,8.668769001960754E-001,4.721044898033142E-001,
1.919900000000000E+009,4.224563017487526E-002,-2.990835346281529E-002,8.704675436019898E-001,4.401432573795319E-001,4.224563017487526E-002,-2.990835346281529E-002,8.704675436019898E-001,4.401432573795319E-001,
1.928266666666667E+009,4.530593007802963E-002,-3.998995199799538E-002,8.882256150245667E-001,4.161305725574493E-001,4.530593007802963E-002,-3.998995199799538E-002,8.882256150245667E-001,4.161305725574493E-001,
1.936633333333334E+009,4.162959754467011E-002,-5.260480940341950E-002,8.964591026306152E-001,3.986229300498962E-001,4.162959754467011E-002,-5.260480940341950E-002,8.964591026306152E-001,3.986229300498962E-001,
1.945000000000000E+009,3.452019020915031E-002,-6.353300064802170E-002,9.050383567810059E-001,3.707008957862854E-001,3.452019020915031E-002,-6.353300064802170E-002,9.050383567810059E-001,3.707008957862854E-001,
1.953366666666667E+009,2.219945006072521E-002,-6.860139220952988E-002,9.165046215057373E-001,3.427049815654755E-001,2.219945006072521E-002,-6.860139220952988E-002,9.165046215057373E-001,3.427049815654755E-001,
1.961733333333334E+009,1.034189388155937E-002,-6.722730398178101E-002,9.263854622840881E-001,3.422027826309204E-001,1.034189388155937E-002,-6.722730398178101E-002,9.263854622840881E-001,3.422027826309204E-001,
1.970100000000000E+009,-6.169725675135851E-004,-5.834402143955231E-002,9.338713884353638E-001,3.028558790683746E-001,-6.169725675135851E-004,-5.834402143955231E-002,9.338713884353638E-001,3.028558790683746E-001,
1.978466666666667E+009,-4.082633648067713E-003,-4.620985686779022E-002,9.442635774612427E-001,2.793527543544769E-001,-4.082633648067713E-003,-4.620985686779022E-002,9.442635774612427E-001,2.793527543544769E-001,
1.986833333333334E+009,-2.259180415421724E-003,-3.467424586415291E-002,9.588040709495544E-001,2.591266334056854E-001,-2.259180415421724E-003,-3.467424586415291E-002,9.588040709495544E-001,2.591266334056854E-001,
1.995200000000000E+009,9.503702633082867E-003,-2.453850954771042E-002,9.571341276168823E-001,2.413099110126495E-001,9.503702633082867E-003,-2.453850954771042E-002,9.571341276168823E-001,2.413099110126495E-001,
2.003566666666667E+009,2.347660623490810E-002,-2.289291657507420E-002,9.626614451408386E-001,2.129646092653275E-001,2.347660623490810E-002,-2.289291657507420E-002,9.626614451408386E-001,2.129646092653275E-001,
2.011933333333334E+009,3.713091835379601E-002,-2.894670702517033E-002,9.642559289932251E-001,1.815205067396164E-001,3.713091835379601E-002,-2.894670702517033E-002,9.642559289932251E-001,1.815205067396164E-001,
2.020300000000000E+009,4.571373760700226E-002,-3.936025127768517E-002,9.716210961341858E-001,1.610512733459473E-001,4.571373760700226E-002,-3.936025127768517E-002,9.716210961341858E-001,1.610512733459473E-001,
2.028666666666667E+009,4.727211222052574E-002,-5.617054179310799E-002,9.710248112678528E-001,1.366921663284302E-001,4.727211222052574E-002,-5.617054179310799E-002,9.710248112678528E-001,1.366921663284302E-001,
2.037033333333334E+009,3.947076946496964E-002,-7.281588017940521E-002,9.812569618225098E-001,1.091130971908569E-001,3.947076946496964E-002,-7.281588017940521E-002,9.812569618225098E-001,1.091130971908569E-001,
2.045400000000000E+009,2.512201294302940E-002,-8.386228233575821E-002,9.786503314971924E-001,9.181648492813110E-002,2.512201294302940E-002,-8.386228233575821E-002,9.786503314971924E-001,9.181648492813110E-002,
2.053766666666667E+009,7.594712544232607E-003,-8.588913828134537E-002,9.831083416938782E-001,5.852010101079941E-002,7.594712544232607E-003,-8.588913828134537E-002,9.831083416938782E-001,5.852010101079941E-002,
2.062133333333334E+009,-7.617048919200897E-003,-7.966571301221848E-002,9.780138134956360E-001,3.975027427077293E-002,-7.617048919200897E-003,-7.966571301221848E-002,9.780138134956360E-001,3.975027427077293E-002,
2.070500000000000E+009,-1.600601710379124E-002,-6.380669772624970E-002,9.806558489799500E-001,1.488904841244221E-002,-1.600601710379124E-002,-6.380669772624970E-002,9.806558489799500E-001,1.488904841244221E-002,
2.078866666666667E+009,-1.475061755627394E-002,-4.919631034135819E-002,9.797057509422302E-001,-1.078360062092543E-002,-1.475061755627394E-002,-4.919631034135819E-002,9.797057509422302E-001,-1.078360062092543E-002,
2.087233333333334E+009,-3.010007087141275E-003,-3.517138957977295E-002,9.784457087516785E-001,-3.321024402976036E-002,-3.010007087141275E-003,-3.517138957977295E-002,9.784457087516785E-001,-3.321024402976036E-002,
2.095600000000000E+009,1.528205815702677E-002,-3.277890384197235E-002,9.812077283859253E-001,-6.248298659920692E-002,1.528205815702677E-002,-3.277890384197235E-002,9.812077283859253E-001,-6.248298659920692E-002,
2.103966666666667E+009,3.111040219664574E-002,-4.140627011656761E-002,9.825611710548401E-001,-8.295840770006180E-002,3.111040219664574E-002,-4.140627011656761E-002,9.825611710548401E-001,-8.295840770006180E-002,
2.112333333333334E+009,4.379986599087715E-002,-5.661403015255928E-002,9.747486710548401E-001,-1.083922311663628E-001,4.379986599087715E-002,-5.661403015255928E-002,9.747486710548401E-001,-1.083922311663628E-001,
2.120700000000000E+009,4.245357587933540E-002,-7.998424023389816E-002,9.785863161087036E-001,-1.462837904691696E-001,4.245357587933540E-002,-7.998424023389816E-002,9.785863161087036E-001,-1.462837904691696E-001,
2.129066666666667E+009,3.122500143945217E-002,-9.919690340757370E-002,9.602463841438294E-001,-1.670229882001877E-001,3.122500143945217E-002,-9.919690340757370E-002,9.602463841438294E-001,-1.670229882001877E-001,
2.137433333333334E+009,9.736342355608940E-003,-1.116237714886665E-001,9.606689810752869E-001,-1.811358630657196E-001,9.736342355608940E-003,-1.116237714886665E-001,9.606689810752869E-001,-1.811358630657196E-001,
2.145800000000000E+009,-1.610785722732544E-002,-1.142464205622673E-001,9.533961415290833E-001,-2.044738382101059E-001,-1.610785722732544E-002,-1.142464205622673E-001,9.533961415290833E-001,-2.044738382101059E-001,
2.154166666666667E+009,-3.791222348809242E-002,-1.009756103157997E-001,9.500826001167297E-001,-2.309952825307846E-001,-3.791222348809242E-002,-1.009756103157997E-001,9.500826001167297E-001,-2.309952825307846E-001,
2.162533333333334E+009,-5.004452541470528E-002,-8.019732683897018E-002,9.399300217628479E-001,-2.532095611095429E-001,-5.004452541470528E-002,-8.019732683897018E-002,9.399300217628479E-001,-2.532095611095429E-001,
2.170900000000000E+009,-4.782144725322723E-002,-5.827559530735016E-002,9.379024505615234E-001,-2.823267281055450E-001,-4.782144725322723E-002,-5.827559530735016E-002,9.379024505615234E-001,-2.823267281055450E-001,
2.179266666666667E+009,-3.454985842108727E-002,-3.994396701455116E-002,9.307579994201660E-001,-3.033814728260040E-001,-3.454985842108727E-002,-3.994396701455116E-002,9.307579994201660E-001,-3.033814728260040E-001,
2.187633333333334E+009,-1.218879129737616E-002,-3.393904492259026E-002,9.313314557075501E-001,-3.285837471485138E-001,-1.218879129737616E-002,-3.393904492259026E-002,9.313314557075501E-001,-3.285837471485138E-001,
2.196000000000000E+009,9.035000577569008E-003,-4.221389442682266E-002,9.166584014892578E-001,-3.534800410270691E-001,9.035000577569008E-003,-4.221389442682266E-002,9.166584014892578E-001,-3.534800410270691E-001,
2.204366666666667E+009,2.341487072408199E-002,-6.221991404891014E-002,9.007866978645325E-001,-3.845075964927673E-001,2.341487072408199E-002,-6.221991404891014E-002,9.007866978645325E-001,-3.845075964927673E-001,
2.212733333333334E+009,2.413436584174633E-002,-8.561022579669952E-002,8.933305144309998E-001,-3.982551693916321E-001,2.413436584174633E-002,-8.561022579669952E-002,8.933305144309998E-001,-3.982551693916321E-001,
2.221100000000000E+009,1.049329806119204E-002,-1.085213050246239E-001,8.851459622383118E-001,-4.198725223541260E-001,1.049329806119204E-002,-1.085213050246239E-001,8.851459622383118E-001,-4.198725223541260E-001,
2.229466666666667E+009,-1.491102110594511E-002,-1.246012523770332E-001,8.766122460365295E-001,-4.482459723949432E-001,-1.491102110594511E-002,-1.246012523770332E-001,8.766122460365295E-001,-4.482459723949432E-001,
2.237833333333334E+009,-4.321539402008057E-002,-1.217670142650604E-001,8.519589304924011E-001,-4.604982435703278E-001,-4.321539402008057E-002,-1.217670142650604E-001,8.519589304924011E-001,-4.604982435703278E-001,
2.246200000000000E+009,-6.837023049592972E-002,-1.063740178942680E-001,8.416777253150940E-001,-4.874499142169952E-001,-6.837023049592972E-002,-1.063740178942680E-001,8.416777253150940E-001,-4.874499142169952E-001,
2.254566666666667E+009,-8.098257333040237E-002,-8.220843225717545E-002,8.340443372726440E-001,-5.058404803276062E-001,-8.098257333040237E-002,-8.220843225717545E-002,8.340443372726440E-001,-5.058404803276062E-001,
2.262933333333334E+009,-7.948860526084900E-002,-5.661078169941902E-002,8.251376152038574E-001,-5.300184488296509E-001,-7.948860526084900E-002,-5.661078169941902E-002,8.251376152038574E-001,-5.300184488296509E-001,
2.271300000000000E+009,-6.544624269008637E-002,-3.789942339062691E-002,8.190239667892456E-001,-5.417005419731140E-001,-6.544624269008637E-002,-3.789942339062691E-002,8.190239667892456E-001,-5.417005419731140E-001,
2.279666666666667E+009,-4.025656729936600E-002,-3.181949257850647E-002,7.980864048004150E-001,-5.644730329513550E-001,-4.025656729936600E-002,-3.181949257850647E-002,7.980864048004150E-001,-5.644730329513550E-001,
2.288033333333334E+009,-1.937711797654629E-002,-4.201665148139000E-002,7.826558947563171E-001,-5.892238616943359E-001,-1.937711797654629E-002,-4.201665148139000E-002,7.826558947563171E-001,-5.892238616943359E-001,
2.296400000000000E+009,-6.373308133333921E-003,-6.278812140226364E-002,7.708980441093445E-001,-6.144615411758423E-001,-6.373308133333921E-003,-6.278812140226364E-002,7.708980441093445E-001,-6.144615411758423E-001,
2.304766666666667E+009,-6.597948726266623E-003,-8.788549154996872E-002,7.554928660392761E-001,-6.265233755111694E-001,-6.597948726266623E-003,-8.788549154996872E-002,7.554928660392761E-001,-6.265233755111694E-001,
2.313133333333334E+009,-2.510289475321770E-002,-1.064290329813957E-001,7.275314927101135E-001,-6.489258408546448E-001,-2.510289475321770E-002,-1.064290329813957E-001,7.275314927101135E-001,-6.489258408546448E-001,
2.321500000000000E+009,-5.077213421463966E-002,-1.140853241086006E-001,7.104026675224304E-001,-6.682704687118530E-001,-5.077213421463966E-002,-1.140853241086006E-001,7.104026675224304E-001,-6.682704687118530E-001,
2.329866666666667E+009,-7.932241261005402E-002,-1.043486446142197E-001,6.968258023262024E-001,-6.806351542472839E-001,-7.932241261005402E-002,-1.043486446142197E-001,6.968258023262024E-001,-6.806351542472839E-001,
2.338233333333334E+009,-9.850508719682694E-002,-8.279287070035934E-002,6.784774065017700E-001,-6.980109214782715E-001,-9.850508719682694E-002,-8.279287070035934E-002,6.784774065017700E-001,-6.980109214782715E-001,
2.346600000000000E+009,-1.029283851385117E-001,-5.523139610886574E-002,6.598565578460693E-001,-7.123785614967346E-001,-1.029283851385117E-001,-5.523139610886574E-002,6.598565578460693E-001,-7.123785614967346E-001,
2.354966666666667E+009,-9.323604404926300E-002,-2.941285818815231E-002,6.440780758857727E-001,-7.329029440879822E-001,-9.323604404926300E-002,-2.941285818815231E-002,6.440780758857727E-001,-7.329029440879822E-001,
2.363333333333334E+009,-6.936045736074448E-002,-1.538324542343617E-002,6.362220644950867E-001,-7.515074014663696E-001,-6.936045736074448E-002,-1.538324542343617E-002,6.362220644950867E-001,-7.515074014663696E-001,
2.371700000000000E+009,-3.963072970509529E-002,-2.008376456797123E-002,6.002067923545837E-001,-7.682414650917053E-001,-3.963072970509529E-002,-2.008376456797123E-002,6.002067923545837E-001,-7.682414650917053E-001,
2.380066666666667E+009,-1.964609138667584E-002,-4.168782383203507E-002,5.877271294593811E-001,-7.847353816032410E-001,-1.964609138667584E-002,-4.168782383203507E-002,5.877271294593811E-001,-7.847353816032410E-001,
2.388433333333334E+009,-1.358165498822928E-002,-7.452128082513809E-002,5.636079907417297E-001,-7.939242720603943E-001,-1.358165498822928E-002,-7.452128082513809E-002,5.636079907417297E-001,-7.939242720603943E-001,
2.396800000000000E+009,-2.821360900998116E-002,-1.073490530252457E-001,5.483331680297852E-001,-8.138207793235779E-001,-2.821360900998116E-002,-1.073490530252457E-001,5.483331680297852E-001,-8.138207793235779E-001,
2.405166666666667E+009,-5.647457391023636E-002,-1.288124024868012E-001,5.193090438842773E-001,-8.322359323501587E-001,-5.647457391023636E-002,-1.288124024868012E-001,5.193090438842773E-001,-8.322359323501587E-001,
2.413533333333334E+009,-9.603586792945862E-002,-1.310525983572006E-001,5.049464106559753E-001,-8.366849422454834E-001,-9.603586792945862E-002,-1.310525983572006E-001,5.049464106559753E-001,-8.366849422454834E-001,
2.421900000000000E+009,-1.335483491420746E-001,-1.142094656825066E-001,4.814220964908600E-001,-8.466006517410278E-001,-1.335483491420746E-001,-1.142094656825066E-001,4.814220964908600E-001,-8.466006517410278E-001,
2.430266666666667E+009,-1.592374444007874E-001,-7.976410537958145E-002,4.606917202472687E-001,-8.524999618530273E-001,-1.592374444007874E-001,-7.976410537958145E-002,4.606917202472687E-001,-8.524999618530273E-001,
2.438633333333334E+009,-1.663691997528076E-001,-3.759002313017845E-002,4.405273199081421E-001,-8.660151362419128E-001,-1.663691997528076E-001,-3.759002313017845E-002,4.405273199081421E-001,-8.660151362419128E-001,
2.447000000000000E+009,-1.533537656068802E-001,-1.136985520133749E-004,4.261503815650940E-001,-8.696420788764954E-001,-1.533537656068802E-001,-1.136985520133749E-004,4.261503815650940E-001,-8.696420788764954E-001,
2.455366666666667E+009,-1.234663948416710E-001,2.595668658614159E-002,3.960305750370026E-001,-8.823469281196594E-001,-1.234663948416710E-001,2.595668658614159E-002,3.960305750370026E-001,-8.823469281196594E-001,
2.463733333333334E+009,-8.896864950656891E-002,2.993171289563179E-002,3.851156234741211E-001,-9.011858701705933E-001,-8.896864950656891E-002,2.993171289563179E-002,3.851156234741211E-001,-9.011858701705933E-001,
2.472100000000000E+009,-5.707382038235664E-002,1.347189862281084E-002,3.576035201549530E-001,-9.142950773239136E-001,-5.707382038235664E-002,1.347189862281084E-002,3.576035201549530E-001,-9.142950773239136E-001,
2.480466666666667E+009,-4.184652492403984E-002,-1.573608815670013E-002,3.253597617149353E-001,-9.206812977790833E-001,-4.184652492403984E-002,-1.573608815670013E-002,3.253597617149353E-001,-9.206812977790833E-001,
2.488833333333334E+009,-4.613209515810013E-002,-5.045470967888832E-002,2.988377809524536E-001,-9.238275885581970E-001,-4.613209515810013E-002,-5.045470967888832E-002,2.988377809524536E-001,-9.238275885581970E-001,
2.497200000000000E+009,-7.019601762294769E-002,-7.312672585248947E-002,2.729888260364533E-001,-9.381514787673950E-001,-7.019601762294769E-002,-7.312672585248947E-002,2.729888260364533E-001,-9.381514787673950E-001,
2.505566666666667E+009,-1.044134721159935E-001,-8.122017234563828E-002,2.517946362495422E-001,-9.454107880592346E-001,-1.044134721159935E-001,-8.122017234563828E-002,2.517946362495422E-001,-9.454107880592346E-001,
2.513933333333334E+009,-1.361993104219437E-001,-6.839230656623840E-002,2.285061031579971E-001,-9.477480649948120E-001,-1.361993104219437E-001,-6.839230656623840E-002,2.285061031579971E-001,-9.477480649948120E-001,
2.522300000000000E+009,-1.553772687911987E-001,-3.757747635245323E-002,2.049247473478317E-001,-9.454877376556397E-001,-1.553772687911987E-001,-3.757747635245323E-002,2.049247473478317E-001,-9.454877376556397E-001,
2.530666666666667E+009,-1.576252877712250E-001,-9.297758806496859E-004,1.830758899450302E-001,-9.572008252143860E-001,-1.576252877712250E-001,-9.297758806496859E-004,1.830758899450302E-001,-9.572008252143860E-001,
2.539033333333334E+009,-1.443030089139938E-001,3.206094354391098E-002,1.599783450365067E-001,-9.612410068511963E-001,-1.443030089139938E-001,3.206094354391098E-002,1.599783450365067E-001,-9.612410068511963E-001,
2.547400000000000E+009,-1.132561340928078E-001,5.084512755274773E-002,1.499478518962860E-001,-9.627110958099365E-001,-1.132561340928078E-001,5.084512755274773E-002,1.499478518962860E-001,-9.627110958099365E-001,
2.555766666666667E+009,-8.150736242532730E-002,5.110473558306694E-002,1.068187132477760E-001,-9.805081486701965E-001,-8.150736242532730E-002,5.110473558306694E-002,1.068187132477760E-001,-9.805081486701965E-001,
2.564133333333334E+009,-5.589710548520088E-002,3.145114332437515E-002,8.992509543895721E-002,-9.777768254280090E-001,-5.589710548520088E-002,3.145114332437515E-002,8.992509543895721E-002,-9.777768254280090E-001,
2.572500000000000E+009,-4.763849079608917E-002,9.151281556114554E-004,6.241561844944954E-002,-9.817556738853455E-001,-4.763849079608917E-002,9.151281556114554E-004,6.241561844944954E-002,-9.817556738853455E-001,
2.580866666666667E+009,-5.764687433838844E-002,-2.953333593904972E-002,3.375819697976112E-002,-9.848860502243042E-001,-5.764687433838844E-002,-2.953333593904972E-002,3.375819697976112E-002,-9.848860502243042E-001,
2.589233333333334E+009,-8.495471626520157E-002,-5.187286064028740E-002,5.370930768549442E-003,-9.840551018714905E-001,-8.495471626520157E-002,-5.187286064028740E-002,5.370930768549442E-003,-9.840551018714905E-001,
2.597600000000000E+009,-1.209767386317253E-001,-5.404606834053993E-002,-1.471123378723860E-002,-9.746165275573731E-001,-1.209767386317253E-001,-5.404606834053993E-002,-1.471123378723860E-002,-9.746165275573731E-001,
2.605966666666667E+009,-1.526657044887543E-001,-3.756473213434219E-002,-4.091534391045570E-002,-9.726657271385193E-001,-1.526657044887543E-001,-3.756473213434219E-002,-4.091534391045570E-002,-9.726657271385193E-001,
2.614333333333334E+009,-1.720269173383713E-001,-4.987250547856093E-003,-6.380886584520340E-002,-9.704316258430481E-001,-1.720269173383713E-001,-4.987250547856093E-003,-6.380886584520340E-002,-9.704316258430481E-001,
2.622700000000000E+009,-1.715837270021439E-001,3.192705661058426E-002,-8.078309148550034E-002,-9.676322340965271E-001,-1.715837270021439E-001,3.192705661058426E-002,-8.078309148550034E-002,-9.676322340965271E-001,
2.631066666666667E+009,-1.543232798576355E-001,6.770192086696625E-002,-1.054430678486824E-001,-9.695225954055786E-001,-1.543232798576355E-001,6.770192086696625E-002,-1.054430678486824E-001,-9.695225954055786E-001,
2.639433333333334E+009,-1.215738803148270E-001,8.644460886716843E-002,-1.309636831283569E-001,-9.743800759315491E-001,-1.215738803148270E-001,8.644460886716843E-002,-1.309636831283569E-001,-9.743800759315491E-001,
2.647800000000000E+009,-8.639825135469437E-002,8.767886459827423E-002,-1.490068137645721E-001,-9.674135446548462E-001,-8.639825135469437E-002,8.767886459827423E-002,-1.490068137645721E-001,-9.674135446548462E-001,
2.656166666666667E+009,-6.013801693916321E-002,7.035261392593384E-002,-1.774810850620270E-001,-9.697731137275696E-001,-6.013801693916321E-002,7.035261392593384E-002,-1.774810850620270E-001,-9.697731137275696E-001,
2.664533333333334E+009,-4.872971028089523E-002,4.323525354266167E-002,-2.103782743215561E-001,-9.630811810493469E-001,-4.872971028089523E-002,4.323525354266167E-002,-2.103782743215561E-001,-9.630811810493469E-001,
2.672900000000000E+009,-5.799584090709686E-002,1.395455189049244E-002,-2.291025966405869E-001,-9.509080648422241E-001,-5.799584090709686E-002,1.395455189049244E-002,-2.291025966405869E-001,-9.509080648422241E-001,
2.681266666666667E+009,-8.477779477834702E-002,-5.467431154102087E-003,-2.573331296443939E-001,-9.462856054306030E-001,-8.477779477834702E-002,-5.467431154102087E-003,-2.573331296443939E-001,-9.462856054306030E-001,
2.689633333333334E+009,-1.170063614845276E-001,-6.179348565638065E-003,-2.861893177032471E-001,-9.381460547447205E-001,-1.170063614845276E-001,-6.179348565638065E-003,-2.861893177032471E-001,-9.381460547447205E-001,
2.698000000000000E+009,-1.457434594631195E-001,1.051974669098854E-002,-3.083398938179016E-001,-9.265936613082886E-001,-1.457434594631195E-001,1.051974669098854E-002,-3.083398938179016E-001,-9.265936613082886E-001,
2.706366666666667E+009,-1.613470017910004E-001,4.178424552083015E-002,-3.295791149139404E-001,-9.215791225433350E-001,-1.613470017910004E-001,4.178424552083015E-002,-3.295791149139404E-001,-9.215791225433350E-001,
2.714733333333334E+009,-1.594498902559280E-001,7.794609665870667E-002,-3.442109227180481E-001,-9.091372489929199E-001,-1.594498902559280E-001,7.794609665870667E-002,-3.442109227180481E-001,-9.091372489929199E-001,
2.723100000000000E+009,-1.382933557033539E-001,1.096327081322670E-001,-3.647910654544830E-001,-8.988311290740967E-001,-1.382933557033539E-001,1.096327081322670E-001,-3.647910654544830E-001,-8.988311290740967E-001,
2.731466666666667E+009,-1.051063835620880E-001,1.266413480043411E-001,-3.863920569419861E-001,-8.923009037971497E-001,-1.051063835620880E-001,1.266413480043411E-001,-3.863920569419861E-001,-8.923009037971497E-001,
2.739833333333334E+009,-6.802628934383392E-002,1.273781210184097E-001,-4.079333841800690E-001,-8.789118528366089E-001,-6.802628934383392E-002,1.273781210184097E-001,-4.079333841800690E-001,-8.789118528366089E-001,
2.748200000000000E+009,-3.798582777380943E-002,1.106573715806007E-001,-4.359266161918640E-001,-8.776725530624390E-001,-3.798582777380943E-002,1.106573715806007E-001,-4.359266161918640E-001,-8.776725530624390E-001,
2.756566666666667E+009,-2.425003424286842E-002,7.969692349433899E-002,-4.620271325111389E-001,-8.684371709823608E-001,-2.425003424286842E-002,7.969692349433899E-002,-4.620271325111389E-001,-8.684371709823608E-001,
2.764933333333334E+009,-3.040986321866512E-002,4.971970990300179E-002,-4.870247244834900E-001,-8.607664704322815E-001,-3.040986321866512E-002,4.971970990300179E-002,-4.870247244834900E-001,-8.607664704322815E-001,
2.773300000000000E+009,-5.419407784938812E-002,2.807084657251835E-002,-5.121832489967346E-001,-8.371121287345886E-001,-5.419407784938812E-002,2.807084657251835E-002,-5.121832489967346E-001,-8.371121287345886E-001,
2.781666666666667E+009,-8.646360784769058E-002,2.358077839016914E-002,-5.304911732673645E-001,-8.247721791267395E-001,-8.646360784769058E-002,2.358077839016914E-002,-5.304911732673645E-001,-8.247721791267395E-001,
2.790033333333334E+009,-1.154683008790016E-001,3.922167047858238E-002,-5.517038702964783E-001,-8.078167438507080E-001,-1.154683008790016E-001,3.922167047858238E-002,-5.517038702964783E-001,-8.078167438507080E-001,
2.798400000000000E+009,-1.332286298274994E-001,6.713016331195831E-002,-5.671262145042419E-001,-7.933800816535950E-001,-1.332286298274994E-001,6.713016331195831E-002,-5.671262145042419E-001,-7.933800816535950E-001,
2.806766666666667E+009,-1.313971281051636E-001,1.018844470381737E-001,-5.855535268783569E-001,-7.843660712242127E-001,-1.313971281051636E-001,1.018844470381737E-001,-5.855535268783569E-001,-7.843660712242127E-001,
2.815133333333334E+009,-1.119737178087235E-001,1.318957060575485E-001,-6.010420322418213E-001,-7.656482458114624E-001,-1.119737178087235E-001,1.318957060575485E-001,-6.010420322418213E-001,-7.656482458114624E-001,
2.823500000000000E+009,-8.010962605476379E-002,1.480949819087982E-001,-6.170651912689209E-001,-7.534648776054382E-001,-8.010962605476379E-002,1.480949819087982E-001,-6.170651912689209E-001,-7.534648776054382E-001,
2.831866666666667E+009,-4.283268004655838E-002,1.483936607837677E-001,-6.310963034629822E-001,-7.346185445785523E-001,-4.283268004655838E-002,1.483936607837677E-001,-6.310963034629822E-001,-7.346185445785523E-001,
2.840233333333334E+009,-1.192703936249018E-002,1.287699937820435E-001,-6.567758917808533E-001,-7.278439998626709E-001,-1.192703936249018E-002,1.287699937820435E-001,-6.567758917808533E-001,-7.278439998626709E-001,
2.848600000000000E+009,3.880318487063050E-003,9.894850105047226E-002,-6.745719909667969E-001,-6.998731493949890E-001,3.880318487063050E-003,9.894850105047226E-002,-6.745719909667969E-001,-6.998731493949890E-001,
2.856966666666667E+009,-2.399608260020614E-003,6.816171854734421E-002,-7.009854316711426E-001,-6.890757679939270E-001,-2.399608260020614E-003,6.816171854734421E-002,-7.009854316711426E-001,-6.890757679939270E-001,
2.865333333333334E+009,-2.464672364294529E-002,4.456861689686775E-002,-7.154683470726013E-001,-6.721414923667908E-001,-2.464672364294529E-002,4.456861689686775E-002,-7.154683470726013E-001,-6.721414923667908E-001,
2.873700000000000E+009,-5.703176930546761E-002,4.004628956317902E-002,-7.312628030776978E-001,-6.447316408157349E-001,-5.703176930546761E-002,4.004628956317902E-002,-7.312628030776978E-001,-6.447316408157349E-001,
2.882066666666667E+009,-8.879126608371735E-002,5.531283840537071E-002,-7.546859979629517E-001,-6.249923706054688E-001,-8.879126608371735E-002,5.531283840537071E-002,-7.546859979629517E-001,-6.249923706054688E-001,
2.890433333333334E+009,-1.082383841276169E-001,8.505794405937195E-002,-7.644319534301758E-001,-6.049743294715881E-001,-1.082383841276169E-001,8.505794405937195E-002,-7.644319534301758E-001,-6.049743294715881E-001,
2.898800000000000E+009,-1.077460572123528E-001,1.216677054762840E-001,-7.752382159233093E-001,-5.846590399742127E-001,-1.077460572123528E-001,1.216677054762840E-001,-7.752382159233093E-001,-5.846590399742127E-001,
2.907166666666667E+009,-8.787054568529129E-002,1.540292799472809E-001,-7.938488721847534E-001,-5.665450692176819E-001,-8.787054568529129E-002,1.540292799472809E-001,-7.938488721847534E-001,-5.665450692176819E-001,
2.915533333333334E+009,-5.399803444743156E-002,1.719713956117630E-001,-8.037135601043701E-001,-5.546844601631165E-001,-5.399803444743156E-002,1.719713956117630E-001,-8.037135601043701E-001,-5.546844601631165E-001,
2.923900000000000E+009,-1.348445191979408E-002,1.688053309917450E-001,-8.108587861061096E-001,-5.362067818641663E-001,-1.348445191979408E-002,1.688053309917450E-001,-8.108587861061096E-001,-5.362067818641663E-001,
2.932266666666667E+009,2.018639817833901E-002,1.491150259971619E-001,-8.287428617477417E-001,-5.129523873329163E-001,2.018639817833901E-002,1.491150259971619E-001,-8.287428617477417E-001,-5.129523873329163E-001,
2.940633333333334E+009,3.788227587938309E-002,1.155230924487114E-001,-8.405590653419495E-001,-4.897419214248657E-001,3.788227587938309E-002,1.155230924487114E-001,-8.405590653419495E-001,-4.897419214248657E-001,
2.949000000000000E+009,3.568915650248528E-002,8.041956275701523E-002,-8.583164215087891E-001,-4.756761789321899E-001,3.568915650248528E-002,8.041956275701523E-002,-8.583164215087891E-001,-4.756761789321899E-001,
2.957366666666667E+009,1.371248532086611E-002,5.286174640059471E-002,-8.711897730827332E-001,-4.525875449180603E-001,1.371248532086611E-002,5.286174640059471E-002,-8.711897730827332E-001,-4.525875449180603E-001,
2.965733333333334E+009,-2.006625570356846E-002,4.476660490036011E-002,-8.879653215408325E-001,-4.240816235542297E-001,-2.006625570356846E-002,4.476660490036011E-002,-8.879653215408325E-001,-4.240816235542297E-001,
2.974100000000000E+009,-5.516904965043068E-002,5.990638211369515E-002,-8.950940966606140E-001,-3.978622257709503E-001,-5.516904965043068E-002,5.990638211369515E-002,-8.950940966606140E-001,-3.978622257709503E-001,
2.982466666666667E+009,-7.529921829700470E-002,9.086814522743225E-002,-8.999415040016174E-001,-3.720384836196899E-001,-7.529921829700470E-002,9.086814522743225E-002,-8.999415040016174E-001,-3.720384836196899E-001,
2.990833333333334E+009,-7.529889047145844E-002,1.307741552591324E-001,-9.064108729362488E-001,-3.450070917606354E-001,-7.529889047145844E-002,1.307741552591324E-001,-9.064108729362488E-001,-3.450070917606354E-001,
2.999200000000000E+009,-5.503492429852486E-002,1.647657454013825E-001,-9.141694903373718E-001,-3.252079784870148E-001,-5.503492429852486E-002,1.647657454013825E-001,-9.141694903373718E-001,-3.252079784870148E-001,
3.007566666666667E+009,-1.929571293294430E-002,1.826891452074051E-001,-9.202269315719605E-001,-3.089576065540314E-001,-1.929571293294430E-002,1.826891452074051E-001,-9.202269315719605E-001,-3.089576065540314E-001,
3.015933333333334E+009,2.242036536335945E-002,1.799731850624085E-001,-9.309270977973938E-001,-2.825982272624970E-001,2.242036536335945E-002,1.799731850624085E-001,-9.309270977973938E-001,-2.825982272624970E-001,
3.024300000000000E+009,6.022073328495026E-002,1.565358042716980E-001,-9.336476922035217E-001,-2.659282982349396E-001,6.022073328495026E-002,1.565358042716980E-001,-9.336476922035217E-001,-2.659282982349396E-001,
3.032666666666667E+009,7.711995393037796E-002,1.169958338141441E-001,-9.414302110671997E-001,-2.454689741134644E-001,7.711995393037796E-002,1.169958338141441E-001,-9.414302110671997E-001,-2.454689741134644E-001,
3.041033333333334E+009,7.402875274419785E-002,7.502503693103790E-002,-9.543184638023377E-001,-2.263672202825546E-001,7.402875274419785E-002,7.502503693103790E-002,-9.543184638023377E-001,-2.263672202825546E-001,
3.049400000000000E+009,4.850664362311363E-002,4.450399801135063E-002,-9.669072628021240E-001,-2.000612765550613E-001,4.850664362311363E-002,4.450399801135063E-002,-9.669072628021240E-001,-2.000612765550613E-001,
3.057766666666667E+009,1.080979965627194E-002,3.468065336346626E-002,-9.735736250877380E-001,-1.675966680049896E-001,1.080979965627194E-002,3.468065336346626E-002,-9.735736250877380E-001,-1.675966680049896E-001,
3.066133333333334E+009,-2.719580754637718E-002,5.123798921704292E-002,-9.714230298995972E-001,-1.391796469688416E-001,-2.719580754637718E-002,5.123798921704292E-002,-9.714230298995972E-001,-1.391796469688416E-001,
3.074500000000000E+009,-5.076892673969269E-002,8.671402186155319E-002,-9.746083021163940E-001,-1.086714789271355E-001,-5.076892673969269E-002,8.671402186155319E-002,-9.746083021163940E-001,-1.086714789271355E-001,
3.082866666666667E+009,-5.019417032599449E-002,1.321955472230911E-001,-9.664025306701660E-001,-8.887285739183426E-002,-5.019417032599449E-002,1.321955472230911E-001,-9.664025306701660E-001,-8.887285739183426E-002,
3.091233333333334E+009,-2.489993534982204E-002,1.700498610734940E-001,-9.700577855110169E-001,-6.343109905719757E-002,-2.489993534982204E-002,1.700498610734940E-001,-9.700577855110169E-001,-6.343109905719757E-002,
3.099600000000000E+009,1.824192330241203E-002,1.908127367496491E-001,-9.650215506553650E-001,-4.160165786743164E-002,1.824192330241203E-002,1.908127367496491E-001,-9.650215506553650E-001,-4.160165786743164E-002,
3.107966666666667E+009,6.657321006059647E-002,1.859565973281860E-001,-9.635927677154541E-001,-2.423252724111080E-002,6.657321006059647E-002,1.859565973281860E-001,-9.635927677154541E-001,-2.423252724111080E-002,
3.116333333333334E+009,1.077771335840225E-001,1.564049720764160E-001,-9.681286215782166E-001,-4.207548685371876E-003,1.077771335840225E-001,1.564049720764160E-001,-9.681286215782166E-001,-4.207548685371876E-003,
3.124700000000000E+009,1.307508647441864E-001,1.114533096551895E-001,-9.667518734931946E-001,1.459685619920492E-002,1.307508647441864E-001,1.114533096551895E-001,-9.667518734931946E-001,1.459685619920492E-002,
3.133066666666667E+009,1.258554458618164E-001,5.837383866310120E-002,-9.857525229454041E-001,4.380578547716141E-002,1.258554458618164E-001,5.837383866310120E-002,-9.857525229454041E-001,4.380578547716141E-002,
3.141433333333334E+009,9.562227129936218E-002,1.777271181344986E-002,-9.813537597656250E-001,7.244121283292770E-002,9.562227129936218E-002,1.777271181344986E-002,-9.813537597656250E-001,7.244121283292770E-002,
3.149800000000000E+009,4.907991364598274E-002,2.186273690313101E-003,-9.835513830184937E-001,1.036816313862801E-001,4.907991364598274E-002,2.186273690313101E-003,-9.835513830184937E-001,1.036816313862801E-001,
3.158166666666667E+009,1.436235033906996E-003,1.473822444677353E-002,-9.825568199157715E-001,1.286113709211350E-001,1.436235033906996E-003,1.473822444677353E-002,-9.825568199157715E-001,1.286113709211350E-001,
3.166533333333334E+009,-2.995839901268482E-002,5.259269848465920E-002,-9.696633815765381E-001,1.561964154243469E-001,-2.995839901268482E-002,5.259269848465920E-002,-9.696633815765381E-001,1.561964154243469E-001,
3.174900000000000E+009,-3.470031917095184E-002,1.022086367011070E-001,-9.619076848030090E-001,1.833034604787827E-001,-3.470031917095184E-002,1.022086367011070E-001,-9.619076848030090E-001,1.833034604787827E-001,
3.183266666666667E+009,-1.204320974647999E-002,1.470543444156647E-001,-9.532291889190674E-001,2.104782760143280E-001,-1.204320974647999E-002,1.470543444156647E-001,-9.532291889190674E-001,2.104782760143280E-001,
3.191633333333334E+009,3.393397480249405E-002,1.740906089544296E-001,-9.437047839164734E-001,2.217482179403305E-001,3.393397480249405E-002,1.740906089544296E-001,-9.437047839164734E-001,2.217482179403305E-001,
3.200000000000000E+009,8.587630838155747E-002,1.699338108301163E-001,-9.294996857643127E-001,2.479654997587204E-001,8.587630838155747E-002,1.699338108301163E-001,-9.294996857643127E-001,2.479654997587204E-001,
