% Version 1.00
%
%freq[Hz],re:Trc1_S11,im:Trc1_S11,re:Trc2_S21,im:Trc2_S21,
6.900000000000000E+008,-5.886069312691689E-002,5.515347421169281E-002,-5.145878791809082E-001,-8.509517312049866E-001,
7.025500000000000E+008,-3.682660311460495E-002,6.123831123113632E-002,-5.405741930007935E-001,-8.230533003807068E-001,
7.151000000000000E+008,-1.891916990280151E-002,5.104966461658478E-002,-5.728372931480408E-001,-8.078339695930481E-001,
7.276500000000000E+008,-1.560002565383911E-002,3.260369226336479E-002,-6.016053557395935E-001,-7.853812575340271E-001,
7.402000000000000E+008,-2.743453159928322E-002,2.083056233823299E-002,-6.346033811569214E-001,-7.638450264930725E-001,
7.527500000000000E+008,-4.608743265271187E-002,2.340325899422169E-002,-6.668935418128967E-001,-7.305759191513062E-001,
7.653000000000000E+008,-5.634981021285057E-002,4.049108177423477E-002,-6.958232522010803E-001,-7.020459771156311E-001,
7.778500000000000E+008,-5.232101678848267E-002,6.097941845655441E-002,-7.182456254959106E-001,-6.786202192306519E-001,
7.904000000000000E+008,-3.481977805495262E-002,7.353539019823074E-002,-7.432614564895630E-001,-6.502175331115723E-001,
8.029500000000000E+008,-1.415820326656103E-002,7.187660038471222E-002,-7.718130350112915E-001,-6.272538304328919E-001,
8.155000000000000E+008,-2.025371184572578E-003,5.638280883431435E-002,-7.911566495895386E-001,-5.961935520172119E-001,
8.280500000000000E+008,-4.387405235320330E-003,3.830976039171219E-002,-8.184702992439270E-001,-5.642854571342468E-001,
8.406000000000000E+008,-1.953625120222569E-002,3.047510609030724E-002,-8.393978476524353E-001,-5.404068827629089E-001,
8.531500000000000E+008,-3.605952858924866E-002,3.757872804999352E-002,-8.592234849929810E-001,-5.012379884719849E-001,
8.657000000000000E+008,-4.364228248596191E-002,5.486245080828667E-002,-8.759021759033203E-001,-4.605747163295746E-001,
8.782500000000000E+008,-3.553012758493424E-002,7.424882799386978E-002,-8.943360447883606E-001,-4.352568984031677E-001,
8.908000000000000E+008,-1.711138896644115E-002,8.456216752529144E-002,-9.086306095123291E-001,-3.989445567131043E-001,
9.033500000000000E+008,2.188524231314659E-003,7.990872859954834E-002,-9.153209328651428E-001,-3.690192699432373E-001,
9.159000000000000E+008,1.264712400734425E-002,6.474724411964417E-002,-9.352418780326843E-001,-3.265193700790405E-001,
9.284500000000000E+008,9.699877351522446E-003,4.850104078650475E-002,-9.456735253334045E-001,-2.947009503841400E-001,
9.410000000000000E+008,-3.693320089951158E-003,4.246763512492180E-002,-9.563635587692261E-001,-2.506051063537598E-001,
9.535500000000000E+008,-1.766296662390232E-002,4.900144040584564E-002,-9.622681140899658E-001,-2.149651050567627E-001,
9.661000000000000E+008,-2.122498676180840E-002,6.595534831285477E-002,-9.736877679824829E-001,-1.755533963441849E-001,
9.786500000000000E+008,-1.120249554514885E-002,8.200456947088242E-002,-9.757031202316284E-001,-1.369166672229767E-001,
9.912000000000000E+008,8.067321032285690E-003,8.737827837467194E-002,-9.795731902122498E-001,-9.909562766551971E-002,
1.003750000000000E+009,2.586662396788597E-002,7.936409860849381E-002,-9.801173210144043E-001,-6.685890257358551E-002,
1.016300000000000E+009,3.272381797432900E-002,6.248769536614418E-002,-9.840691089630127E-001,-2.785070426762104E-002,
1.028850000000000E+009,2.509293891489506E-002,4.634970426559448E-002,-9.854779839515686E-001,7.677496876567602E-003,
1.041400000000000E+009,8.273551240563393E-003,4.373931512236595E-002,-9.826285839080811E-001,4.636441171169281E-002,
1.053950000000000E+009,-4.619583953171969E-003,5.678975954651833E-002,-9.777449965476990E-001,8.764971792697907E-002,
1.066500000000000E+009,-3.175088437274098E-003,7.669352740049362E-002,-9.761205911636353E-001,1.261766403913498E-001,
1.079050000000000E+009,1.431361865252256E-002,9.310519695281982E-002,-9.815402626991272E-001,1.625138372182846E-001,
1.091600000000000E+009,4.012341424822807E-002,9.192868322134018E-002,-9.682554602622986E-001,2.009868472814560E-001,
1.104150000000000E+009,5.874663591384888E-002,7.316908240318298E-002,-9.596331119537354E-001,2.388021647930145E-001,
1.116700000000000E+009,5.865892022848129E-002,4.732079431414604E-002,-9.557201266288757E-001,2.770259976387024E-001,
1.129250000000000E+009,3.973808139562607E-002,3.107807226479054E-002,-9.401757717132568E-001,3.127850592136383E-001,
1.141800000000000E+009,1.531707681715488E-002,3.647500276565552E-002,-9.211187958717346E-001,3.499883711338043E-001,
1.154350000000000E+009,3.258627140894532E-003,5.914065614342690E-002,-9.146920442581177E-001,3.837901353836060E-001,
1.166900000000000E+009,1.471101026982069E-002,8.562002331018448E-002,-8.962714076042175E-001,4.204601347446442E-001,
1.179450000000000E+009,4.394565522670746E-002,9.748486429452896E-002,-8.770786523818970E-001,4.535736441612244E-001,
1.192000000000000E+009,7.599306106567383E-002,8.553992956876755E-002,-8.634043931961060E-001,4.773695468902588E-001,
1.204550000000000E+009,8.988548815250397E-002,5.532750114798546E-002,-8.422467708587647E-001,5.138542652130127E-001,
1.217100000000000E+009,7.788667827844620E-002,2.533560432493687E-002,-8.209603428840637E-001,5.509555935859680E-001,
1.229650000000000E+009,4.847631230950356E-002,1.455791201442480E-002,-8.012029528617859E-001,5.799511075019836E-001,
1.242200000000000E+009,2.333764918148518E-002,2.963555790483952E-002,-7.781934738159180E-001,6.117542386054993E-001,
1.254750000000000E+009,2.020262368023396E-002,5.878774076700211E-002,-7.536979913711548E-001,6.430677771568298E-001,
1.267300000000000E+009,4.203929007053375E-002,8.091831952333450E-002,-7.259912490844727E-001,6.714224815368652E-001,
1.279850000000000E+009,7.634534686803818E-002,7.932785898447037E-002,-7.019683122634888E-001,6.917071342468262E-001,
1.292400000000000E+009,9.762396663427353E-002,5.258879438042641E-002,-6.763712763786316E-001,7.190469503402710E-001,
1.304950000000000E+009,9.239307790994644E-002,1.758207194507122E-002,-6.522178053855896E-001,7.420418262481690E-001,
1.317500000000000E+009,6.389183551073074E-002,-1.927850535139442E-004,-6.218954324722290E-001,7.664460539817810E-001,
1.330050000000000E+009,3.040606342256069E-002,1.228103786706924E-002,-5.907604694366455E-001,7.950345277786255E-001,
1.342600000000000E+009,1.974629797041416E-002,4.696747660636902E-002,-5.567739009857178E-001,8.185060024261475E-001,
1.355150000000000E+009,4.052697867155075E-002,8.105880022048950E-002,-5.171067118644714E-001,8.340234756469727E-001,
1.367700000000000E+009,8.200200647115707E-002,8.983232080936432E-002,-4.849050045013428E-001,8.566668033599854E-001,
1.380250000000000E+009,1.190055981278420E-001,6.602106243371964E-002,-4.578296840190888E-001,8.693161010742188E-001,
1.392800000000000E+009,1.283851563930512E-001,2.222896367311478E-002,-4.202119112014771E-001,8.824483156204224E-001,
1.405350000000000E+009,1.060590520501137E-001,-1.357397902756929E-002,-3.952201604843140E-001,8.982506394386292E-001,
1.417900000000000E+009,6.697352230548859E-002,-2.229084447026253E-002,-3.606028854846954E-001,9.184504151344299E-001,
1.430450000000000E+009,3.863111138343811E-002,2.253790618851781E-003,-3.231376409530640E-001,9.335309863090515E-001,
1.443000000000000E+009,3.962703794240952E-002,3.855985030531883E-002,-2.811321914196014E-001,9.454149603843689E-001,
1.455550000000000E+009,6.817973405122757E-002,6.183851137757301E-002,-2.477509230375290E-001,9.546998143196106E-001,
1.468100000000000E+009,1.070548072457314E-001,5.454828217625618E-002,-2.119341939687729E-001,9.622994661331177E-001,
1.480650000000000E+009,1.283079683780670E-001,2.489406242966652E-002,-1.748999357223511E-001,9.648874998092651E-001,
1.493200000000000E+009,1.212903410196304E-001,-1.063096988946199E-002,-1.468000859022141E-001,9.721561670303345E-001,
1.505750000000000E+009,9.394964575767517E-002,-2.685058303177357E-002,-1.090311333537102E-001,9.797822833061218E-001,
1.518300000000000E+009,6.546107679605484E-002,-1.624746434390545E-002,-6.618985533714294E-002,9.857414364814758E-001,
1.530850000000000E+009,6.013025343418121E-002,1.065310835838318E-002,-2.662125602364540E-002,9.909710288047791E-001,
1.543400000000000E+009,7.998210191726685E-002,3.114970773458481E-002,1.414711307734251E-002,9.869985580444336E-001,
1.555950000000000E+009,1.131222322583199E-001,2.804485894739628E-002,5.071092024445534E-002,9.819313287734985E-001,
1.568500000000000E+009,1.346176415681839E-001,1.125399721786380E-003,8.630543202161789E-002,9.739679694175720E-001,
1.581050000000000E+009,1.310663968324661E-001,-3.388558328151703E-002,1.156309545040131E-001,9.757279157638550E-001,
1.593600000000000E+009,1.042235195636749E-001,-5.636155232787132E-002,1.554021537303925E-001,9.713119864463806E-001,
1.606150000000000E+009,7.398001849651337E-002,-5.296414345502853E-002,1.956648230552673E-001,9.675848484039307E-001,
1.618700000000000E+009,5.622292682528496E-002,-2.906059287488461E-002,2.311951220035553E-001,9.625843763351440E-001,
1.631250000000000E+009,6.544981151819229E-002,-3.051051869988442E-003,2.708970308303833E-001,9.494663476943970E-001,
1.643800000000000E+009,9.260915219783783E-002,6.235613021999598E-003,3.104251623153687E-001,9.373050928115845E-001,
1.656350000000000E+009,1.191941425204277E-001,-9.764745831489563E-003,3.458649218082428E-001,9.216436743736267E-001,
1.668900000000000E+009,1.263657510280609E-001,-3.869115933775902E-002,3.708052635192871E-001,9.044820070266724E-001,
1.681450000000000E+009,1.135174408555031E-001,-6.662413477897644E-002,4.090248644351959E-001,8.918171525001526E-001,
1.694000000000000E+009,8.693403750658035E-002,-7.549470663070679E-002,4.416875243186951E-001,8.791766762733460E-001,
1.706550000000000E+009,6.437633186578751E-002,-6.369059532880783E-002,4.759482741355896E-001,8.629406690597534E-001,
1.719100000000000E+009,5.891002714633942E-002,-4.182165116071701E-002,5.097525715827942E-001,8.427157998085022E-001,
1.731650000000000E+009,7.370793074369431E-002,-2.666009403765202E-002,5.439670085906982E-001,8.219596147537231E-001,
1.744200000000000E+009,9.746687859296799E-002,-2.747320570051670E-002,5.754737257957459E-001,7.976953983306885E-001,
1.756750000000000E+009,1.134654805064201E-001,-4.567760974168778E-002,6.101115942001343E-001,7.765975594520569E-001,
1.769300000000000E+009,1.154247820377350E-001,-7.150073349475861E-002,6.344490647315979E-001,7.490014433860779E-001,
1.781850000000000E+009,9.996750950813294E-002,-9.010127931833267E-002,6.585873961448669E-001,7.300564050674439E-001,
1.794400000000000E+009,7.856108248233795E-002,-9.593201428651810E-002,6.856148838996887E-001,7.078207135200501E-001,
1.806950000000000E+009,6.326099485158920E-002,-8.624467253684998E-002,7.154706120491028E-001,6.777725219726563E-001,
1.819500000000000E+009,5.956441909074783E-002,-7.105601578950882E-002,7.412810325622559E-001,6.501078009605408E-001,
1.832050000000000E+009,7.136658579111099E-002,-6.353817880153656E-002,7.686983346939087E-001,6.232545971870422E-001,
1.844600000000000E+009,8.609789609909058E-002,-6.885089725255966E-002,7.876929044723511E-001,5.892086625099182E-001,
1.857150000000000E+009,9.378447383642197E-002,-8.750848472118378E-002,8.106994032859802E-001,5.538177490234375E-001,
1.869700000000000E+009,8.890271186828613E-002,-1.084305420517921E-001,8.298226594924927E-001,5.241108536720276E-001,
1.882250000000000E+009,7.034908980131149E-002,-1.234736144542694E-001,8.467685580253601E-001,4.917046427726746E-001,
1.894800000000000E+009,4.833547398447990E-002,-1.223392114043236E-001,8.622992038726807E-001,4.624803662300110E-001,
1.907350000000000E+009,3.415581956505776E-002,-1.088958233594894E-001,8.859289884567261E-001,4.317857921123505E-001,
1.919900000000000E+009,3.431304171681404E-002,-9.064360707998276E-002,9.038977026939392E-001,3.986573815345764E-001,
1.932450000000000E+009,4.915359988808632E-002,-8.110953867435455E-002,9.182647466659546E-001,3.604725897312164E-001,
1.945000000000000E+009,6.783681362867355E-002,-8.919283002614975E-002,9.277127981185913E-001,3.225628137588501E-001,
1.957550000000000E+009,7.750894874334335E-002,-1.128000766038895E-001,9.404407143592835E-001,2.833997309207916E-001,
1.970100000000000E+009,6.700269132852554E-002,-1.415819674730301E-001,9.502831697463989E-001,2.520700991153717E-001,
1.982650000000000E+009,4.083325341343880E-002,-1.584517210721970E-001,9.556365013122559E-001,2.108724117279053E-001,
1.995200000000000E+009,9.783716872334480E-003,-1.534736454486847E-001,9.632764458656311E-001,1.792849898338318E-001,
2.007750000000000E+009,-1.029353216290474E-002,-1.310806423425674E-001,9.709601998329163E-001,1.431676149368286E-001,
2.020300000000000E+009,-6.766059435904026E-003,-1.036095395684242E-001,9.796340465545654E-001,1.075274348258972E-001,
2.032850000000000E+009,1.500590797513723E-002,-9.093973785638809E-002,9.838197231292725E-001,6.718555837869644E-002,
2.045400000000000E+009,3.765168786048889E-002,-1.034111380577087E-001,9.860408902168274E-001,2.196959033608437E-002,
2.057950000000000E+009,4.400547966361046E-002,-1.330742537975311E-001,9.804875254631043E-001,-1.641559228301048E-002,
2.070500000000000E+009,2.697660960257053E-002,-1.619589030742645E-001,9.763790369033814E-001,-5.689797177910805E-002,
2.083050000000000E+009,-7.999831810593605E-003,-1.712699532508850E-001,9.754431843757629E-001,-9.024347364902496E-002,
2.095600000000000E+009,-3.844340518116951E-002,-1.548805385828018E-001,9.678441882133484E-001,-1.200049743056297E-001,
2.108150000000000E+009,-4.746102169156075E-002,-1.240919679403305E-001,9.698386192321777E-001,-1.618181318044663E-001,
2.120700000000000E+009,-2.932354062795639E-002,-1.011426150798798E-001,9.655117988586426E-001,-2.035727500915527E-001,
2.133250000000000E+009,-1.828062115237117E-003,-1.037183180451393E-001,9.525762200355530E-001,-2.451606690883637E-001,
2.145800000000000E+009,1.230850163847208E-002,-1.316038817167282E-001,9.419366717338562E-001,-2.803102433681488E-001,
2.158350000000000E+009,-2.169349463656545E-003,-1.674838513135910E-001,9.274045825004578E-001,-3.153730332851410E-001,
2.170900000000000E+009,-4.182991385459900E-002,-1.847518086433411E-001,9.098696112632752E-001,-3.449395298957825E-001,
2.183450000000000E+009,-8.298908174037933E-002,-1.710518002510071E-001,8.992130160331726E-001,-3.777223527431488E-001,
2.196000000000000E+009,-1.035524010658264E-001,-1.339124590158463E-001,8.869346380233765E-001,-4.048493504524231E-001,
2.208550000000000E+009,-9.196539968252182E-002,-9.571995586156845E-002,8.761904239654541E-001,-4.397790729999542E-001,
2.221100000000000E+009,-5.675793066620827E-002,-8.223638683557510E-002,8.585960865020752E-001,-4.823937714099884E-001,
2.233650000000000E+009,-2.788202464580536E-002,-1.032634153962135E-001,8.376368284225464E-001,-5.128651261329651E-001,
2.246200000000000E+009,-2.944882959127426E-002,-1.424597650766373E-001,8.126041889190674E-001,-5.518880486488342E-001,
2.258750000000000E+009,-6.490712612867355E-002,-1.703931242227554E-001,7.870524525642395E-001,-5.761590003967285E-001,
2.271300000000000E+009,-1.120513528585434E-001,-1.665395498275757E-001,7.669869661331177E-001,-5.989286303520203E-001,
2.283850000000000E+009,-1.441776454448700E-001,-1.296786814928055E-001,7.439415454864502E-001,-6.270329356193543E-001,
2.296400000000000E+009,-1.430701017379761E-001,-8.462218195199966E-002,7.260966897010803E-001,-6.547037363052368E-001,
2.308950000000000E+009,-1.099509894847870E-001,-5.788028612732887E-002,7.046579122543335E-001,-6.865706443786621E-001,
2.321500000000000E+009,-7.187398523092270E-002,-6.682059168815613E-002,6.753699779510498E-001,-7.154154777526856E-001,
2.334050000000000E+009,-5.913091450929642E-002,-1.039618775248528E-001,6.395642161369324E-001,-7.450839877128601E-001,
2.346600000000000E+009,-8.362647891044617E-002,-1.398658752441406E-001,6.083881855010986E-001,-7.669110894203186E-001,
2.359150000000000E+009,-1.305793076753616E-001,-1.459504961967468E-001,5.725335478782654E-001,-7.824807763099670E-001,
2.371700000000000E+009,-1.708036959171295E-001,-1.171582415699959E-001,5.459588766098023E-001,-7.987757325172424E-001,
2.384250000000000E+009,-1.790350377559662E-001,-6.860722601413727E-002,5.221787691116333E-001,-8.199669122695923E-001,
2.396800000000000E+009,-1.525616943836212E-001,-3.212080895900726E-002,4.956502318382263E-001,-8.379582166671753E-001,
2.409350000000000E+009,-1.119621694087982E-001,-2.928562089800835E-002,4.654499292373657E-001,-8.688117861747742E-001,
2.421900000000000E+009,-8.895444124937058E-002,-5.934858694672585E-002,4.242386519908905E-001,-8.891000747680664E-001,
2.434450000000000E+009,-1.025931313633919E-001,-9.655655920505524E-002,3.877777755260468E-001,-9.009463191032410E-001,
2.447000000000000E+009,-1.461154818534851E-001,-1.100047156214714E-001,3.471409082412720E-001,-9.084593057632446E-001,
2.459550000000000E+009,-1.889294683933258E-001,-8.736565709114075E-002,3.140961825847626E-001,-9.157612323760986E-001,
2.472100000000000E+009,-2.048801630735397E-001,-3.817275911569595E-002,2.846654653549194E-001,-9.253202676773071E-001,
2.484650000000000E+009,-1.850802302360535E-001,5.397170782089233E-003,2.569179534912109E-001,-9.377112388610840E-001,
2.497200000000000E+009,-1.400717198848724E-001,2.104222588241100E-002,2.178646773099899E-001,-9.538706541061401E-001,
2.509750000000000E+009,-1.043549478054047E-001,-2.754323417320848E-003,1.788790225982666E-001,-9.682344198226929E-001,
2.522300000000000E+009,-1.033198162913322E-001,-4.392566904425621E-002,1.327052563428879E-001,-9.756545424461365E-001,
2.534850000000000E+009,-1.372871547937393E-001,-6.994157284498215E-002,9.112031012773514E-002,-9.720319509506226E-001,
2.547400000000000E+009,-1.833043098449707E-001,-6.083765998482704E-002,5.921170860528946E-002,-9.682033061981201E-001,
2.559950000000000E+009,-2.113840579986572E-001,-1.971482858061791E-002,2.179321460425854E-002,-9.669004082679749E-001,
2.572500000000000E+009,-2.042820751667023E-001,2.869753725826740E-002,-1.166249625384808E-002,-9.669803380966187E-001,
2.585050000000000E+009,-1.692590713500977E-001,5.579910427331924E-002,-4.193192347884178E-002,-9.744560718536377E-001,
2.597600000000000E+009,-1.303208470344544E-001,4.827233776450157E-002,-8.101473003625870E-002,-9.738260507583618E-001,
2.610150000000000E+009,-1.162250787019730E-001,1.604736596345902E-002,-1.223917677998543E-001,-9.751043319702148E-001,
2.622700000000000E+009,-1.354715675115585E-001,-1.148998830467463E-002,-1.664340496063232E-001,-9.648081064224243E-001,
2.635250000000000E+009,-1.735187768936157E-001,-1.082667708396912E-002,-2.012132108211517E-001,-9.495276212692261E-001,
2.647800000000000E+009,-2.024479508399963E-001,2.216122671961784E-002,-2.383154928684235E-001,-9.382502436637878E-001,
2.660350000000000E+009,-2.007521986961365E-001,6.798948347568512E-002,-2.654367983341217E-001,-9.288618564605713E-001,
2.672900000000000E+009,-1.693809777498245E-001,1.002375781536102E-001,-2.996219098567963E-001,-9.259804487228394E-001,
2.685450000000000E+009,-1.268495619297028E-001,9.877278655767441E-002,-3.313480615615845E-001,-9.180833101272583E-001,
2.698000000000000E+009,-1.025809645652771E-001,6.812690943479538E-002,-3.728721737861633E-001,-9.061910510063171E-001,
2.710550000000000E+009,-1.133356913924217E-001,3.196838870644569E-002,-4.136611223220825E-001,-8.864886760711670E-001,
2.723100000000000E+009,-1.511611044406891E-001,2.095629647374153E-002,-4.528379738330841E-001,-8.635965585708618E-001,
2.735650000000000E+009,-1.886508762836456E-001,4.585064202547073E-002,-4.812578260898590E-001,-8.401525616645813E-001,
2.748200000000000E+009,-1.988430321216583E-001,9.410374611616135E-002,-5.062232613563538E-001,-8.177956938743591E-001,
2.760750000000000E+009,-1.730351746082306E-001,1.382853239774704E-001,-5.284896492958069E-001,-8.028091192245483E-001,
2.773300000000000E+009,-1.261305660009384E-001,1.545322239398956E-001,-5.596014261245728E-001,-7.915838956832886E-001,
2.785850000000000E+009,-8.456824719905853E-002,1.330813020467758E-001,-5.942992568016052E-001,-7.715631127357483E-001,
2.798400000000000E+009,-7.588181644678116E-002,9.057597815990448E-002,-6.305707097053528E-001,-7.511448264122009E-001,
2.810950000000000E+009,-1.039931848645210E-001,5.963413417339325E-002,-6.625735759735107E-001,-7.201180458068848E-001,
2.823500000000000E+009,-1.478230208158493E-001,6.434559077024460E-002,-6.932954788208008E-001,-6.835591197013855E-001,
2.836050000000000E+009,-1.758535653352737E-001,1.047871932387352E-001,-7.111739516258240E-001,-6.554522514343262E-001,
2.848600000000000E+009,-1.671385467052460E-001,1.569630801677704E-001,-7.281516790390015E-001,-6.266506314277649E-001,
2.861150000000000E+009,-1.254631429910660E-001,1.912548094987869E-001,-7.462914586067200E-001,-6.044290661811829E-001,
2.873700000000000E+009,-7.519616186618805E-002,1.880827248096466E-001,-7.699965238571167E-001,-5.856859683990479E-001,
2.886250000000000E+009,-4.457877948880196E-002,1.535572409629822E-001,-8.011926412582398E-001,-5.616887807846069E-001,
2.898800000000000E+009,-5.161101371049881E-002,1.111637502908707E-001,-8.282899260520935E-001,-5.264574289321899E-001,
2.911350000000000E+009,-8.964266628026962E-002,9.495282173156738E-002,-8.517146110534668E-001,-4.869778752326965E-001,
2.923900000000000E+009,-1.276628673076630E-001,1.181474030017853E-001,-8.658775091171265E-001,-4.468625485897064E-001,
2.936450000000000E+009,-1.343932300806046E-001,1.669194996356964E-001,-8.738588690757752E-001,-4.109182059764862E-001,
2.949000000000000E+009,-1.029960736632347E-001,2.106531858444214E-001,-8.810242414474487E-001,-3.804666399955750E-001,
2.961550000000000E+009,-4.882099851965904E-002,2.220059335231781E-001,-8.936010599136353E-001,-3.565480113029480E-001,
2.974100000000000E+009,-4.859448410570622E-003,1.930486708879471E-001,-9.119800329208374E-001,-3.270186781883240E-001,
2.986650000000000E+009,3.588764928281307E-003,1.434513479471207E-001,-9.347142577171326E-001,-2.930641472339630E-001,
2.999200000000000E+009,-2.994410507380962E-002,1.075405403971672E-001,-9.499773383140564E-001,-2.499326318502426E-001,
3.011750000000000E+009,-7.974381744861603E-002,1.149716377258301E-001,-9.587016701698303E-001,-2.022301107645035E-001,
3.024300000000000E+009,-1.063884645700455E-001,1.627554595470429E-001,-9.563614130020142E-001,-1.588282138109207E-001,
3.036850000000000E+009,-8.770781755447388E-002,2.196197211742401E-001,-9.486243724822998E-001,-1.271198838949204E-001,
3.049400000000000E+009,-3.163307532668114E-002,2.504727840423584E-001,-9.481059908866882E-001,-9.959457814693451E-002,
3.061950000000000E+009,3.063094243407250E-002,2.354343682527542E-001,-9.575318694114685E-001,-7.400625199079514E-002,
3.074500000000000E+009,6.258814781904221E-002,1.831171810626984E-001,-9.690238237380981E-001,-4.000060632824898E-002,
3.087050000000000E+009,4.573892429471016E-002,1.255629807710648E-001,-9.774211049079895E-001,1.144605688750744E-003,
3.099600000000000E+009,-9.755652397871018E-003,1.055315062403679E-001,-9.817287921905518E-001,5.154317989945412E-002,
3.112150000000000E+009,-6.065464764833450E-002,1.392432600259781E-001,-9.720650911331177E-001,9.695109724998474E-002,
3.124700000000000E+009,-6.623048335313797E-002,2.047889083623886E-001,-9.529043436050415E-001,1.368568539619446E-001,
3.137250000000000E+009,-2.030008845031261E-002,2.575454115867615E-001,-9.397177100181580E-001,1.642998456954956E-001,
3.149800000000000E+009,5.143470689654350E-002,2.648842334747315E-001,-9.324215650558472E-001,1.878538578748703E-001,
3.162350000000000E+009,1.087018176913261E-001,2.228439748287201E-001,-9.315088987350464E-001,2.137693166732788E-001,
3.174900000000000E+009,1.189954429864883E-001,1.542028039693832E-001,-9.380178451538086E-001,2.510064542293549E-001,
3.187450000000000E+009,7.607419788837433E-002,1.046283245086670E-001,-9.344898462295532E-001,2.972569167613983E-001,
3.200000000000000E+009,1.181454304605722E-002,1.097064316272736E-001,-9.193143844604492E-001,3.468258380889893E-001,
