% Version 1.00
%
%freq[Hz],re:Trc1_S11,im:Trc1_S11,re:Trc2_S21,im:Trc2_S21,
6.900000000000000E+008,-6.443890184164047E-002,6.233854964375496E-002,-5.139674544334412E-001,-8.409899473190308E-001,
7.025500000000000E+008,-4.238190874457359E-002,6.796867400407791E-002,-5.481897592544556E-001,-8.158302903175354E-001,
7.151000000000000E+008,-2.500037848949432E-002,5.857038870453835E-002,-5.839871764183044E-001,-8.037999272346497E-001,
7.276500000000000E+008,-2.160345762968063E-002,4.082790762186050E-002,-6.124969720840454E-001,-7.777914404869080E-001,
7.402000000000000E+008,-3.388443961739540E-002,2.900254726409912E-002,-6.444633603096008E-001,-7.527865767478943E-001,
7.527500000000000E+008,-5.108697339892387E-002,3.250161558389664E-002,-6.724445819854736E-001,-7.216601967811585E-001,
7.653000000000000E+008,-6.092320010066032E-002,4.918493330478668E-002,-6.964704394340515E-001,-7.018701434135437E-001,
7.778500000000000E+008,-5.634044483304024E-002,7.008132338523865E-002,-7.267593145370483E-001,-6.708782911300659E-001,
7.904000000000000E+008,-3.821130096912384E-002,8.376335352659226E-002,-7.538926601409912E-001,-6.499602794647217E-001,
8.029500000000000E+008,-1.785049960017204E-002,8.091592043638229E-002,-7.708641290664673E-001,-6.140320301055908E-001,
8.155000000000000E+008,-5.535367876291275E-003,6.594385206699371E-002,-7.980365753173828E-001,-5.857977271080017E-001,
8.280500000000000E+008,-8.802398107945919E-003,4.798543453216553E-002,-8.210340142250061E-001,-5.496965050697327E-001,
8.406000000000000E+008,-2.348530478775501E-002,4.077521711587906E-002,-8.459447026252747E-001,-5.264711380004883E-001,
8.531500000000000E+008,-3.930837288498879E-002,4.821429401636124E-002,-8.597187399864197E-001,-4.873279929161072E-001,
8.657000000000000E+008,-4.544968158006668E-002,6.642944365739822E-002,-8.777728676795960E-001,-4.570186734199524E-001,
8.782500000000000E+008,-3.674577176570892E-002,8.653228729963303E-002,-8.897606134414673E-001,-4.218414425849915E-001,
8.908000000000000E+008,-1.788709312677383E-002,9.714129567146301E-002,-9.113332033157349E-001,-3.869142830371857E-001,
9.033500000000000E+008,2.115837763994932E-003,9.156640619039536E-002,-9.279540777206421E-001,-3.516404032707214E-001,
9.159000000000000E+008,1.295311469584703E-002,7.683304697275162E-002,-9.388126134872437E-001,-3.158839344978333E-001,
9.284500000000000E+008,9.628344327211380E-003,6.079290434718132E-002,-9.485291242599487E-001,-2.785365283489227E-001,
9.410000000000000E+008,-3.514708951115608E-003,5.500495433807373E-002,-9.594805240631104E-001,-2.410553842782974E-001,
9.535500000000000E+008,-1.665155775845051E-002,6.199555099010468E-002,-9.681152701377869E-001,-2.022300809621811E-001,
9.661000000000000E+008,-1.877832785248756E-002,7.939103990793228E-002,-9.735898971557617E-001,-1.636086106300354E-001,
9.786500000000000E+008,-7.671537809073925E-003,9.494743496179581E-002,-9.795998334884644E-001,-1.269624978303909E-001,
9.912000000000000E+008,1.235826592892408E-002,1.006135046482086E-001,-9.838944077491760E-001,-9.022799134254456E-002,
1.003750000000000E+009,3.074356168508530E-002,9.235814213752747E-002,-9.822720289230347E-001,-5.598610639572144E-002,
1.016300000000000E+009,3.755113109946251E-002,7.451879233121872E-002,-9.901584982872009E-001,-9.625738486647606E-003,
1.028850000000000E+009,2.943964302539825E-002,5.880596116185188E-002,-9.901531934738159E-001,2.736025676131249E-002,
1.041400000000000E+009,1.253369264304638E-002,5.644272640347481E-002,-9.881109595298767E-001,6.035021692514420E-002,
1.053950000000000E+009,1.369932782836258E-003,6.986359506845474E-002,-9.805646538734436E-001,1.061511784791946E-001,
1.066500000000000E+009,4.012559540569782E-003,9.005578607320786E-002,-9.759996533393860E-001,1.432364135980606E-001,
1.079050000000000E+009,2.319600060582161E-002,1.046596914529800E-001,-9.691593050956726E-001,1.774076670408249E-001,
1.091600000000000E+009,4.974260181188583E-002,1.030383110046387E-001,-9.621751904487610E-001,2.145858854055405E-001,
1.104150000000000E+009,6.871052086353302E-002,8.367234468460083E-002,-9.502449035644531E-001,2.487287372350693E-001,
1.116700000000000E+009,6.758810579776764E-002,5.737123265862465E-002,-9.448046088218689E-001,2.878694832324982E-001,
1.129250000000000E+009,4.872618615627289E-002,4.208727553486824E-002,-9.360315203666687E-001,3.240308761596680E-001,
1.141800000000000E+009,2.440340258181095E-002,4.810915142297745E-002,-9.209396243095398E-001,3.652642667293549E-001,
1.154350000000000E+009,1.434427034109831E-002,7.063340395689011E-002,-8.990352749824524E-001,4.016486108303070E-001,
1.166900000000000E+009,2.742065861821175E-002,9.691184014081955E-002,-8.820793628692627E-001,4.329131543636322E-001,
1.179450000000000E+009,5.863130465149880E-002,1.069560647010803E-001,-8.685361742973328E-001,4.680796563625336E-001,
1.192000000000000E+009,8.954572677612305E-002,9.363104403018951E-002,-8.532653450965881E-001,4.984274804592133E-001,
1.204550000000000E+009,1.034583151340485E-001,6.239332258701325E-002,-8.314269781112671E-001,5.252145528793335E-001,
1.217100000000000E+009,9.077122062444687E-002,3.198412433266640E-002,-8.117105960845947E-001,5.573148131370544E-001,
1.229650000000000E+009,6.122174859046936E-002,2.208907902240753E-002,-7.882806062698364E-001,5.896117091178894E-001,
1.242200000000000E+009,3.647646680474281E-002,3.809444978833199E-002,-7.672876715660095E-001,6.214576363563538E-001,
1.254750000000000E+009,3.575630858540535E-002,6.707932054996491E-002,-7.392234802246094E-001,6.542176604270935E-001,
1.267300000000000E+009,5.992628633975983E-002,8.820256590843201E-002,-7.159235477447510E-001,6.771009564399719E-001,
1.279850000000000E+009,9.371065348386765E-002,8.296392112970352E-002,-6.861605644226074E-001,7.009345889091492E-001,
1.292400000000000E+009,1.151663586497307E-001,5.577880516648293E-002,-6.616706252098084E-001,7.225600481033325E-001,
1.304950000000000E+009,1.084322929382324E-001,2.127164974808693E-002,-6.364619731903076E-001,7.523857355117798E-001,
1.317500000000000E+009,7.907870411872864E-002,3.738895757123828E-003,-6.094540357589722E-001,7.738948464393616E-001,
1.330050000000000E+009,4.701860994100571E-002,1.664138957858086E-002,-5.770051479339600E-001,8.084238767623901E-001,
1.342600000000000E+009,3.739076480269432E-002,5.113689601421356E-002,-5.418836474418640E-001,8.272179961204529E-001,
1.355150000000000E+009,5.993061140179634E-002,8.266172558069229E-002,-5.067355036735535E-001,8.424000740051270E-001,
1.367700000000000E+009,1.018994376063347E-001,8.916069567203522E-002,-4.693869054317474E-001,8.619933724403381E-001,
1.380250000000000E+009,1.386105269193649E-001,6.261452287435532E-002,-4.408710002899170E-001,8.744496107101440E-001,
1.392800000000000E+009,1.471638232469559E-001,1.902161724865437E-002,-4.132089912891388E-001,8.831578493118286E-001,
1.405350000000000E+009,1.228158697485924E-001,-1.646319963037968E-002,-3.789450824260712E-001,9.012052416801453E-001,
1.417900000000000E+009,8.375424146652222E-002,-2.295744605362415E-002,-3.436029851436615E-001,9.251056909561157E-001,
1.430450000000000E+009,5.545137822628021E-002,9.524991037324071E-004,-3.071644306182861E-001,9.421222805976868E-001,
1.443000000000000E+009,5.846466496586800E-002,3.657527267932892E-002,-2.645162642002106E-001,9.475412964820862E-001,
1.455550000000000E+009,8.895864337682724E-002,5.754516273736954E-002,-2.267904579639435E-001,9.575239419937134E-001,
1.468100000000000E+009,1.261203289031982E-001,4.924885183572769E-002,-1.909644603729248E-001,9.608767032623291E-001,
1.480650000000000E+009,1.465444564819336E-001,1.608478091657162E-002,-1.580380946397781E-001,9.679075479507446E-001,
1.493200000000000E+009,1.386089771986008E-001,-1.934624277055264E-002,-1.215387955307961E-001,9.736016988754273E-001,
1.505750000000000E+009,1.091249287128449E-001,-3.513274341821671E-002,-9.021640568971634E-002,9.843497276306152E-001,
1.518300000000000E+009,8.250094950199127E-002,-2.420669235289097E-002,-4.862336814403534E-002,9.840496778488159E-001,
1.530850000000000E+009,7.769110053777695E-002,2.332169562578201E-003,-4.266805481165648E-003,9.863936901092529E-001,
1.543400000000000E+009,9.842925518751144E-002,2.172960899770260E-002,3.634699806571007E-002,9.868912100791931E-001,
1.555950000000000E+009,1.302374154329300E-001,1.626118272542954E-002,7.464607059955597E-002,9.783669114112854E-001,
1.568500000000000E+009,1.516834646463394E-001,-1.285659242421389E-002,1.069245040416718E-001,9.749354720115662E-001,
1.581050000000000E+009,1.456969231367111E-001,-4.937325045466423E-002,1.405988782644272E-001,9.692125320434570E-001,
1.593600000000000E+009,1.188778057694435E-001,-7.097771763801575E-002,1.762761175632477E-001,9.660358428955078E-001,
1.606150000000000E+009,8.709918707609177E-002,-6.685265898704529E-002,2.123382389545441E-001,9.622184634208679E-001,
1.618700000000000E+009,7.102984935045242E-002,-4.245509207248688E-002,2.551516890525818E-001,9.533295035362244E-001,
1.631250000000000E+009,8.089574426412582E-002,-1.811921969056130E-002,2.923473417758942E-001,9.403072595596314E-001,
1.643800000000000E+009,1.073890179395676E-001,-1.152298972010613E-002,3.283758461475372E-001,9.316207170486450E-001,
1.656350000000000E+009,1.334696561098099E-001,-2.916473522782326E-002,3.627841472625732E-001,9.114763140678406E-001,
1.668900000000000E+009,1.393813788890839E-001,-6.016035005450249E-002,3.940258324146271E-001,8.974017500877380E-001,
1.681450000000000E+009,1.232391744852066E-001,-8.752986788749695E-002,4.256387948989868E-001,8.800354003906250E-001,
1.694000000000000E+009,9.623042494058609E-002,-9.534943848848343E-002,4.590965509414673E-001,8.684719800949097E-001,
1.706550000000000E+009,7.317255437374115E-002,-8.369238674640656E-002,4.947518408298492E-001,8.519499301910400E-001,
1.719100000000000E+009,6.807933747768402E-002,-6.125627458095551E-002,5.289729833602905E-001,8.326520919799805E-001,
1.731650000000000E+009,8.322724699974060E-002,-4.689569771289825E-002,5.630614161491394E-001,8.106062412261963E-001,
1.744200000000000E+009,1.052161827683449E-001,-4.927700757980347E-002,5.920871496200562E-001,7.832188010215759E-001,
1.756750000000000E+009,1.204185783863068E-001,-6.972485035657883E-002,6.199589967727661E-001,7.568329572677612E-001,
1.769300000000000E+009,1.195456385612488E-001,-9.618829190731049E-002,6.485214829444885E-001,7.372918128967285E-001,
1.781850000000000E+009,1.023000404238701E-001,-1.153682768344879E-001,6.764844655990601E-001,7.105990648269653E-001,
1.794400000000000E+009,7.953918725252152E-002,-1.190590336918831E-001,6.971102952957153E-001,6.824015378952026E-001,
1.806950000000000E+009,6.379625201225281E-002,-1.101061925292015E-001,7.290182113647461E-001,6.580508351325989E-001,
1.819500000000000E+009,6.160091236233711E-002,-9.501050412654877E-002,7.548604011535645E-001,6.282327771186829E-001,
1.832050000000000E+009,7.212289422750473E-002,-8.735746890306473E-002,7.853467464447022E-001,6.025704145431519E-001,
1.844600000000000E+009,8.602948486804962E-002,-9.410410374403000E-002,8.019198775291443E-001,5.662240982055664E-001,
1.857150000000000E+009,9.233903139829636E-002,-1.132516637444496E-001,8.230797648429871E-001,5.330628752708435E-001,
1.869700000000000E+009,8.490224927663803E-002,-1.346100866794586E-001,8.378936648368835E-001,5.014481544494629E-001,
1.882250000000000E+009,6.478277593851090E-002,-1.481130272150040E-001,8.526318669319153E-001,4.679329097270966E-001,
1.894800000000000E+009,4.193983599543572E-002,-1.467360705137253E-001,8.731515407562256E-001,4.397248923778534E-001,
1.907350000000000E+009,2.699040435254574E-002,-1.325291991233826E-001,8.908141255378723E-001,4.038371145725250E-001,
1.919900000000000E+009,2.758512273430824E-002,-1.141827628016472E-001,9.098896980285645E-001,3.697617948055267E-001,
1.932450000000000E+009,4.279561340808868E-002,-1.053803786635399E-001,9.286822080612183E-001,3.349937498569489E-001,
1.945000000000000E+009,6.016178429126740E-002,-1.151499897241592E-001,9.368218183517456E-001,2.950108051300049E-001,
1.957550000000000E+009,6.672824919223785E-002,-1.394459456205368E-001,9.443767070770264E-001,2.592425644397736E-001,
1.970100000000000E+009,5.342662334442139E-002,-1.674676984548569E-001,9.498900175094605E-001,2.190137058496475E-001,
1.982650000000000E+009,2.454352751374245E-002,-1.828071326017380E-001,9.588434100151062E-001,1.894560754299164E-001,
1.995200000000000E+009,-7.347619626671076E-003,-1.762927174568176E-001,9.648868441581726E-001,1.552541851997376E-001,
2.007750000000000E+009,-2.558507770299912E-002,-1.526097953319550E-001,9.720147252082825E-001,1.207135170698166E-001,
2.020300000000000E+009,-2.180630154907703E-002,-1.250529885292053E-001,9.793328642845154E-001,8.247344195842743E-002,
2.032850000000000E+009,2.195465931436047E-004,-1.136751696467400E-001,9.842786192893982E-001,4.126125201582909E-002,
2.045400000000000E+009,2.188382856547833E-002,-1.269688904285431E-001,9.826155304908752E-001,-2.011999953538179E-003,
2.057950000000000E+009,2.517211623489857E-002,-1.567514836788178E-001,9.769054651260376E-001,-4.420419782400131E-002,
2.070500000000000E+009,3.160828957334161E-003,-1.839777529239655E-001,9.704789519309998E-001,-8.249698579311371E-002,
2.083050000000000E+009,-3.278890997171402E-002,-1.920330524444580E-001,9.678822755813599E-001,-1.190869584679604E-001,
2.095600000000000E+009,-6.393504142761231E-002,-1.731887906789780E-001,9.642568826675415E-001,-1.511740684509277E-001,
2.108150000000000E+009,-7.078392803668976E-002,-1.410572528839111E-001,9.631818532943726E-001,-1.864204555749893E-001,
2.120700000000000E+009,-5.219017714262009E-002,-1.185964792966843E-001,9.549815654754639E-001,-2.262157797813416E-001,
2.133250000000000E+009,-2.571813389658928E-002,-1.222598627209663E-001,9.471161961555481E-001,-2.696222662925720E-001,
2.145800000000000E+009,-1.390993501991034E-002,-1.515573561191559E-001,9.301924109458923E-001,-3.064776957035065E-001,
2.158350000000000E+009,-3.186826035380364E-002,-1.840588599443436E-001,9.143818616867065E-001,-3.426828086376190E-001,
2.170900000000000E+009,-7.300071418285370E-002,-1.980287432670593E-001,8.958375453948975E-001,-3.703581988811493E-001,
2.183450000000000E+009,-1.150999069213867E-001,-1.822860538959503E-001,8.808689713478088E-001,-3.976126015186310E-001,
2.196000000000000E+009,-1.342954933643341E-001,-1.416350156068802E-001,8.686555624008179E-001,-4.261765480041504E-001,
2.208550000000000E+009,-1.204405799508095E-001,-1.045236140489578E-001,8.601861596107483E-001,-4.626928567886353E-001,
2.221100000000000E+009,-8.611597865819931E-002,-9.305240958929062E-002,8.406681418418884E-001,-5.008458495140076E-001,
2.233650000000000E+009,-5.840766802430153E-002,-1.149458289146423E-001,8.215951919555664E-001,-5.418385863304138E-001,
2.246200000000000E+009,-6.338588148355484E-002,-1.531064808368683E-001,7.929868102073669E-001,-5.735651850700378E-001,
2.258750000000000E+009,-1.012375131249428E-001,-1.777004897594452E-001,7.651278376579285E-001,-5.991381406784058E-001,
2.271300000000000E+009,-1.480612605810165E-001,-1.689074337482452E-001,7.407610416412354E-001,-6.192564964294434E-001,
2.283850000000000E+009,-1.796382069587708E-001,-1.302475631237030E-001,7.212597727775574E-001,-6.426245570182800E-001,
2.296400000000000E+009,-1.763600111007690E-001,-8.336348086595535E-002,7.009643912315369E-001,-6.723805665969849E-001,
2.308950000000000E+009,-1.417299807071686E-001,-5.852558836340904E-002,6.791906356811523E-001,-7.012243270874023E-001,
2.321500000000000E+009,-1.051064059138298E-001,-6.839681416749954E-002,6.501860618591309E-001,-7.339730858802795E-001,
2.334050000000000E+009,-9.497896581888199E-002,-1.059371754527092E-001,6.140007972717285E-001,-7.604428529739380E-001,
2.346600000000000E+009,-1.231261566281319E-001,-1.381545513868332E-001,5.785731077194214E-001,-7.832282781600952E-001,
2.359150000000000E+009,-1.703941524028778E-001,-1.396524012088776E-001,5.450949668884277E-001,-7.968026399612427E-001,
2.371700000000000E+009,-2.076955288648605E-001,-1.057875603437424E-001,5.164066553115845E-001,-8.128720521926880E-001,
2.384250000000000E+009,-2.126247733831406E-001,-5.647542327642441E-002,4.921065270900726E-001,-8.294933438301086E-001,
2.396800000000000E+009,-1.851058900356293E-001,-2.036653272807598E-002,4.652147889137268E-001,-8.502550721168518E-001,
2.409350000000000E+009,-1.445809006690979E-001,-1.841205544769764E-002,4.359882473945618E-001,-8.775864243507385E-001,
2.421900000000000E+009,-1.239192709326744E-001,-4.827921092510223E-002,3.937009572982788E-001,-8.961455821990967E-001,
2.434450000000000E+009,-1.395102441310883E-001,-8.392157405614853E-002,3.528306782245636E-001,-9.113069176673889E-001,
2.447000000000000E+009,-1.834195703268051E-001,-9.264250099658966E-002,3.119781017303467E-001,-9.171822071075440E-001,
2.459550000000000E+009,-2.243997305631638E-001,-6.485456973314285E-002,2.813467383384705E-001,-9.198980331420898E-001,
2.472100000000000E+009,-2.363800108432770E-001,-1.448649447411299E-002,2.489038854837418E-001,-9.254781603813171E-001,
2.484650000000000E+009,-2.134851664304733E-001,2.967838011682034E-002,2.235623300075531E-001,-9.393833279609680E-001,
2.497200000000000E+009,-1.687403619289398E-001,4.251693561673164E-002,1.875704824924469E-001,-9.561529159545898E-001,
2.509750000000000E+009,-1.345981210470200E-001,1.913076452910900E-002,1.432456672191620E-001,-9.724906086921692E-001,
2.522300000000000E+009,-1.349626183509827E-001,-2.092294208705425E-002,1.002455279231072E-001,-9.734166264533997E-001,
2.534850000000000E+009,-1.701317280530930E-001,-4.323031753301621E-002,5.690651386976242E-002,-9.696283936500549E-001,
2.547400000000000E+009,-2.146968096494675E-001,-2.955830469727516E-002,2.055806666612625E-002,-9.644951820373535E-001,
2.559950000000000E+009,-2.384112626314163E-001,1.433608680963516E-002,-1.174249500036240E-002,-9.580406546592712E-001,
2.572500000000000E+009,-2.273800075054169E-001,6.246829405426979E-002,-4.207450523972511E-002,-9.592624902725220E-001,
2.585050000000000E+009,-1.905435770750046E-001,8.843130618333817E-002,-7.319363206624985E-002,-9.638390541076660E-001,
2.597600000000000E+009,-1.524162739515305E-001,8.030848205089569E-002,-1.151755824685097E-001,-9.652501344680786E-001,
2.610150000000000E+009,-1.385880410671234E-001,4.954076185822487E-002,-1.560984253883362E-001,-9.647305607795715E-001,
2.622700000000000E+009,-1.594151556491852E-001,2.323077060282230E-002,-1.991262137889862E-001,-9.535808563232422E-001,
2.635250000000000E+009,-1.956851035356522E-001,2.750293537974358E-002,-2.377046644687653E-001,-9.376405477523804E-001,
2.647800000000000E+009,-2.208981364965439E-001,6.287223845720291E-002,-2.691070139408112E-001,-9.209724068641663E-001,
2.660350000000000E+009,-2.146849334239960E-001,1.094523668289185E-001,-2.963303923606873E-001,-9.119711518287659E-001,
2.672900000000000E+009,-1.804187297821045E-001,1.394642889499664E-001,-3.250655531883240E-001,-9.050423502922058E-001,
2.685450000000000E+009,-1.373142898082733E-001,1.375873237848282E-001,-3.624528944492340E-001,-8.972985744476318E-001,
2.698000000000000E+009,-1.140836253762245E-001,1.070163920521736E-001,-4.003760814666748E-001,-8.902059793472290E-001,
2.710550000000000E+009,-1.260944455862045E-001,7.316858321428299E-002,-4.438820481300354E-001,-8.725292682647705E-001,
2.723100000000000E+009,-1.631724387407303E-001,6.461057811975479E-002,-4.811469316482544E-001,-8.427277803421021E-001,
2.735650000000000E+009,-1.971648484468460E-001,9.224308282136917E-002,-5.099996924400330E-001,-8.190639019012451E-001,
2.748200000000000E+009,-2.018669545650482E-001,1.418824940919876E-001,-5.336334705352783E-001,-7.921919226646423E-001,
2.760750000000000E+009,-1.727027297019959E-001,1.843968778848648E-001,-5.532207489013672E-001,-7.743591070175171E-001,
2.773300000000000E+009,-1.240254491567612E-001,1.964569389820099E-001,-5.803007483482361E-001,-7.643856406211853E-001,
2.785850000000000E+009,-8.323469012975693E-002,1.744886636734009E-001,-6.155706048011780E-001,-7.469774484634399E-001,
2.798400000000000E+009,-7.525495439767838E-002,1.328920423984528E-001,-6.524766087532044E-001,-7.259403467178345E-001,
2.810950000000000E+009,-1.032304465770721E-001,1.047935038805008E-001,-6.877538561820984E-001,-6.923642158508301E-001,
2.823500000000000E+009,-1.457612812519074E-001,1.128783300518990E-001,-7.107005715370178E-001,-6.593062281608582E-001,
2.836050000000000E+009,-1.682482957839966E-001,1.543905287981033E-001,-7.330000400543213E-001,-6.225292682647705E-001,
2.848600000000000E+009,-1.547344326972961E-001,2.054939270019531E-001,-7.461217641830444E-001,-5.940968394279480E-001,
2.861150000000000E+009,-1.091549396514893E-001,2.363923192024231E-001,-7.598854303359985E-001,-5.710155963897705E-001,
2.873700000000000E+009,-5.807929486036301E-002,2.312206774950028E-001,-7.846900820732117E-001,-5.547580718994141E-001,
2.886250000000000E+009,-2.769984304904938E-002,1.939642578363419E-001,-8.136572241783142E-001,-5.258446335792542E-001,
2.898800000000000E+009,-3.596132248640060E-002,1.531966924667358E-001,-8.414992094039917E-001,-4.928105473518372E-001,
2.911350000000000E+009,-7.212802022695541E-002,1.393457204103470E-001,-8.634403944015503E-001,-4.512820839881897E-001,
2.923900000000000E+009,-1.072341129183769E-001,1.648376286029816E-001,-8.759204745292664E-001,-4.095075130462647E-001,
2.936450000000000E+009,-1.084795072674751E-001,2.133507728576660E-001,-8.812501430511475E-001,-3.695701658725739E-001,
2.949000000000000E+009,-7.233065366744995E-002,2.537829875946045E-001,-8.858039379119873E-001,-3.439822196960449E-001,
2.961550000000000E+009,-1.744733937084675E-002,2.599869668483734E-001,-8.968247175216675E-001,-3.155606985092163E-001,
2.974100000000000E+009,2.673674002289772E-002,2.282448858022690E-001,-9.167647361755371E-001,-2.927691638469696E-001,
2.986650000000000E+009,3.290608525276184E-002,1.789587289094925E-001,-9.374065995216370E-001,-2.568841576576233E-001,
2.999200000000000E+009,-8.373281452804804E-004,1.447387337684631E-001,-9.535291194915772E-001,-2.130354642868042E-001,
3.011750000000000E+009,-4.837119951844215E-002,1.553269028663635E-001,-9.622737169265747E-001,-1.639861017465591E-001,
3.024300000000000E+009,-6.917497515678406E-002,2.036357522010803E-001,-9.560288190841675E-001,-1.189217790961266E-001,
3.036850000000000E+009,-4.475556313991547E-002,2.574736177921295E-001,-9.486405253410339E-001,-8.437290787696838E-002,
3.049400000000000E+009,1.330370455980301E-002,2.819723784923554E-001,-9.428533315658569E-001,-6.077969819307327E-002,
3.061950000000000E+009,7.397375255823135E-002,2.622756063938141E-001,-9.483370184898377E-001,-3.591495007276535E-002,
3.074500000000000E+009,1.047630086541176E-001,2.069805413484573E-001,-9.610050320625305E-001,-6.704478058964014E-003,
3.087050000000000E+009,8.558791130781174E-002,1.507808864116669E-001,-9.734041690826416E-001,3.767725452780724E-002,
3.099600000000000E+009,3.128294646739960E-002,1.334058940410614E-001,-9.757831692695618E-001,8.745155483484268E-002,
3.112150000000000E+009,-1.497474592179060E-002,1.696962565183640E-001,-9.618417620658875E-001,1.351598352193832E-001,
3.124700000000000E+009,-1.386692468076944E-002,2.343032509088516E-001,-9.426658749580383E-001,1.776626557111740E-001,
3.137250000000000E+009,3.653490915894508E-002,2.803279161453247E-001,-9.229722023010254E-001,2.059564143419266E-001,
3.149800000000000E+009,1.082948222756386E-001,2.807124853134155E-001,-9.138398766517639E-001,2.244442552328110E-001,
3.162350000000000E+009,1.620116978883743E-001,2.336049675941467E-001,-9.138684868812561E-001,2.469400614500046E-001,
3.174900000000000E+009,1.682181060314179E-001,1.641863733530045E-001,-9.169996380805969E-001,2.812862992286682E-001,
3.187450000000000E+009,1.233167499303818E-001,1.176325157284737E-001,-9.150461554527283E-001,3.315961062908173E-001,
3.200000000000000E+009,6.195428967475891E-002,1.263103038072586E-001,-9.019752740859985E-001,3.797602355480194E-001,
