% Version 1.00
%
%freq[Hz],re:Trc1_S11,im:Trc1_S11,re:Trc2_S21,im:Trc2_S21,re:Trc3_S11,im:Trc3_S11,re:Trc4_S21,im:Trc4_S21,
6.900000000000000E+008,-4.254662990570068E-002,3.399867564439774E-002,-5.008262991905212E-001,-8.595098853111267E-001,-4.254662990570068E-002,3.399867564439774E-002,-5.008262991905212E-001,-8.595098853111267E-001,
6.983666666666666E+008,-3.505285456776619E-002,3.275688365101814E-002,-5.210974812507629E-001,-8.350741863250732E-001,-3.505285456776619E-002,3.275688365101814E-002,-5.210974812507629E-001,-8.350741863250732E-001,
7.067333333333334E+008,-2.921784296631813E-002,2.854893915355206E-002,-5.133927464485169E-001,-8.184894919395447E-001,-2.921784296631813E-002,2.854893915355206E-002,-5.133927464485169E-001,-8.184894919395447E-001,
7.151000000000000E+008,-2.612516283988953E-002,2.185384556651115E-002,-5.557156801223755E-001,-8.075083494186401E-001,-2.612516283988953E-002,2.185384556651115E-002,-5.557156801223755E-001,-8.075083494186401E-001,
7.234666666666666E+008,-2.964232303202152E-002,1.579993218183518E-002,-5.723499059677124E-001,-7.866257429122925E-001,-2.964232303202152E-002,1.579993218183518E-002,-5.723499059677124E-001,-7.866257429122925E-001,
7.318333333333334E+008,-3.578142076730728E-002,1.189523003995419E-002,-5.995798707008362E-001,-7.927982807159424E-001,-3.578142076730728E-002,1.189523003995419E-002,-5.995798707008362E-001,-7.927982807159424E-001,
7.402000000000000E+008,-4.356409609317780E-002,1.462862454354763E-002,-6.293706297874451E-001,-7.683759331703186E-001,-4.356409609317780E-002,1.462862454354763E-002,-6.293706297874451E-001,-7.683759331703186E-001,
7.485666666666666E+008,-4.881960898637772E-002,2.055397816002369E-002,-6.378982067108154E-001,-7.520026564598084E-001,-4.881960898637772E-002,2.055397816002369E-002,-6.378982067108154E-001,-7.520026564598084E-001,
7.569333333333334E+008,-5.150047317147255E-002,3.001719154417515E-002,-6.576724052429199E-001,-7.430530190467835E-001,-5.150047317147255E-002,3.001719154417515E-002,-6.576724052429199E-001,-7.430530190467835E-001,
7.653000000000000E+008,-4.727780446410179E-002,3.851775452494621E-002,-6.827411651611328E-001,-7.206063270568848E-001,-4.727780446410179E-002,3.851775452494621E-002,-6.827411651611328E-001,-7.206063270568848E-001,
7.736666666666666E+008,-4.295288771390915E-002,4.806385189294815E-002,-7.002262473106384E-001,-6.942414641380310E-001,-4.295288771390915E-002,4.806385189294815E-002,-7.002262473106384E-001,-6.942414641380310E-001,
7.820333333333334E+008,-3.386596217751503E-002,5.002743005752564E-002,-7.154448628425598E-001,-6.958613395690918E-001,-3.386596217751503E-002,5.002743005752564E-002,-7.154448628425598E-001,-6.958613395690918E-001,
7.904000000000000E+008,-2.670972049236298E-002,4.721905291080475E-002,-7.362302541732788E-001,-6.758535504341126E-001,-2.670972049236298E-002,4.721905291080475E-002,-7.362302541732788E-001,-6.758535504341126E-001,
7.987666666666666E+008,-2.084778994321823E-002,4.337159916758537E-002,-7.477049827575684E-001,-6.463763713836670E-001,-2.084778994321823E-002,4.337159916758537E-002,-7.477049827575684E-001,-6.463763713836670E-001,
8.071333333333334E+008,-1.887132041156292E-002,3.721604868769646E-002,-7.713244557380676E-001,-6.375724077224731E-001,-1.887132041156292E-002,3.721604868769646E-002,-7.713244557380676E-001,-6.375724077224731E-001,
8.155000000000000E+008,-2.256592735648155E-002,3.156702592968941E-002,-7.783379554748535E-001,-6.141524910926819E-001,-2.256592735648155E-002,3.156702592968941E-002,-7.783379554748535E-001,-6.141524910926819E-001,
8.238666666666666E+008,-2.756754308938980E-002,2.781430445611477E-002,-7.946796417236328E-001,-5.984019041061401E-001,-2.756754308938980E-002,2.781430445611477E-002,-7.946796417236328E-001,-5.984019041061401E-001,
8.322333333333334E+008,-3.337623551487923E-002,2.902456186711788E-002,-8.031489253044128E-001,-5.680900216102600E-001,-3.337623551487923E-002,2.902456186711788E-002,-8.031489253044128E-001,-5.680900216102600E-001,
8.406000000000000E+008,-3.730266168713570E-002,3.236278891563416E-002,-8.324015140533447E-001,-5.426381230354309E-001,-3.730266168713570E-002,3.236278891563416E-002,-8.324015140533447E-001,-5.426381230354309E-001,
8.489666666666668E+008,-3.876923769712448E-002,4.209787398576737E-002,-8.361741900444031E-001,-5.329435467720032E-001,-3.876923769712448E-002,4.209787398576737E-002,-8.361741900444031E-001,-5.329435467720032E-001,
8.573333333333334E+008,-3.835757449269295E-002,5.145153403282166E-002,-8.489487171173096E-001,-4.865341484546661E-001,-3.835757449269295E-002,5.145153403282166E-002,-8.489487171173096E-001,-4.865341484546661E-001,
8.657000000000000E+008,-3.342717885971069E-002,5.805691331624985E-002,-8.632411360740662E-001,-4.749433696269989E-001,-3.342717885971069E-002,5.805691331624985E-002,-8.632411360740662E-001,-4.749433696269989E-001,
8.740666666666668E+008,-2.512592077255249E-002,6.258460134267807E-002,-8.719408512115479E-001,-4.637370109558106E-001,-2.512592077255249E-002,6.258460134267807E-002,-8.719408512115479E-001,-4.637370109558106E-001,
8.824333333333334E+008,-1.617549173533917E-002,6.404107064008713E-002,-8.783063888549805E-001,-4.397988915443420E-001,-1.617549173533917E-002,6.404107064008713E-002,-8.783063888549805E-001,-4.397988915443420E-001,
8.908000000000000E+008,-8.783837780356407E-003,6.067752093076706E-002,-8.959054946899414E-001,-4.245760142803192E-001,-8.783837780356407E-003,6.067752093076706E-002,-8.959054946899414E-001,-4.245760142803192E-001,
8.991666666666668E+008,-2.856156788766384E-003,5.420183762907982E-002,-8.948334455490112E-001,-3.912867605686188E-001,-2.856156788766384E-003,5.420183762907982E-002,-8.948334455490112E-001,-3.912867605686188E-001,
9.075333333333334E+008,-5.021167453378439E-003,4.868882521986961E-002,-9.186564683914185E-001,-3.759874403476715E-001,-5.021167453378439E-003,4.868882521986961E-002,-9.186564683914185E-001,-3.759874403476715E-001,
9.159000000000000E+008,-8.595246821641922E-003,4.233230277895927E-002,-9.229127764701843E-001,-3.492498397827148E-001,-8.595246821641922E-003,4.233230277895927E-002,-9.229127764701843E-001,-3.492498397827148E-001,
9.242666666666668E+008,-1.408724952489138E-002,4.183766990900040E-002,-9.299583435058594E-001,-3.340306580066681E-001,-1.408724952489138E-002,4.183766990900040E-002,-9.299583435058594E-001,-3.340306580066681E-001,
9.326333333333334E+008,-2.067003026604652E-002,4.273685067892075E-002,-9.446676373481751E-001,-3.040172457695007E-001,-2.067003026604652E-002,4.273685067892075E-002,-9.446676373481751E-001,-3.040172457695007E-001,
9.410000000000000E+008,-2.349789626896381E-002,4.857754707336426E-002,-9.495622515678406E-001,-2.791242003440857E-001,-2.349789626896381E-002,4.857754707336426E-002,-9.495622515678406E-001,-2.791242003440857E-001,
9.493666666666668E+008,-2.389812842011452E-002,5.698790773749352E-002,-9.528206586837769E-001,-2.502449750900269E-001,-2.389812842011452E-002,5.698790773749352E-002,-9.528206586837769E-001,-2.502449750900269E-001,
9.577333333333334E+008,-1.950397901237011E-002,6.378123164176941E-002,-9.607112407684326E-001,-2.149062603712082E-001,-1.950397901237011E-002,6.378123164176941E-002,-9.607112407684326E-001,-2.149062603712082E-001,
9.661000000000000E+008,-1.111582480370998E-002,7.237526774406433E-002,-9.636499881744385E-001,-1.937621235847473E-001,-1.111582480370998E-002,7.237526774406433E-002,-9.636499881744385E-001,-1.937621235847473E-001,
9.744666666666668E+008,-3.225658787414432E-003,7.652194052934647E-002,-9.731416702270508E-001,-1.817340105772018E-001,-3.225658787414432E-003,7.652194052934647E-002,-9.731416702270508E-001,-1.817340105772018E-001,
9.828333333333334E+008,8.985193446278572E-003,7.475764304399490E-002,-9.769110679626465E-001,-1.480815410614014E-001,8.985193446278572E-003,7.475764304399490E-002,-9.769110679626465E-001,-1.480815410614014E-001,
9.912000000000000E+008,1.802471838891506E-002,7.036266475915909E-002,-9.720905423164368E-001,-1.401713192462921E-001,1.802471838891506E-002,7.036266475915909E-002,-9.720905423164368E-001,-1.401713192462921E-001,
9.995666666666668E+008,2.104545757174492E-002,6.116954237222672E-002,-1.000693321228027E+000,-1.045001894235611E-001,2.104545757174492E-002,6.116954237222672E-002,-1.000693321228027E+000,-1.045001894235611E-001,
1.007933333333333E+009,2.059195563197136E-002,5.224928632378578E-002,-9.829503297805786E-001,-8.885768055915833E-002,2.059195563197136E-002,5.224928632378578E-002,-9.829503297805786E-001,-8.885768055915833E-002,
1.016300000000000E+009,1.797080971300602E-002,4.455101490020752E-002,-9.862813353538513E-001,-6.108313053846359E-002,1.797080971300602E-002,4.455101490020752E-002,-9.862813353538513E-001,-6.108313053846359E-002,
1.024666666666667E+009,1.027021929621697E-002,4.318354278802872E-002,-9.880812764167786E-001,-2.582400664687157E-002,1.027021929621697E-002,4.318354278802872E-002,-9.880812764167786E-001,-2.582400664687157E-002,
1.033033333333333E+009,3.276856383308768E-003,4.561152681708336E-002,-9.962303042411804E-001,-2.749637886881828E-002,3.276856383308768E-003,4.561152681708336E-002,-9.962303042411804E-001,-2.749637886881828E-002,
1.041400000000000E+009,-2.970585832372308E-003,5.083500593900681E-002,-9.787280559539795E-001,2.885698713362217E-002,-2.970585832372308E-003,5.083500593900681E-002,-9.787280559539795E-001,2.885698713362217E-002,
1.049766666666667E+009,-1.165705150924623E-003,5.995005369186401E-002,-9.873294234275818E-001,4.889247566461563E-002,-1.165705150924623E-003,5.995005369186401E-002,-9.873294234275818E-001,4.889247566461563E-002,
1.058133333333333E+009,5.754152778536081E-003,6.750636547803879E-002,-9.715427756309509E-001,7.780851423740387E-002,5.754152778536081E-003,6.750636547803879E-002,-9.715427756309509E-001,7.780851423740387E-002,
1.066500000000000E+009,1.510063838213682E-002,7.205756008625031E-002,-9.714311361312866E-001,8.719401061534882E-002,1.510063838213682E-002,7.205756008625031E-002,-9.714311361312866E-001,8.719401061534882E-002,
1.074866666666667E+009,2.989998087286949E-002,7.384140789508820E-002,-9.647980928421021E-001,1.429318338632584E-001,2.989998087286949E-002,7.384140789508820E-002,-9.647980928421021E-001,1.429318338632584E-001,
1.083233333333334E+009,4.015925899147987E-002,6.562645733356476E-002,-9.728581309318543E-001,1.492099463939667E-001,4.015925899147987E-002,6.562645733356476E-002,-9.728581309318543E-001,1.492099463939667E-001,
1.091600000000000E+009,4.602005332708359E-002,5.523636192083359E-002,-9.653165936470032E-001,1.700000762939453E-001,4.602005332708359E-002,5.523636192083359E-002,-9.653165936470032E-001,1.700000762939453E-001,
1.099966666666667E+009,4.487574473023415E-002,4.412621259689331E-002,-9.746770262718201E-001,1.848088800907135E-001,4.487574473023415E-002,4.412621259689331E-002,-9.746770262718201E-001,1.848088800907135E-001,
1.108333333333334E+009,3.889741376042366E-002,3.051513433456421E-002,-9.656451940536499E-001,2.026778161525726E-001,3.889741376042366E-002,3.051513433456421E-002,-9.656451940536499E-001,2.026778161525726E-001,
1.116700000000000E+009,2.473061159253120E-002,2.868907339870930E-002,-9.654644727706909E-001,2.518365085124970E-001,2.473061159253120E-002,2.868907339870930E-002,-9.654644727706909E-001,2.518365085124970E-001,
1.125066666666667E+009,1.363304536789656E-002,3.120163828134537E-002,-9.510486721992493E-001,2.734783887863159E-001,1.363304536789656E-002,3.120163828134537E-002,-9.510486721992493E-001,2.734783887863159E-001,
1.133433333333334E+009,5.702339112758637E-003,4.169642925262451E-002,-9.540662765502930E-001,2.922912538051605E-001,5.702339112758637E-003,4.169642925262451E-002,-9.540662765502930E-001,2.922912538051605E-001,
1.141800000000000E+009,4.706086125224829E-003,5.718604475259781E-002,-9.150373339653015E-001,3.157977163791657E-001,4.706086125224829E-003,5.718604475259781E-002,-9.150373339653015E-001,3.157977163791657E-001,
1.150166666666667E+009,1.333787851035595E-002,6.941558420658112E-002,-9.226458072662354E-001,3.373123109340668E-001,1.333787851035595E-002,6.941558420658112E-002,-9.226458072662354E-001,3.373123109340668E-001,
1.158533333333334E+009,3.158983588218689E-002,7.922615110874176E-002,-9.161558747291565E-001,3.607742786407471E-001,3.158983588218689E-002,7.922615110874176E-002,-9.161558747291565E-001,3.607742786407471E-001,
1.166900000000000E+009,4.773632064461708E-002,7.740513980388641E-002,-8.984239697456360E-001,3.904623985290527E-001,4.773632064461708E-002,7.740513980388641E-002,-8.984239697456360E-001,3.904623985290527E-001,
1.175266666666667E+009,6.519396603107452E-002,6.921463459730148E-002,-8.848239183425903E-001,4.117152690887451E-001,6.519396603107452E-002,6.921463459730148E-002,-8.848239183425903E-001,4.117152690887451E-001,
1.183633333333334E+009,7.561656832695007E-002,5.454773455858231E-002,-8.854287266731262E-001,4.440815448760986E-001,7.561656832695007E-002,5.454773455858231E-002,-8.854287266731262E-001,4.440815448760986E-001,
1.192000000000000E+009,7.734497636556625E-002,3.559912741184235E-002,-8.780881166458130E-001,4.529462754726410E-001,7.734497636556625E-002,3.559912741184235E-002,-8.780881166458130E-001,4.529462754726410E-001,
1.200366666666667E+009,6.857831031084061E-002,1.890544220805168E-002,-8.590965270996094E-001,4.757629632949829E-001,6.857831031084061E-002,1.890544220805168E-002,-8.590965270996094E-001,4.757629632949829E-001,
1.208733333333334E+009,5.226651579141617E-002,9.989501908421516E-003,-8.453829884529114E-001,4.975214898586273E-001,5.226651579141617E-002,9.989501908421516E-003,-8.453829884529114E-001,4.975214898586273E-001,
1.217100000000000E+009,3.733006492257118E-002,9.023761376738548E-003,-8.384329676628113E-001,5.152888298034668E-001,3.733006492257118E-002,9.023761376738548E-003,-8.384329676628113E-001,5.152888298034668E-001,
1.225466666666667E+009,2.228138223290443E-002,2.224270068109036E-002,-8.159438967704773E-001,5.371726155281067E-001,2.228138223290443E-002,2.224270068109036E-002,-8.159438967704773E-001,5.371726155281067E-001,
1.233833333333334E+009,1.812920719385147E-002,3.625668957829475E-002,-8.069318532943726E-001,5.604389905929565E-001,1.812920719385147E-002,3.625668957829475E-002,-8.069318532943726E-001,5.604389905929565E-001,
1.242200000000000E+009,2.498441562056541E-002,5.325181037187576E-002,-7.951059341430664E-001,5.984814167022705E-001,2.498441562056541E-002,5.325181037187576E-002,-7.951059341430664E-001,5.984814167022705E-001,
1.250566666666667E+009,4.237457737326622E-002,6.284242868423462E-002,-7.764840722084045E-001,6.016825437545776E-001,4.237457737326622E-002,6.284242868423462E-002,-7.764840722084045E-001,6.016825437545776E-001,
1.258933333333334E+009,6.166655197739601E-002,6.181265786290169E-002,-7.646204233169556E-001,6.196319460868835E-001,6.166655197739601E-002,6.181265786290169E-002,-7.646204233169556E-001,6.196319460868835E-001,
1.267300000000000E+009,7.948431372642517E-002,5.319175496697426E-002,-7.403879165649414E-001,6.381098628044128E-001,7.948431372642517E-002,5.319175496697426E-002,-7.403879165649414E-001,6.381098628044128E-001,
1.275666666666667E+009,9.054221957921982E-002,3.246590495109558E-002,-7.475477457046509E-001,6.433507800102234E-001,9.054221957921982E-002,3.246590495109558E-002,-7.475477457046509E-001,6.433507800102234E-001,
1.284033333333334E+009,9.205886721611023E-002,1.192422024905682E-002,-7.109538912773132E-001,6.822249889373779E-001,9.205886721611023E-002,1.192422024905682E-002,-7.109538912773132E-001,6.822249889373779E-001,
1.292400000000000E+009,7.953592389822006E-002,-6.581382360309362E-003,-7.020173072814941E-001,7.000402212142944E-001,7.953592389822006E-002,-6.581382360309362E-003,-7.020173072814941E-001,7.000402212142944E-001,
1.300766666666667E+009,6.195499002933502E-002,-1.550471782684326E-002,-6.863926053047180E-001,7.133383750915527E-001,6.195499002933502E-002,-1.550471782684326E-002,-6.863926053047180E-001,7.133383750915527E-001,
1.309133333333334E+009,4.065916687250137E-002,-1.373214647173882E-002,-6.641936302185059E-001,7.364298701286316E-001,4.065916687250137E-002,-1.373214647173882E-002,-6.641936302185059E-001,7.364298701286316E-001,
1.317500000000000E+009,2.765162102878094E-002,-1.555879716761410E-003,-6.482451558113098E-001,7.552007436752319E-001,2.765162102878094E-002,-1.555879716761410E-003,-6.482451558113098E-001,7.552007436752319E-001,
1.325866666666667E+009,2.260159701108933E-002,1.537587400525808E-002,-6.205353736877441E-001,7.691985964775085E-001,2.260159701108933E-002,1.537587400525808E-002,-6.205353736877441E-001,7.691985964775085E-001,
1.334233333333334E+009,2.911536209285259E-002,3.255302831530571E-002,-6.023908853530884E-001,7.813650965690613E-001,2.911536209285259E-002,3.255302831530571E-002,-6.023908853530884E-001,7.813650965690613E-001,
1.342600000000000E+009,4.574602842330933E-002,3.992281109094620E-002,-5.855811834335327E-001,7.909900546073914E-001,4.574602842330933E-002,3.992281109094620E-002,-5.855811834335327E-001,7.909900546073914E-001,
1.350966666666667E+009,6.467781215906143E-002,3.816628828644753E-002,-5.495196580886841E-001,8.123078346252441E-001,6.467781215906143E-002,3.816628828644753E-002,-5.495196580886841E-001,8.123078346252441E-001,
1.359333333333334E+009,8.096027374267578E-002,2.653209120035172E-002,-5.389082431793213E-001,8.189444541931152E-001,8.096027374267578E-002,2.653209120035172E-002,-5.389082431793213E-001,8.189444541931152E-001,
1.367700000000000E+009,8.681196719408035E-002,6.085708737373352E-003,-5.209932923316956E-001,8.301691412925720E-001,8.681196719408035E-002,6.085708737373352E-003,-5.209932923316956E-001,8.301691412925720E-001,
1.376066666666667E+009,8.261219412088394E-002,-1.527081429958344E-002,-4.969931542873383E-001,8.443876504898071E-001,8.261219412088394E-002,-1.527081429958344E-002,-4.969931542873383E-001,8.443876504898071E-001,
1.384433333333334E+009,6.650902330875397E-002,-3.086955472826958E-002,-4.809476435184479E-001,8.699932098388672E-001,6.650902330875397E-002,-3.086955472826958E-002,-4.809476435184479E-001,8.699932098388672E-001,
1.392800000000000E+009,4.591785743832588E-002,-3.538288176059723E-002,-4.666693806648254E-001,8.856873512268066E-001,4.591785743832588E-002,-3.538288176059723E-002,-4.666693806648254E-001,8.856873512268066E-001,
1.401166666666667E+009,2.467999048531056E-002,-2.728734165430069E-002,-4.369458258152008E-001,8.857305645942688E-001,2.467999048531056E-002,-2.728734165430069E-002,-4.369458258152008E-001,8.857305645942688E-001,
1.409533333333334E+009,1.153289247304201E-002,-9.664609096944332E-003,-4.123993515968323E-001,8.966635465621948E-001,1.153289247304201E-002,-9.664609096944332E-003,-4.123993515968323E-001,8.966635465621948E-001,
1.417900000000000E+009,9.836721234023571E-003,1.287289708852768E-002,-3.771493732929230E-001,9.092233777046204E-001,9.836721234023571E-003,1.287289708852768E-002,-3.771493732929230E-001,9.092233777046204E-001,
1.426266666666667E+009,2.006050944328308E-002,3.230331093072891E-002,-3.600266575813294E-001,9.212449193000794E-001,2.006050944328308E-002,3.230331093072891E-002,-3.600266575813294E-001,9.212449193000794E-001,
1.434633333333334E+009,3.966766223311424E-002,4.062810540199280E-002,-3.412273824214935E-001,9.242909550666809E-001,3.966766223311424E-002,4.062810540199280E-002,-3.412273824214935E-001,9.242909550666809E-001,
1.443000000000000E+009,6.304007768630981E-002,3.594533354043961E-002,-3.157039582729340E-001,9.334887862205505E-001,6.304007768630981E-002,3.594533354043961E-002,-3.157039582729340E-001,9.334887862205505E-001,
1.451366666666667E+009,7.803948968648911E-002,2.176479063928127E-002,-2.830168306827545E-001,9.391997456550598E-001,7.803948968648911E-002,2.176479063928127E-002,-2.830168306827545E-001,9.391997456550598E-001,
1.459733333333334E+009,8.752704411745071E-002,-6.834834348410368E-004,-2.702380120754242E-001,9.362068772315979E-001,8.752704411745071E-002,-6.834834348410368E-004,-2.702380120754242E-001,9.362068772315979E-001,
1.468100000000000E+009,8.024473488330841E-002,-2.120079286396503E-002,-2.495321631431580E-001,9.503374695777893E-001,8.024473488330841E-002,-2.120079286396503E-002,-2.495321631431580E-001,9.503374695777893E-001,
1.476466666666667E+009,6.310826539993286E-002,-3.523285314440727E-002,-2.251222282648087E-001,9.577104449272156E-001,6.310826539993286E-002,-3.523285314440727E-002,-2.251222282648087E-001,9.577104449272156E-001,
1.484833333333334E+009,4.183213412761688E-002,-4.000735655426979E-002,-2.097634226083756E-001,9.563468098640442E-001,4.183213412761688E-002,-4.000735655426979E-002,-2.097634226083756E-001,9.563468098640442E-001,
1.493200000000000E+009,2.426209114491940E-002,-2.942858636379242E-002,-1.778687536716461E-001,9.731823205947876E-001,2.426209114491940E-002,-2.942858636379242E-002,-1.778687536716461E-001,9.731823205947876E-001,
1.501566666666667E+009,1.102763321250677E-002,-1.082647964358330E-002,-1.661674827337265E-001,9.776591062545776E-001,1.102763321250677E-002,-1.082647964358330E-002,-1.661674827337265E-001,9.776591062545776E-001,
1.509933333333334E+009,1.199223101139069E-002,1.066578738391399E-002,-1.244030967354775E-001,9.784598350524902E-001,1.199223101139069E-002,1.066578738391399E-002,-1.244030967354775E-001,9.784598350524902E-001,
1.518300000000000E+009,2.689524553716183E-002,2.720669284462929E-002,-9.525396674871445E-002,9.717566967010498E-001,2.689524553716183E-002,2.720669284462929E-002,-9.525396674871445E-002,9.717566967010498E-001,
1.526666666666667E+009,4.630646109580994E-002,3.531307727098465E-002,-7.525467127561569E-002,9.770683050155640E-001,4.630646109580994E-002,3.531307727098465E-002,-7.525467127561569E-002,9.770683050155640E-001,
1.535033333333334E+009,6.905195862054825E-002,2.894967980682850E-002,-4.980104789137840E-002,9.868713021278381E-001,6.905195862054825E-002,2.894967980682850E-002,-4.980104789137840E-002,9.868713021278381E-001,
1.543400000000000E+009,8.448958396911621E-002,1.352161541581154E-002,-2.327793650329113E-002,9.845010638237000E-001,8.448958396911621E-002,1.352161541581154E-002,-2.327793650329113E-002,9.845010638237000E-001,
1.551766666666667E+009,8.984275162220001E-002,-9.461099281907082E-003,4.101825106772594E-005,9.788662195205689E-001,8.984275162220001E-002,-9.461099281907082E-003,4.101825106772594E-005,9.788662195205689E-001,
1.560133333333334E+009,8.184910565614700E-002,-2.767984010279179E-002,3.091546893119812E-002,9.727830290794373E-001,8.184910565614700E-002,-2.767984010279179E-002,3.091546893119812E-002,9.727830290794373E-001,
1.568500000000000E+009,6.601160764694214E-002,-4.283906146883965E-002,5.135795846581459E-002,9.919081330299377E-001,6.601160764694214E-002,-4.283906146883965E-002,5.135795846581459E-002,9.919081330299377E-001,
1.576866666666667E+009,4.411762952804565E-002,-4.579601436853409E-002,7.034997642040253E-002,9.772168397903442E-001,4.411762952804565E-002,-4.579601436853409E-002,7.034997642040253E-002,9.772168397903442E-001,
1.585233333333334E+009,2.791814506053925E-002,-3.754475340247154E-002,1.025971621274948E-001,9.809537529945374E-001,2.791814506053925E-002,-3.754475340247154E-002,1.025971621274948E-001,9.809537529945374E-001,
1.593600000000000E+009,2.090359106659889E-002,-1.974227465689182E-002,1.354669034481049E-001,9.776198863983154E-001,2.090359106659889E-002,-1.974227465689182E-002,1.354669034481049E-001,9.776198863983154E-001,
1.601966666666667E+009,2.122494392096996E-002,-1.675856183283031E-003,1.488495916128159E-001,9.675377011299133E-001,2.122494392096996E-002,-1.675856183283031E-003,1.488495916128159E-001,9.675377011299133E-001,
1.610333333333334E+009,3.435419127345085E-002,1.319765951484442E-002,1.817623227834702E-001,9.667781591415405E-001,3.435419127345085E-002,1.319765951484442E-002,1.817623227834702E-001,9.667781591415405E-001,
1.618700000000000E+009,5.294760316610336E-002,1.691588573157787E-002,1.975193172693253E-001,9.617345333099365E-001,5.294760316610336E-002,1.691588573157787E-002,1.975193172693253E-001,9.617345333099365E-001,
1.627066666666667E+009,6.855744123458862E-002,9.806387126445770E-003,2.232219278812408E-001,9.542745351791382E-001,6.855744123458862E-002,9.806387126445770E-003,2.232219278812408E-001,9.542745351791382E-001,
1.635433333333334E+009,7.932788133621216E-002,-4.303847439587116E-003,2.516543865203857E-001,9.494485259056091E-001,7.932788133621216E-002,-4.303847439587116E-003,2.516543865203857E-001,9.494485259056091E-001,
1.643800000000000E+009,7.898820936679840E-002,-2.240590378642082E-002,2.698061168193817E-001,9.319905042648315E-001,7.898820936679840E-002,-2.240590378642082E-002,2.698061168193817E-001,9.319905042648315E-001,
1.652166666666667E+009,7.300581037998200E-002,-4.042376950383186E-002,2.969826459884644E-001,9.399996995925903E-001,7.300581037998200E-002,-4.042376950383186E-002,2.969826459884644E-001,9.399996995925903E-001,
1.660533333333334E+009,5.877344310283661E-002,-4.970838502049446E-002,3.181718885898590E-001,9.316354393959045E-001,5.877344310283661E-002,-4.970838502049446E-002,3.181718885898590E-001,9.316354393959045E-001,
1.668900000000000E+009,4.052545502781868E-002,-4.911839962005615E-002,3.624047935009003E-001,9.239923954010010E-001,4.052545502781868E-002,-4.911839962005615E-002,3.624047935009003E-001,9.239923954010010E-001,
1.677266666666667E+009,2.652551606297493E-002,-3.953517600893974E-002,3.664339780807495E-001,9.090805649757385E-001,2.652551606297493E-002,-3.953517600893974E-002,3.664339780807495E-001,9.090805649757385E-001,
1.685633333333334E+009,2.262703329324722E-002,-2.448316104710102E-002,3.910396099090576E-001,9.049893617630005E-001,2.262703329324722E-002,-2.448316104710102E-002,3.910396099090576E-001,9.049893617630005E-001,
1.694000000000000E+009,2.611786872148514E-002,-7.856343872845173E-003,4.110567867755890E-001,8.914690017700195E-001,2.611786872148514E-002,-7.856343872845173E-003,4.110567867755890E-001,8.914690017700195E-001,
1.702366666666667E+009,3.924638032913208E-002,3.041938645765185E-003,4.350296556949616E-001,8.835461735725403E-001,3.924638032913208E-002,3.041938645765185E-003,4.350296556949616E-001,8.835461735725403E-001,
1.710733333333334E+009,5.511651560664177E-002,5.004578270018101E-003,4.559030830860138E-001,8.625721335411072E-001,5.511651560664177E-002,5.004578270018101E-003,4.559030830860138E-001,8.625721335411072E-001,
1.719100000000000E+009,7.126218825578690E-002,-2.306485548615456E-003,4.763522446155548E-001,8.509128689765930E-001,7.126218825578690E-002,-2.306485548615456E-003,4.763522446155548E-001,8.509128689765930E-001,
1.727466666666667E+009,8.214411139488220E-002,-1.676397770643234E-002,4.987756311893463E-001,8.476448059082031E-001,8.214411139488220E-002,-1.676397770643234E-002,4.987756311893463E-001,8.476448059082031E-001,
1.735833333333334E+009,8.550740033388138E-002,-3.389189019799233E-002,5.207911133766174E-001,8.298751711845398E-001,8.550740033388138E-002,-3.389189019799233E-002,5.207911133766174E-001,8.298751711845398E-001,
1.744200000000000E+009,7.942291349172592E-002,-5.250315368175507E-002,5.381684303283691E-001,8.196458220481873E-001,7.942291349172592E-002,-5.250315368175507E-002,5.381684303283691E-001,8.196458220481873E-001,
1.752566666666667E+009,6.587921082973480E-002,-6.310284882783890E-002,5.626392960548401E-001,7.931697368621826E-001,6.587921082973480E-002,-6.310284882783890E-002,5.626392960548401E-001,7.931697368621826E-001,
1.760933333333334E+009,4.987867921590805E-002,-6.753262132406235E-002,5.837535858154297E-001,7.886739969253540E-001,4.987867921590805E-002,-6.753262132406235E-002,5.837535858154297E-001,7.886739969253540E-001,
1.769300000000000E+009,3.507221490144730E-002,-6.322868168354034E-002,5.890336036682129E-001,7.802686691284180E-001,3.507221490144730E-002,-6.322868168354034E-002,5.890336036682129E-001,7.802686691284180E-001,
1.777666666666667E+009,2.308880724012852E-002,-5.448884516954422E-002,6.229728460311890E-001,7.528282999992371E-001,2.308880724012852E-002,-5.448884516954422E-002,6.229728460311890E-001,7.528282999992371E-001,
1.786033333333334E+009,2.208064869046211E-002,-4.116148501634598E-002,6.439773440361023E-001,7.445442676544190E-001,2.208064869046211E-002,-4.116148501634598E-002,6.439773440361023E-001,7.445442676544190E-001,
1.794400000000000E+009,2.522817254066467E-002,-2.849027141928673E-002,6.611436009407044E-001,7.288022637367249E-001,2.522817254066467E-002,-2.849027141928673E-002,6.611436009407044E-001,7.288022637367249E-001,
1.802766666666667E+009,3.448455780744553E-002,-2.297476120293140E-002,6.847766637802124E-001,7.061464786529541E-001,3.448455780744553E-002,-2.297476120293140E-002,6.847766637802124E-001,7.061464786529541E-001,
1.811133333333334E+009,4.604072868824005E-002,-2.153427526354790E-002,7.018250226974487E-001,6.955627202987671E-001,4.604072868824005E-002,-2.153427526354790E-002,7.018250226974487E-001,6.955627202987671E-001,
1.819500000000000E+009,5.417322367429733E-002,-2.630560658872128E-002,7.102107405662537E-001,6.781075596809387E-001,5.417322367429733E-002,-2.630560658872128E-002,7.102107405662537E-001,6.781075596809387E-001,
1.827866666666667E+009,6.126361340284348E-002,-3.517157956957817E-002,7.284280061721802E-001,6.563605070114136E-001,6.126361340284348E-002,-3.517157956957817E-002,7.284280061721802E-001,6.563605070114136E-001,
1.836233333333334E+009,5.892213061451912E-002,-4.644949734210968E-002,7.469689846038818E-001,6.357095241546631E-001,5.892213061451912E-002,-4.644949734210968E-002,7.469689846038818E-001,6.357095241546631E-001,
1.844600000000000E+009,5.369695276021957E-002,-5.575739219784737E-002,7.670232057571411E-001,6.108926534652710E-001,5.369695276021957E-002,-5.575739219784737E-002,7.670232057571411E-001,6.108926534652710E-001,
1.852966666666667E+009,4.644073173403740E-002,-6.027203053236008E-002,7.769130468368530E-001,5.881667733192444E-001,4.644073173403740E-002,-6.027203053236008E-002,7.769130468368530E-001,5.881667733192444E-001,
1.861333333333334E+009,3.674337267875671E-002,-6.254015862941742E-002,7.963702082633972E-001,5.750723481178284E-001,3.674337267875671E-002,-6.254015862941742E-002,7.963702082633972E-001,5.750723481178284E-001,
1.869700000000000E+009,2.861614711582661E-002,-5.807398632168770E-002,8.048898577690125E-001,5.584935545921326E-001,2.861614711582661E-002,-5.807398632168770E-002,8.048898577690125E-001,5.584935545921326E-001,
1.878066666666667E+009,2.508540637791157E-002,-5.022841319441795E-002,8.219170570373535E-001,5.311174392700195E-001,2.508540637791157E-002,-5.022841319441795E-002,8.219170570373535E-001,5.311174392700195E-001,
1.886433333333334E+009,2.648873068392277E-002,-4.185779020190239E-002,8.295789957046509E-001,5.151465535163879E-001,2.648873068392277E-002,-4.185779020190239E-002,8.295789957046509E-001,5.151465535163879E-001,
1.894800000000000E+009,3.329217061400414E-002,-3.630527108907700E-002,8.507921695709229E-001,4.913949072360992E-001,3.329217061400414E-002,-3.630527108907700E-002,8.507921695709229E-001,4.913949072360992E-001,
1.903166666666667E+009,4.266035184264183E-002,-3.527330234646797E-002,8.613089919090271E-001,4.682694375514984E-001,4.266035184264183E-002,-3.527330234646797E-002,8.613089919090271E-001,4.682694375514984E-001,
1.911533333333334E+009,5.243223533034325E-002,-3.817081823945046E-002,8.745816349983215E-001,4.524853229522705E-001,5.243223533034325E-002,-3.817081823945046E-002,8.745816349983215E-001,4.524853229522705E-001,
1.919900000000000E+009,5.951543524861336E-002,-4.531684145331383E-002,8.933229446411133E-001,4.249175786972046E-001,5.951543524861336E-002,-4.531684145331383E-002,8.933229446411133E-001,4.249175786972046E-001,
1.928266666666667E+009,6.314688920974731E-002,-5.676879733800888E-002,8.918755054473877E-001,3.995524048805237E-001,6.314688920974731E-002,-5.676879733800888E-002,8.918755054473877E-001,3.995524048805237E-001,
1.936633333333334E+009,5.831127613782883E-002,-7.015064358711243E-002,9.010885953903198E-001,3.852862417697907E-001,5.831127613782883E-002,-7.015064358711243E-002,9.010885953903198E-001,3.852862417697907E-001,
1.945000000000000E+009,4.981338232755661E-002,-7.936018705368042E-002,9.063667654991150E-001,3.652454316616058E-001,4.981338232755661E-002,-7.936018705368042E-002,9.063667654991150E-001,3.652454316616058E-001,
1.953366666666667E+009,3.715394809842110E-002,-8.598040044307709E-002,9.164241552352905E-001,3.302057981491089E-001,3.715394809842110E-002,-8.598040044307709E-002,9.164241552352905E-001,3.302057981491089E-001,
1.961733333333334E+009,2.402251213788986E-002,-8.471943438053131E-002,9.309520721435547E-001,3.175980448722839E-001,2.402251213788986E-002,-8.471943438053131E-002,9.309520721435547E-001,3.175980448722839E-001,
1.970100000000000E+009,1.317754853516817E-002,-7.612744718790054E-002,9.364906549453735E-001,2.904146313667297E-001,1.317754853516817E-002,-7.612744718790054E-002,9.364906549453735E-001,2.904146313667297E-001,
1.978466666666667E+009,1.161827985197306E-002,-6.428304314613342E-002,9.452648162841797E-001,2.713967263698578E-001,1.161827985197306E-002,-6.428304314613342E-002,9.452648162841797E-001,2.713967263698578E-001,
1.986833333333334E+009,1.311863213777542E-002,-5.338140577077866E-002,9.471766352653503E-001,2.371667325496674E-001,1.311863213777542E-002,-5.338140577077866E-002,9.471766352653503E-001,2.371667325496674E-001,
1.995200000000000E+009,2.292154729366303E-002,-4.364760220050812E-002,9.533672928810120E-001,2.198679447174072E-001,2.292154729366303E-002,-4.364760220050812E-002,9.533672928810120E-001,2.198679447174072E-001,
2.003566666666667E+009,3.663673996925354E-002,-4.265942424535751E-002,9.581843614578247E-001,1.933935433626175E-001,3.663673996925354E-002,-4.265942424535751E-002,9.581843614578247E-001,1.933935433626175E-001,
2.011933333333334E+009,5.054179579019547E-002,-4.995223507285118E-002,9.647837877273560E-001,1.678526550531387E-001,5.054179579019547E-002,-4.995223507285118E-002,9.647837877273560E-001,1.678526550531387E-001,
2.020300000000000E+009,6.037100404500961E-002,-6.318856030702591E-002,9.669404625892639E-001,1.375711858272553E-001,6.037100404500961E-002,-6.318856030702591E-002,9.669404625892639E-001,1.375711858272553E-001,
2.028666666666667E+009,6.044618785381317E-002,-7.998624444007874E-002,9.752492904663086E-001,1.150672286748886E-001,6.044618785381317E-002,-7.998624444007874E-002,9.752492904663086E-001,1.150672286748886E-001,
2.037033333333334E+009,5.136067047715187E-002,-9.581002593040466E-002,9.730420708656311E-001,8.669698983430862E-002,5.136067047715187E-002,-9.581002593040466E-002,9.730420708656311E-001,8.669698983430862E-002,
2.045400000000000E+009,3.695288673043251E-002,-1.070826500654221E-001,9.744306206703186E-001,6.757286190986633E-002,3.695288673043251E-002,-1.070826500654221E-001,9.744306206703186E-001,6.757286190986633E-002,
2.053766666666667E+009,1.732743345201016E-002,-1.088446527719498E-001,9.757751226425171E-001,4.369744658470154E-002,1.732743345201016E-002,-1.088446527719498E-001,9.757751226425171E-001,4.369744658470154E-002,
2.062133333333334E+009,2.222504932433367E-003,-1.019641384482384E-001,9.746385216712952E-001,1.653919555246830E-002,2.222504932433367E-003,-1.019641384482384E-001,9.746385216712952E-001,1.653919555246830E-002,
2.070500000000000E+009,-9.061300195753574E-003,-8.690100163221359E-002,9.686115980148315E-001,2.626189370857901E-006,-9.061300195753574E-003,-8.690100163221359E-002,9.686115980148315E-001,2.626189370857901E-006,
2.078866666666667E+009,-4.728978499770165E-003,-7.245036959648132E-002,9.787349104881287E-001,-2.656012214720249E-002,-4.728978499770165E-003,-7.245036959648132E-002,9.787349104881287E-001,-2.656012214720249E-002,
2.087233333333334E+009,7.101395167410374E-003,-6.094851717352867E-002,9.814561605453491E-001,-5.196153372526169E-002,7.101395167410374E-003,-6.094851717352867E-002,9.814561605453491E-001,-5.196153372526169E-002,
2.095600000000000E+009,2.312772907316685E-002,-5.847235769033432E-002,9.815054535865784E-001,-7.826106250286102E-002,2.312772907316685E-002,-5.847235769033432E-002,9.815054535865784E-001,-7.826106250286102E-002,
2.103966666666667E+009,3.959968313574791E-002,-6.812668591737747E-002,9.746670722961426E-001,-1.087413653731346E-001,3.959968313574791E-002,-6.812668591737747E-002,9.746670722961426E-001,-1.087413653731346E-001,
2.112333333333334E+009,4.927173629403114E-002,-8.577740192413330E-002,9.726462960243225E-001,-1.332769989967346E-001,4.927173629403114E-002,-8.577740192413330E-002,9.726462960243225E-001,-1.332769989967346E-001,
2.120700000000000E+009,4.957515746355057E-002,-1.087181791663170E-001,9.684432744979858E-001,-1.596741974353790E-001,4.957515746355057E-002,-1.087181791663170E-001,9.684432744979858E-001,-1.596741974353790E-001,
2.129066666666667E+009,3.694108128547669E-002,-1.285204440355301E-001,9.653327465057373E-001,-1.803739964962006E-001,3.694108128547669E-002,-1.285204440355301E-001,9.653327465057373E-001,-1.803739964962006E-001,
2.137433333333334E+009,1.305385492742062E-002,-1.397763192653656E-001,9.420260787010193E-001,-2.018084228038788E-001,1.305385492742062E-002,-1.397763192653656E-001,9.420260787010193E-001,-2.018084228038788E-001,
2.145800000000000E+009,-1.384498924016953E-002,-1.399443149566650E-001,9.479017853736877E-001,-2.256326228380203E-001,-1.384498924016953E-002,-1.399443149566650E-001,9.479017853736877E-001,-2.256326228380203E-001,
2.154166666666667E+009,-3.486555069684982E-002,-1.270161569118500E-001,9.441660046577454E-001,-2.467010170221329E-001,-3.486555069684982E-002,-1.270161569118500E-001,9.441660046577454E-001,-2.467010170221329E-001,
2.162533333333334E+009,-4.968808591365814E-002,-1.066956296563149E-001,9.416208267211914E-001,-2.743267714977264E-001,-4.968808591365814E-002,-1.066956296563149E-001,9.416208267211914E-001,-2.743267714977264E-001,
2.170900000000000E+009,-4.643458500504494E-002,-8.387883007526398E-002,9.377629756927490E-001,-2.975701987743378E-001,-4.643458500504494E-002,-8.387883007526398E-002,9.377629756927490E-001,-2.975701987743378E-001,
2.179266666666667E+009,-3.399122506380081E-002,-6.661938130855560E-002,9.302471280097961E-001,-3.274747431278229E-001,-3.399122506380081E-002,-6.661938130855560E-002,9.302471280097961E-001,-3.274747431278229E-001,
2.187633333333334E+009,-1.075108908116818E-002,-6.255392730236054E-002,9.176213741302490E-001,-3.492637872695923E-001,-1.075108908116818E-002,-6.255392730236054E-002,9.176213741302490E-001,-3.492637872695923E-001,
2.196000000000000E+009,1.031740102916956E-002,-6.997813284397125E-002,9.120828509330750E-001,-3.719614744186401E-001,1.031740102916956E-002,-6.997813284397125E-002,9.120828509330750E-001,-3.719614744186401E-001,
2.204366666666667E+009,2.524884417653084E-002,-9.152690321207047E-002,9.059404730796814E-001,-3.969933688640595E-001,2.524884417653084E-002,-9.152690321207047E-002,9.059404730796814E-001,-3.969933688640595E-001,
2.212733333333334E+009,2.257551811635494E-002,-1.186378821730614E-001,8.873193860054016E-001,-4.166986942291260E-001,2.257551811635494E-002,-1.186378821730614E-001,8.873193860054016E-001,-4.166986942291260E-001,
2.221100000000000E+009,5.833281204104424E-003,-1.408413350582123E-001,8.740480542182922E-001,-4.351585805416107E-001,5.833281204104424E-003,-1.408413350582123E-001,8.740480542182922E-001,-4.351585805416107E-001,
2.229466666666667E+009,-1.930348761379719E-002,-1.546278595924377E-001,8.565605878829956E-001,-4.514592289924622E-001,-1.930348761379719E-002,-1.546278595924377E-001,8.565605878829956E-001,-4.514592289924622E-001,
2.237833333333334E+009,-4.973556846380234E-002,-1.514048278331757E-001,8.478966951370239E-001,-4.783244431018829E-001,-4.973556846380234E-002,-1.514048278331757E-001,8.478966951370239E-001,-4.783244431018829E-001,
2.246200000000000E+009,-7.587850093841553E-002,-1.358876973390579E-001,8.369495272636414E-001,-4.970646202564240E-001,-7.587850093841553E-002,-1.358876973390579E-001,8.369495272636414E-001,-4.970646202564240E-001,
2.254566666666667E+009,-8.877663314342499E-002,-1.091753840446472E-001,8.255556821823120E-001,-5.169721245765686E-001,-8.877663314342499E-002,-1.091753840446472E-001,8.255556821823120E-001,-5.169721245765686E-001,
2.262933333333334E+009,-8.472794294357300E-002,-8.297093957662582E-002,8.107461929321289E-001,-5.417366027832031E-001,-8.472794294357300E-002,-8.297093957662582E-002,8.107461929321289E-001,-5.417366027832031E-001,
2.271300000000000E+009,-7.051083445549011E-002,-6.555993854999542E-002,8.008278012275696E-001,-5.632243156433106E-001,-7.051083445549011E-002,-6.555993854999542E-002,8.008278012275696E-001,-5.632243156433106E-001,
2.279666666666667E+009,-4.732447862625122E-002,-6.094472482800484E-002,7.929517626762390E-001,-5.843577384948731E-001,-4.732447862625122E-002,-6.094472482800484E-002,7.929517626762390E-001,-5.843577384948731E-001,
2.288033333333334E+009,-2.550071850419045E-002,-7.137570530176163E-002,7.696285247802734E-001,-6.104114651679993E-001,-2.550071850419045E-002,-7.137570530176163E-002,7.696285247802734E-001,-6.104114651679993E-001,
2.296400000000000E+009,-1.547893974930048E-002,-9.261340647935867E-002,7.495774030685425E-001,-6.280230879783630E-001,-1.547893974930048E-002,-9.261340647935867E-002,7.495774030685425E-001,-6.280230879783630E-001,
2.304766666666667E+009,-1.990576647222042E-002,-1.175488233566284E-001,7.318058609962463E-001,-6.445670127868652E-001,-1.990576647222042E-002,-1.175488233566284E-001,7.318058609962463E-001,-6.445670127868652E-001,
2.313133333333334E+009,-3.777211159467697E-002,-1.373726576566696E-001,7.084529399871826E-001,-6.647472381591797E-001,-3.777211159467697E-002,-1.373726576566696E-001,7.084529399871826E-001,-6.647472381591797E-001,
2.321500000000000E+009,-6.692118197679520E-002,-1.433389186859131E-001,6.996193528175354E-001,-6.813837885856628E-001,-6.692118197679520E-002,-1.433389186859131E-001,6.996193528175354E-001,-6.813837885856628E-001,
2.329866666666667E+009,-9.487733244895935E-002,-1.343301832675934E-001,6.820262074470520E-001,-6.883066892623901E-001,-9.487733244895935E-002,-1.343301832675934E-001,6.820262074470520E-001,-6.883066892623901E-001,
2.338233333333334E+009,-1.141415089368820E-001,-1.105920895934105E-001,6.578053236007690E-001,-7.049142122268677E-001,-1.141415089368820E-001,-1.105920895934105E-001,6.578053236007690E-001,-7.049142122268677E-001,
2.346600000000000E+009,-1.215412914752960E-001,-8.108632266521454E-002,6.444457769393921E-001,-7.185396552085877E-001,-1.215412914752960E-001,-8.108632266521454E-002,6.444457769393921E-001,-7.185396552085877E-001,
2.354966666666667E+009,-1.075713634490967E-001,-5.542661622166634E-002,6.270098686218262E-001,-7.404901385307312E-001,-1.075713634490967E-001,-5.542661622166634E-002,6.270098686218262E-001,-7.404901385307312E-001,
2.363333333333334E+009,-8.264668285846710E-002,-4.214669764041901E-002,6.109688878059387E-001,-7.619082331657410E-001,-8.264668285846710E-002,-4.214669764041901E-002,6.109688878059387E-001,-7.619082331657410E-001,
2.371700000000000E+009,-5.437558144330978E-002,-4.837753996253014E-002,5.978239774703980E-001,-7.776756286621094E-001,-5.437558144330978E-002,-4.837753996253014E-002,5.978239774703980E-001,-7.776756286621094E-001,
2.380066666666667E+009,-3.605750575661659E-002,-7.163725048303604E-002,5.750120282173157E-001,-8.004080653190613E-001,-3.605750575661659E-002,-7.163725048303604E-002,5.750120282173157E-001,-8.004080653190613E-001,
2.388433333333334E+009,-3.173128142952919E-002,-1.042708083987236E-001,5.492467880249023E-001,-8.075471520423889E-001,-3.173128142952919E-002,-1.042708083987236E-001,5.492467880249023E-001,-8.075471520423889E-001,
2.396800000000000E+009,-4.975911229848862E-002,-1.344440877437592E-001,5.243192911148071E-001,-8.270694017410278E-001,-4.975911229848862E-002,-1.344440877437592E-001,5.243192911148071E-001,-8.270694017410278E-001,
2.405166666666667E+009,-8.068286627531052E-002,-1.561090797185898E-001,4.965261816978455E-001,-8.326097726821899E-001,-8.068286627531052E-002,-1.561090797185898E-001,4.965261816978455E-001,-8.326097726821899E-001,
2.413533333333334E+009,-1.229724138975143E-001,-1.573546826839447E-001,4.826442897319794E-001,-8.398275375366211E-001,-1.229724138975143E-001,-1.573546826839447E-001,4.826442897319794E-001,-8.398275375366211E-001,
2.421900000000000E+009,-1.590692847967148E-001,-1.375797092914581E-001,4.614184200763702E-001,-8.474776744842529E-001,-1.590692847967148E-001,-1.375797092914581E-001,4.614184200763702E-001,-8.474776744842529E-001,
2.430266666666667E+009,-1.860305815935135E-001,-1.015519350767136E-001,4.405120909214020E-001,-8.587419986724854E-001,-1.860305815935135E-001,-1.015519350767136E-001,4.405120909214020E-001,-8.587419986724854E-001,
2.438633333333334E+009,-1.918812692165375E-001,-5.795558169484139E-002,4.258119463920593E-001,-8.721759915351868E-001,-1.918812692165375E-001,-5.795558169484139E-002,4.258119463920593E-001,-8.721759915351868E-001,
2.447000000000000E+009,-1.777434647083283E-001,-1.994477771222591E-002,4.067704379558563E-001,-8.849030733108521E-001,-1.777434647083283E-001,-1.994477771222591E-002,4.067704379558563E-001,-8.849030733108521E-001,
2.455366666666667E+009,-1.463318914175034E-001,6.229409016668797E-003,3.880471587181091E-001,-9.013252258300781E-001,-1.463318914175034E-001,6.229409016668797E-003,3.880471587181091E-001,-9.013252258300781E-001,
2.463733333333334E+009,-1.098522022366524E-001,9.423310868442059E-003,3.594945073127747E-001,-9.103034138679504E-001,-1.098522022366524E-001,9.423310868442059E-003,3.594945073127747E-001,-9.103034138679504E-001,
2.472100000000000E+009,-8.123544603586197E-002,-8.856570348143578E-003,3.380801975727081E-001,-9.236235618591309E-001,-8.123544603586197E-002,-8.856570348143578E-003,3.380801975727081E-001,-9.236235618591309E-001,
2.480466666666667E+009,-6.823931634426117E-002,-4.081687703728676E-002,3.101684749126434E-001,-9.279272556304932E-001,-6.823931634426117E-002,-4.081687703728676E-002,3.101684749126434E-001,-9.279272556304932E-001,
2.488833333333334E+009,-7.670048624277115E-002,-7.234029471874237E-002,2.796323001384735E-001,-9.358699321746826E-001,-7.670048624277115E-002,-7.234029471874237E-002,2.796323001384735E-001,-9.358699321746826E-001,
2.497200000000000E+009,-1.014436110854149E-001,-9.520660340785980E-002,2.540754079818726E-001,-9.451682567596436E-001,-1.014436110854149E-001,-9.520660340785980E-002,2.540754079818726E-001,-9.451682567596436E-001,
2.505566666666667E+009,-1.371270418167114E-001,-9.968394786119461E-002,2.287701517343521E-001,-9.407481551170349E-001,-1.371270418167114E-001,-9.968394786119461E-002,2.287701517343521E-001,-9.407481551170349E-001,
2.513933333333334E+009,-1.677009016275406E-001,-8.441923558712006E-002,2.056538164615631E-001,-9.458303451538086E-001,-1.677009016275406E-001,-8.441923558712006E-002,2.056538164615631E-001,-9.458303451538086E-001,
2.522300000000000E+009,-1.888120174407959E-001,-5.306294932961464E-002,1.884245276451111E-001,-9.450103044509888E-001,-1.888120174407959E-001,-5.306294932961464E-002,1.884245276451111E-001,-9.450103044509888E-001,
2.530666666666667E+009,-1.895433068275452E-001,-1.468478981405497E-002,1.649789065122604E-001,-9.576059579849243E-001,-1.895433068275452E-001,-1.468478981405497E-002,1.649789065122604E-001,-9.576059579849243E-001,
2.539033333333334E+009,-1.735756546258926E-001,1.850051432847977E-002,1.416024118661881E-001,-9.673282504081726E-001,-1.735756546258926E-001,1.850051432847977E-002,1.416024118661881E-001,-9.673282504081726E-001,
2.547400000000000E+009,-1.433548778295517E-001,3.693704679608345E-002,1.159751862287521E-001,-9.718430042266846E-001,-1.433548778295517E-001,3.693704679608345E-002,1.159751862287521E-001,-9.718430042266846E-001,
2.555766666666667E+009,-1.114897653460503E-001,3.699809312820435E-002,8.944191783666611E-002,-9.786601066589356E-001,-1.114897653460503E-001,3.699809312820435E-002,8.944191783666611E-002,-9.786601066589356E-001,
2.564133333333334E+009,-8.689749985933304E-002,1.578084006905556E-002,6.976868957281113E-002,-9.789335727691650E-001,-8.689749985933304E-002,1.578084006905556E-002,6.976868957281113E-002,-9.789335727691650E-001,
2.572500000000000E+009,-8.121073991060257E-002,-1.380816567689180E-002,3.725058585405350E-002,-9.821966290473938E-001,-8.121073991060257E-002,-1.380816567689180E-002,3.725058585405350E-002,-9.821966290473938E-001,
2.580866666666667E+009,-9.408554434776306E-002,-4.492951184511185E-002,1.078921090811491E-002,-9.792809486389160E-001,-9.408554434776306E-002,-4.492951184511185E-002,1.078921090811491E-002,-9.792809486389160E-001,
2.589233333333334E+009,-1.227490678429604E-001,-6.408257782459259E-002,-1.979875378310680E-002,-9.753392934799194E-001,-1.227490678429604E-001,-6.408257782459259E-002,-1.979875378310680E-002,-9.753392934799194E-001,
2.597600000000000E+009,-1.593897342681885E-001,-6.426713615655899E-002,-4.256791621446610E-002,-9.745430946350098E-001,-1.593897342681885E-001,-6.426713615655899E-002,-4.256791621446610E-002,-9.745430946350098E-001,
2.605966666666667E+009,-1.908956617116928E-001,-4.529779031872749E-002,-6.588055193424225E-002,-9.644673466682434E-001,-1.908956617116928E-001,-4.529779031872749E-002,-6.588055193424225E-002,-9.644673466682434E-001,
2.614333333333334E+009,-2.085915505886078E-001,-1.124856062233448E-002,-8.223408460617065E-002,-9.616030454635620E-001,-2.085915505886078E-001,-1.124856062233448E-002,-8.223408460617065E-002,-9.616030454635620E-001,
2.622700000000000E+009,-2.087699472904205E-001,2.819702215492725E-002,-1.053834110498428E-001,-9.620816707611084E-001,-2.087699472904205E-001,2.819702215492725E-002,-1.053834110498428E-001,-9.620816707611084E-001,
2.631066666666667E+009,-1.875711530447006E-001,6.362375617027283E-002,-1.288507133722305E-001,-9.590206742286682E-001,-1.875711530447006E-001,6.362375617027283E-002,-1.288507133722305E-001,-9.590206742286682E-001,
2.639433333333334E+009,-1.562273800373077E-001,8.387451618909836E-002,-1.502807885408402E-001,-9.608085751533508E-001,-1.562273800373077E-001,8.387451618909836E-002,-1.502807885408402E-001,-9.608085751533508E-001,
2.647800000000000E+009,-1.210778281092644E-001,8.401746302843094E-002,-1.741930395364761E-001,-9.563996195793152E-001,-1.210778281092644E-001,8.401746302843094E-002,-1.741930395364761E-001,-9.563996195793152E-001,
2.656166666666667E+009,-9.504541754722595E-002,6.697569787502289E-002,-2.023091912269592E-001,-9.576058387756348E-001,-9.504541754722595E-002,6.697569787502289E-002,-2.023091912269592E-001,-9.576058387756348E-001,
2.664533333333334E+009,-8.620095998048782E-002,3.881164267659187E-002,-2.268289029598236E-001,-9.529414772987366E-001,-8.620095998048782E-002,3.881164267659187E-002,-2.268289029598236E-001,-9.529414772987366E-001,
2.672900000000000E+009,-9.749078750610352E-002,9.888152591884136E-003,-2.580491006374359E-001,-9.414160251617432E-001,-9.749078750610352E-002,9.888152591884136E-003,-2.580491006374359E-001,-9.414160251617432E-001,
2.681266666666667E+009,-1.255211085081101E-001,-8.055615238845348E-003,-2.833061516284943E-001,-9.340386986732483E-001,-1.255211085081101E-001,-8.055615238845348E-003,-2.833061516284943E-001,-9.340386986732483E-001,
2.689633333333334E+009,-1.576078236103058E-001,-7.843911647796631E-003,-3.094981610774994E-001,-9.279489517211914E-001,-1.576078236103058E-001,-7.843911647796631E-003,-3.094981610774994E-001,-9.279489517211914E-001,
2.698000000000000E+009,-1.863579303026199E-001,1.281457766890526E-002,-3.247179985046387E-001,-9.081674814224243E-001,-1.863579303026199E-001,1.281457766890526E-002,-3.247179985046387E-001,-9.081674814224243E-001,
2.706366666666667E+009,-2.002874016761780E-001,4.614553973078728E-002,-3.519428670406342E-001,-9.018053412437439E-001,-2.002874016761780E-001,4.614553973078728E-002,-3.519428670406342E-001,-9.018053412437439E-001,
2.714733333333334E+009,-1.956722885370255E-001,8.369784057140350E-002,-3.646484017372131E-001,-8.956966996192932E-001,-1.956722885370255E-001,8.369784057140350E-002,-3.646484017372131E-001,-8.956966996192932E-001,
2.723100000000000E+009,-1.723554581403732E-001,1.156244874000549E-001,-3.881685733795166E-001,-8.822499513626099E-001,-1.723554581403732E-001,1.156244874000549E-001,-3.881685733795166E-001,-8.822499513626099E-001,
2.731466666666667E+009,-1.370098292827606E-001,1.348211914300919E-001,-4.101518988609314E-001,-8.765472769737244E-001,-1.370098292827606E-001,1.348211914300919E-001,-4.101518988609314E-001,-8.765472769737244E-001,
2.739833333333334E+009,-9.981868416070938E-002,1.327231228351593E-001,-4.338851273059845E-001,-8.690562844276428E-001,-9.981868416070938E-002,1.327231228351593E-001,-4.338851273059845E-001,-8.690562844276428E-001,
2.748200000000000E+009,-7.116596400737763E-002,1.144283637404442E-001,-4.532023668289185E-001,-8.640623688697815E-001,-7.116596400737763E-002,1.144283637404442E-001,-4.532023668289185E-001,-8.640623688697815E-001,
2.756566666666667E+009,-6.001063808798790E-002,8.493161201477051E-002,-4.791033267974854E-001,-8.559836149215698E-001,-6.001063808798790E-002,8.493161201477051E-002,-4.791033267974854E-001,-8.559836149215698E-001,
2.764933333333334E+009,-6.869753450155258E-002,5.642320588231087E-002,-5.017373561859131E-001,-8.406702876091003E-001,-6.869753450155258E-002,5.642320588231087E-002,-5.017373561859131E-001,-8.406702876091003E-001,
2.773300000000000E+009,-9.454321861267090E-002,3.696253150701523E-002,-5.251683592796326E-001,-8.180482387542725E-001,-9.454321861267090E-002,3.696253150701523E-002,-5.251683592796326E-001,-8.180482387542725E-001,
2.781666666666667E+009,-1.269818246364594E-001,3.491757810115814E-002,-5.496733188629150E-001,-8.093398213386536E-001,-1.269818246364594E-001,3.491757810115814E-002,-5.496733188629150E-001,-8.093398213386536E-001,
2.790033333333334E+009,-1.562609672546387E-001,5.160534381866455E-002,-5.672446489334106E-001,-7.857506871223450E-001,-1.562609672546387E-001,5.160534381866455E-002,-5.672446489334106E-001,-7.857506871223450E-001,
2.798400000000000E+009,-1.726903468370438E-001,8.239263296127319E-002,-5.820546150207520E-001,-7.685052156448364E-001,-1.726903468370438E-001,8.239263296127319E-002,-5.820546150207520E-001,-7.685052156448364E-001,
2.806766666666667E+009,-1.683695018291473E-001,1.175182983279228E-001,-5.983330011367798E-001,-7.523052692413330E-001,-1.683695018291473E-001,1.175182983279228E-001,-5.983330011367798E-001,-7.523052692413330E-001,
2.815133333333334E+009,-1.461338847875595E-001,1.479184180498123E-001,-6.175042390823364E-001,-7.405491471290588E-001,-1.461338847875595E-001,1.479184180498123E-001,-6.175042390823364E-001,-7.405491471290588E-001,
2.823500000000000E+009,-1.108191162347794E-001,1.639541387557983E-001,-6.316534876823425E-001,-7.331770062446594E-001,-1.108191162347794E-001,1.639541387557983E-001,-6.316534876823425E-001,-7.331770062446594E-001,
2.831866666666667E+009,-7.297952473163605E-002,1.623191237449646E-001,-6.511962413787842E-001,-7.211314439773560E-001,-7.297952473163605E-002,1.623191237449646E-001,-6.511962413787842E-001,-7.211314439773560E-001,
2.840233333333334E+009,-4.233163595199585E-002,1.443209797143936E-001,-6.700513362884522E-001,-7.107086181640625E-001,-4.233163595199585E-002,1.443209797143936E-001,-6.700513362884522E-001,-7.107086181640625E-001,
2.848600000000000E+009,-2.823529392480850E-002,1.148105859756470E-001,-6.956062316894531E-001,-6.872473359107971E-001,-2.823529392480850E-002,1.148105859756470E-001,-6.956062316894531E-001,-6.872473359107971E-001,
2.856966666666667E+009,-3.538862988352776E-002,8.403912931680679E-002,-7.118823528289795E-001,-6.730621457099915E-001,-3.538862988352776E-002,8.403912931680679E-002,-7.118823528289795E-001,-6.730621457099915E-001,
2.865333333333334E+009,-6.068484485149384E-002,6.555999070405960E-002,-7.369345426559448E-001,-6.510829925537109E-001,-6.068484485149384E-002,6.555999070405960E-002,-7.369345426559448E-001,-6.510829925537109E-001,
2.873700000000000E+009,-9.447228908538818E-002,6.325978785753250E-002,-7.485895156860352E-001,-6.260421872138977E-001,-9.447228908538818E-002,6.325978785753250E-002,-7.485895156860352E-001,-6.260421872138977E-001,
2.882066666666667E+009,-1.249822229146957E-001,8.077781647443771E-002,-7.668125033378601E-001,-5.996055603027344E-001,-1.249822229146957E-001,8.077781647443771E-002,-7.668125033378601E-001,-5.996055603027344E-001,
2.890433333333334E+009,-1.425079554319382E-001,1.123598888516426E-001,-7.760291695594788E-001,-5.781797170639038E-001,-1.425079554319382E-001,1.123598888516426E-001,-7.760291695594788E-001,-5.781797170639038E-001,
2.898800000000000E+009,-1.403568685054779E-001,1.488154977560043E-001,-7.809009552001953E-001,-5.627598166465759E-001,-1.403568685054779E-001,1.488154977560043E-001,-7.809009552001953E-001,-5.627598166465759E-001,
2.907166666666667E+009,-1.174026578664780E-001,1.802219301462174E-001,-7.941443324089050E-001,-5.393919348716736E-001,-1.174026578664780E-001,1.802219301462174E-001,-7.941443324089050E-001,-5.393919348716736E-001,
2.915533333333334E+009,-8.075617253780365E-002,1.957928240299225E-001,-8.094456791877747E-001,-5.319769382476807E-001,-8.075617253780365E-002,1.957928240299225E-001,-8.094456791877747E-001,-5.319769382476807E-001,
2.923900000000000E+009,-3.838847205042839E-002,1.926858276128769E-001,-8.220369815826416E-001,-5.119087696075440E-001,-3.838847205042839E-002,1.926858276128769E-001,-8.220369815826416E-001,-5.119087696075440E-001,
2.932266666666667E+009,-4.542178474366665E-003,1.716590076684952E-001,-8.334267735481262E-001,-4.946497082710266E-001,-4.542178474366665E-003,1.716590076684952E-001,-8.334267735481262E-001,-4.946497082710266E-001,
2.940633333333334E+009,1.262164488434792E-002,1.379057466983795E-001,-8.512231111526489E-001,-4.743983149528503E-001,1.262164488434792E-002,1.379057466983795E-001,-8.512231111526489E-001,-4.743983149528503E-001,
2.949000000000000E+009,9.062978439033032E-003,1.045616194605827E-001,-8.689393401145935E-001,-4.471214711666107E-001,9.062978439033032E-003,1.045616194605827E-001,-8.689393401145935E-001,-4.471214711666107E-001,
2.957366666666667E+009,-1.450723875313997E-002,8.127809315919876E-002,-8.835386037826538E-001,-4.294994771480560E-001,-1.450723875313997E-002,8.127809315919876E-002,-8.835386037826538E-001,-4.294994771480560E-001,
2.965733333333334E+009,-4.975365474820137E-002,7.670687139034271E-002,-8.954702615737915E-001,-3.960383832454681E-001,-4.975365474820137E-002,7.670687139034271E-002,-8.954702615737915E-001,-3.960383832454681E-001,
2.974100000000000E+009,-8.200355619192123E-002,9.403836727142334E-002,-9.062728881835938E-001,-3.675862550735474E-001,-8.200355619192123E-002,9.403836727142334E-002,-9.062728881835938E-001,-3.675862550735474E-001,
2.982466666666667E+009,-1.028710678219795E-001,1.270167380571365E-001,-9.136348962783814E-001,-3.426222503185272E-001,-1.028710678219795E-001,1.270167380571365E-001,-9.136348962783814E-001,-3.426222503185272E-001,
2.990833333333334E+009,-1.000831127166748E-001,1.669688671827316E-001,-9.093819856643677E-001,-3.173808753490448E-001,-1.000831127166748E-001,1.669688671827316E-001,-9.093819856643677E-001,-3.173808753490448E-001,
2.999200000000000E+009,-7.682210952043533E-002,2.004876136779785E-001,-9.152240157127380E-001,-3.041201531887054E-001,-7.682210952043533E-002,2.004876136779785E-001,-9.152240157127380E-001,-3.041201531887054E-001,
3.007566666666667E+009,-3.913721069693565E-002,2.154766768217087E-001,-9.183742403984070E-001,-2.849688827991486E-001,-3.913721069693565E-002,2.154766768217087E-001,-9.183742403984070E-001,-2.849688827991486E-001,
3.015933333333334E+009,3.920202609151602E-003,2.104245722293854E-001,-9.303497076034546E-001,-2.681125998497009E-001,3.920202609151602E-003,2.104245722293854E-001,-9.303497076034546E-001,-2.681125998497009E-001,
3.024300000000000E+009,4.078963398933411E-002,1.853654831647873E-001,-9.384198188781738E-001,-2.460794001817703E-001,4.078963398933411E-002,1.853654831647873E-001,-9.384198188781738E-001,-2.460794001817703E-001,
3.032666666666667E+009,6.188844516873360E-002,1.454478800296783E-001,-9.461548924446106E-001,-2.222658097743988E-001,6.188844516873360E-002,1.454478800296783E-001,-9.461548924446106E-001,-2.222658097743988E-001,
3.041033333333334E+009,5.643627420067787E-002,1.052676662802696E-001,-9.573836326599121E-001,-2.010966986417770E-001,5.643627420067787E-002,1.052676662802696E-001,-9.573836326599121E-001,-2.010966986417770E-001,
3.049400000000000E+009,2.935364469885826E-002,7.773730158805847E-002,-9.685837030410767E-001,-1.704414933919907E-001,2.935364469885826E-002,7.773730158805847E-002,-9.685837030410767E-001,-1.704414933919907E-001,
3.057766666666667E+009,-8.674160577356815E-003,7.160250842571259E-002,-9.726826548576355E-001,-1.406003087759018E-001,-8.674160577356815E-003,7.160250842571259E-002,-9.726826548576355E-001,-1.406003087759018E-001,
3.066133333333334E+009,-4.558514058589935E-002,9.149748086929321E-002,-9.730935096740723E-001,-1.065067872405052E-001,-4.558514058589935E-002,9.149748086929321E-002,-9.730935096740723E-001,-1.065067872405052E-001,
3.074500000000000E+009,-6.521052867174149E-002,1.297674328088760E-001,-9.712831974029541E-001,-8.173664659261704E-002,-6.521052867174149E-002,1.297674328088760E-001,-9.712831974029541E-001,-8.173664659261704E-002,
3.082866666666667E+009,-6.243863701820374E-002,1.741625219583511E-001,-9.685395956039429E-001,-5.287496000528336E-002,-6.243863701820374E-002,1.741625219583511E-001,-9.685395956039429E-001,-5.287496000528336E-002,
3.091233333333334E+009,-3.413139656186104E-002,2.124122679233551E-001,-9.608042836189270E-001,-4.239691793918610E-002,-3.413139656186104E-002,2.124122679233551E-001,-9.608042836189270E-001,-4.239691793918610E-002,
3.099600000000000E+009,8.673016913235188E-003,2.303226739168167E-001,-9.548760056495667E-001,-2.021282538771629E-002,8.673016913235188E-003,2.303226739168167E-001,-9.548760056495667E-001,-2.021282538771629E-002,
3.107966666666667E+009,5.838860943913460E-002,2.217677235603333E-001,-9.576376080513001E-001,5.606656777672470E-004,5.838860943913460E-002,2.217677235603333E-001,-9.576376080513001E-001,5.606656777672470E-004,
3.116333333333334E+009,9.838564693927765E-002,1.896739453077316E-001,-9.640090465545654E-001,2.014079317450523E-002,9.838564693927765E-002,1.896739453077316E-001,-9.640090465545654E-001,2.014079317450523E-002,
3.124700000000000E+009,1.185078993439674E-001,1.425404697656632E-001,-9.720559716224670E-001,4.143202304840088E-002,1.185078993439674E-001,1.425404697656632E-001,-9.720559716224670E-001,4.143202304840088E-002,
3.133066666666667E+009,1.129484400153160E-001,8.901207149028778E-002,-9.784871935844421E-001,6.392621994018555E-002,1.129484400153160E-001,8.901207149028778E-002,-9.784871935844421E-001,6.392621994018555E-002,
3.141433333333334E+009,8.353233337402344E-002,5.008973181247711E-002,-9.769850969314575E-001,9.611660242080689E-002,8.353233337402344E-002,5.008973181247711E-002,-9.769850969314575E-001,9.611660242080689E-002,
3.149800000000000E+009,3.695913404226303E-002,3.836353123188019E-002,-9.741956591606140E-001,1.284393519163132E-001,3.695913404226303E-002,3.836353123188019E-002,-9.741956591606140E-001,1.284393519163132E-001,
3.158166666666667E+009,-7.710178848356009E-003,5.581026151776314E-002,-9.640026688575745E-001,1.604954004287720E-001,-7.710178848356009E-003,5.581026151776314E-002,-9.640026688575745E-001,1.604954004287720E-001,
3.166533333333334E+009,-3.520199656486511E-002,9.871990978717804E-002,-9.578985571861267E-001,1.883451938629150E-001,-3.520199656486511E-002,9.871990978717804E-002,-9.578985571861267E-001,1.883451938629150E-001,
3.174900000000000E+009,-3.534366935491562E-002,1.490631103515625E-001,-9.451476335525513E-001,2.162829786539078E-001,-3.534366935491562E-002,1.490631103515625E-001,-9.451476335525513E-001,2.162829786539078E-001,
3.183266666666667E+009,-8.927004411816597E-003,1.918372660875320E-001,-9.330264925956726E-001,2.315329462289810E-001,-8.927004411816597E-003,1.918372660875320E-001,-9.330264925956726E-001,2.315329462289810E-001,
3.191633333333334E+009,3.699835762381554E-002,2.158953845500946E-001,-9.252198934555054E-001,2.514865398406982E-001,3.699835762381554E-002,2.158953845500946E-001,-9.252198934555054E-001,2.514865398406982E-001,
3.200000000000000E+009,8.835589140653610E-002,2.089253962039948E-001,-9.122486710548401E-001,2.717888951301575E-001,8.835589140653610E-002,2.089253962039948E-001,-9.122486710548401E-001,2.717888951301575E-001,
