% Version 1.00
%
%freq[Hz],re:Trc1_S11,im:Trc1_S11,re:Trc2_S21,im:Trc2_S21,re:Trc3_S11,im:Trc3_S11,re:Trc4_S21,im:Trc4_S21,
6.900000000000000E+008,-5.012582987546921E-002,3.847233206033707E-002,-4.996041357517242E-001,-8.546383380889893E-001,-5.012582987546921E-002,3.847233206033707E-002,-4.996041357517242E-001,-8.546383380889893E-001,
6.983666666666666E+008,-4.174087941646576E-002,3.876113146543503E-002,-5.306351184844971E-001,-8.408504724502564E-001,-4.174087941646576E-002,3.876113146543503E-002,-5.306351184844971E-001,-8.408504724502564E-001,
7.067333333333334E+008,-3.597923740744591E-002,3.414176777005196E-002,-5.523589253425598E-001,-8.162357211112976E-001,-3.597923740744591E-002,3.414176777005196E-002,-5.523589253425598E-001,-8.162357211112976E-001,
7.151000000000000E+008,-3.584776446223259E-002,2.621044591069222E-002,-5.870456695556641E-001,-8.133287429809570E-001,-3.584776446223259E-002,2.621044591069222E-002,-5.870456695556641E-001,-8.133287429809570E-001,
7.234666666666666E+008,-3.738890960812569E-002,2.103113569319248E-002,-6.021309494972229E-001,-7.987730503082275E-001,-3.738890960812569E-002,2.103113569319248E-002,-6.021309494972229E-001,-7.987730503082275E-001,
7.318333333333334E+008,-4.471239447593689E-002,1.895935647189617E-002,-6.180886626243591E-001,-7.790186405181885E-001,-4.471239447593689E-002,1.895935647189617E-002,-6.180886626243591E-001,-7.790186405181885E-001,
7.402000000000000E+008,-5.103163421154022E-002,2.120540291070938E-002,-6.307016015052795E-001,-7.544811367988586E-001,-5.103163421154022E-002,2.120540291070938E-002,-6.307016015052795E-001,-7.544811367988586E-001,
7.485666666666666E+008,-5.640607699751854E-002,2.838318794965744E-002,-6.566535830497742E-001,-7.418104410171509E-001,-5.640607699751854E-002,2.838318794965744E-002,-6.566535830497742E-001,-7.418104410171509E-001,
7.569333333333334E+008,-6.057435646653175E-002,3.835190460085869E-002,-6.765665411949158E-001,-7.276738882064819E-001,-6.057435646653175E-002,3.835190460085869E-002,-6.765665411949158E-001,-7.276738882064819E-001,
7.653000000000000E+008,-5.532371625304222E-002,4.720881953835487E-002,-6.837312579154968E-001,-7.130558490753174E-001,-5.532371625304222E-002,4.720881953835487E-002,-6.837312579154968E-001,-7.130558490753174E-001,
7.736666666666666E+008,-4.879675433039665E-002,5.390202626585960E-002,-6.959906220436096E-001,-7.036980986595154E-001,-4.879675433039665E-002,5.390202626585960E-002,-6.959906220436096E-001,-7.036980986595154E-001,
7.820333333333334E+008,-4.016650840640068E-002,5.792203173041344E-002,-7.328038215637207E-001,-6.766458153724670E-001,-4.016650840640068E-002,5.792203173041344E-002,-7.328038215637207E-001,-6.766458153724670E-001,
7.904000000000000E+008,-3.072186559438705E-002,5.653828382492065E-002,-7.388370037078857E-001,-6.620419621467590E-001,-3.072186559438705E-002,5.653828382492065E-002,-7.388370037078857E-001,-6.620419621467590E-001,
7.987666666666666E+008,-2.637720666825771E-002,5.134366452693939E-002,-7.459348440170288E-001,-6.445756554603577E-001,-2.637720666825771E-002,5.134366452693939E-002,-7.459348440170288E-001,-6.445756554603577E-001,
8.071333333333334E+008,-2.419421821832657E-002,4.463507235050201E-002,-7.718779444694519E-001,-6.099931001663208E-001,-2.419421821832657E-002,4.463507235050201E-002,-7.718779444694519E-001,-6.099931001663208E-001,
8.155000000000000E+008,-2.713128365576267E-002,3.757966682314873E-002,-7.981209158897400E-001,-6.002321243286133E-001,-2.713128365576267E-002,3.757966682314873E-002,-7.981209158897400E-001,-6.002321243286133E-001,
8.238666666666666E+008,-3.386191651225090E-002,3.554290160536766E-002,-8.012462258338928E-001,-5.761523842811585E-001,-3.386191651225090E-002,3.554290160536766E-002,-8.012462258338928E-001,-5.761523842811585E-001,
8.322333333333334E+008,-3.927788883447647E-002,3.698370605707169E-002,-8.141328692436218E-001,-5.573101639747620E-001,-3.927788883447647E-002,3.698370605707169E-002,-8.141328692436218E-001,-5.573101639747620E-001,
8.406000000000000E+008,-4.412713274359703E-002,4.036078229546547E-002,-8.274721503257752E-001,-5.320149064064026E-001,-4.412713274359703E-002,4.036078229546547E-002,-8.274721503257752E-001,-5.320149064064026E-001,
8.489666666666668E+008,-4.551605880260468E-002,5.155177786946297E-002,-8.381398916244507E-001,-5.053501725196838E-001,-4.551605880260468E-002,5.155177786946297E-002,-8.381398916244507E-001,-5.053501725196838E-001,
8.573333333333334E+008,-4.349181801080704E-002,5.968763679265976E-002,-8.400976061820984E-001,-4.754191339015961E-001,-4.349181801080704E-002,5.968763679265976E-002,-8.400976061820984E-001,-4.754191339015961E-001,
8.657000000000000E+008,-3.817443549633026E-002,6.748387217521668E-002,-8.650421500205994E-001,-4.801442027091980E-001,-3.817443549633026E-002,6.748387217521668E-002,-8.650421500205994E-001,-4.801442027091980E-001,
8.740666666666668E+008,-2.954250201582909E-002,7.242912799119949E-002,-8.733253479003906E-001,-4.543633162975311E-001,-2.954250201582909E-002,7.242912799119949E-002,-8.733253479003906E-001,-4.543633162975311E-001,
8.824333333333334E+008,-2.126896195113659E-002,7.393915206193924E-002,-8.928225636482239E-001,-4.314433634281158E-001,-2.126896195113659E-002,7.393915206193924E-002,-8.928225636482239E-001,-4.314433634281158E-001,
8.908000000000000E+008,-1.391533669084311E-002,7.043545693159103E-002,-9.063354730606079E-001,-4.123085439205170E-001,-1.391533669084311E-002,7.043545693159103E-002,-9.063354730606079E-001,-4.123085439205170E-001,
8.991666666666668E+008,-8.048399351537228E-003,6.409296393394470E-002,-9.057784676551819E-001,-3.864037990570068E-001,-8.048399351537228E-003,6.409296393394470E-002,-9.057784676551819E-001,-3.864037990570068E-001,
9.075333333333334E+008,-7.693853694945574E-003,5.652885511517525E-002,-9.203149080276489E-001,-3.568984270095825E-001,-7.693853694945574E-003,5.652885511517525E-002,-9.203149080276489E-001,-3.568984270095825E-001,
9.159000000000000E+008,-1.086864061653614E-002,5.093057081103325E-002,-9.424393177032471E-001,-3.354882895946503E-001,-1.086864061653614E-002,5.093057081103325E-002,-9.424393177032471E-001,-3.354882895946503E-001,
9.242666666666668E+008,-1.737437956035137E-002,5.101253464818001E-002,-9.325823783874512E-001,-3.139871358871460E-001,-1.737437956035137E-002,5.101253464818001E-002,-9.325823783874512E-001,-3.139871358871460E-001,
9.326333333333334E+008,-2.255371212959290E-002,5.344408005475998E-002,-9.497643113136292E-001,-2.977438867092133E-001,-2.255371212959290E-002,5.344408005475998E-002,-9.497643113136292E-001,-2.977438867092133E-001,
9.410000000000000E+008,-2.639774419367313E-002,5.800883844494820E-002,-9.580375552177429E-001,-2.629298269748688E-001,-2.639774419367313E-002,5.800883844494820E-002,-9.580375552177429E-001,-2.629298269748688E-001,
9.493666666666668E+008,-2.787004224956036E-002,6.747295707464218E-002,-9.637927412986755E-001,-2.314714193344116E-001,-2.787004224956036E-002,6.747295707464218E-002,-9.637927412986755E-001,-2.314714193344116E-001,
9.577333333333334E+008,-2.407749742269516E-002,7.716748118400574E-002,-9.696935415267944E-001,-2.169828563928604E-001,-2.407749742269516E-002,7.716748118400574E-002,-9.696935415267944E-001,-2.169828563928604E-001,
9.661000000000000E+008,-1.551138702780008E-002,8.417540788650513E-002,-9.705501198768616E-001,-1.782822459936142E-001,-1.551138702780008E-002,8.417540788650513E-002,-9.705501198768616E-001,-1.782822459936142E-001,
9.744666666666668E+008,-4.756805021315813E-003,8.440211415290833E-002,-9.676865339279175E-001,-1.674185842275620E-001,-4.756805021315813E-003,8.440211415290833E-002,-9.676865339279175E-001,-1.674185842275620E-001,
9.828333333333334E+008,4.166419152170420E-003,8.545298874378204E-002,-9.844309687614441E-001,-1.460292488336563E-001,4.166419152170420E-003,8.545298874378204E-002,-9.844309687614441E-001,-1.460292488336563E-001,
9.912000000000000E+008,1.438560895621777E-002,7.871031761169434E-002,-9.807922244071960E-001,-1.248386055231094E-001,1.438560895621777E-002,7.871031761169434E-002,-9.807922244071960E-001,-1.248386055231094E-001,
9.995666666666668E+008,1.780847087502480E-002,7.101318985223770E-002,-9.930900335311890E-001,-8.795454353094101E-002,1.780847087502480E-002,7.101318985223770E-002,-9.930900335311890E-001,-8.795454353094101E-002,
1.007933333333333E+009,2.158446051180363E-002,6.185321137309074E-002,-1.010900974273682E+000,-6.747929006814957E-002,2.158446051180363E-002,6.185321137309074E-002,-1.010900974273682E+000,-6.747929006814957E-002,
1.016300000000000E+009,1.515073049813509E-002,5.562366545200348E-002,-9.968641996383667E-001,-4.639428108930588E-002,1.515073049813509E-002,5.562366545200348E-002,-9.968641996383667E-001,-4.639428108930588E-002,
1.024666666666667E+009,7.791812531650066E-003,5.152828618884087E-002,-9.920877814292908E-001,-1.871195808053017E-002,7.791812531650066E-003,5.152828618884087E-002,-9.920877814292908E-001,-1.871195808053017E-002,
1.033033333333333E+009,2.587092109024525E-003,5.640595033764839E-002,-9.994869232177734E-001,8.119267411530018E-003,2.587092109024525E-003,5.640595033764839E-002,-9.994869232177734E-001,8.119267411530018E-003,
1.041400000000000E+009,-3.826693864539266E-003,6.165093556046486E-002,-9.999299049377441E-001,2.969334833323956E-002,-3.826693864539266E-003,6.165093556046486E-002,-9.999299049377441E-001,2.969334833323956E-002,
1.049766666666667E+009,-1.923588715726510E-004,7.115770876407623E-002,-9.830260872840881E-001,6.547404825687408E-002,-1.923588715726510E-004,7.115770876407623E-002,-9.830260872840881E-001,6.547404825687408E-002,
1.058133333333333E+009,4.002977162599564E-003,8.068339526653290E-002,-9.847265481948853E-001,8.863388001918793E-002,4.002977162599564E-003,8.068339526653290E-002,-9.847265481948853E-001,8.863388001918793E-002,
1.066500000000000E+009,1.543534547090530E-002,8.517829328775406E-002,-1.000557899475098E+000,1.210282966494560E-001,1.543534547090530E-002,8.517829328775406E-002,-1.000557899475098E+000,1.210282966494560E-001,
1.074866666666667E+009,2.907311171293259E-002,8.387915045022965E-002,-9.937029480934143E-001,1.442584544420242E-001,2.907311171293259E-002,8.387915045022965E-002,-9.937029480934143E-001,1.442584544420242E-001,
1.083233333333334E+009,3.729943558573723E-002,7.611940056085587E-002,-9.762433767318726E-001,1.655469536781311E-001,3.729943558573723E-002,7.611940056085587E-002,-9.762433767318726E-001,1.655469536781311E-001,
1.091600000000000E+009,4.430516064167023E-002,6.530418992042542E-002,-9.595018625259399E-001,1.833729594945908E-001,4.430516064167023E-002,6.530418992042542E-002,-9.595018625259399E-001,1.833729594945908E-001,
1.099966666666667E+009,4.242456331849098E-002,5.188189819455147E-002,-9.559348225593567E-001,2.225225120782852E-001,4.242456331849098E-002,5.188189819455147E-002,-9.559348225593567E-001,2.225225120782852E-001,
1.108333333333334E+009,3.435328602790833E-002,4.370107129216194E-002,-9.553248882293701E-001,2.308727949857712E-001,3.435328602790833E-002,4.370107129216194E-002,-9.553248882293701E-001,2.308727949857712E-001,
1.116700000000000E+009,2.368880994617939E-002,4.038177803158760E-002,-9.465345740318298E-001,2.638077735900879E-001,2.368880994617939E-002,4.038177803158760E-002,-9.465345740318298E-001,2.638077735900879E-001,
1.125066666666667E+009,1.276350207626820E-002,4.514490813016892E-002,-9.478536844253540E-001,2.817780375480652E-001,1.276350207626820E-002,4.514490813016892E-002,-9.478536844253540E-001,2.817780375480652E-001,
1.133433333333334E+009,4.990138113498688E-003,5.518902093172073E-002,-9.452024102210999E-001,3.268879652023315E-001,4.990138113498688E-003,5.518902093172073E-002,-9.452024102210999E-001,3.268879652023315E-001,
1.141800000000000E+009,4.249428398907185E-003,6.912408024072647E-002,-9.229313731193543E-001,3.410918712615967E-001,4.249428398907185E-003,6.912408024072647E-002,-9.229313731193543E-001,3.410918712615967E-001,
1.150166666666667E+009,1.305342931300402E-002,8.346769213676453E-002,-9.155302643775940E-001,3.442120552062988E-001,1.305342931300402E-002,8.346769213676453E-002,-9.155302643775940E-001,3.442120552062988E-001,
1.158533333333334E+009,2.996004745364189E-002,9.058243781328201E-002,-9.048426747322083E-001,3.823998272418976E-001,2.996004745364189E-002,9.058243781328201E-002,-9.048426747322083E-001,3.823998272418976E-001,
1.166900000000000E+009,4.908951371908188E-002,9.106555581092835E-002,-8.903322219848633E-001,4.020088911056519E-001,4.908951371908188E-002,9.106555581092835E-002,-8.903322219848633E-001,4.020088911056519E-001,
1.175266666666667E+009,6.579262763261795E-002,7.983685284852982E-002,-8.835138678550720E-001,4.349808990955353E-001,6.579262763261795E-002,7.983685284852982E-002,-8.835138678550720E-001,4.349808990955353E-001,
1.183633333333334E+009,7.735443115234375E-002,6.522554904222488E-002,-8.810709714889526E-001,4.442528188228607E-001,7.735443115234375E-002,6.522554904222488E-002,-8.810709714889526E-001,4.442528188228607E-001,
1.192000000000000E+009,7.695016264915466E-002,4.662389308214188E-002,-8.679773807525635E-001,4.660016894340515E-001,7.695016264915466E-002,4.662389308214188E-002,-8.679773807525635E-001,4.660016894340515E-001,
1.200366666666667E+009,6.746499240398407E-002,2.996489405632019E-002,-8.552762866020203E-001,4.878566563129425E-001,6.746499240398407E-002,2.996489405632019E-002,-8.552762866020203E-001,4.878566563129425E-001,
1.208733333333334E+009,5.202249437570572E-002,2.132510021328926E-002,-8.473199605941773E-001,5.297799706459045E-001,5.202249437570572E-002,2.132510021328926E-002,-8.473199605941773E-001,5.297799706459045E-001,
1.217100000000000E+009,3.589123487472534E-002,2.283842861652374E-002,-8.429638743400574E-001,5.413426756858826E-001,3.589123487472534E-002,2.283842861652374E-002,-8.429638743400574E-001,5.413426756858826E-001,
1.225466666666667E+009,2.349947392940521E-002,3.379674255847931E-002,-8.112553358078003E-001,5.647364258766174E-001,2.349947392940521E-002,3.379674255847931E-002,-8.112553358078003E-001,5.647364258766174E-001,
1.233833333333334E+009,1.914696954190731E-002,5.050213262438774E-002,-8.070599436759949E-001,5.769120454788208E-001,1.914696954190731E-002,5.050213262438774E-002,-8.070599436759949E-001,5.769120454788208E-001,
1.242200000000000E+009,2.829344384372234E-002,6.513059884309769E-002,-7.799752950668335E-001,6.119240522384644E-001,2.829344384372234E-002,6.513059884309769E-002,-7.799752950668335E-001,6.119240522384644E-001,
1.250566666666667E+009,4.208472743630409E-002,7.538604736328125E-002,-7.590024471282959E-001,6.136498451232910E-001,4.208472743630409E-002,7.538604736328125E-002,-7.590024471282959E-001,6.136498451232910E-001,
1.258933333333334E+009,6.296230852603912E-002,7.549901306629181E-002,-7.516777515411377E-001,6.361616849899292E-001,6.296230852603912E-002,7.549901306629181E-002,-7.516777515411377E-001,6.361616849899292E-001,
1.267300000000000E+009,8.281373232603073E-002,6.474874913692474E-002,-7.342181801795960E-001,6.512159109115601E-001,8.281373232603073E-002,6.474874913692474E-002,-7.342181801795960E-001,6.512159109115601E-001,
1.275666666666667E+009,9.184223413467407E-002,4.724422469735146E-002,-7.208365797996521E-001,6.599118709564209E-001,9.184223413467407E-002,4.724422469735146E-002,-7.208365797996521E-001,6.599118709564209E-001,
1.284033333333334E+009,9.461362659931183E-002,2.608181722462177E-002,-7.045276165008545E-001,7.032220959663391E-001,9.461362659931183E-002,2.608181722462177E-002,-7.045276165008545E-001,7.032220959663391E-001,
1.292400000000000E+009,8.398329466581345E-002,7.632208056747913E-003,-6.957796812057495E-001,7.041298747062683E-001,8.398329466581345E-002,7.632208056747913E-003,-6.957796812057495E-001,7.041298747062683E-001,
1.300766666666667E+009,6.378324329853058E-002,-7.375135901384056E-004,-6.699596643447876E-001,7.299339175224304E-001,6.378324329853058E-002,-7.375135901384056E-004,-6.699596643447876E-001,7.299339175224304E-001,
1.309133333333334E+009,4.358381032943726E-002,8.464850834570825E-004,-6.470919251441956E-001,7.454556822776794E-001,4.358381032943726E-002,8.464850834570825E-004,-6.470919251441956E-001,7.454556822776794E-001,
1.317500000000000E+009,2.950151450932026E-002,1.293448265641928E-002,-6.326436400413513E-001,7.785404920578003E-001,2.950151450932026E-002,1.293448265641928E-002,-6.326436400413513E-001,7.785404920578003E-001,
1.325866666666667E+009,2.499515376985073E-002,3.005239181220532E-002,-6.133698821067810E-001,7.900826930999756E-001,2.499515376985073E-002,3.005239181220532E-002,-6.133698821067810E-001,7.900826930999756E-001,
1.334233333333334E+009,3.352823480963707E-002,4.796262830495834E-002,-5.932420492172241E-001,7.952493429183960E-001,3.352823480963707E-002,4.796262830495834E-002,-5.932420492172241E-001,7.952493429183960E-001,
1.342600000000000E+009,4.978046566247940E-002,5.702818557620049E-002,-5.750935673713684E-001,8.137454986572266E-001,4.978046566247940E-002,5.702818557620049E-002,-5.750935673713684E-001,8.137454986572266E-001,
1.350966666666667E+009,7.076616585254669E-002,5.374185368418694E-002,-5.522437691688538E-001,8.231167793273926E-001,7.076616585254669E-002,5.374185368418694E-002,-5.522437691688538E-001,8.231167793273926E-001,
1.359333333333334E+009,8.624470233917236E-002,4.017467051744461E-002,-5.359441041946411E-001,8.262689113616943E-001,8.624470233917236E-002,4.017467051744461E-002,-5.359441041946411E-001,8.262689113616943E-001,
1.367700000000000E+009,9.258604049682617E-002,2.031046524643898E-002,-5.023335218429565E-001,8.414552807807922E-001,9.258604049682617E-002,2.031046524643898E-002,-5.023335218429565E-001,8.414552807807922E-001,
1.376066666666667E+009,8.884914219379425E-002,-1.557263080030680E-003,-4.893669188022614E-001,8.521711826324463E-001,8.884914219379425E-002,-1.557263080030680E-003,-4.893669188022614E-001,8.521711826324463E-001,
1.384433333333334E+009,7.194243371486664E-002,-1.716742292046547E-002,-4.713875055313110E-001,8.818022608757019E-001,7.194243371486664E-002,-1.716742292046547E-002,-4.713875055313110E-001,8.818022608757019E-001,
1.392800000000000E+009,5.146587640047073E-002,-1.947000809013844E-002,-4.510036110877991E-001,8.944029211997986E-001,5.146587640047073E-002,-1.947000809013844E-002,-4.510036110877991E-001,8.944029211997986E-001,
1.401166666666667E+009,3.043486550450325E-002,-1.162022072821856E-002,-4.232447147369385E-001,8.986963629722595E-001,3.043486550450325E-002,-1.162022072821856E-002,-4.232447147369385E-001,8.986963629722595E-001,
1.409533333333334E+009,1.720577664673328E-002,5.974432453513145E-003,-3.926662504673004E-001,9.113849997520447E-001,1.720577664673328E-002,5.974432453513145E-003,-3.926662504673004E-001,9.113849997520447E-001,
1.417900000000000E+009,1.799117773771286E-002,2.970573678612709E-002,-3.721144795417786E-001,9.094817638397217E-001,1.799117773771286E-002,2.970573678612709E-002,-3.721144795417786E-001,9.094817638397217E-001,
1.426266666666667E+009,2.904706820845604E-002,4.680593684315682E-002,-3.374419212341309E-001,9.337601065635681E-001,2.904706820845604E-002,4.680593684315682E-002,-3.374419212341309E-001,9.337601065635681E-001,
1.434633333333334E+009,5.017823353409767E-002,5.472178384661675E-002,-3.271582424640656E-001,9.294886589050293E-001,5.017823353409767E-002,5.472178384661675E-002,-3.271582424640656E-001,9.294886589050293E-001,
1.443000000000000E+009,7.107782363891602E-002,5.191826820373535E-002,-3.025532066822052E-001,9.359319210052490E-001,7.107782363891602E-002,5.191826820373535E-002,-3.025532066822052E-001,9.359319210052490E-001,
1.451366666666667E+009,8.824131637811661E-002,3.549388796091080E-002,-2.765835523605347E-001,9.365690350532532E-001,8.824131637811661E-002,3.549388796091080E-002,-2.765835523605347E-001,9.365690350532532E-001,
1.459733333333334E+009,9.510733932256699E-002,1.487905159592629E-002,-2.479784935712814E-001,9.655826091766357E-001,9.510733932256699E-002,1.487905159592629E-002,-2.479784935712814E-001,9.655826091766357E-001,
1.468100000000000E+009,9.273584932088852E-002,-7.046307902783155E-003,-2.352936118841171E-001,9.640288352966309E-001,9.273584932088852E-002,-7.046307902783155E-003,-2.352936118841171E-001,9.640288352966309E-001,
1.476466666666667E+009,7.290533185005188E-002,-2.200967818498612E-002,-2.059526443481445E-001,9.684712886810303E-001,7.290533185005188E-002,-2.200967818498612E-002,-2.059526443481445E-001,9.684712886810303E-001,
1.484833333333334E+009,5.244987085461617E-002,-2.361176908016205E-002,-1.776293218135834E-001,9.779942035675049E-001,5.244987085461617E-002,-2.361176908016205E-002,-1.776293218135834E-001,9.779942035675049E-001,
1.493200000000000E+009,3.331363201141357E-002,-1.469022873789072E-002,-1.593160927295685E-001,9.809946417808533E-001,3.331363201141357E-002,-1.469022873789072E-002,-1.593160927295685E-001,9.809946417808533E-001,
1.501566666666667E+009,2.505788207054138E-002,5.061793606728315E-003,-1.308481991291046E-001,9.889199137687683E-001,2.505788207054138E-002,5.061793606728315E-003,-1.308481991291046E-001,9.889199137687683E-001,
1.509933333333334E+009,2.595353312790394E-002,2.607482671737671E-002,-1.010675877332687E-001,9.903283715248108E-001,2.595353312790394E-002,2.607482671737671E-002,-1.010675877332687E-001,9.903283715248108E-001,
1.518300000000000E+009,4.019551351666451E-002,4.328215494751930E-002,-8.095829188823700E-002,9.856358170509338E-001,4.019551351666451E-002,4.328215494751930E-002,-8.095829188823700E-002,9.856358170509338E-001,
1.526666666666667E+009,5.928584933280945E-002,4.940609633922577E-002,-6.343896687030792E-002,9.719391465187073E-001,5.928584933280945E-002,4.940609633922577E-002,-6.343896687030792E-002,9.719391465187073E-001,
1.535033333333334E+009,8.101377636194229E-002,4.283637925982475E-002,-2.755686081945896E-002,9.853483438491821E-001,8.101377636194229E-002,4.283637925982475E-002,-2.755686081945896E-002,9.853483438491821E-001,
1.543400000000000E+009,9.659553319215775E-002,2.646453678607941E-002,-3.385872347280383E-003,9.871240258216858E-001,9.659553319215775E-002,2.646453678607941E-002,-3.385872347280383E-003,9.871240258216858E-001,
1.551766666666667E+009,1.016161590814591E-001,5.449810996651650E-003,2.132560499012470E-002,9.854592680931091E-001,1.016161590814591E-001,5.449810996651650E-003,2.132560499012470E-002,9.854592680931091E-001,
1.560133333333334E+009,9.295836091041565E-002,-1.663808897137642E-002,4.689288139343262E-002,9.912197589874268E-001,9.295836091041565E-002,-1.663808897137642E-002,4.689288139343262E-002,9.912197589874268E-001,
1.568500000000000E+009,7.792032510042191E-002,-2.908975258469582E-002,7.394533604383469E-002,9.839162826538086E-001,7.792032510042191E-002,-2.908975258469582E-002,7.394533604383469E-002,9.839162826538086E-001,
1.576866666666667E+009,5.960203707218170E-002,-3.296160697937012E-002,8.424401283264160E-002,9.858239293098450E-001,5.960203707218170E-002,-3.296160697937012E-002,8.424401283264160E-002,9.858239293098450E-001,
1.585233333333334E+009,4.463791474699974E-002,-2.503272704780102E-002,1.178686916828156E-001,9.787907600402832E-001,4.463791474699974E-002,-2.503272704780102E-002,1.178686916828156E-001,9.787907600402832E-001,
1.593600000000000E+009,3.700087964534760E-002,-7.910984568297863E-003,1.387861818075180E-001,9.808553457260132E-001,3.700087964534760E-002,-7.910984568297863E-003,1.387861818075180E-001,9.808553457260132E-001,
1.601966666666667E+009,4.035329073667526E-002,1.160698756575584E-002,1.707337945699692E-001,9.818181991577148E-001,4.035329073667526E-002,1.160698756575584E-002,1.707337945699692E-001,9.818181991577148E-001,
1.610333333333334E+009,5.270172283053398E-002,2.570854686200619E-002,1.984015554189682E-001,9.719204902648926E-001,5.270172283053398E-002,2.570854686200619E-002,1.984015554189682E-001,9.719204902648926E-001,
1.618700000000000E+009,6.993060559034348E-002,2.769398875534535E-002,2.206816971302033E-001,9.645112156867981E-001,6.993060559034348E-002,2.769398875534535E-002,2.206816971302033E-001,9.645112156867981E-001,
1.627066666666667E+009,8.524667471647263E-002,2.029391191899777E-002,2.375486344099045E-001,9.592084288597107E-001,8.524667471647263E-002,2.029391191899777E-002,2.375486344099045E-001,9.592084288597107E-001,
1.635433333333334E+009,9.510025382041931E-002,6.104042753577232E-003,2.767683565616608E-001,9.393933415412903E-001,9.510025382041931E-002,6.104042753577232E-003,2.767683565616608E-001,9.393933415412903E-001,
1.643800000000000E+009,9.522841125726700E-002,-1.328223943710327E-002,2.862198054790497E-001,9.437194466590881E-001,9.522841125726700E-002,-1.328223943710327E-002,2.862198054790497E-001,9.437194466590881E-001,
1.652166666666667E+009,8.848913013935089E-002,-3.004774264991283E-002,3.133800923824310E-001,9.352852702140808E-001,8.848913013935089E-002,-3.004774264991283E-002,3.133800923824310E-001,9.352852702140808E-001,
1.660533333333334E+009,7.560157030820847E-002,-3.865149989724159E-002,3.387160599231720E-001,9.214088320732117E-001,7.560157030820847E-002,-3.865149989724159E-002,3.387160599231720E-001,9.214088320732117E-001,
1.668900000000000E+009,5.840386450290680E-002,-4.029129445552826E-002,3.690885603427887E-001,9.333151578903198E-001,5.840386450290680E-002,-4.029129445552826E-002,3.690885603427887E-001,9.333151578903198E-001,
1.677266666666667E+009,4.699302464723587E-002,-2.963748760521412E-002,3.881008625030518E-001,9.163465499877930E-001,4.699302464723587E-002,-2.963748760521412E-002,3.881008625030518E-001,9.163465499877930E-001,
1.685633333333334E+009,4.386582225561142E-002,-1.612349972128868E-002,4.042766988277435E-001,9.009892344474793E-001,4.386582225561142E-002,-1.612349972128868E-002,4.042766988277435E-001,9.009892344474793E-001,
1.694000000000000E+009,4.782854020595551E-002,-9.043131140060723E-004,4.289783537387848E-001,8.920293450355530E-001,4.782854020595551E-002,-9.043131140060723E-004,4.289783537387848E-001,8.920293450355530E-001,
1.702366666666667E+009,6.314049661159515E-002,9.119449183344841E-003,4.559229314327240E-001,8.769825100898743E-001,6.314049661159515E-002,9.119449183344841E-003,4.559229314327240E-001,8.769825100898743E-001,
1.710733333333334E+009,7.917019724845886E-002,1.102261804044247E-002,4.729824662208557E-001,8.595480322837830E-001,7.917019724845886E-002,1.102261804044247E-002,4.729824662208557E-001,8.595480322837830E-001,
1.719100000000000E+009,9.482087194919586E-002,3.500539110973477E-003,5.043848752975464E-001,8.514066338539124E-001,9.482087194919586E-002,3.500539110973477E-003,5.043848752975464E-001,8.514066338539124E-001,
1.727466666666667E+009,1.025623083114624E-001,-1.167880371212959E-002,5.203209519386292E-001,8.342133760452271E-001,1.025623083114624E-001,-1.167880371212959E-002,5.203209519386292E-001,8.342133760452271E-001,
1.735833333333334E+009,1.049584075808525E-001,-2.975909598171711E-002,5.351834297180176E-001,8.256192207336426E-001,1.049584075808525E-001,-2.975909598171711E-002,5.351834297180176E-001,8.256192207336426E-001,
1.744200000000000E+009,9.827683120965958E-002,-4.705886915326119E-002,5.607516169548035E-001,8.252056241035461E-001,9.827683120965958E-002,-4.705886915326119E-002,5.607516169548035E-001,8.252056241035461E-001,
1.752566666666667E+009,8.618043363094330E-002,-5.936840549111366E-002,5.769662261009216E-001,7.927516698837280E-001,8.618043363094330E-002,-5.936840549111366E-002,5.769662261009216E-001,7.927516698837280E-001,
1.760933333333334E+009,7.006628066301346E-002,-6.494736671447754E-002,5.982265472412109E-001,7.792121171951294E-001,7.006628066301346E-002,-6.494736671447754E-002,5.982265472412109E-001,7.792121171951294E-001,
1.769300000000000E+009,5.627285689115524E-002,-6.182177364826202E-002,6.246959567070007E-001,7.696211934089661E-001,5.627285689115524E-002,-6.182177364826202E-002,6.246959567070007E-001,7.696211934089661E-001,
1.777666666666667E+009,4.704354330897331E-002,-5.290145426988602E-002,6.455499529838562E-001,7.480346560478210E-001,4.704354330897331E-002,-5.290145426988602E-002,6.455499529838562E-001,7.480346560478210E-001,
1.786033333333334E+009,4.377343505620956E-002,-4.115687683224678E-002,6.565291285514832E-001,7.350246906280518E-001,4.377343505620956E-002,-4.115687683224678E-002,6.565291285514832E-001,7.350246906280518E-001,
1.794400000000000E+009,4.989748075604439E-002,-2.983022108674049E-002,6.810423135757446E-001,7.193168401718140E-001,4.989748075604439E-002,-2.983022108674049E-002,6.810423135757446E-001,7.193168401718140E-001,
1.802766666666667E+009,5.915545299649239E-002,-2.383413910865784E-002,6.995355486869812E-001,6.990582942962647E-001,5.915545299649239E-002,-2.383413910865784E-002,6.995355486869812E-001,6.990582942962647E-001,
1.811133333333334E+009,6.988412886857987E-002,-2.355811558663845E-002,7.168608903884888E-001,6.794040203094482E-001,6.988412886857987E-002,-2.355811558663845E-002,7.168608903884888E-001,6.794040203094482E-001,
1.819500000000000E+009,7.821456342935562E-002,-2.847344800829887E-002,7.393702268600464E-001,6.640973687171936E-001,7.821456342935562E-002,-2.847344800829887E-002,7.393702268600464E-001,6.640973687171936E-001,
1.827866666666667E+009,8.422628790140152E-002,-3.850644826889038E-002,7.489945292472839E-001,6.414225697517395E-001,8.422628790140152E-002,-3.850644826889038E-002,7.489945292472839E-001,6.414225697517395E-001,
1.836233333333334E+009,8.286777138710022E-002,-4.849591478705406E-002,7.665216326713562E-001,6.205355525016785E-001,8.286777138710022E-002,-4.849591478705406E-002,7.665216326713562E-001,6.205355525016785E-001,
1.844600000000000E+009,7.688634842634201E-002,-5.809670686721802E-002,7.663118839263916E-001,6.062995791435242E-001,7.688634842634201E-002,-5.809670686721802E-002,7.663118839263916E-001,6.062995791435242E-001,
1.852966666666667E+009,6.835545599460602E-002,-6.617369502782822E-002,7.916862964630127E-001,5.856600403785706E-001,6.835545599460602E-002,-6.617369502782822E-002,7.916862964630127E-001,5.856600403785706E-001,
1.861333333333334E+009,5.769138410687447E-002,-6.770522892475128E-002,8.026325702667236E-001,5.613861083984375E-001,5.769138410687447E-002,-6.770522892475128E-002,8.026325702667236E-001,5.613861083984375E-001,
1.869700000000000E+009,5.143123492598534E-002,-6.275863200426102E-002,8.250340223312378E-001,5.420199036598206E-001,5.143123492598534E-002,-6.275863200426102E-002,8.250340223312378E-001,5.420199036598206E-001,
1.878066666666667E+009,4.957602173089981E-002,-5.873236432671547E-002,8.325350880622864E-001,5.235301852226257E-001,4.957602173089981E-002,-5.873236432671547E-002,8.325350880622864E-001,5.235301852226257E-001,
1.886433333333334E+009,5.001077428460121E-002,-5.056341737508774E-002,8.636901378631592E-001,4.911390542984009E-001,5.001077428460121E-002,-5.056341737508774E-002,8.636901378631592E-001,4.911390542984009E-001,
1.894800000000000E+009,5.712065845727921E-002,-4.522417485713959E-002,8.694987893104553E-001,4.801240563392639E-001,5.712065845727921E-002,-4.522417485713959E-002,8.694987893104553E-001,4.801240563392639E-001,
1.903166666666667E+009,6.643067300319672E-002,-4.375959187746048E-002,8.742905259132385E-001,4.515566229820252E-001,6.643067300319672E-002,-4.375959187746048E-002,8.742905259132385E-001,4.515566229820252E-001,
1.911533333333334E+009,7.721151411533356E-002,-4.761750623583794E-002,8.827797174453735E-001,4.333804249763489E-001,7.721151411533356E-002,-4.761750623583794E-002,8.827797174453735E-001,4.333804249763489E-001,
1.919900000000000E+009,8.204159885644913E-002,-5.645586922764778E-002,9.042329788208008E-001,4.076614975929260E-001,8.204159885644913E-002,-5.645586922764778E-002,9.042329788208008E-001,4.076614975929260E-001,
1.928266666666667E+009,8.557163178920746E-002,-6.751161813735962E-002,9.049963355064392E-001,3.828764557838440E-001,8.557163178920746E-002,-6.751161813735962E-002,9.049963355064392E-001,3.828764557838440E-001,
1.936633333333334E+009,7.908946275711060E-002,-8.133526146411896E-002,9.154006242752075E-001,3.622820973396301E-001,7.908946275711060E-002,-8.133526146411896E-002,9.154006242752075E-001,3.622820973396301E-001,
1.945000000000000E+009,6.973012536764145E-002,-9.171603620052338E-002,9.165284037590027E-001,3.424105942249298E-001,6.973012536764145E-002,-9.171603620052338E-002,9.165284037590027E-001,3.424105942249298E-001,
1.953366666666667E+009,5.721296370029450E-002,-9.796442836523056E-002,9.216558337211609E-001,3.242404460906982E-001,5.721296370029450E-002,-9.796442836523056E-002,9.216558337211609E-001,3.242404460906982E-001,
1.961733333333334E+009,4.320984333753586E-002,-9.735869616270065E-002,9.480719566345215E-001,2.933813929557800E-001,4.320984333753586E-002,-9.735869616270065E-002,9.480719566345215E-001,2.933813929557800E-001,
1.970100000000000E+009,3.276896849274635E-002,-9.011664986610413E-002,9.449299573898315E-001,2.664965093135834E-001,3.276896849274635E-002,-9.011664986610413E-002,9.449299573898315E-001,2.664965093135834E-001,
1.978466666666667E+009,2.894555404782295E-002,-7.923741638660431E-002,9.546366930007935E-001,2.502126097679138E-001,2.894555404782295E-002,-7.923741638660431E-002,9.546366930007935E-001,2.502126097679138E-001,
1.986833333333334E+009,3.358876332640648E-002,-6.932879984378815E-002,9.557929039001465E-001,2.253179699182510E-001,3.358876332640648E-002,-6.932879984378815E-002,9.557929039001465E-001,2.253179699182510E-001,
1.995200000000000E+009,4.404724389314652E-002,-6.109286472201347E-002,9.679414629936218E-001,1.944254785776138E-001,4.404724389314652E-002,-6.109286472201347E-002,9.679414629936218E-001,1.944254785776138E-001,
2.003566666666667E+009,5.692456662654877E-002,-6.011346727609634E-002,9.749970436096191E-001,1.743556261062622E-001,5.692456662654877E-002,-6.011346727609634E-002,9.749970436096191E-001,1.743556261062622E-001,
2.011933333333334E+009,7.105351239442825E-002,-6.944399327039719E-002,9.797834157943726E-001,1.433040052652359E-001,7.105351239442825E-002,-6.944399327039719E-002,9.797834157943726E-001,1.433040052652359E-001,
2.020300000000000E+009,7.721553742885590E-002,-8.182357996702194E-002,9.782100915908814E-001,1.161524653434753E-001,7.721553742885590E-002,-8.182357996702194E-002,9.782100915908814E-001,1.161524653434753E-001,
2.028666666666667E+009,7.736208289861679E-002,-9.876765310764313E-002,9.807186722755432E-001,9.182160347700119E-002,7.736208289861679E-002,-9.876765310764313E-002,9.807186722755432E-001,9.182160347700119E-002,
2.037033333333334E+009,6.598008424043655E-002,-1.142167896032333E-001,9.819748401641846E-001,6.338053196668625E-002,6.598008424043655E-002,-1.142167896032333E-001,9.819748401641846E-001,6.338053196668625E-002,
2.045400000000000E+009,5.002105236053467E-002,-1.245673373341560E-001,9.802020788192749E-001,3.726962581276894E-002,5.002105236053467E-002,-1.245673373341560E-001,9.802020788192749E-001,3.726962581276894E-002,
2.053766666666667E+009,3.055717982351780E-002,-1.269335299730301E-001,9.674834012985230E-001,1.517140213400126E-002,3.055717982351780E-002,-1.269335299730301E-001,9.674834012985230E-001,1.517140213400126E-002,
2.062133333333334E+009,1.412649266421795E-002,-1.207439526915550E-001,9.779617190361023E-001,7.532567833550274E-004,1.412649266421795E-002,-1.207439526915550E-001,9.779617190361023E-001,7.532567833550274E-004,
2.070500000000000E+009,7.712879218161106E-003,-1.065364927053452E-001,9.772250652313232E-001,-3.146529570221901E-002,7.712879218161106E-003,-1.065364927053452E-001,9.772250652313232E-001,-3.146529570221901E-002,
2.078866666666667E+009,7.782901637256146E-003,-9.283919632434845E-002,9.916647076606751E-001,-4.978358000516892E-002,7.782901637256146E-003,-9.283919632434845E-002,9.916647076606751E-001,-4.978358000516892E-002,
2.087233333333334E+009,1.995967701077461E-002,-8.385992050170898E-002,9.870114326477051E-001,-8.146978914737701E-002,1.995967701077461E-002,-8.385992050170898E-002,9.870114326477051E-001,-8.146978914737701E-002,
2.095600000000000E+009,3.679572045803070E-002,-8.243917673826218E-002,9.828749299049377E-001,-1.194201335310936E-001,3.679572045803070E-002,-8.243917673826218E-002,9.828749299049377E-001,-1.194201335310936E-001,
2.103966666666667E+009,5.318985879421234E-002,-9.227506071329117E-002,9.826535582542419E-001,-1.402119100093842E-001,5.318985879421234E-002,-9.227506071329117E-002,9.826535582542419E-001,-1.402119100093842E-001,
2.112333333333334E+009,6.194779276847839E-002,-1.099400594830513E-001,9.674102067947388E-001,-1.613204479217529E-001,6.194779276847839E-002,-1.099400594830513E-001,9.674102067947388E-001,-1.613204479217529E-001,
2.120700000000000E+009,5.842775478959084E-002,-1.339150071144104E-001,9.640070796012878E-001,-1.895270347595215E-001,5.842775478959084E-002,-1.339150071144104E-001,9.640070796012878E-001,-1.895270347595215E-001,
2.129066666666667E+009,4.433047771453857E-002,-1.507850587368012E-001,9.556960463523865E-001,-2.147066444158554E-001,4.433047771453857E-002,-1.507850587368012E-001,9.556960463523865E-001,-2.147066444158554E-001,
2.137433333333334E+009,1.974351145327091E-002,-1.609619706869125E-001,9.461213946342468E-001,-2.405208498239517E-001,1.974351145327091E-002,-1.609619706869125E-001,9.461213946342468E-001,-2.405208498239517E-001,
2.145800000000000E+009,-6.380861159414053E-003,-1.620243042707443E-001,9.443722963333130E-001,-2.507547140121460E-001,-6.380861159414053E-003,-1.620243042707443E-001,9.443722963333130E-001,-2.507547140121460E-001,
2.154166666666667E+009,-2.690562047064304E-002,-1.486577540636063E-001,9.339988231658936E-001,-2.703057527542114E-001,-2.690562047064304E-002,-1.486577540636063E-001,9.339988231658936E-001,-2.703057527542114E-001,
2.162533333333334E+009,-4.330192878842354E-002,-1.281832158565521E-001,9.395576715469360E-001,-2.904841899871826E-001,-4.330192878842354E-002,-1.281832158565521E-001,9.395576715469360E-001,-2.904841899871826E-001,
2.170900000000000E+009,-4.106255248188973E-002,-1.071884483098984E-001,9.304645657539368E-001,-3.180165886878967E-001,-4.106255248188973E-002,-1.071884483098984E-001,9.304645657539368E-001,-3.180165886878967E-001,
2.179266666666667E+009,-2.642535604536533E-002,-9.182451665401459E-002,9.123047590255737E-001,-3.483573198318481E-001,-2.642535604536533E-002,-9.182451665401459E-002,9.123047590255737E-001,-3.483573198318481E-001,
2.187633333333334E+009,-5.696685984730721E-003,-8.766133338212967E-002,9.069191217422485E-001,-3.706977665424347E-001,-5.696685984730721E-003,-8.766133338212967E-002,9.069191217422485E-001,-3.706977665424347E-001,
2.196000000000000E+009,1.752182655036449E-002,-9.887530654668808E-002,8.904723525047302E-001,-3.943635821342468E-001,1.752182655036449E-002,-9.887530654668808E-002,8.904723525047302E-001,-3.943635821342468E-001,
2.204366666666667E+009,2.831759303808212E-002,-1.211868897080421E-001,8.901225924491882E-001,-4.157244563102722E-001,2.831759303808212E-002,-1.211868897080421E-001,8.901225924491882E-001,-4.157244563102722E-001,
2.212733333333334E+009,2.693139947950840E-002,-1.439796835184097E-001,8.657774329185486E-001,-4.491132497787476E-001,2.693139947950840E-002,-1.439796835184097E-001,8.657774329185486E-001,-4.491132497787476E-001,
2.221100000000000E+009,6.920480635017157E-003,-1.657948344945908E-001,8.570218682289124E-001,-4.640766084194183E-001,6.920480635017157E-003,-1.657948344945908E-001,8.570218682289124E-001,-4.640766084194183E-001,
2.229466666666667E+009,-1.805939339101315E-002,-1.766117662191391E-001,8.345453143119812E-001,-4.815706312656403E-001,-1.805939339101315E-002,-1.766117662191391E-001,8.345453143119812E-001,-4.815706312656403E-001,
2.237833333333334E+009,-4.780768603086472E-002,-1.722232550382614E-001,8.259626030921936E-001,-4.993892312049866E-001,-4.780768603086472E-002,-1.722232550382614E-001,8.259626030921936E-001,-4.993892312049866E-001,
2.246200000000000E+009,-7.316432893276215E-002,-1.559057831764221E-001,8.215852379798889E-001,-5.187336206436157E-001,-7.316432893276215E-002,-1.559057831764221E-001,8.215852379798889E-001,-5.187336206436157E-001,
2.254566666666667E+009,-8.631105720996857E-002,-1.298413276672363E-001,8.110038638114929E-001,-5.402350425720215E-001,-8.631105720996857E-002,-1.298413276672363E-001,8.110038638114929E-001,-5.402350425720215E-001,
2.262933333333334E+009,-8.270203322172165E-002,-1.067222952842712E-001,7.998965978622437E-001,-5.637519955635071E-001,-8.270203322172165E-002,-1.067222952842712E-001,7.998965978622437E-001,-5.637519955635071E-001,
2.271300000000000E+009,-6.884034723043442E-002,-9.014071524143219E-002,7.771808505058289E-001,-5.929566025733948E-001,-6.884034723043442E-002,-9.014071524143219E-002,7.771808505058289E-001,-5.929566025733948E-001,
2.279666666666667E+009,-4.808171093463898E-002,-8.706516027450562E-002,7.738452553749085E-001,-6.094621419906616E-001,-4.808171093463898E-002,-8.706516027450562E-002,7.738452553749085E-001,-6.094621419906616E-001,
2.288033333333334E+009,-2.854548208415508E-002,-9.893894195556641E-002,7.533463835716248E-001,-6.291489005088806E-001,-2.854548208415508E-002,-9.893894195556641E-002,7.533463835716248E-001,-6.291489005088806E-001,
2.296400000000000E+009,-1.920727267861366E-002,-1.201909333467484E-001,7.308066487312317E-001,-6.489560008049011E-001,-1.920727267861366E-002,-1.201909333467484E-001,7.308066487312317E-001,-6.489560008049011E-001,
2.304766666666667E+009,-2.285667881369591E-002,-1.443802565336227E-001,7.133874893188477E-001,-6.696619987487793E-001,-2.285667881369591E-002,-1.443802565336227E-001,7.133874893188477E-001,-6.696619987487793E-001,
2.313133333333334E+009,-4.424004256725311E-002,-1.630384624004364E-001,6.958097815513611E-001,-6.811345815658569E-001,-4.424004256725311E-002,-1.630384624004364E-001,6.958097815513611E-001,-6.811345815658569E-001,
2.321500000000000E+009,-7.126788794994354E-002,-1.667364239692688E-001,6.861522793769836E-001,-6.952440142631531E-001,-7.126788794994354E-002,-1.667364239692688E-001,6.861522793769836E-001,-6.952440142631531E-001,
2.329866666666667E+009,-9.718021750450134E-002,-1.539283096790314E-001,6.571573615074158E-001,-7.105611562728882E-001,-9.718021750450134E-002,-1.539283096790314E-001,6.571573615074158E-001,-7.105611562728882E-001,
2.338233333333334E+009,-1.187773197889328E-001,-1.316616088151932E-001,6.452685594558716E-001,-7.271077632904053E-001,-1.187773197889328E-001,-1.316616088151932E-001,6.452685594558716E-001,-7.271077632904053E-001,
2.346600000000000E+009,-1.207716315984726E-001,-1.028667911887169E-001,6.301455497741699E-001,-7.327508926391602E-001,-1.207716315984726E-001,-1.028667911887169E-001,6.301455497741699E-001,-7.327508926391602E-001,
2.354966666666667E+009,-1.105243861675263E-001,-7.716479152441025E-002,6.177936792373657E-001,-7.674443125724793E-001,-1.105243861675263E-001,-7.716479152441025E-002,6.177936792373657E-001,-7.674443125724793E-001,
2.363333333333334E+009,-8.784753084182739E-002,-6.622906774282455E-002,5.948874354362488E-001,-7.847779989242554E-001,-8.784753084182739E-002,-6.622906774282455E-002,5.948874354362488E-001,-7.847779989242554E-001,
2.371700000000000E+009,-6.217748671770096E-002,-7.395903021097183E-002,5.761860609054565E-001,-8.023997545242310E-001,-6.217748671770096E-002,-7.395903021097183E-002,5.761860609054565E-001,-8.023997545242310E-001,
2.380066666666667E+009,-4.694274067878723E-002,-9.742143750190735E-002,5.497749447822571E-001,-8.169482350349426E-001,-4.694274067878723E-002,-9.742143750190735E-002,5.497749447822571E-001,-8.169482350349426E-001,
2.388433333333334E+009,-4.351221024990082E-002,-1.319977343082428E-001,5.256219506263733E-001,-8.285847306251526E-001,-4.351221024990082E-002,-1.319977343082428E-001,5.256219506263733E-001,-8.285847306251526E-001,
2.396800000000000E+009,-6.220538541674614E-002,-1.618995070457459E-001,4.993551671504974E-001,-8.393883705139160E-001,-6.220538541674614E-002,-1.618995070457459E-001,4.993551671504974E-001,-8.393883705139160E-001,
2.405166666666667E+009,-9.360685944557190E-002,-1.791507750749588E-001,4.717583060264587E-001,-8.498912453651428E-001,-9.360685944557190E-002,-1.791507750749588E-001,4.717583060264587E-001,-8.498912453651428E-001,
2.413533333333334E+009,-1.337825953960419E-001,-1.788172572851181E-001,4.499468803405762E-001,-8.587086796760559E-001,-1.337825953960419E-001,-1.788172572851181E-001,4.499468803405762E-001,-8.587086796760559E-001,
2.421900000000000E+009,-1.698090881109238E-001,-1.557734608650208E-001,4.316384494304657E-001,-8.682690858840942E-001,-1.698090881109238E-001,-1.557734608650208E-001,4.316384494304657E-001,-8.682690858840942E-001,
2.430266666666667E+009,-1.945165842771530E-001,-1.198090910911560E-001,4.156092107295990E-001,-8.645263314247131E-001,-1.945165842771530E-001,-1.198090910911560E-001,4.156092107295990E-001,-8.645263314247131E-001,
2.438633333333334E+009,-2.005355805158615E-001,-7.606539130210877E-002,4.011532962322235E-001,-8.762736916542053E-001,-2.005355805158615E-001,-7.606539130210877E-002,4.011532962322235E-001,-8.762736916542053E-001,
2.447000000000000E+009,-1.841862350702286E-001,-3.691603988409042E-002,3.809012472629547E-001,-8.898192048072815E-001,-1.841862350702286E-001,-3.691603988409042E-002,3.809012472629547E-001,-8.898192048072815E-001,
2.455366666666667E+009,-1.547942459583283E-001,-1.366182416677475E-002,3.686431050300598E-001,-9.083148837089539E-001,-1.547942459583283E-001,-1.366182416677475E-002,3.686431050300598E-001,-9.083148837089539E-001,
2.463733333333334E+009,-1.200702041387558E-001,-1.284961029887199E-002,3.316922783851624E-001,-9.248312711715698E-001,-1.200702041387558E-001,-1.284961029887199E-002,3.316922783851624E-001,-9.248312711715698E-001,
2.472100000000000E+009,-9.275997430086136E-002,-2.927613817155361E-002,3.121309280395508E-001,-9.343503713607788E-001,-9.275997430086136E-002,-2.927613817155361E-002,3.121309280395508E-001,-9.343503713607788E-001,
2.480466666666667E+009,-8.363728225231171E-002,-6.279809027910233E-002,2.709520161151886E-001,-9.407353997230530E-001,-8.363728225231171E-002,-6.279809027910233E-002,2.709520161151886E-001,-9.407353997230530E-001,
2.488833333333334E+009,-9.235631674528122E-002,-9.527000784873962E-002,2.440298497676849E-001,-9.521135091781616E-001,-9.235631674528122E-002,-9.527000784873962E-002,2.440298497676849E-001,-9.521135091781616E-001,
2.497200000000000E+009,-1.180747151374817E-001,-1.167638599872589E-001,2.254163324832916E-001,-9.463072419166565E-001,-1.180747151374817E-001,-1.167638599872589E-001,2.254163324832916E-001,-9.463072419166565E-001,
2.505566666666667E+009,-1.541735231876373E-001,-1.184434592723846E-001,2.006953805685043E-001,-9.463492035865784E-001,-1.541735231876373E-001,-1.184434592723846E-001,2.006953805685043E-001,-9.463492035865784E-001,
2.513933333333334E+009,-1.823302209377289E-001,-1.018880158662796E-001,1.769146621227264E-001,-9.467979073524475E-001,-1.823302209377289E-001,-1.018880158662796E-001,1.769146621227264E-001,-9.467979073524475E-001,
2.522300000000000E+009,-2.006272375583649E-001,-6.682732701301575E-002,1.593463271856308E-001,-9.539242982864380E-001,-2.006272375583649E-001,-6.682732701301575E-002,1.593463271856308E-001,-9.539242982864380E-001,
2.530666666666667E+009,-1.989070028066635E-001,-3.142537921667099E-002,1.374182701110840E-001,-9.601174592971802E-001,-1.989070028066635E-001,-3.142537921667099E-002,1.374182701110840E-001,-9.601174592971802E-001,
2.539033333333334E+009,-1.845183819532394E-001,1.055845059454441E-003,1.169036850333214E-001,-9.692515730857849E-001,-1.845183819532394E-001,1.055845059454441E-003,1.169036850333214E-001,-9.692515730857849E-001,
2.547400000000000E+009,-1.548650860786438E-001,1.951224915683270E-002,9.383251518011093E-002,-9.728711247444153E-001,-1.548650860786438E-001,1.951224915683270E-002,9.383251518011093E-002,-9.728711247444153E-001,
2.555766666666667E+009,-1.244375333189964E-001,1.679884456098080E-002,6.164855509996414E-002,-9.850524067878723E-001,-1.244375333189964E-001,1.679884456098080E-002,6.164855509996414E-002,-9.850524067878723E-001,
2.564133333333334E+009,-1.021042987704277E-001,-3.246765583753586E-003,3.179804608225822E-002,-9.819533228874207E-001,-1.021042987704277E-001,-3.246765583753586E-003,3.179804608225822E-002,-9.819533228874207E-001,
2.572500000000000E+009,-9.922775626182556E-002,-3.473105281591415E-002,4.493694752454758E-003,-9.861761927604675E-001,-9.922775626182556E-002,-3.473105281591415E-002,4.493694752454758E-003,-9.861761927604675E-001,
2.580866666666667E+009,-1.150512844324112E-001,-6.404010951519013E-002,-2.508595027029514E-002,-9.815204143524170E-001,-1.150512844324112E-001,-6.404010951519013E-002,-2.508595027029514E-002,-9.815204143524170E-001,
2.589233333333334E+009,-1.465760022401810E-001,-7.983729988336563E-002,-5.009872093796730E-002,-9.759578704833984E-001,-1.465760022401810E-001,-7.983729988336563E-002,-5.009872093796730E-002,-9.759578704833984E-001,
2.597600000000000E+009,-1.830132305622101E-001,-7.937446236610413E-002,-7.417571544647217E-002,-9.685727953910828E-001,-1.830132305622101E-001,-7.937446236610413E-002,-7.417571544647217E-002,-9.685727953910828E-001,
2.605966666666667E+009,-2.128954082727432E-001,-5.807524919509888E-002,-9.009266644716263E-002,-9.667503833770752E-001,-2.128954082727432E-001,-5.807524919509888E-002,-9.009266644716263E-002,-9.667503833770752E-001,
2.614333333333334E+009,-2.285479307174683E-001,-2.411417104303837E-002,-1.148463785648346E-001,-9.588974118232727E-001,-2.285479307174683E-001,-2.411417104303837E-002,-1.148463785648346E-001,-9.588974118232727E-001,
2.622700000000000E+009,-2.245287150144577E-001,1.509118173271418E-002,-1.250963062047958E-001,-9.523169398307800E-001,-2.245287150144577E-001,1.509118173271418E-002,-1.250963062047958E-001,-9.523169398307800E-001,
2.631066666666667E+009,-2.036747634410858E-001,4.857524484395981E-002,-1.581131070852280E-001,-9.620372653007507E-001,-2.036747634410858E-001,4.857524484395981E-002,-1.581131070852280E-001,-9.620372653007507E-001,
2.639433333333334E+009,-1.700961142778397E-001,6.782879680395126E-002,-1.821354329586029E-001,-9.567884802818298E-001,-1.700961142778397E-001,6.782879680395126E-002,-1.821354329586029E-001,-9.567884802818298E-001,
2.647800000000000E+009,-1.369591951370239E-001,6.808020919561386E-002,-2.002166211605072E-001,-9.578793048858643E-001,-1.369591951370239E-001,6.808020919561386E-002,-2.002166211605072E-001,-9.578793048858643E-001,
2.656166666666667E+009,-1.132914423942566E-001,4.980932921171188E-002,-2.293182611465454E-001,-9.551908969879150E-001,-1.132914423942566E-001,4.980932921171188E-002,-2.293182611465454E-001,-9.551908969879150E-001,
2.664533333333334E+009,-1.069062203168869E-001,2.260691858828068E-002,-2.616347074508667E-001,-9.482784271240234E-001,-1.069062203168869E-001,2.260691858828068E-002,-2.616347074508667E-001,-9.482784271240234E-001,
2.672900000000000E+009,-1.229810789227486E-001,-3.903179895132780E-003,-2.879971861839294E-001,-9.434005022048950E-001,-1.229810789227486E-001,-3.903179895132780E-003,-2.879971861839294E-001,-9.434005022048950E-001,
2.681266666666667E+009,-1.508668661117554E-001,-1.981497928500176E-002,-3.169103264808655E-001,-9.265347719192505E-001,-1.508668661117554E-001,-1.981497928500176E-002,-3.169103264808655E-001,-9.265347719192505E-001,
2.689633333333334E+009,-1.861865222454071E-001,-1.748263463377953E-002,-3.442026972770691E-001,-9.134657382965088E-001,-1.861865222454071E-001,-1.748263463377953E-002,-3.442026972770691E-001,-9.134657382965088E-001,
2.698000000000000E+009,-2.127734273672104E-001,3.647009376436472E-003,-3.590974509716034E-001,-8.993772268295288E-001,-2.127734273672104E-001,3.647009376436472E-003,-3.590974509716034E-001,-8.993772268295288E-001,
2.706366666666667E+009,-2.237248122692108E-001,3.804231807589531E-002,-3.746368885040283E-001,-8.843867182731628E-001,-2.237248122692108E-001,3.804231807589531E-002,-3.746368885040283E-001,-8.843867182731628E-001,
2.714733333333334E+009,-2.174649387598038E-001,7.278125733137131E-002,-3.893701434135437E-001,-8.834159374237061E-001,-2.174649387598038E-001,7.278125733137131E-002,-3.893701434135437E-001,-8.834159374237061E-001,
2.723100000000000E+009,-1.936856508255005E-001,1.042505353689194E-001,-4.079627096652985E-001,-8.791013360023499E-001,-1.936856508255005E-001,1.042505353689194E-001,-4.079627096652985E-001,-8.791013360023499E-001,
2.731466666666667E+009,-1.562853604555130E-001,1.204395517706871E-001,-4.339499175548554E-001,-8.683870434761047E-001,-1.562853604555130E-001,1.204395517706871E-001,-4.339499175548554E-001,-8.683870434761047E-001,
2.739833333333334E+009,-1.183717846870422E-001,1.184636354446411E-001,-4.685441553592682E-001,-8.652955889701843E-001,-1.183717846870422E-001,1.184636354446411E-001,-4.685441553592682E-001,-8.652955889701843E-001,
2.748200000000000E+009,-9.242648631334305E-002,9.979971498250961E-002,-4.840952157974243E-001,-8.542714715003967E-001,-9.242648631334305E-002,9.979971498250961E-002,-4.840952157974243E-001,-8.542714715003967E-001,
2.756566666666667E+009,-8.276692032814026E-002,7.063435018062592E-002,-5.114169716835022E-001,-8.413869142532349E-001,-8.276692032814026E-002,7.063435018062592E-002,-5.114169716835022E-001,-8.413869142532349E-001,
2.764933333333334E+009,-9.594609588384628E-002,4.285870119929314E-002,-5.403472781181335E-001,-8.304052352905273E-001,-9.594609588384628E-002,4.285870119929314E-002,-5.403472781181335E-001,-8.304052352905273E-001,
2.773300000000000E+009,-1.242153421044350E-001,2.696412056684494E-002,-5.590246915817261E-001,-8.087013363838196E-001,-1.242153421044350E-001,2.696412056684494E-002,-5.590246915817261E-001,-8.087013363838196E-001,
2.781666666666667E+009,-1.581757664680481E-001,2.894406765699387E-002,-5.722010731697083E-001,-7.881847620010376E-001,-1.581757664680481E-001,2.894406765699387E-002,-5.722010731697083E-001,-7.881847620010376E-001,
2.790033333333334E+009,-1.880480796098709E-001,4.861772432923317E-002,-5.938903689384460E-001,-7.714083790779114E-001,-1.880480796098709E-001,4.861772432923317E-002,-5.938903689384460E-001,-7.714083790779114E-001,
2.798400000000000E+009,-2.023645490407944E-001,7.992111891508102E-002,-6.128836274147034E-001,-7.510372400283814E-001,-2.023645490407944E-001,7.992111891508102E-002,-6.128836274147034E-001,-7.510372400283814E-001,
2.806766666666667E+009,-1.952232122421265E-001,1.145952865481377E-001,-6.266065835952759E-001,-7.375229001045227E-001,-1.952232122421265E-001,1.145952865481377E-001,-6.266065835952759E-001,-7.375229001045227E-001,
2.815133333333334E+009,-1.704282164573669E-001,1.413194984197617E-001,-6.374890208244324E-001,-7.270256280899048E-001,-1.704282164573669E-001,1.413194984197617E-001,-6.374890208244324E-001,-7.270256280899048E-001,
2.823500000000000E+009,-1.363791972398758E-001,1.557883024215698E-001,-6.538164019584656E-001,-7.151986360549927E-001,-1.363791972398758E-001,1.557883024215698E-001,-6.538164019584656E-001,-7.151986360549927E-001,
2.831866666666667E+009,-9.773483872413635E-002,1.507397592067719E-001,-6.741735339164734E-001,-7.035805583000183E-001,-9.773483872413635E-002,1.507397592067719E-001,-6.741735339164734E-001,-7.035805583000183E-001,
2.840233333333334E+009,-6.801573932170868E-002,1.310407221317291E-001,-7.028867602348328E-001,-6.826541423797607E-001,-6.801573932170868E-002,1.310407221317291E-001,-7.028867602348328E-001,-6.826541423797607E-001,
2.848600000000000E+009,-5.668698251247406E-002,1.022799313068390E-001,-7.232846617698669E-001,-6.730501651763916E-001,-5.668698251247406E-002,1.022799313068390E-001,-7.232846617698669E-001,-6.730501651763916E-001,
2.856966666666667E+009,-6.722489744424820E-002,7.388470321893692E-002,-7.415712475776672E-001,-6.497922539710999E-001,-6.722489744424820E-002,7.388470321893692E-002,-7.415712475776672E-001,-6.497922539710999E-001,
2.865333333333334E+009,-9.508042782545090E-002,6.016136333346367E-002,-7.550692558288574E-001,-6.243579983711243E-001,-9.508042782545090E-002,6.016136333346367E-002,-7.550692558288574E-001,-6.243579983711243E-001,
2.873700000000000E+009,-1.317699253559113E-001,6.321752071380615E-002,-7.784371972084045E-001,-6.028997898101807E-001,-1.317699253559113E-001,6.321752071380615E-002,-7.784371972084045E-001,-6.028997898101807E-001,
2.882066666666667E+009,-1.616630554199219E-001,8.444795757532120E-002,-7.832393050193787E-001,-5.795287489891052E-001,-1.616630554199219E-001,8.444795757532120E-002,-7.832393050193787E-001,-5.795287489891052E-001,
2.890433333333334E+009,-1.767542958259583E-001,1.199486255645752E-001,-7.956016063690186E-001,-5.573287606239319E-001,-1.767542958259583E-001,1.199486255645752E-001,-7.956016063690186E-001,-5.573287606239319E-001,
2.898800000000000E+009,-1.709846556186676E-001,1.557081341743469E-001,-8.013004660606384E-001,-5.393735766410828E-001,-1.709846556186676E-001,1.557081341743469E-001,-8.013004660606384E-001,-5.393735766410828E-001,
2.907166666666667E+009,-1.458318084478378E-001,1.850298196077347E-001,-8.193901777267456E-001,-5.172674059867859E-001,-1.458318084478378E-001,1.850298196077347E-001,-8.193901777267456E-001,-5.172674059867859E-001,
2.915533333333334E+009,-1.090298295021057E-001,1.979742795228958E-001,-8.234207630157471E-001,-5.048404932022095E-001,-1.090298295021057E-001,1.979742795228958E-001,-8.234207630157471E-001,-5.048404932022095E-001,
2.923900000000000E+009,-6.757875531911850E-002,1.909516155719757E-001,-8.372790813446045E-001,-4.890454709529877E-001,-6.757875531911850E-002,1.909516155719757E-001,-8.372790813446045E-001,-4.890454709529877E-001,
2.932266666666667E+009,-3.385373577475548E-002,1.668899059295654E-001,-8.594484329223633E-001,-4.730552136898041E-001,-3.385373577475548E-002,1.668899059295654E-001,-8.594484329223633E-001,-4.730552136898041E-001,
2.940633333333334E+009,-1.904395222663879E-002,1.314259469509125E-001,-8.723971247673035E-001,-4.526608884334564E-001,-1.904395222663879E-002,1.314259469509125E-001,-8.723971247673035E-001,-4.526608884334564E-001,
2.949000000000000E+009,-2.711979486048222E-002,1.006499752402306E-001,-8.889188766479492E-001,-4.281349182128906E-001,-2.711979486048222E-002,1.006499752402306E-001,-8.889188766479492E-001,-4.281349182128906E-001,
2.957366666666667E+009,-5.346737429499626E-002,8.119954168796539E-002,-9.006785750389099E-001,-3.995694220066071E-001,-5.346737429499626E-002,8.119954168796539E-002,-9.006785750389099E-001,-3.995694220066071E-001,
2.965733333333334E+009,-8.892426639795303E-002,8.280698955059052E-002,-9.152205586433411E-001,-3.644304871559143E-001,-8.892426639795303E-002,8.280698955059052E-002,-9.152205586433411E-001,-3.644304871559143E-001,
2.974100000000000E+009,-1.190099045634270E-001,1.052051559090614E-001,-9.162548184394836E-001,-3.353790044784546E-001,-1.190099045634270E-001,1.052051559090614E-001,-9.162548184394836E-001,-3.353790044784546E-001,
2.982466666666667E+009,-1.364284604787827E-001,1.431171000003815E-001,-9.194638133049011E-001,-3.122861385345459E-001,-1.364284604787827E-001,1.431171000003815E-001,-9.194638133049011E-001,-3.122861385345459E-001,
2.990833333333334E+009,-1.306228637695313E-001,1.825810223817825E-001,-9.218028783798218E-001,-2.933622896671295E-001,-1.306228637695313E-001,1.825810223817825E-001,-9.218028783798218E-001,-2.933622896671295E-001,
2.999200000000000E+009,-1.070385575294495E-001,2.132197320461273E-001,-9.241746664047241E-001,-2.695800960063934E-001,-1.070385575294495E-001,2.132197320461273E-001,-9.241746664047241E-001,-2.695800960063934E-001,
3.007566666666667E+009,-6.691050529479981E-002,2.263906151056290E-001,-9.309177994728088E-001,-2.562059462070465E-001,-6.691050529479981E-002,2.263906151056290E-001,-9.309177994728088E-001,-2.562059462070465E-001,
3.015933333333334E+009,-2.508551627397537E-002,2.162796556949616E-001,-9.381896853446960E-001,-2.421082109212875E-001,-2.508551627397537E-002,2.162796556949616E-001,-9.381896853446960E-001,-2.421082109212875E-001,
3.024300000000000E+009,9.915054775774479E-003,1.879344284534454E-001,-9.514046311378479E-001,-2.144919037818909E-001,9.915054775774479E-003,1.879344284534454E-001,-9.514046311378479E-001,-2.144919037818909E-001,
3.032666666666667E+009,2.434836141765118E-002,1.474424004554749E-001,-9.614928364753723E-001,-1.910992413759232E-001,2.434836141765118E-002,1.474424004554749E-001,-9.614928364753723E-001,-1.910992413759232E-001,
3.041033333333334E+009,1.536521501839161E-002,1.081874892115593E-001,-9.744589328765869E-001,-1.660111695528030E-001,1.536521501839161E-002,1.081874892115593E-001,-9.744589328765869E-001,-1.660111695528030E-001,
3.049400000000000E+009,-1.328673213720322E-002,8.398731797933579E-002,-9.789953231811523E-001,-1.336659193038940E-001,-1.328673213720322E-002,8.398731797933579E-002,-9.789953231811523E-001,-1.336659193038940E-001,
3.057766666666667E+009,-5.132636800408363E-002,8.609120547771454E-002,-9.787064194679260E-001,-1.029331833124161E-001,-5.132636800408363E-002,8.609120547771454E-002,-9.787064194679260E-001,-1.029331833124161E-001,
3.066133333333334E+009,-8.576341718435288E-002,1.114527136087418E-001,-9.809777736663818E-001,-6.616403907537460E-002,-8.576341718435288E-002,1.114527136087418E-001,-9.809777736663818E-001,-6.616403907537460E-002,
3.074500000000000E+009,-1.012305468320847E-001,1.534280627965927E-001,-9.735406637191773E-001,-4.078685119748116E-002,-1.012305468320847E-001,1.534280627965927E-001,-9.735406637191773E-001,-4.078685119748116E-002,
3.082866666666667E+009,-9.174338728189468E-002,2.004213184118271E-001,-9.677364230155945E-001,-1.856719516217709E-002,-9.174338728189468E-002,2.004213184118271E-001,-9.677364230155945E-001,-1.856719516217709E-002,
3.091233333333334E+009,-6.202046200633049E-002,2.363093048334122E-001,-9.610320925712585E-001,-9.422565810382366E-003,-6.202046200633049E-002,2.363093048334122E-001,-9.610320925712585E-001,-9.422565810382366E-003,
3.099600000000000E+009,-1.587810367345810E-002,2.504988908767700E-001,-9.584364295005798E-001,1.681669987738133E-002,-1.587810367345810E-002,2.504988908767700E-001,-9.584364295005798E-001,1.681669987738133E-002,
3.107966666666667E+009,3.110566362738609E-002,2.364021688699722E-001,-9.630200862884522E-001,3.367082774639130E-002,3.110566362738609E-002,2.364021688699722E-001,-9.630200862884522E-001,3.367082774639130E-002,
3.116333333333334E+009,6.846739351749420E-002,2.010796368122101E-001,-9.661206603050232E-001,4.983741044998169E-002,6.846739351749420E-002,2.010796368122101E-001,-9.661206603050232E-001,4.983741044998169E-002,
3.124700000000000E+009,8.458419889211655E-002,1.509790569543839E-001,-9.707727432250977E-001,7.030203938484192E-002,8.458419889211655E-002,1.509790569543839E-001,-9.707727432250977E-001,7.030203938484192E-002,
3.133066666666667E+009,7.254884392023087E-002,1.012868806719780E-001,-9.784868955612183E-001,9.574151039123535E-002,7.254884392023087E-002,1.012868806719780E-001,-9.784868955612183E-001,9.574151039123535E-002,
3.141433333333334E+009,3.736533224582672E-002,6.751326471567154E-002,-9.809104800224304E-001,1.323776096105576E-001,3.736533224582672E-002,6.751326471567154E-002,-9.809104800224304E-001,1.323776096105576E-001,
3.149800000000000E+009,-8.457277901470661E-003,6.427603960037231E-002,-9.794775843620300E-001,1.672212481498718E-001,-8.457277901470661E-003,6.427603960037231E-002,-9.794775843620300E-001,1.672212481498718E-001,
3.158166666666667E+009,-4.980455711483955E-002,8.762725442647934E-002,-9.666620492935181E-001,2.017533481121063E-001,-4.980455711483955E-002,8.762725442647934E-002,-9.666620492935181E-001,2.017533481121063E-001,
3.166533333333334E+009,-7.161276042461395E-002,1.344330459833145E-001,-9.464994072914124E-001,2.336965352296829E-001,-7.161276042461395E-002,1.344330459833145E-001,-9.464994072914124E-001,2.336965352296829E-001,
3.174900000000000E+009,-6.436095386743546E-002,1.858445852994919E-001,-9.410191178321838E-001,2.519031465053558E-001,-6.436095386743546E-002,1.858445852994919E-001,-9.410191178321838E-001,2.519031465053558E-001,
3.183266666666667E+009,-3.250639140605927E-002,2.285021096467972E-001,-9.254034161567688E-001,2.702677249908447E-001,-3.250639140605927E-002,2.285021096467972E-001,-9.254034161567688E-001,2.702677249908447E-001,
3.191633333333334E+009,1.427762862294912E-002,2.466997057199478E-001,-9.154862761497498E-001,2.841807007789612E-001,1.427762862294912E-002,2.466997057199478E-001,-9.154862761497498E-001,2.841807007789612E-001,
3.200000000000000E+009,6.454526633024216E-002,2.357973903417587E-001,-9.078496694564819E-001,2.956837415695190E-001,6.454526633024216E-002,2.357973903417587E-001,-9.078496694564819E-001,2.956837415695190E-001,
