% Version 1.00
%
%freq[Hz],re:Trc1_S11,im:Trc1_S11,re:Trc2_S21,im:Trc2_S21,re:Trc3_S11,im:Trc3_S11,re:Trc4_S21,im:Trc4_S21,
6.900000000000000E+008,-5.344992130994797E-002,3.890426829457283E-002,-5.067665576934815E-001,-8.486348390579224E-001,-5.344992130994797E-002,3.890426829457283E-002,-5.067665576934815E-001,-8.486348390579224E-001,
6.983666666666666E+008,-4.542786255478859E-002,3.910628333687782E-002,-5.316747426986694E-001,-8.371700048446655E-001,-4.542786255478859E-002,3.910628333687782E-002,-5.316747426986694E-001,-8.371700048446655E-001,
7.067333333333334E+008,-3.927227482199669E-002,3.463777527213097E-002,-5.546294450759888E-001,-8.127105236053467E-001,-3.927227482199669E-002,3.463777527213097E-002,-5.546294450759888E-001,-8.127105236053467E-001,
7.151000000000000E+008,-3.854028508067131E-002,2.718841470777988E-002,-5.899904370307922E-001,-8.107707500457764E-001,-3.854028508067131E-002,2.718841470777988E-002,-5.899904370307922E-001,-8.107707500457764E-001,
7.234666666666666E+008,-4.018241167068481E-002,2.226903662085533E-002,-6.041581034660339E-001,-7.945293188095093E-001,-4.018241167068481E-002,2.226903662085533E-002,-6.041581034660339E-001,-7.945293188095093E-001,
7.318333333333334E+008,-4.714468866586685E-002,2.036375552415848E-002,-6.207806468009949E-001,-7.769470214843750E-001,-4.714468866586685E-002,2.036375552415848E-002,-6.207806468009949E-001,-7.769470214843750E-001,
7.402000000000000E+008,-5.304072424769402E-002,2.283144742250443E-002,-6.313141584396362E-001,-7.523427009582520E-001,-5.304072424769402E-002,2.283144742250443E-002,-6.313141584396362E-001,-7.523427009582520E-001,
7.485666666666666E+008,-5.826628208160400E-002,3.037547878921032E-002,-6.608405113220215E-001,-7.378626465797424E-001,-5.826628208160400E-002,3.037547878921032E-002,-6.608405113220215E-001,-7.378626465797424E-001,
7.569333333333334E+008,-6.253606826066971E-002,4.048908129334450E-002,-6.808685064315796E-001,-7.252382636070252E-001,-6.253606826066971E-002,4.048908129334450E-002,-6.808685064315796E-001,-7.252382636070252E-001,
7.653000000000000E+008,-5.744399875402451E-002,4.949536174535751E-002,-6.881076097488403E-001,-7.058933973312378E-001,-5.744399875402451E-002,4.949536174535751E-002,-6.881076097488403E-001,-7.058933973312378E-001,
7.736666666666666E+008,-5.162265151739121E-002,5.622399598360062E-002,-7.005016803741455E-001,-7.020255327224731E-001,-5.162265151739121E-002,5.622399598360062E-002,-7.005016803741455E-001,-7.020255327224731E-001,
7.820333333333334E+008,-4.351362213492394E-002,6.008685007691383E-002,-7.331441640853882E-001,-6.737040877342224E-001,-4.351362213492394E-002,6.008685007691383E-002,-7.331441640853882E-001,-6.737040877342224E-001,
7.904000000000000E+008,-3.389313071966171E-002,5.911564081907272E-002,-7.433908581733704E-001,-6.553583741188049E-001,-3.389313071966171E-002,5.911564081907272E-002,-7.433908581733704E-001,-6.553583741188049E-001,
7.987666666666666E+008,-2.967143058776856E-002,5.370661243796349E-002,-7.485033869743347E-001,-6.397232413291931E-001,-2.967143058776856E-002,5.370661243796349E-002,-7.485033869743347E-001,-6.397232413291931E-001,
8.071333333333334E+008,-2.755124308168888E-002,4.711995646357536E-002,-7.740365862846375E-001,-6.067399978637695E-001,-2.755124308168888E-002,4.711995646357536E-002,-7.740365862846375E-001,-6.067399978637695E-001,
8.155000000000000E+008,-2.993668243288994E-002,4.003192856907845E-002,-8.004474043846130E-001,-5.957232117652893E-001,-2.993668243288994E-002,4.003192856907845E-002,-8.004474043846130E-001,-5.957232117652893E-001,
8.238666666666666E+008,-3.603656217455864E-002,3.820596262812614E-002,-8.066527247428894E-001,-5.724554061889648E-001,-3.603656217455864E-002,3.820596262812614E-002,-8.066527247428894E-001,-5.724554061889648E-001,
8.322333333333334E+008,-4.096816107630730E-002,4.010258987545967E-002,-8.173490166664124E-001,-5.543955564498901E-001,-4.096816107630730E-002,4.010258987545967E-002,-8.173490166664124E-001,-5.543955564498901E-001,
8.406000000000000E+008,-4.496314749121666E-002,4.361980035901070E-002,-8.281342387199402E-001,-5.303227901458740E-001,-4.496314749121666E-002,4.361980035901070E-002,-8.281342387199402E-001,-5.303227901458740E-001,
8.489666666666668E+008,-4.658498242497444E-002,5.513181164860725E-002,-8.395892381668091E-001,-5.022919178009033E-001,-4.658498242497444E-002,5.513181164860725E-002,-8.395892381668091E-001,-5.022919178009033E-001,
8.573333333333334E+008,-4.471569135785103E-002,6.355506181716919E-002,-8.414955139160156E-001,-4.710563719272614E-001,-4.471569135785103E-002,6.355506181716919E-002,-8.414955139160156E-001,-4.710563719272614E-001,
8.657000000000000E+008,-3.967504203319550E-002,7.164346426725388E-002,-8.708868026733398E-001,-4.752629697322846E-001,-3.967504203319550E-002,7.164346426725388E-002,-8.708868026733398E-001,-4.752629697322846E-001,
8.740666666666668E+008,-3.107274323701859E-002,7.698027789592743E-002,-8.761159181594849E-001,-4.508650004863739E-001,-3.107274323701859E-002,7.698027789592743E-002,-8.761159181594849E-001,-4.508650004863739E-001,
8.824333333333334E+008,-2.346764132380486E-002,7.860435545444489E-002,-8.937886953353882E-001,-4.256902039051056E-001,-2.346764132380486E-002,7.860435545444489E-002,-8.937886953353882E-001,-4.256902039051056E-001,
8.908000000000000E+008,-1.562384422868490E-002,7.510539889335632E-002,-9.079171419143677E-001,-4.085148572921753E-001,-1.562384422868490E-002,7.510539889335632E-002,-9.079171419143677E-001,-4.085148572921753E-001,
8.991666666666668E+008,-9.944249875843525E-003,6.886625289916992E-002,-9.073965549468994E-001,-3.797880411148071E-001,-9.944249875843525E-003,6.886625289916992E-002,-9.073965549468994E-001,-3.797880411148071E-001,
9.075333333333334E+008,-9.471694007515907E-003,6.122161448001862E-002,-9.210608601570129E-001,-3.550016880035400E-001,-9.471694007515907E-003,6.122161448001862E-002,-9.210608601570129E-001,-3.550016880035400E-001,
9.159000000000000E+008,-1.185232400894165E-002,5.505572259426117E-002,-9.425822496414185E-001,-3.299868106842041E-001,-1.185232400894165E-002,5.505572259426117E-002,-9.425822496414185E-001,-3.299868106842041E-001,
9.242666666666668E+008,-1.790708117187023E-002,5.511026456952095E-002,-9.341375827789307E-001,-3.081409931182861E-001,-1.790708117187023E-002,5.511026456952095E-002,-9.341375827789307E-001,-3.081409931182861E-001,
9.326333333333334E+008,-2.238663285970688E-002,5.744130164384842E-002,-9.497702717781067E-001,-2.939172387123108E-001,-2.238663285970688E-002,5.744130164384842E-002,-9.497702717781067E-001,-2.939172387123108E-001,
9.410000000000000E+008,-2.585306018590927E-002,6.216119974851608E-002,-9.601455926895142E-001,-2.567087411880493E-001,-2.585306018590927E-002,6.216119974851608E-002,-9.601455926895142E-001,-2.567087411880493E-001,
9.493666666666668E+008,-2.704481221735477E-002,7.189559936523438E-002,-9.644283652305603E-001,-2.270632386207581E-001,-2.704481221735477E-002,7.189559936523438E-002,-9.644283652305603E-001,-2.270632386207581E-001,
9.577333333333334E+008,-2.328988537192345E-002,8.248704671859741E-002,-9.697453379631043E-001,-2.131546884775162E-001,-2.328988537192345E-002,8.248704671859741E-002,-9.697453379631043E-001,-2.131546884775162E-001,
9.661000000000000E+008,-1.471972931176424E-002,8.983857184648514E-002,-9.699749946594238E-001,-1.705940961837769E-001,-1.471972931176424E-002,8.983857184648514E-002,-9.699749946594238E-001,-1.705940961837769E-001,
9.744666666666668E+008,-4.015909507870674E-003,9.057837724685669E-002,-9.679537415504456E-001,-1.616619974374771E-001,-4.015909507870674E-003,9.057837724685669E-002,-9.679537415504456E-001,-1.616619974374771E-001,
9.828333333333334E+008,4.868165589869022E-003,9.189958870410919E-002,-9.839187860488892E-001,-1.408091634511948E-001,4.868165589869022E-003,9.189958870410919E-002,-9.839187860488892E-001,-1.408091634511948E-001,
9.912000000000000E+008,1.526992022991180E-002,8.540395647287369E-002,-9.813131690025330E-001,-1.189731732010841E-001,1.526992022991180E-002,8.540395647287369E-002,-9.813131690025330E-001,-1.189731732010841E-001,
9.995666666666668E+008,1.902185194194317E-002,7.729416340589523E-002,-9.932535886764526E-001,-8.319208025932312E-002,1.902185194194317E-002,7.729416340589523E-002,-9.932535886764526E-001,-8.319208025932312E-002,
1.007933333333333E+009,2.272869087755680E-002,6.727327406406403E-002,-1.007012724876404E+000,-6.570729613304138E-002,2.272869087755680E-002,6.727327406406403E-002,-1.007012724876404E+000,-6.570729613304138E-002,
1.016300000000000E+009,1.715366728603840E-002,6.068819388747215E-002,-9.929213523864746E-001,-3.812962397933006E-002,1.715366728603840E-002,6.068819388747215E-002,-9.929213523864746E-001,-3.812962397933006E-002,
1.024666666666667E+009,9.954747743904591E-003,5.651408061385155E-002,-9.888741374015808E-001,-1.145626511424780E-002,9.954747743904591E-003,5.651408061385155E-002,-9.888741374015808E-001,-1.145626511424780E-002,
1.033033333333333E+009,5.659813527017832E-003,6.110476702451706E-002,-9.961426258087158E-001,1.467762421816587E-002,5.659813527017832E-003,6.110476702451706E-002,-9.961426258087158E-001,1.467762421816587E-002,
1.041400000000000E+009,-3.070147649850696E-004,6.619291752576828E-002,-9.943266510963440E-001,3.502274677157402E-002,-3.070147649850696E-004,6.619291752576828E-002,-9.943266510963440E-001,3.502274677157402E-002,
1.049766666666667E+009,3.539583878591657E-003,7.617478817701340E-002,-9.803010225296021E-001,7.206942141056061E-002,3.539583878591657E-003,7.617478817701340E-002,-9.803010225296021E-001,7.206942141056061E-002,
1.058133333333333E+009,8.026756346225739E-003,8.605592697858810E-002,-9.821786284446716E-001,9.371177107095718E-002,8.026756346225739E-003,8.605592697858810E-002,-9.821786284446716E-001,9.371177107095718E-002,
1.066500000000000E+009,1.948762685060501E-002,9.084758162498474E-002,-9.963393807411194E-001,1.286667287349701E-001,1.948762685060501E-002,9.084758162498474E-002,-9.963393807411194E-001,1.286667287349701E-001,
1.074866666666667E+009,3.303653001785278E-002,9.002434462308884E-002,-9.894041419029236E-001,1.491433382034302E-001,3.303653001785278E-002,9.002434462308884E-002,-9.894041419029236E-001,1.491433382034302E-001,
1.083233333333334E+009,4.149264842271805E-002,8.235850930213928E-002,-9.728617072105408E-001,1.695299148559570E-001,4.149264842271805E-002,8.235850930213928E-002,-9.728617072105408E-001,1.695299148559570E-001,
1.091600000000000E+009,4.791234061121941E-002,7.172101736068726E-002,-9.555603265762329E-001,1.892513036727905E-001,4.791234061121941E-002,7.172101736068726E-002,-9.555603265762329E-001,1.892513036727905E-001,
1.099966666666667E+009,4.681007564067841E-002,5.785379931330681E-002,-9.512901306152344E-001,2.277921885251999E-001,4.681007564067841E-002,5.785379931330681E-002,-9.512901306152344E-001,2.277921885251999E-001,
1.108333333333334E+009,3.862865269184113E-002,4.922510311007500E-002,-9.504289031028748E-001,2.349759787321091E-001,3.862865269184113E-002,4.922510311007500E-002,-9.504289031028748E-001,2.349759787321091E-001,
1.116700000000000E+009,2.841064147651196E-002,4.554187133908272E-002,-9.428616762161255E-001,2.697988152503967E-001,2.841064147651196E-002,4.554187133908272E-002,-9.428616762161255E-001,2.697988152503967E-001,
1.125066666666667E+009,1.784421131014824E-002,4.972830787301064E-002,-9.431642293930054E-001,2.866560518741608E-001,1.784421131014824E-002,4.972830787301064E-002,-9.431642293930054E-001,2.866560518741608E-001,
1.133433333333334E+009,1.074187830090523E-002,5.918717756867409E-002,-9.404579997062683E-001,3.314059376716614E-001,1.074187830090523E-002,5.918717756867409E-002,-9.404579997062683E-001,3.314059376716614E-001,
1.141800000000000E+009,1.038497406989336E-002,7.279262691736221E-002,-9.174648523330689E-001,3.456368744373322E-001,1.038497406989336E-002,7.279262691736221E-002,-9.174648523330689E-001,3.456368744373322E-001,
1.150166666666667E+009,2.040702849626541E-002,8.726667612791061E-002,-9.073264002799988E-001,3.462482094764710E-001,2.040702849626541E-002,8.726667612791061E-002,-9.073264002799988E-001,3.462482094764710E-001,
1.158533333333334E+009,3.711634874343872E-002,9.479267895221710E-002,-8.993702530860901E-001,3.865393698215485E-001,3.711634874343872E-002,9.479267895221710E-002,-8.993702530860901E-001,3.865393698215485E-001,
1.166900000000000E+009,5.702714994549751E-002,9.494227916002274E-002,-8.834476470947266E-001,4.068236649036408E-001,5.702714994549751E-002,9.494227916002274E-002,-8.834476470947266E-001,4.068236649036408E-001,
1.175266666666667E+009,7.282114028930664E-002,8.416002988815308E-002,-8.769052028656006E-001,4.361663460731506E-001,7.282114028930664E-002,8.416002988815308E-002,-8.769052028656006E-001,4.361663460731506E-001,
1.183633333333334E+009,8.462933450937271E-002,6.973005831241608E-002,-8.754305243492127E-001,4.473662972450256E-001,8.462933450937271E-002,6.973005831241608E-002,-8.754305243492127E-001,4.473662972450256E-001,
1.192000000000000E+009,8.401089906692505E-002,5.081713944673538E-002,-8.627482056617737E-001,4.695022702217102E-001,8.401089906692505E-002,5.081713944673538E-002,-8.627482056617737E-001,4.695022702217102E-001,
1.200366666666667E+009,7.423169910907745E-002,3.387624397873879E-002,-8.496499657630920E-001,4.914987385272980E-001,7.423169910907745E-002,3.387624397873879E-002,-8.496499657630920E-001,4.914987385272980E-001,
1.208733333333334E+009,5.897679924964905E-002,2.482826076447964E-002,-8.428663015365601E-001,5.336730480194092E-001,5.897679924964905E-002,2.482826076447964E-002,-8.428663015365601E-001,5.336730480194092E-001,
1.217100000000000E+009,4.328007251024246E-002,2.544718608260155E-002,-8.378978967666626E-001,5.433748960494995E-001,4.328007251024246E-002,2.544718608260155E-002,-8.378978967666626E-001,5.433748960494995E-001,
1.225466666666667E+009,3.122512251138687E-002,3.620216622948647E-002,-8.051477074623108E-001,5.686491131782532E-001,3.122512251138687E-002,3.620216622948647E-002,-8.051477074623108E-001,5.686491131782532E-001,
1.233833333333334E+009,2.770822867751122E-002,5.254062637686729E-002,-8.002320528030396E-001,5.802183151245117E-001,2.770822867751122E-002,5.254062637686729E-002,-8.002320528030396E-001,5.802183151245117E-001,
1.242200000000000E+009,3.726220875978470E-002,6.662884354591370E-002,-7.741782665252686E-001,6.130005717277527E-001,3.726220875978470E-002,6.662884354591370E-002,-7.741782665252686E-001,6.130005717277527E-001,
1.250566666666667E+009,5.156675353646278E-002,7.679335772991180E-002,-7.523494362831116E-001,6.176661252975464E-001,5.156675353646278E-002,7.679335772991180E-002,-7.523494362831116E-001,6.176661252975464E-001,
1.258933333333334E+009,7.287327200174332E-002,7.676034420728684E-002,-7.466675043106079E-001,6.404873728752136E-001,7.287327200174332E-002,7.676034420728684E-002,-7.466675043106079E-001,6.404873728752136E-001,
1.267300000000000E+009,9.310732781887054E-002,6.608930230140686E-002,-7.268684506416321E-001,6.538989543914795E-001,9.310732781887054E-002,6.608930230140686E-002,-7.268684506416321E-001,6.538989543914795E-001,
1.275666666666667E+009,1.023995131254196E-001,4.808396846055985E-002,-7.140846848487854E-001,6.619705557823181E-001,1.023995131254196E-001,4.808396846055985E-002,-7.140846848487854E-001,6.619705557823181E-001,
1.284033333333334E+009,1.042492464184761E-001,2.698117122054100E-002,-6.986564993858337E-001,7.032262682914734E-001,1.042492464184761E-001,2.698117122054100E-002,-6.986564993858337E-001,7.032262682914734E-001,
1.292400000000000E+009,9.363419562578201E-002,8.377466350793839E-003,-6.868572831153870E-001,7.073690295219421E-001,9.363419562578201E-002,8.377466350793839E-003,-6.868572831153870E-001,7.073690295219421E-001,
1.300766666666667E+009,7.363110780715942E-002,-3.989551041740924E-004,-6.631953716278076E-001,7.317569255828857E-001,7.363110780715942E-002,-3.989551041740924E-004,-6.631953716278076E-001,7.317569255828857E-001,
1.309133333333334E+009,5.314173921942711E-002,7.140949019230902E-004,-6.378141045570374E-001,7.459563016891480E-001,5.314173921942711E-002,7.140949019230902E-004,-6.378141045570374E-001,7.459563016891480E-001,
1.317500000000000E+009,3.851932659745216E-002,1.237789914011955E-002,-6.244471669197083E-001,7.762664556503296E-001,3.851932659745216E-002,1.237789914011955E-002,-6.244471669197083E-001,7.762664556503296E-001,
1.325866666666667E+009,3.444951027631760E-002,2.901919186115265E-002,-6.044721007347107E-001,7.907670736312866E-001,3.444951027631760E-002,2.901919186115265E-002,-6.044721007347107E-001,7.907670736312866E-001,
1.334233333333334E+009,4.345430806279182E-002,4.610855504870415E-002,-5.859043598175049E-001,7.971305847167969E-001,4.345430806279182E-002,4.610855504870415E-002,-5.859043598175049E-001,7.971305847167969E-001,
1.342600000000000E+009,6.017725169658661E-002,5.447312071919441E-002,-5.679754018783569E-001,8.130479454994202E-001,6.017725169658661E-002,5.447312071919441E-002,-5.679754018783569E-001,8.130479454994202E-001,
1.350966666666667E+009,8.155789971351624E-002,5.116171762347221E-002,-5.420265793800354E-001,8.253131508827210E-001,8.155789971351624E-002,5.116171762347221E-002,-5.420265793800354E-001,8.253131508827210E-001,
1.359333333333334E+009,9.725834429264069E-002,3.750065341591835E-002,-5.281375646591187E-001,8.239042162895203E-001,9.725834429264069E-002,3.750065341591835E-002,-5.281375646591187E-001,8.239042162895203E-001,
1.367700000000000E+009,1.036412119865418E-001,1.755547709763050E-002,-4.944848418235779E-001,8.429366350173950E-001,1.036412119865418E-001,1.755547709763050E-002,-4.944848418235779E-001,8.429366350173950E-001,
1.376066666666667E+009,1.001731082797051E-001,-4.850395023822784E-003,-4.791242182254791E-001,8.521721363067627E-001,1.001731082797051E-001,-4.850395023822784E-003,-4.791242182254791E-001,8.521721363067627E-001,
1.384433333333334E+009,8.287902921438217E-002,-1.995655149221420E-002,-4.651257097721100E-001,8.830671310424805E-001,8.287902921438217E-002,-1.995655149221420E-002,-4.651257097721100E-001,8.830671310424805E-001,
1.392800000000000E+009,6.165364757180214E-002,-2.229483611881733E-002,-4.420416951179504E-001,8.902041316032410E-001,6.165364757180214E-002,-2.229483611881733E-002,-4.420416951179504E-001,8.902041316032410E-001,
1.401166666666667E+009,4.075884446501732E-002,-1.464729104191065E-002,-4.159177839756012E-001,8.986490368843079E-001,4.075884446501732E-002,-1.464729104191065E-002,-4.159177839756012E-001,8.986490368843079E-001,
1.409533333333334E+009,2.712645940482616E-002,2.365193795412779E-003,-3.858468532562256E-001,9.128776788711548E-001,2.712645940482616E-002,2.365193795412779E-003,-3.858468532562256E-001,9.128776788711548E-001,
1.417900000000000E+009,2.822751738131046E-002,2.542253211140633E-002,-3.660428225994110E-001,9.086939692497253E-001,2.822751738131046E-002,2.542253211140633E-002,-3.660428225994110E-001,9.086939692497253E-001,
1.426266666666667E+009,3.937608748674393E-002,4.180569574236870E-002,-3.285596966743469E-001,9.347818493843079E-001,3.937608748674393E-002,4.180569574236870E-002,-3.285596966743469E-001,9.347818493843079E-001,
1.434633333333334E+009,6.064527854323387E-002,4.901002347469330E-002,-3.183021545410156E-001,9.282737374305725E-001,6.064527854323387E-002,4.901002347469330E-002,-3.183021545410156E-001,9.282737374305725E-001,
1.443000000000000E+009,8.197199553251267E-002,4.520986229181290E-002,-2.940515577793121E-001,9.351378083229065E-001,8.197199553251267E-002,4.520986229181290E-002,-2.940515577793121E-001,9.351378083229065E-001,
1.451366666666667E+009,9.856159985065460E-002,2.869152836501598E-002,-2.684108912944794E-001,9.353743195533752E-001,9.856159985065460E-002,2.869152836501598E-002,-2.684108912944794E-001,9.353743195533752E-001,
1.459733333333334E+009,1.055914387106895E-001,7.848028093576431E-003,-2.420075386762619E-001,9.612852931022644E-001,1.055914387106895E-001,7.848028093576431E-003,-2.420075386762619E-001,9.612852931022644E-001,
1.468100000000000E+009,1.028958335518837E-001,-1.433747354894877E-002,-2.263636738061905E-001,9.605913162231445E-001,1.028958335518837E-001,-1.433747354894877E-002,-2.263636738061905E-001,9.605913162231445E-001,
1.476466666666667E+009,8.352455496788025E-002,-2.924242056906223E-002,-1.974289268255234E-001,9.655103087425232E-001,8.352455496788025E-002,-2.924242056906223E-002,-1.974289268255234E-001,9.655103087425232E-001,
1.484833333333334E+009,6.235727295279503E-002,-2.985191531479359E-002,-1.715397536754608E-001,9.734909534454346E-001,6.235727295279503E-002,-2.985191531479359E-002,-1.715397536754608E-001,9.734909534454346E-001,
1.493200000000000E+009,4.299984499812126E-002,-2.148471958935261E-002,-1.523828506469727E-001,9.768080115318298E-001,4.299984499812126E-002,-2.148471958935261E-002,-1.523828506469727E-001,9.768080115318298E-001,
1.501566666666667E+009,3.453049808740616E-002,-2.072171540930867E-003,-1.247516050934792E-001,9.850425720214844E-001,3.453049808740616E-002,-2.072171540930867E-003,-1.247516050934792E-001,9.850425720214844E-001,
1.509933333333334E+009,3.535816073417664E-002,1.860712654888630E-002,-9.320534020662308E-002,9.883313179016113E-001,3.535816073417664E-002,1.860712654888630E-002,-9.320534020662308E-002,9.883313179016113E-001,
1.518300000000000E+009,4.888964816927910E-002,3.509986400604248E-002,-7.450539618730545E-002,9.820474982261658E-001,4.888964816927910E-002,3.509986400604248E-002,-7.450539618730545E-002,9.820474982261658E-001,
1.526666666666667E+009,6.845369189977646E-002,4.001059010624886E-002,-5.547688901424408E-002,9.662372469902039E-001,6.845369189977646E-002,4.001059010624886E-002,-5.547688901424408E-002,9.662372469902039E-001,
1.535033333333334E+009,8.952032774686813E-002,3.273896127939224E-002,-2.042412199079990E-002,9.799575209617615E-001,8.952032774686813E-002,3.273896127939224E-002,-2.042412199079990E-002,9.799575209617615E-001,
1.543400000000000E+009,1.051758676767349E-001,1.615165919065476E-002,3.930848091840744E-003,9.821928739547730E-001,1.051758676767349E-001,1.615165919065476E-002,3.930848091840744E-003,9.821928739547730E-001,
1.551766666666667E+009,1.101390495896339E-001,-5.549754947423935E-003,2.869159169495106E-002,9.809190034866333E-001,1.101390495896339E-001,-5.549754947423935E-003,2.869159169495106E-002,9.809190034866333E-001,
1.560133333333334E+009,1.014247164130211E-001,-2.760179899632931E-002,5.187740921974182E-002,9.855691790580750E-001,1.014247164130211E-001,-2.760179899632931E-002,5.187740921974182E-002,9.855691790580750E-001,
1.568500000000000E+009,8.612039685249329E-002,-3.953264653682709E-002,7.974933832883835E-002,9.763190150260925E-001,8.612039685249329E-002,-3.953264653682709E-002,7.974933832883835E-002,9.763190150260925E-001,
1.576866666666667E+009,6.748549640178680E-002,-4.345397651195526E-002,9.270031750202179E-002,9.807345867156982E-001,6.748549640178680E-002,-4.345397651195526E-002,9.270031750202179E-002,9.807345867156982E-001,
1.585233333333334E+009,5.239727348089218E-002,-3.502689674496651E-002,1.232893764972687E-001,9.744167327880859E-001,5.239727348089218E-002,-3.502689674496651E-002,1.232893764972687E-001,9.744167327880859E-001,
1.593600000000000E+009,4.505690559744835E-002,-1.815882325172424E-002,1.483170986175537E-001,9.786287546157837E-001,4.505690559744835E-002,-1.815882325172424E-002,1.483170986175537E-001,9.786287546157837E-001,
1.601966666666667E+009,4.781631007790566E-002,8.224837365560234E-004,1.783145815134049E-001,9.753647446632385E-001,4.781631007790566E-002,8.224837365560234E-004,1.783145815134049E-001,9.753647446632385E-001,
1.610333333333334E+009,6.002259254455566E-002,1.421213895082474E-002,2.063045650720596E-001,9.672307372093201E-001,6.002259254455566E-002,1.421213895082474E-002,2.063045650720596E-001,9.672307372093201E-001,
1.618700000000000E+009,7.656081765890122E-002,1.550096459686756E-002,2.276996523141861E-001,9.570819139480591E-001,7.656081765890122E-002,1.550096459686756E-002,2.276996523141861E-001,9.570819139480591E-001,
1.627066666666667E+009,9.160082042217255E-002,7.529112976044416E-003,2.453548461198807E-001,9.534196257591248E-001,9.160082042217255E-002,7.529112976044416E-003,2.453548461198807E-001,9.534196257591248E-001,
1.635433333333334E+009,1.006988957524300E-001,-7.310159970074892E-003,2.823596596717835E-001,9.359045028686523E-001,1.006988957524300E-001,-7.310159970074892E-003,2.823596596717835E-001,9.359045028686523E-001,
1.643800000000000E+009,1.009748950600624E-001,-2.693674899637699E-002,2.937685847282410E-001,9.373942017555237E-001,1.009748950600624E-001,-2.693674899637699E-002,2.937685847282410E-001,9.373942017555237E-001,
1.652166666666667E+009,9.394168853759766E-002,-4.400245472788811E-002,3.181339800357819E-001,9.281685948371887E-001,9.394168853759766E-002,-4.400245472788811E-002,3.181339800357819E-001,9.281685948371887E-001,
1.660533333333334E+009,8.087021857500076E-002,-5.263657495379448E-002,3.446300923824310E-001,9.150273203849793E-001,8.087021857500076E-002,-5.263657495379448E-002,3.446300923824310E-001,9.150273203849793E-001,
1.668900000000000E+009,6.335374712944031E-002,-5.375104770064354E-002,3.739458918571472E-001,9.261425137519836E-001,6.335374712944031E-002,-5.375104770064354E-002,3.739458918571472E-001,9.261425137519836E-001,
1.677266666666667E+009,5.183089151978493E-002,-4.294771701097488E-002,3.934753537178040E-001,9.087847471237183E-001,5.183089151978493E-002,-4.294771701097488E-002,3.934753537178040E-001,9.087847471237183E-001,
1.685633333333334E+009,4.880022630095482E-002,-2.935523167252541E-002,4.112660884857178E-001,8.951006531715393E-001,4.880022630095482E-002,-2.935523167252541E-002,4.112660884857178E-001,8.951006531715393E-001,
1.694000000000000E+009,5.242359265685082E-002,-1.441675610840321E-002,4.352061152458191E-001,8.836568593978882E-001,5.242359265685082E-002,-1.441675610840321E-002,4.352061152458191E-001,8.836568593978882E-001,
1.702366666666667E+009,6.730053573846817E-002,-4.691007547080517E-003,4.596726596355438E-001,8.700417280197144E-001,6.730053573846817E-002,-4.691007547080517E-003,4.596726596355438E-001,8.700417280197144E-001,
1.710733333333334E+009,8.240120857954025E-002,-3.174376673996449E-003,4.787725806236267E-001,8.517804741859436E-001,8.240120857954025E-002,-3.174376673996449E-003,4.787725806236267E-001,8.517804741859436E-001,
1.719100000000000E+009,9.758134186267853E-002,-1.143200322985649E-002,5.094063282012940E-001,8.428774476051331E-001,9.758134186267853E-002,-1.143200322985649E-002,5.094063282012940E-001,8.428774476051331E-001,
1.727466666666667E+009,1.042595580220223E-001,-2.684210799634457E-002,5.246143937110901E-001,8.281630873680115E-001,1.042595580220223E-001,-2.684210799634457E-002,5.246143937110901E-001,8.281630873680115E-001,
1.735833333333334E+009,1.061184629797936E-001,-4.553366079926491E-002,5.416474342346191E-001,8.181024193763733E-001,1.061184629797936E-001,-4.553366079926491E-002,5.416474342346191E-001,8.181024193763733E-001,
1.744200000000000E+009,9.899536520242691E-002,-6.283783167600632E-002,5.633420348167419E-001,8.172314763069153E-001,9.899536520242691E-002,-6.283783167600632E-002,5.633420348167419E-001,8.172314763069153E-001,
1.752566666666667E+009,8.684848248958588E-002,-7.506415247917175E-002,5.824080705642700E-001,7.836311459541321E-001,8.684848248958588E-002,-7.506415247917175E-002,5.824080705642700E-001,7.836311459541321E-001,
1.760933333333334E+009,7.102944701910019E-002,-8.024215698242188E-002,6.026832461357117E-001,7.705844640731812E-001,7.102944701910019E-002,-8.024215698242188E-002,6.026832461357117E-001,7.705844640731812E-001,
1.769300000000000E+009,5.714424327015877E-002,-7.712350785732269E-002,6.284164190292358E-001,7.610171437263489E-001,5.714424327015877E-002,-7.712350785732269E-002,6.284164190292358E-001,7.610171437263489E-001,
1.777666666666667E+009,4.785553365945816E-002,-6.786004453897476E-002,6.489478349685669E-001,7.388187050819397E-001,4.785553365945816E-002,-6.786004453897476E-002,6.489478349685669E-001,7.388187050819397E-001,
1.786033333333334E+009,4.452997446060181E-002,-5.592805519700050E-002,6.607133746147156E-001,7.256102561950684E-001,4.452997446060181E-002,-5.592805519700050E-002,6.607133746147156E-001,7.256102561950684E-001,
1.794400000000000E+009,5.028627812862396E-002,-4.494621232151985E-002,6.832450628280640E-001,7.095922231674194E-001,5.028627812862396E-002,-4.494621232151985E-002,6.832450628280640E-001,7.095922231674194E-001,
1.802766666666667E+009,5.917275324463844E-002,-3.911417350172997E-002,7.011653780937195E-001,6.911826133728027E-001,5.917275324463844E-002,-3.911417350172997E-002,7.011653780937195E-001,6.911826133728027E-001,
1.811133333333334E+009,6.910234689712524E-002,-3.867994248867035E-002,7.196828126907349E-001,6.703615188598633E-001,6.910234689712524E-002,-3.867994248867035E-002,7.196828126907349E-001,6.703615188598633E-001,
1.819500000000000E+009,7.645099610090256E-002,-4.404583200812340E-002,7.410769462585449E-001,6.538856625556946E-001,7.645099610090256E-002,-4.404583200812340E-002,7.410769462585449E-001,6.538856625556946E-001,
1.827866666666667E+009,8.184470236301422E-002,-5.415200442075729E-002,7.514964938163757E-001,6.307417154312134E-001,8.184470236301422E-002,-5.415200442075729E-002,7.514964938163757E-001,6.307417154312134E-001,
1.836233333333334E+009,7.988698780536652E-002,-6.426636129617691E-002,7.676380276679993E-001,6.124237179756165E-001,7.988698780536652E-002,-6.426636129617691E-002,7.676380276679993E-001,6.124237179756165E-001,
1.844600000000000E+009,7.357394695281982E-002,-7.397529482841492E-002,7.693541646003723E-001,5.979368686676025E-001,7.357394695281982E-002,-7.397529482841492E-002,7.693541646003723E-001,5.979368686676025E-001,
1.852966666666667E+009,6.500701606273651E-002,-8.174993842840195E-002,7.942155599594116E-001,5.747113823890686E-001,6.500701606273651E-002,-8.174993842840195E-002,7.942155599594116E-001,5.747113823890686E-001,
1.861333333333334E+009,5.461869016289711E-002,-8.331274241209030E-002,8.057650923728943E-001,5.516365766525269E-001,5.461869016289711E-002,-8.331274241209030E-002,8.057650923728943E-001,5.516365766525269E-001,
1.869700000000000E+009,4.771076142787933E-002,-7.829056680202484E-002,8.265830874443054E-001,5.315915346145630E-001,4.771076142787933E-002,-7.829056680202484E-002,8.265830874443054E-001,5.315915346145630E-001,
1.878066666666667E+009,4.557413607835770E-002,-7.396876811981201E-002,8.335023522377014E-001,5.124823451042175E-001,4.557413607835770E-002,-7.396876811981201E-002,8.335023522377014E-001,5.124823451042175E-001,
1.886433333333334E+009,4.624579101800919E-002,-6.586741656064987E-002,8.644397854804993E-001,4.807282686233521E-001,4.624579101800919E-002,-6.586741656064987E-002,8.644397854804993E-001,4.807282686233521E-001,
1.894800000000000E+009,5.255630239844322E-002,-6.006081402301788E-002,8.696615695953369E-001,4.688064157962799E-001,5.255630239844322E-002,-6.006081402301788E-002,8.696615695953369E-001,4.688064157962799E-001,
1.903166666666667E+009,6.134129688143730E-002,-5.837439373135567E-002,8.730741739273071E-001,4.439651072025299E-001,6.134129688143730E-002,-5.837439373135567E-002,8.730741739273071E-001,4.439651072025299E-001,
1.911533333333334E+009,7.106525450944901E-002,-6.232257559895515E-002,8.835986256599426E-001,4.223644137382507E-001,7.106525450944901E-002,-6.232257559895515E-002,8.835986256599426E-001,4.223644137382507E-001,
1.919900000000000E+009,7.553526759147644E-002,-7.142637670040131E-002,9.031622409820557E-001,3.976281583309174E-001,7.553526759147644E-002,-7.142637670040131E-002,9.031622409820557E-001,3.976281583309174E-001,
1.928266666666667E+009,7.830239832401276E-002,-8.286406844854355E-002,9.049594402313232E-001,3.727268278598785E-001,7.830239832401276E-002,-8.286406844854355E-002,9.049594402313232E-001,3.727268278598785E-001,
1.936633333333334E+009,7.160517573356628E-002,-9.662111103534699E-002,9.144462347030640E-001,3.527614474296570E-001,7.160517573356628E-002,-9.662111103534699E-002,9.144462347030640E-001,3.527614474296570E-001,
1.945000000000000E+009,6.162528321146965E-002,-1.068192347884178E-001,9.161432385444641E-001,3.311111927032471E-001,6.162528321146965E-002,-1.068192347884178E-001,9.161432385444641E-001,3.311111927032471E-001,
1.953366666666667E+009,4.893700033426285E-002,-1.128673404455185E-001,9.207498431205750E-001,3.137666285037994E-001,4.893700033426285E-002,-1.128673404455185E-001,9.207498431205750E-001,3.137666285037994E-001,
1.961733333333334E+009,3.487261757254601E-002,-1.116853877902031E-001,9.466648101806641E-001,2.838507294654846E-001,3.487261757254601E-002,-1.116853877902031E-001,9.466648101806641E-001,2.838507294654846E-001,
1.970100000000000E+009,2.486912533640862E-002,-1.043750643730164E-001,9.443390965461731E-001,2.571564912796021E-001,2.486912533640862E-002,-1.043750643730164E-001,9.443390965461731E-001,2.571564912796021E-001,
1.978466666666667E+009,2.058275230228901E-002,-9.337414056062698E-002,9.511553645133972E-001,2.404756247997284E-001,2.058275230228901E-002,-9.337414056062698E-002,9.511553645133972E-001,2.404756247997284E-001,
1.986833333333334E+009,2.498843520879746E-002,-8.314149081707001E-002,9.537822604179382E-001,2.156960666179657E-001,2.498843520879746E-002,-8.314149081707001E-002,9.537822604179382E-001,2.156960666179657E-001,
1.995200000000000E+009,3.487227112054825E-002,-7.479513436555862E-002,9.663645029067993E-001,1.840734779834747E-001,3.487227112054825E-002,-7.479513436555862E-002,9.663645029067993E-001,1.840734779834747E-001,
2.003566666666667E+009,4.749413579702377E-002,-7.373807579278946E-002,9.733439683914185E-001,1.639329046010971E-001,4.749413579702377E-002,-7.373807579278946E-002,9.733439683914185E-001,1.639329046010971E-001,
2.011933333333334E+009,6.052837520837784E-002,-8.247002214193344E-002,9.747226238250732E-001,1.322888284921646E-001,6.052837520837784E-002,-8.247002214193344E-002,9.747226238250732E-001,1.322888284921646E-001,
2.020300000000000E+009,6.574592739343643E-002,-9.539480507373810E-002,9.739614725112915E-001,1.048502847552300E-001,6.574592739343643E-002,-9.539480507373810E-002,9.739614725112915E-001,1.048502847552300E-001,
2.028666666666667E+009,6.549196690320969E-002,-1.119012162089348E-001,9.778300523757935E-001,8.164304494857788E-002,6.549196690320969E-002,-1.119012162089348E-001,9.778300523757935E-001,8.164304494857788E-002,
2.037033333333334E+009,5.374282971024513E-002,-1.273135989904404E-001,9.773920178413391E-001,5.201702564954758E-002,5.374282971024513E-002,-1.273135989904404E-001,9.773920178413391E-001,5.201702564954758E-002,
2.045400000000000E+009,3.759972006082535E-002,-1.373512297868729E-001,9.760499596595764E-001,2.784919925034046E-002,3.759972006082535E-002,-1.373512297868729E-001,9.760499596595764E-001,2.784919925034046E-002,
2.053766666666667E+009,1.770307309925556E-002,-1.398363113403320E-001,9.635829925537109E-001,5.190700292587280E-003,1.770307309925556E-002,-1.398363113403320E-001,9.635829925537109E-001,5.190700292587280E-003,
2.062133333333334E+009,1.717206905595958E-003,-1.331533044576645E-001,9.733296036720276E-001,-9.161371737718582E-003,1.717206905595958E-003,-1.331533044576645E-001,9.733296036720276E-001,-9.161371737718582E-003,
2.070500000000000E+009,-4.298877436667681E-003,-1.183982640504837E-001,9.734761118888855E-001,-4.136275127530098E-002,-4.298877436667681E-003,-1.183982640504837E-001,9.734761118888855E-001,-4.136275127530098E-002,
2.078866666666667E+009,-4.865698516368866E-003,-1.043916344642639E-001,9.863436222076416E-001,-6.144400313496590E-002,-4.865698516368866E-003,-1.043916344642639E-001,9.863436222076416E-001,-6.144400313496590E-002,
2.087233333333334E+009,7.287909742444754E-003,-9.502362459897995E-002,9.812424778938294E-001,-9.189880639314652E-002,7.287909742444754E-003,-9.502362459897995E-002,9.812424778938294E-001,-9.189880639314652E-002,
2.095600000000000E+009,2.353094704449177E-002,-9.330416470766068E-002,9.783207774162293E-001,-1.303757727146149E-001,2.353094704449177E-002,-9.330416470766068E-002,9.783207774162293E-001,-1.303757727146149E-001,
2.103966666666667E+009,3.957939520478249E-002,-1.029442697763443E-001,9.767050147056580E-001,-1.497049331665039E-001,3.957939520478249E-002,-1.029442697763443E-001,9.767050147056580E-001,-1.497049331665039E-001,
2.112333333333334E+009,4.751598089933395E-002,-1.205944865942001E-001,9.616407155990601E-001,-1.710135340690613E-001,4.751598089933395E-002,-1.205944865942001E-001,9.616407155990601E-001,-1.710135340690613E-001,
2.120700000000000E+009,4.310867935419083E-002,-1.442254632711411E-001,9.597992300987244E-001,-1.990672796964645E-001,4.310867935419083E-002,-1.442254632711411E-001,9.597992300987244E-001,-1.990672796964645E-001,
2.129066666666667E+009,2.811192907392979E-002,-1.605470478534699E-001,9.485840797424316E-001,-2.250781208276749E-001,2.811192907392979E-002,-1.605470478534699E-001,9.485840797424316E-001,-2.250781208276749E-001,
2.137433333333334E+009,3.573750145733357E-003,-1.704112291336060E-001,9.402308464050293E-001,-2.489014565944672E-001,3.573750145733357E-003,-1.704112291336060E-001,9.402308464050293E-001,-2.489014565944672E-001,
2.145800000000000E+009,-2.337818965315819E-002,-1.707607954740524E-001,9.359220266342163E-001,-2.621303498744965E-001,-2.337818965315819E-002,-1.707607954740524E-001,9.359220266342163E-001,-2.621303498744965E-001,
2.154166666666667E+009,-4.379973933100700E-002,-1.575238555669785E-001,9.285669922828674E-001,-2.800810039043427E-001,-4.379973933100700E-002,-1.575238555669785E-001,9.285669922828674E-001,-2.800810039043427E-001,
2.162533333333334E+009,-5.958358198404312E-002,-1.360390037298203E-001,9.324432015419006E-001,-2.996428906917572E-001,-5.958358198404312E-002,-1.360390037298203E-001,9.324432015419006E-001,-2.996428906917572E-001,
2.170900000000000E+009,-5.725463852286339E-002,-1.147520914673805E-001,9.219754934310913E-001,-3.274896442890167E-001,-5.725463852286339E-002,-1.147520914673805E-001,9.219754934310913E-001,-3.274896442890167E-001,
2.179266666666667E+009,-4.235841333866119E-002,-9.886906296014786E-002,9.065193533897400E-001,-3.567738533020020E-001,-4.235841333866119E-002,-9.886906296014786E-002,9.065193533897400E-001,-3.567738533020020E-001,
2.187633333333334E+009,-2.153334952890873E-002,-9.454294294118881E-002,8.981066942214966E-001,-3.792945146560669E-001,-2.153334952890873E-002,-9.454294294118881E-002,8.981066942214966E-001,-3.792945146560669E-001,
2.196000000000000E+009,9.847631445154548E-004,-1.054945513606072E-001,8.827121853828430E-001,-4.019413292407990E-001,9.847631445154548E-004,-1.054945513606072E-001,8.827121853828430E-001,-4.019413292407990E-001,
2.204366666666667E+009,1.099690608680248E-002,-1.275652050971985E-001,8.810610771179199E-001,-4.236415922641754E-001,1.099690608680248E-002,-1.275652050971985E-001,8.810610771179199E-001,-4.236415922641754E-001,
2.212733333333334E+009,8.705346845090389E-003,-1.497288197278976E-001,8.573453426361084E-001,-4.564005434513092E-001,8.705346845090389E-003,-1.497288197278976E-001,8.573453426361084E-001,-4.564005434513092E-001,
2.221100000000000E+009,-1.183453109115362E-002,-1.707014590501785E-001,8.492804765701294E-001,-4.723745882511139E-001,-1.183453109115362E-002,-1.707014590501785E-001,8.492804765701294E-001,-4.723745882511139E-001,
2.229466666666667E+009,-3.763458877801895E-002,-1.807316094636917E-001,8.249563574790955E-001,-4.893285334110260E-001,-3.763458877801895E-002,-1.807316094636917E-001,8.249563574790955E-001,-4.893285334110260E-001,
2.237833333333334E+009,-6.786149740219116E-002,-1.760031133890152E-001,8.168691396713257E-001,-5.069958567619324E-001,-6.786149740219116E-002,-1.760031133890152E-001,8.168691396713257E-001,-5.069958567619324E-001,
2.246200000000000E+009,-9.277438372373581E-002,-1.592130661010742E-001,8.113941550254822E-001,-5.258020162582398E-001,-9.277438372373581E-002,-1.592130661010742E-001,8.113941550254822E-001,-5.258020162582398E-001,
2.254566666666667E+009,-1.056523025035858E-001,-1.320912539958954E-001,7.994934916496277E-001,-5.466725826263428E-001,-1.056523025035858E-001,-1.320912539958954E-001,7.994934916496277E-001,-5.466725826263428E-001,
2.262933333333334E+009,-1.016335263848305E-001,-1.094971820712090E-001,7.899455428123474E-001,-5.690881609916687E-001,-1.016335263848305E-001,-1.094971820712090E-001,7.899455428123474E-001,-5.690881609916687E-001,
2.271300000000000E+009,-8.731608837842941E-002,-9.212659299373627E-002,7.671161890029907E-001,-5.986837148666382E-001,-8.731608837842941E-002,-9.212659299373627E-002,7.671161890029907E-001,-5.986837148666382E-001,
2.279666666666667E+009,-6.621173024177551E-002,-8.925140649080277E-002,7.638083696365356E-001,-6.145445704460144E-001,-6.621173024177551E-002,-8.925140649080277E-002,7.638083696365356E-001,-6.145445704460144E-001,
2.288033333333334E+009,-4.721716791391373E-002,-1.009829863905907E-001,7.438042759895325E-001,-6.362206339836121E-001,-4.721716791391373E-002,-1.009829863905907E-001,7.438042759895325E-001,-6.362206339836121E-001,
2.296400000000000E+009,-3.844685107469559E-002,-1.214436069130898E-001,7.198298573493958E-001,-6.552662253379822E-001,-3.844685107469559E-002,-1.214436069130898E-001,7.198298573493958E-001,-6.552662253379822E-001,
2.304766666666667E+009,-4.276468604803085E-002,-1.448438465595245E-001,7.014959454536438E-001,-6.750239729881287E-001,-4.276468604803085E-002,-1.448438465595245E-001,7.014959454536438E-001,-6.750239729881287E-001,
2.313133333333334E+009,-6.481495499610901E-002,-1.625278145074844E-001,6.834223866462708E-001,-6.860912442207336E-001,-6.481495499610901E-002,-1.625278145074844E-001,6.834223866462708E-001,-6.860912442207336E-001,
2.321500000000000E+009,-9.240240603685379E-002,-1.650861352682114E-001,6.733566522598267E-001,-6.984949111938477E-001,-9.240240603685379E-002,-1.650861352682114E-001,6.733566522598267E-001,-6.984949111938477E-001,
2.329866666666667E+009,-1.182156950235367E-001,-1.517864763736725E-001,6.445074081420898E-001,-7.140712738037109E-001,-1.182156950235367E-001,-1.517864763736725E-001,6.445074081420898E-001,-7.140712738037109E-001,
2.338233333333334E+009,-1.396258622407913E-001,-1.283788532018662E-001,6.333604454994202E-001,-7.305208444595337E-001,-1.396258622407913E-001,-1.283788532018662E-001,6.333604454994202E-001,-7.305208444595337E-001,
2.346600000000000E+009,-1.413506716489792E-001,-9.956755489110947E-002,6.176239252090454E-001,-7.370028495788574E-001,-1.413506716489792E-001,-9.956755489110947E-002,6.176239252090454E-001,-7.370028495788574E-001,
2.354966666666667E+009,-1.305172741413117E-001,-7.388211786746979E-002,6.059265732765198E-001,-7.711766958236694E-001,-1.305172741413117E-001,-7.388211786746979E-002,6.059265732765198E-001,-7.711766958236694E-001,
2.363333333333334E+009,-1.073444560170174E-001,-6.296285241842270E-002,5.815485119819641E-001,-7.871592044830322E-001,-1.073444560170174E-001,-6.296285241842270E-002,5.815485119819641E-001,-7.871592044830322E-001,
2.371700000000000E+009,-8.151689916849136E-002,-7.094607502222061E-002,5.653548836708069E-001,-8.049013614654541E-001,-8.151689916849136E-002,-7.094607502222061E-002,5.653548836708069E-001,-8.049013614654541E-001,
2.380066666666667E+009,-6.636577844619751E-002,-9.356861561536789E-002,5.372887849807739E-001,-8.201157450675964E-001,-6.636577844619751E-002,-9.356861561536789E-002,5.372887849807739E-001,-8.201157450675964E-001,
2.388433333333334E+009,-6.401988118886948E-002,-1.275338083505631E-001,5.130538940429688E-001,-8.333282470703125E-001,-6.401988118886948E-002,-1.275338083505631E-001,5.130538940429688E-001,-8.333282470703125E-001,
2.396800000000000E+009,-8.312553912401199E-002,-1.570620834827423E-001,4.875393807888031E-001,-8.423516154289246E-001,-8.312553912401199E-002,-1.570620834827423E-001,4.875393807888031E-001,-8.423516154289246E-001,
2.405166666666667E+009,-1.151821762323380E-001,-1.725998371839523E-001,4.579825103282929E-001,-8.517451286315918E-001,-1.151821762323380E-001,-1.725998371839523E-001,4.579825103282929E-001,-8.517451286315918E-001,
2.413533333333334E+009,-1.552074998617172E-001,-1.699636280536652E-001,4.356492161750794E-001,-8.602407574653626E-001,-1.552074998617172E-001,-1.699636280536652E-001,4.356492161750794E-001,-8.602407574653626E-001,
2.421900000000000E+009,-1.904382556676865E-001,-1.459592282772064E-001,4.186450242996216E-001,-8.682202696800232E-001,-1.904382556676865E-001,-1.459592282772064E-001,4.186450242996216E-001,-8.682202696800232E-001,
2.430266666666667E+009,-2.148430496454239E-001,-1.087252050638199E-001,4.014800786972046E-001,-8.661964535713196E-001,-2.148430496454239E-001,-1.087252050638199E-001,4.014800786972046E-001,-8.661964535713196E-001,
2.438633333333334E+009,-2.196242660284042E-001,-6.483916938304901E-002,3.882202804088593E-001,-8.753935694694519E-001,-2.196242660284042E-001,-6.483916938304901E-002,3.882202804088593E-001,-8.753935694694519E-001,
2.447000000000000E+009,-2.027795761823654E-001,-2.597490698099136E-002,3.679424524307251E-001,-8.893519043922424E-001,-2.027795761823654E-001,-2.597490698099136E-002,3.679424524307251E-001,-8.893519043922424E-001,
2.455366666666667E+009,-1.730113327503204E-001,-3.185868496075273E-003,3.559003174304962E-001,-9.068106412887573E-001,-1.730113327503204E-001,-3.185868496075273E-003,3.559003174304962E-001,-9.068106412887573E-001,
2.463733333333334E+009,-1.377319693565369E-001,-2.717935247346759E-003,3.200159072875977E-001,-9.253721833229065E-001,-1.377319693565369E-001,-2.717935247346759E-003,3.200159072875977E-001,-9.253721833229065E-001,
2.472100000000000E+009,-1.108297407627106E-001,-1.949591934680939E-002,3.000928759574890E-001,-9.335287213325501E-001,-1.108297407627106E-001,-1.949591934680939E-002,3.000928759574890E-001,-9.335287213325501E-001,
2.480466666666667E+009,-1.017098352313042E-001,-5.225400626659393E-002,2.588135302066803E-001,-9.411307573318481E-001,-1.017098352313042E-001,-5.225400626659393E-002,2.588135302066803E-001,-9.411307573318481E-001,
2.488833333333334E+009,-1.113088726997376E-001,-8.361547440290451E-002,2.299254536628723E-001,-9.520188570022583E-001,-1.113088726997376E-001,-8.361547440290451E-002,2.299254536628723E-001,-9.520188570022583E-001,
2.497200000000000E+009,-1.372070312500000E-001,-1.038258299231529E-001,2.111068069934845E-001,-9.464221596717835E-001,-1.372070312500000E-001,-1.038258299231529E-001,2.111068069934845E-001,-9.464221596717835E-001,
2.505566666666667E+009,-1.730654835700989E-001,-1.041086986660957E-001,1.884801238775253E-001,-9.471767544746399E-001,-1.730654835700989E-001,-1.041086986660957E-001,1.884801238775253E-001,-9.471767544746399E-001,
2.513933333333334E+009,-2.006259709596634E-001,-8.620365709066391E-002,1.631752550601959E-001,-9.473326206207275E-001,-2.006259709596634E-001,-8.620365709066391E-002,1.631752550601959E-001,-9.473326206207275E-001,
2.522300000000000E+009,-2.180025428533554E-001,-4.927967861294746E-002,1.458315104246140E-001,-9.537596106529236E-001,-2.180025428533554E-001,-4.927967861294746E-002,1.458315104246140E-001,-9.537596106529236E-001,
2.530666666666667E+009,-2.159837931394577E-001,-1.309558562934399E-002,1.234584301710129E-001,-9.601780176162720E-001,-2.159837931394577E-001,-1.309558562934399E-002,1.234584301710129E-001,-9.601780176162720E-001,
2.539033333333334E+009,-2.003894597291946E-001,1.944009400904179E-002,1.043094843626022E-001,-9.665662050247192E-001,-2.003894597291946E-001,1.944009400904179E-002,1.043094843626022E-001,-9.665662050247192E-001,
2.547400000000000E+009,-1.709762960672379E-001,3.755488619208336E-002,8.203962445259094E-002,-9.709541201591492E-001,-1.709762960672379E-001,3.755488619208336E-002,8.203962445259094E-002,-9.709541201591492E-001,
2.555766666666667E+009,-1.401927918195725E-001,3.415393456816673E-002,5.248238146305084E-002,-9.819893240928650E-001,-1.401927918195725E-001,3.415393456816673E-002,5.248238146305084E-002,-9.819893240928650E-001,
2.564133333333334E+009,-1.178472414612770E-001,1.372439693659544E-002,2.158047072589397E-002,-9.815960526466370E-001,-1.178472414612770E-001,1.372439693659544E-002,2.158047072589397E-002,-9.815960526466370E-001,
2.572500000000000E+009,-1.155065670609474E-001,-1.731348782777786E-002,-5.574803799390793E-003,-9.833976626396179E-001,-1.155065670609474E-001,-1.731348782777786E-002,-5.574803799390793E-003,-9.833976626396179E-001,
2.580866666666667E+009,-1.309245675802231E-001,-4.580406099557877E-002,-3.685188293457031E-002,-9.799874424934387E-001,-1.309245675802231E-001,-4.580406099557877E-002,-3.685188293457031E-002,-9.799874424934387E-001,
2.589233333333334E+009,-1.618573069572449E-001,-6.083616241812706E-002,-6.140648573637009E-002,-9.754574894905090E-001,-1.618573069572449E-001,-6.083616241812706E-002,-6.140648573637009E-002,-9.754574894905090E-001,
2.597600000000000E+009,-1.975021064281464E-001,-5.801356956362724E-002,-8.595927804708481E-002,-9.652816057205200E-001,-1.975021064281464E-001,-5.801356956362724E-002,-8.595927804708481E-002,-9.652816057205200E-001,
2.605966666666667E+009,-2.265344709157944E-001,-3.535248711705208E-002,-1.036696657538414E-001,-9.640812873840332E-001,-2.265344709157944E-001,-3.535248711705208E-002,-1.036696657538414E-001,-9.640812873840332E-001,
2.614333333333334E+009,-2.407810688018799E-001,1.203360443469137E-005,-1.270111054182053E-001,-9.553348422050476E-001,-2.407810688018799E-001,1.203360443469137E-005,-1.270111054182053E-001,-9.553348422050476E-001,
2.622700000000000E+009,-2.355503290891647E-001,3.974226117134094E-002,-1.363205015659332E-001,-9.490262866020203E-001,-2.355503290891647E-001,3.974226117134094E-002,-1.363205015659332E-001,-9.490262866020203E-001,
2.631066666666667E+009,-2.134879529476166E-001,7.333190739154816E-002,-1.709136515855789E-001,-9.562512040138245E-001,-2.134879529476166E-001,7.333190739154816E-002,-1.709136515855789E-001,-9.562512040138245E-001,
2.639433333333334E+009,-1.798658519983292E-001,9.220413863658905E-002,-1.929118633270264E-001,-9.507169127464294E-001,-1.798658519983292E-001,9.220413863658905E-002,-1.929118633270264E-001,-9.507169127464294E-001,
2.647800000000000E+009,-1.463422477245331E-001,9.214525669813156E-002,-2.096306085586548E-001,-9.532200694084168E-001,-1.463422477245331E-001,9.214525669813156E-002,-2.096306085586548E-001,-9.532200694084168E-001,
2.656166666666667E+009,-1.235797107219696E-001,7.344579696655273E-002,-2.379958033561707E-001,-9.511626958847046E-001,-1.235797107219696E-001,7.344579696655273E-002,-2.379958033561707E-001,-9.511626958847046E-001,
2.664533333333334E+009,-1.169807761907578E-001,4.621321707963944E-002,-2.716828286647797E-001,-9.438813328742981E-001,-1.169807761907578E-001,4.621321707963944E-002,-2.716828286647797E-001,-9.438813328742981E-001,
2.672900000000000E+009,-1.329341828823090E-001,2.038734406232834E-002,-2.996508181095123E-001,-9.380726218223572E-001,-1.329341828823090E-001,2.038734406232834E-002,-2.996508181095123E-001,-9.380726218223572E-001,
2.681266666666667E+009,-1.606102287769318E-001,5.266304127871990E-003,-3.274403512477875E-001,-9.215683341026306E-001,-1.606102287769318E-001,5.266304127871990E-003,-3.274403512477875E-001,-9.215683341026306E-001,
2.689633333333334E+009,-1.945544630289078E-001,9.124522097408772E-003,-3.566069304943085E-001,-9.072126746177673E-001,-1.945544630289078E-001,9.124522097408772E-003,-3.566069304943085E-001,-9.072126746177673E-001,
2.698000000000000E+009,-2.192839384078980E-001,3.145993128418922E-002,-3.711738884449005E-001,-8.899624347686768E-001,-2.192839384078980E-001,3.145993128418922E-002,-3.711738884449005E-001,-8.899624347686768E-001,
2.706366666666667E+009,-2.291360497474670E-001,6.671535223722458E-002,-3.884384036064148E-001,-8.769778013229370E-001,-2.291360497474670E-001,6.671535223722458E-002,-3.884384036064148E-001,-8.769778013229370E-001,
2.714733333333334E+009,-2.209010273218155E-001,1.023043096065521E-001,-4.020554721355438E-001,-8.734115958213806E-001,-2.209010273218155E-001,1.023043096065521E-001,-4.020554721355438E-001,-8.734115958213806E-001,
2.723100000000000E+009,-1.960538625717163E-001,1.340247839689255E-001,-4.185532033443451E-001,-8.693008422851563E-001,-1.960538625717163E-001,1.340247839689255E-001,-4.185532033443451E-001,-8.693008422851563E-001,
2.731466666666667E+009,-1.582067608833313E-001,1.496422290802002E-001,-4.438483417034149E-001,-8.613533973693848E-001,-1.582067608833313E-001,1.496422290802002E-001,-4.438483417034149E-001,-8.613533973693848E-001,
2.739833333333334E+009,-1.202554404735565E-001,1.468567550182343E-001,-4.762313067913055E-001,-8.556035757064819E-001,-1.202554404735565E-001,1.468567550182343E-001,-4.762313067913055E-001,-8.556035757064819E-001,
2.748200000000000E+009,-9.441976249217987E-002,1.280324012041092E-001,-4.914536178112030E-001,-8.468586802482605E-001,-9.441976249217987E-002,1.280324012041092E-001,-4.914536178112030E-001,-8.468586802482605E-001,
2.756566666666667E+009,-8.520374447107315E-002,9.906254708766937E-002,-5.184104442596436E-001,-8.334046006202698E-001,-8.520374447107315E-002,9.906254708766937E-002,-5.184104442596436E-001,-8.334046006202698E-001,
2.764933333333334E+009,-9.788131713867188E-002,7.191389054059982E-002,-5.508261919021606E-001,-8.225151896476746E-001,-9.788131713867188E-002,7.191389054059982E-002,-5.508261919021606E-001,-8.225151896476746E-001,
2.773300000000000E+009,-1.254134774208069E-001,5.627513304352760E-002,-5.685476064682007E-001,-7.987455725669861E-001,-1.254134774208069E-001,5.627513304352760E-002,-5.685476064682007E-001,-7.987455725669861E-001,
2.781666666666667E+009,-1.580931395292282E-001,5.892492458224297E-002,-5.826861262321472E-001,-7.791405320167542E-001,-1.580931395292282E-001,5.892492458224297E-002,-5.826861262321472E-001,-7.791405320167542E-001,
2.790033333333334E+009,-1.864885985851288E-001,7.982330769300461E-002,-6.056495308876038E-001,-7.604833841323853E-001,-1.864885985851288E-001,7.982330769300461E-002,-6.056495308876038E-001,-7.604833841323853E-001,
2.798400000000000E+009,-1.983592808246613E-001,1.113193631172180E-001,-6.216248273849487E-001,-7.422125935554504E-001,-1.983592808246613E-001,1.113193631172180E-001,-6.216248273849487E-001,-7.422125935554504E-001,
2.806766666666667E+009,-1.892109960317612E-001,1.466786265373230E-001,-6.339935660362244E-001,-7.250450849533081E-001,-1.892109960317612E-001,1.466786265373230E-001,-6.339935660362244E-001,-7.250450849533081E-001,
2.815133333333334E+009,-1.627693772315979E-001,1.732984334230423E-001,-6.461840271949768E-001,-7.155293226242065E-001,-1.627693772315979E-001,1.732984334230423E-001,-6.461840271949768E-001,-7.155293226242065E-001,
2.823500000000000E+009,-1.279105544090271E-001,1.872532516717911E-001,-6.609347462654114E-001,-7.033531069755554E-001,-1.279105544090271E-001,1.872532516717911E-001,-6.609347462654114E-001,-7.033531069755554E-001,
2.831866666666667E+009,-8.879867941141129E-002,1.818945258855820E-001,-6.802918314933777E-001,-6.896475553512573E-001,-8.879867941141129E-002,1.818945258855820E-001,-6.802918314933777E-001,-6.896475553512573E-001,
2.840233333333334E+009,-5.974065512418747E-002,1.623980700969696E-001,-7.068724632263184E-001,-6.724110841751099E-001,-5.974065512418747E-002,1.623980700969696E-001,-7.068724632263184E-001,-6.724110841751099E-001,
2.848600000000000E+009,-4.837188124656677E-002,1.333716362714768E-001,-7.295788526535034E-001,-6.611361503601074E-001,-4.837188124656677E-002,1.333716362714768E-001,-7.295788526535034E-001,-6.611361503601074E-001,
2.856966666666667E+009,-5.891549214720726E-002,1.053546667098999E-001,-7.477878332138062E-001,-6.389109492301941E-001,-5.891549214720726E-002,1.053546667098999E-001,-7.477878332138062E-001,-6.389109492301941E-001,
2.865333333333334E+009,-8.611524850130081E-002,9.158384054899216E-002,-7.628344297409058E-001,-6.131381392478943E-001,-8.611524850130081E-002,9.158384054899216E-002,-7.628344297409058E-001,-6.131381392478943E-001,
2.873700000000000E+009,-1.213513836264610E-001,9.479203075170517E-002,-7.856225371360779E-001,-5.896984338760376E-001,-1.213513836264610E-001,9.479203075170517E-002,-7.856225371360779E-001,-5.896984338760376E-001,
2.882066666666667E+009,-1.496647745370865E-001,1.156515032052994E-001,-7.898809313774109E-001,-5.678058266639710E-001,-1.496647745370865E-001,1.156515032052994E-001,-7.898809313774109E-001,-5.678058266639710E-001,
2.890433333333334E+009,-1.623218506574631E-001,1.513915061950684E-001,-8.018994927406311E-001,-5.436987280845642E-001,-1.623218506574631E-001,1.513915061950684E-001,-8.018994927406311E-001,-5.436987280845642E-001,
2.898800000000000E+009,-1.542821675539017E-001,1.870123744010925E-001,-8.065861463546753E-001,-5.252964496612549E-001,-1.542821675539017E-001,1.870123744010925E-001,-8.065861463546753E-001,-5.252964496612549E-001,
2.907166666666667E+009,-1.270820796489716E-001,2.154165804386139E-001,-8.233705163002014E-001,-5.013068318367004E-001,-1.270820796489716E-001,2.154165804386139E-001,-8.233705163002014E-001,-5.013068318367004E-001,
2.915533333333334E+009,-8.856441080570221E-002,2.279429435729981E-001,-8.271218538284302E-001,-4.889903664588928E-001,-8.856441080570221E-002,2.279429435729981E-001,-8.271218538284302E-001,-4.889903664588928E-001,
2.923900000000000E+009,-4.736234247684479E-002,2.206859886646271E-001,-8.395201563835144E-001,-4.740673005580902E-001,-4.736234247684479E-002,2.206859886646271E-001,-8.395201563835144E-001,-4.740673005580902E-001,
2.932266666666667E+009,-1.344392821192741E-002,1.964037716388702E-001,-8.592494726181030E-001,-4.601339101791382E-001,-1.344392821192741E-002,1.964037716388702E-001,-8.592494726181030E-001,-4.601339101791382E-001,
2.940633333333334E+009,1.005942584015429E-003,1.613607853651047E-001,-8.752757310867310E-001,-4.406756758689880E-001,1.005942584015429E-003,1.613607853651047E-001,-8.752757310867310E-001,-4.406756758689880E-001,
2.949000000000000E+009,-7.088863290846348E-003,1.304991990327835E-001,-8.905054330825806E-001,-4.178993999958038E-001,-7.088863290846348E-003,1.304991990327835E-001,-8.905054330825806E-001,-4.178993999958038E-001,
2.957366666666667E+009,-3.288208320736885E-002,1.104814112186432E-001,-9.040622115135193E-001,-3.858179450035095E-001,-3.288208320736885E-002,1.104814112186432E-001,-9.040622115135193E-001,-3.858179450035095E-001,
2.965733333333334E+009,-6.761540472507477E-002,1.124645322561264E-001,-9.171312451362610E-001,-3.533563911914825E-001,-6.761540472507477E-002,1.124645322561264E-001,-9.171312451362610E-001,-3.533563911914825E-001,
2.974100000000000E+009,-9.578262269496918E-002,1.339443475008011E-001,-9.193623661994934E-001,-3.236654400825501E-001,-9.578262269496918E-002,1.339443475008011E-001,-9.193623661994934E-001,-3.236654400825501E-001,
2.982466666666667E+009,-1.116509884595871E-001,1.712813079357147E-001,-9.235849380493164E-001,-3.015157878398895E-001,-1.116509884595871E-001,1.712813079357147E-001,-9.235849380493164E-001,-3.015157878398895E-001,
2.990833333333334E+009,-1.033489927649498E-001,2.096900790929794E-001,-9.229785799980164E-001,-2.769833505153656E-001,-1.033489927649498E-001,2.096900790929794E-001,-9.229785799980164E-001,-2.769833505153656E-001,
2.999200000000000E+009,-7.725071907043457E-002,2.390244454145432E-001,-9.245390295982361E-001,-2.512382268905640E-001,-7.725071907043457E-002,2.390244454145432E-001,-9.245390295982361E-001,-2.512382268905640E-001,
3.007566666666667E+009,-3.606779500842094E-002,2.506339848041534E-001,-9.298554658889771E-001,-2.392354309558868E-001,-3.606779500842094E-002,2.506339848041534E-001,-9.298554658889771E-001,-2.392354309558868E-001,
3.015933333333334E+009,6.645868066698313E-003,2.400693297386169E-001,-9.344068765640259E-001,-2.241559922695160E-001,6.645868066698313E-003,2.400693297386169E-001,-9.344068765640259E-001,-2.241559922695160E-001,
3.024300000000000E+009,4.178715124726296E-002,2.113050073385239E-001,-9.473965167999268E-001,-2.007328420877457E-001,4.178715124726296E-002,2.113050073385239E-001,-9.473965167999268E-001,-2.007328420877457E-001,
3.032666666666667E+009,5.635112524032593E-002,1.710740029811859E-001,-9.576648473739624E-001,-1.800067871809006E-001,5.635112524032593E-002,1.710740029811859E-001,-9.576648473739624E-001,-1.800067871809006E-001,
3.041033333333334E+009,4.697516933083534E-002,1.321401447057724E-001,-9.703165888786316E-001,-1.541669666767120E-001,4.697516933083534E-002,1.321401447057724E-001,-9.703165888786316E-001,-1.541669666767120E-001,
3.049400000000000E+009,1.861996203660965E-002,1.078387573361397E-001,-9.790721535682678E-001,-1.202763840556145E-001,1.861996203660965E-002,1.078387573361397E-001,-9.790721535682678E-001,-1.202763840556145E-001,
3.057766666666667E+009,-1.855636760592461E-002,1.096737682819367E-001,-9.782653450965881E-001,-9.010678529739380E-002,-1.855636760592461E-002,1.096737682819367E-001,-9.782653450965881E-001,-9.010678529739380E-002,
3.066133333333334E+009,-5.196709185838699E-002,1.343208849430084E-001,-9.807179570198059E-001,-5.418450385332108E-002,-5.196709185838699E-002,1.343208849430084E-001,-9.807179570198059E-001,-5.418450385332108E-002,
3.074500000000000E+009,-6.641515344381332E-002,1.754429191350937E-001,-9.726867675781250E-001,-2.738340571522713E-002,-6.641515344381332E-002,1.754429191350937E-001,-9.726867675781250E-001,-2.738340571522713E-002,
3.082866666666667E+009,-5.501022934913635E-002,2.207353860139847E-001,-9.656970500946045E-001,-1.120367902331054E-003,-5.501022934913635E-002,2.207353860139847E-001,-9.656970500946045E-001,-1.120367902331054E-003,
3.091233333333334E+009,-2.364190667867661E-002,2.543141841888428E-001,-9.569648504257202E-001,8.166965097188950E-003,-2.364190667867661E-002,2.543141841888428E-001,-9.569648504257202E-001,8.166965097188950E-003,
3.099600000000000E+009,2.414477616548538E-002,2.662425935268402E-001,-9.519669413566589E-001,3.411515429615974E-002,2.414477616548538E-002,2.662425935268402E-001,-9.519669413566589E-001,3.411515429615974E-002,
3.107966666666667E+009,7.187742739915848E-002,2.508668601512909E-001,-9.543974995613098E-001,4.864339902997017E-002,7.187742739915848E-002,2.508668601512909E-001,-9.543974995613098E-001,4.864339902997017E-002,
3.116333333333334E+009,1.092834770679474E-001,2.147783488035202E-001,-9.580433964729309E-001,6.062166765332222E-002,1.092834770679474E-001,2.147783488035202E-001,-9.580433964729309E-001,6.062166765332222E-002,
3.124700000000000E+009,1.254534423351288E-001,1.648437678813934E-001,-9.617193937301636E-001,7.963079214096069E-002,1.254534423351288E-001,1.648437678813934E-001,-9.617193937301636E-001,7.963079214096069E-002,
3.133066666666667E+009,1.138729602098465E-001,1.156095862388611E-001,-9.699424505233765E-001,1.079131141304970E-001,1.138729602098465E-001,1.156095862388611E-001,-9.699424505233765E-001,1.079131141304970E-001,
3.141433333333334E+009,7.929307222366333E-002,8.148611336946487E-002,-9.748871326446533E-001,1.445528417825699E-001,7.929307222366333E-002,8.148611336946487E-002,-9.748871326446533E-001,1.445528417825699E-001,
3.149800000000000E+009,3.412132337689400E-002,7.777465134859085E-002,-9.756575822830200E-001,1.760513335466385E-001,3.412132337689400E-002,7.777465134859085E-002,-9.756575822830200E-001,1.760513335466385E-001,
3.158166666666667E+009,-7.096831686794758E-003,1.002905145287514E-001,-9.644250273704529E-001,2.128818333148956E-001,-7.096831686794758E-003,1.002905145287514E-001,-9.644250273704529E-001,2.128818333148956E-001,
3.166533333333334E+009,-2.916723489761353E-002,1.458754092454910E-001,-9.441682100296021E-001,2.441722452640533E-001,-2.916723489761353E-002,1.458754092454910E-001,-9.441682100296021E-001,2.441722452640533E-001,
3.174900000000000E+009,-2.029519528150559E-002,1.957884877920151E-001,-9.359280467033386E-001,2.678976058959961E-001,-2.029519528150559E-002,1.957884877920151E-001,-9.359280467033386E-001,2.678976058959961E-001,
3.183266666666667E+009,1.310594007372856E-002,2.362028807401657E-001,-9.163387417793274E-001,2.868030667304993E-001,1.310594007372856E-002,2.362028807401657E-001,-9.163387417793274E-001,2.868030667304993E-001,
3.191633333333334E+009,6.092979758977890E-002,2.514780163764954E-001,-9.070423245429993E-001,2.987554669380188E-001,6.092979758977890E-002,2.514780163764954E-001,-9.070423245429993E-001,2.987554669380188E-001,
3.200000000000000E+009,1.117562130093575E-001,2.381496280431747E-001,-8.972944021224976E-001,3.070281147956848E-001,1.117562130093575E-001,2.381496280431747E-001,-8.972944021224976E-001,3.070281147956848E-001,
