% Version 1.00
%
%freq[Hz],re:Trc1_S11,im:Trc1_S11,re:Trc2_S21,im:Trc2_S21,re:Trc3_S11,im:Trc3_S11,re:Trc4_S21,im:Trc4_S21,
6.900000000000000E+008,-8.265924453735352E-002,4.447323735803366E-003,-4.611327350139618E-001,-8.605071902275085E-001,-8.265924453735352E-002,4.447323735803366E-003,-4.611327350139618E-001,-8.605071902275085E-001,
6.983666666666666E+008,-7.579445093870163E-002,6.895825266838074E-003,-4.883936941623688E-001,-8.526089191436768E-001,-7.579445093870163E-002,6.895825266838074E-003,-4.883936941623688E-001,-8.526089191436768E-001,
7.067333333333334E+008,-6.978328526020050E-002,3.349889535456896E-003,-5.110289454460144E-001,-8.272004127502441E-001,-6.978328526020050E-002,3.349889535456896E-003,-5.110289454460144E-001,-8.272004127502441E-001,
7.151000000000000E+008,-6.911411136388779E-002,-2.507862867787480E-003,-5.479151606559753E-001,-8.249934911727905E-001,-6.911411136388779E-002,-2.507862867787480E-003,-5.479151606559753E-001,-8.249934911727905E-001,
7.234666666666666E+008,-7.087378948926926E-002,-7.566177751868963E-003,-5.627264380455017E-001,-8.091261386871338E-001,-7.087378948926926E-002,-7.566177751868963E-003,-5.627264380455017E-001,-8.091261386871338E-001,
7.318333333333334E+008,-7.771810144186020E-002,-9.469206444919109E-003,-5.813703536987305E-001,-7.957484126091003E-001,-7.771810144186020E-002,-9.469206444919109E-003,-5.813703536987305E-001,-7.957484126091003E-001,
7.402000000000000E+008,-8.413309603929520E-002,-6.804587785154581E-003,-5.918588042259216E-001,-7.697169780731201E-001,-8.413309603929520E-002,-6.804587785154581E-003,-5.918588042259216E-001,-7.697169780731201E-001,
7.485666666666666E+008,-8.971522003412247E-002,3.198857302777469E-004,-6.220579147338867E-001,-7.568863630294800E-001,-8.971522003412247E-002,3.198857302777469E-004,-6.220579147338867E-001,-7.568863630294800E-001,
7.569333333333334E+008,-9.410859644412994E-002,1.029650308191776E-002,-6.397326588630676E-001,-7.458893656730652E-001,-9.410859644412994E-002,1.029650308191776E-002,-6.397326588630676E-001,-7.458893656730652E-001,
7.653000000000000E+008,-8.912991732358933E-002,2.038116939365864E-002,-6.480625867843628E-001,-7.265877723693848E-001,-8.912991732358933E-002,2.038116939365864E-002,-6.480625867843628E-001,-7.265877723693848E-001,
7.736666666666666E+008,-8.324186503887177E-002,2.839418873190880E-002,-6.627690196037293E-001,-7.230190038681030E-001,-8.324186503887177E-002,2.839418873190880E-002,-6.627690196037293E-001,-7.230190038681030E-001,
7.820333333333334E+008,-7.508198916912079E-002,3.377810493111610E-002,-6.983402967453003E-001,-6.970061659812927E-001,-7.508198916912079E-002,3.377810493111610E-002,-6.983402967453003E-001,-6.970061659812927E-001,
7.904000000000000E+008,-6.512602418661118E-002,3.416541591286659E-002,-7.060523629188538E-001,-6.801372170448303E-001,-6.512602418661118E-002,3.416541591286659E-002,-7.060523629188538E-001,-6.801372170448303E-001,
7.987666666666666E+008,-6.076955050230026E-002,3.092482313513756E-002,-7.144086360931397E-001,-6.635353565216065E-001,-6.076955050230026E-002,3.092482313513756E-002,-7.144086360931397E-001,-6.635353565216065E-001,
8.071333333333334E+008,-5.841478332877159E-002,2.503879554569721E-002,-7.430793642997742E-001,-6.311575770378113E-001,-5.841478332877159E-002,2.503879554569721E-002,-7.430793642997742E-001,-6.311575770378113E-001,
8.155000000000000E+008,-6.045008823275566E-002,1.935057714581490E-002,-7.704603075981140E-001,-6.218981146812439E-001,-6.045008823275566E-002,1.935057714581490E-002,-7.704603075981140E-001,-6.218981146812439E-001,
8.238666666666666E+008,-6.716387718915939E-002,1.762537285685539E-002,-7.762241959571838E-001,-5.986385941505432E-001,-6.716387718915939E-002,1.762537285685539E-002,-7.762241959571838E-001,-5.986385941505432E-001,
8.322333333333334E+008,-7.234914600849152E-002,1.959284208714962E-002,-7.891510128974915E-001,-5.819232463836670E-001,-7.234914600849152E-002,1.959284208714962E-002,-7.891510128974915E-001,-5.819232463836670E-001,
8.406000000000000E+008,-7.674389332532883E-002,2.293555065989494E-002,-8.000118732452393E-001,-5.580944418907166E-001,-7.674389332532883E-002,2.293555065989494E-002,-8.000118732452393E-001,-5.580944418907166E-001,
8.489666666666668E+008,-7.899998128414154E-002,3.465992212295532E-002,-8.131480216979981E-001,-5.309165716171265E-001,-7.899998128414154E-002,3.465992212295532E-002,-8.131480216979981E-001,-5.309165716171265E-001,
8.573333333333334E+008,-7.699932903051376E-002,4.336385056376457E-002,-8.157698512077332E-001,-4.997703731060028E-001,-7.699932903051376E-002,4.336385056376457E-002,-8.157698512077332E-001,-4.997703731060028E-001,
8.657000000000000E+008,-7.180269062519074E-002,5.188106000423431E-002,-8.454324007034302E-001,-5.040411353111267E-001,-7.180269062519074E-002,5.188106000423431E-002,-8.454324007034302E-001,-5.040411353111267E-001,
8.740666666666668E+008,-6.293832510709763E-002,5.825930088758469E-002,-8.514580726623535E-001,-4.805507659912109E-001,-6.293832510709763E-002,5.825930088758469E-002,-8.514580726623535E-001,-4.805507659912109E-001,
8.824333333333334E+008,-5.466677621006966E-002,6.097423657774925E-002,-8.699803352355957E-001,-4.566507041454315E-001,-5.466677621006966E-002,6.097423657774925E-002,-8.699803352355957E-001,-4.566507041454315E-001,
8.908000000000000E+008,-4.592101275920868E-002,5.867899581789970E-002,-8.842204809188843E-001,-4.373190402984619E-001,-4.592101275920868E-002,5.867899581789970E-002,-8.842204809188843E-001,-4.373190402984619E-001,
8.991666666666668E+008,-4.001126810908318E-002,5.422735214233398E-002,-8.862328529357910E-001,-4.121663272380829E-001,-4.001126810908318E-002,5.422735214233398E-002,-8.862328529357910E-001,-4.121663272380829E-001,
9.075333333333334E+008,-3.918638452887535E-002,4.787795245647430E-002,-9.022904634475708E-001,-3.866687417030335E-001,-3.918638452887535E-002,4.787795245647430E-002,-9.022904634475708E-001,-3.866687417030335E-001,
9.159000000000000E+008,-4.140284657478333E-002,4.185997694730759E-002,-9.246428608894348E-001,-3.624165654182434E-001,-4.140284657478333E-002,4.185997694730759E-002,-9.246428608894348E-001,-3.624165654182434E-001,
9.242666666666668E+008,-4.763140901923180E-002,4.257254302501679E-002,-9.148153662681580E-001,-3.387694656848908E-001,-4.763140901923180E-002,4.257254302501679E-002,-9.148153662681580E-001,-3.387694656848908E-001,
9.326333333333334E+008,-5.247773602604866E-002,4.487041383981705E-002,-9.332579374313355E-001,-3.258334994316101E-001,-5.247773602604866E-002,4.487041383981705E-002,-9.332579374313355E-001,-3.258334994316101E-001,
9.410000000000000E+008,-5.640178546309471E-002,4.944613575935364E-002,-9.432333707809448E-001,-2.898277342319489E-001,-5.640178546309471E-002,4.944613575935364E-002,-9.432333707809448E-001,-2.898277342319489E-001,
9.493666666666668E+008,-5.790072679519653E-002,5.915784463286400E-002,-9.485700130462647E-001,-2.605808973312378E-001,-5.790072679519653E-002,5.915784463286400E-002,-9.485700130462647E-001,-2.605808973312378E-001,
9.577333333333334E+008,-5.476111918687820E-002,6.973008811473846E-002,-9.554456472396851E-001,-2.453777194023132E-001,-5.476111918687820E-002,6.973008811473846E-002,-9.554456472396851E-001,-2.453777194023132E-001,
9.661000000000000E+008,-4.618594422936440E-002,7.703387737274170E-002,-9.573176503181458E-001,-2.025068253278732E-001,-4.618594422936440E-002,7.703387737274170E-002,-9.573176503181458E-001,-2.025068253278732E-001,
9.744666666666668E+008,-3.440144285559654E-002,7.854684442281723E-002,-9.558003544807434E-001,-1.954755038022995E-001,-3.440144285559654E-002,7.854684442281723E-002,-9.558003544807434E-001,-1.954755038022995E-001,
9.828333333333334E+008,-2.498001419007778E-002,8.052473515272141E-002,-9.729689359664917E-001,-1.742105633020401E-001,-2.498001419007778E-002,8.052473515272141E-002,-9.729689359664917E-001,-1.742105633020401E-001,
9.912000000000000E+008,-1.393801160156727E-002,7.503563910722733E-002,-9.716832041740418E-001,-1.526315212249756E-001,-1.393801160156727E-002,7.503563910722733E-002,-9.716832041740418E-001,-1.526315212249756E-001,
9.995666666666668E+008,-9.391664527356625E-003,6.834898144006729E-002,-9.850554466247559E-001,-1.170919686555862E-001,-9.391664527356625E-003,6.834898144006729E-002,-9.850554466247559E-001,-1.170919686555862E-001,
1.007933333333333E+009,-5.044281948357821E-003,5.987587571144104E-002,-1.001915574073792E+000,-9.969103336334229E-002,-5.044281948357821E-003,5.987587571144104E-002,-1.001915574073792E+000,-9.969103336334229E-002,
1.016300000000000E+009,-1.030749175697565E-002,5.429898574948311E-002,-9.899498224258423E-001,-7.161923497915268E-002,-1.030749175697565E-002,5.429898574948311E-002,-9.899498224258423E-001,-7.161923497915268E-002,
1.024666666666667E+009,-1.794880442321301E-002,5.023159086704254E-002,-9.858942031860352E-001,-4.423128440976143E-002,-1.794880442321301E-002,5.023159086704254E-002,-9.858942031860352E-001,-4.423128440976143E-002,
1.033033333333333E+009,-2.269182913005352E-002,5.493221431970596E-002,-9.932516217231751E-001,-1.847190223634243E-002,-2.269182913005352E-002,5.493221431970596E-002,-9.932516217231751E-001,-1.847190223634243E-002,
1.041400000000000E+009,-2.916868776082993E-002,5.977309122681618E-002,-9.934108853340149E-001,3.341772593557835E-003,-2.916868776082993E-002,5.977309122681618E-002,-9.934108853340149E-001,3.341772593557835E-003,
1.049766666666667E+009,-2.555320411920548E-002,6.999423354864121E-002,-9.806013107299805E-001,3.941604495048523E-002,-2.555320411920548E-002,6.999423354864121E-002,-9.806013107299805E-001,3.941604495048523E-002,
1.058133333333333E+009,-2.121535316109657E-002,7.936286926269531E-002,-9.819074869155884E-001,6.072859093546867E-002,-2.121535316109657E-002,7.936286926269531E-002,-9.819074869155884E-001,6.072859093546867E-002,
1.066500000000000E+009,-9.481041692197323E-003,8.433086425065994E-002,-9.987961053848267E-001,9.491365402936935E-002,-9.481041692197323E-003,8.433086425065994E-002,-9.987961053848267E-001,9.491365402936935E-002,
1.074866666666667E+009,4.760554991662502E-003,8.420206606388092E-002,-9.920389652252197E-001,1.149128824472427E-001,4.760554991662502E-003,8.420206606388092E-002,-9.920389652252197E-001,1.149128824472427E-001,
1.083233333333334E+009,1.442049909383059E-002,7.687243819236755E-002,-9.783707261085510E-001,1.376415491104126E-001,1.442049909383059E-002,7.687243819236755E-002,-9.783707261085510E-001,1.376415491104126E-001,
1.091600000000000E+009,2.204059064388275E-002,6.709734350442886E-002,-9.599238038063049E-001,1.577242314815521E-001,2.204059064388275E-002,6.709734350442886E-002,-9.599238038063049E-001,1.577242314815521E-001,
1.099966666666667E+009,2.212754078209400E-002,5.364347621798515E-002,-9.575085639953613E-001,1.964369267225266E-001,2.212754078209400E-002,5.364347621798515E-002,-9.575085639953613E-001,1.964369267225266E-001,
1.108333333333334E+009,1.483859587460756E-002,4.558734595775604E-002,-9.559011459350586E-001,2.046215832233429E-001,1.483859587460756E-002,4.558734595775604E-002,-9.559011459350586E-001,2.046215832233429E-001,
1.116700000000000E+009,4.613948520272970E-003,4.234012588858604E-002,-9.508947134017944E-001,2.395141571760178E-001,4.613948520272970E-003,4.234012588858604E-002,-9.508947134017944E-001,2.395141571760178E-001,
1.125066666666667E+009,-6.233965978026390E-003,4.681857302784920E-002,-9.504992961883545E-001,2.577300667762756E-001,-6.233965978026390E-003,4.681857302784920E-002,-9.504992961883545E-001,2.577300667762756E-001,
1.133433333333334E+009,-1.405972149223089E-002,5.651403963565826E-002,-9.486103057861328E-001,3.021968305110931E-001,-1.405972149223089E-002,5.651403963565826E-002,-9.486103057861328E-001,3.021968305110931E-001,
1.141800000000000E+009,-1.524127274751663E-002,7.014939934015274E-002,-9.249382019042969E-001,3.162311315536499E-001,-1.524127274751663E-002,7.014939934015274E-002,-9.249382019042969E-001,3.162311315536499E-001,
1.150166666666667E+009,-6.019178777933121E-003,8.477699756622315E-002,-9.147093892097473E-001,3.181895613670349E-001,-6.019178777933121E-003,8.477699756622315E-002,-9.147093892097473E-001,3.181895613670349E-001,
1.158533333333334E+009,9.730899706482887E-003,9.246810525655747E-002,-9.104865789413452E-001,3.579009473323822E-001,9.730899706482887E-003,9.246810525655747E-002,-9.104865789413452E-001,3.579009473323822E-001,
1.166900000000000E+009,2.979006059467793E-002,9.332171827554703E-002,-8.942019939422607E-001,3.800758123397827E-001,2.979006059467793E-002,9.332171827554703E-002,-8.942019939422607E-001,3.800758123397827E-001,
1.175266666666667E+009,4.657177254557610E-002,8.311326056718826E-002,-8.906416296958923E-001,4.080919921398163E-001,4.657177254557610E-002,8.311326056718826E-002,-8.906416296958923E-001,4.080919921398163E-001,
1.183633333333334E+009,5.960971489548683E-002,6.872600317001343E-002,-8.866203427314758E-001,4.206911921501160E-001,5.960971489548683E-002,6.872600317001343E-002,-8.866203427314758E-001,4.206911921501160E-001,
1.192000000000000E+009,6.127668544650078E-002,5.022533982992172E-002,-8.763734698295593E-001,4.447817802429199E-001,6.127668544650078E-002,5.022533982992172E-002,-8.763734698295593E-001,4.447817802429199E-001,
1.200366666666667E+009,5.300458520650864E-002,3.364033997058868E-002,-8.641441464424133E-001,4.678162336349487E-001,5.300458520650864E-002,3.364033997058868E-002,-8.641441464424133E-001,4.678162336349487E-001,
1.208733333333334E+009,3.844568878412247E-002,2.479995787143707E-002,-8.576642870903015E-001,5.119609832763672E-001,3.844568878412247E-002,2.479995787143707E-002,-8.576642870903015E-001,5.119609832763672E-001,
1.217100000000000E+009,2.311011403799057E-002,2.576781436800957E-002,-8.530889749526978E-001,5.190908312797546E-001,2.311011403799057E-002,2.576781436800957E-002,-8.530889749526978E-001,5.190908312797546E-001,
1.225466666666667E+009,1.054459623992443E-002,3.643074631690979E-002,-8.189965486526489E-001,5.465179681777954E-001,1.054459623992443E-002,3.643074631690979E-002,-8.189965486526489E-001,5.465179681777954E-001,
1.233833333333334E+009,6.405887659639120E-003,5.329664424061775E-002,-8.145521879196167E-001,5.571305751800537E-001,6.405887659639120E-003,5.329664424061775E-002,-8.145521879196167E-001,5.571305751800537E-001,
1.242200000000000E+009,1.455283071845770E-002,6.785726547241211E-002,-7.898603677749634E-001,5.923032164573669E-001,1.455283071845770E-002,6.785726547241211E-002,-7.898603677749634E-001,5.923032164573669E-001,
1.250566666666667E+009,2.803797647356987E-002,7.802315801382065E-002,-7.687402963638306E-001,5.971080064773560E-001,2.803797647356987E-002,7.802315801382065E-002,-7.687402963638306E-001,5.971080064773560E-001,
1.258933333333334E+009,4.913765192031860E-002,7.813791185617447E-002,-7.637248635292053E-001,6.193578243255615E-001,4.913765192031860E-002,7.813791185617447E-002,-7.637248635292053E-001,6.193578243255615E-001,
1.267300000000000E+009,6.961745768785477E-002,6.787359714508057E-002,-7.448305487632752E-001,6.335890889167786E-001,6.961745768785477E-002,6.787359714508057E-002,-7.448305487632752E-001,6.335890889167786E-001,
1.275666666666667E+009,7.934539765119553E-002,4.955644905567169E-002,-7.332351207733154E-001,6.427167654037476E-001,7.934539765119553E-002,4.955644905567169E-002,-7.332351207733154E-001,6.427167654037476E-001,
1.284033333333334E+009,8.283117413520813E-002,2.843872644007206E-002,-7.176169753074646E-001,6.847978830337524E-001,8.283117413520813E-002,2.843872644007206E-002,-7.176169753074646E-001,6.847978830337524E-001,
1.292400000000000E+009,7.337355613708496E-002,9.505703113973141E-003,-7.047071456909180E-001,6.882839202880859E-001,7.337355613708496E-002,9.505703113973141E-003,-7.047071456909180E-001,6.882839202880859E-001,
1.300766666666667E+009,5.451167374849320E-002,4.987624706700444E-004,-6.831490397453308E-001,7.145702242851257E-001,5.451167374849320E-002,4.987624706700444E-004,-6.831490397453308E-001,7.145702242851257E-001,
1.309133333333334E+009,3.471489623188973E-002,1.805701060220599E-003,-6.581113934516907E-001,7.284469604492188E-001,3.471489623188973E-002,1.805701060220599E-003,-6.581113934516907E-001,7.284469604492188E-001,
1.317500000000000E+009,2.014601044356823E-002,1.350998412817717E-002,-6.458574533462524E-001,7.597072720527649E-001,2.014601044356823E-002,1.350998412817717E-002,-6.458574533462524E-001,7.597072720527649E-001,
1.325866666666667E+009,1.529572065919638E-002,3.051512129604816E-002,-6.247595548629761E-001,7.741211056709290E-001,1.529572065919638E-002,3.051512129604816E-002,-6.247595548629761E-001,7.741211056709290E-001,
1.334233333333334E+009,2.380437403917313E-002,4.854524135589600E-002,-6.060977578163147E-001,7.814072966575623E-001,2.380437403917313E-002,4.854524135589600E-002,-6.060977578163147E-001,7.814072966575623E-001,
1.342600000000000E+009,3.941001743078232E-002,5.755743384361267E-002,-5.889796018600464E-001,7.982992529869080E-001,3.941001743078232E-002,5.755743384361267E-002,-5.889796018600464E-001,7.982992529869080E-001,
1.350966666666667E+009,6.016772985458374E-002,5.472407490015030E-002,-5.633531212806702E-001,8.113997578620911E-001,6.016772985458374E-002,5.472407490015030E-002,-5.633531212806702E-001,8.113997578620911E-001,
1.359333333333334E+009,7.570650428533554E-002,4.107304289937019E-002,-5.502408742904663E-001,8.119561672210693E-001,7.570650428533554E-002,4.107304289937019E-002,-5.502408742904663E-001,8.119561672210693E-001,
1.367700000000000E+009,8.232256770133972E-002,2.061792835593224E-002,-5.169671177864075E-001,8.316287994384766E-001,8.232256770133972E-002,2.061792835593224E-002,-5.169671177864075E-001,8.316287994384766E-001,
1.376066666666667E+009,7.973205298185349E-002,-1.866494538262487E-003,-5.010229349136353E-001,8.410162329673767E-001,7.973205298185349E-002,-1.866494538262487E-003,-5.010229349136353E-001,8.410162329673767E-001,
1.384433333333334E+009,6.348634511232376E-002,-1.776335574686527E-002,-4.863457381725311E-001,8.731447458267212E-001,6.348634511232376E-002,-1.776335574686527E-002,-4.863457381725311E-001,8.731447458267212E-001,
1.392800000000000E+009,4.340583831071854E-002,-2.056273445487022E-002,-4.631455540657044E-001,8.818050026893616E-001,4.340583831071854E-002,-2.056273445487022E-002,-4.631455540657044E-001,8.818050026893616E-001,
1.401166666666667E+009,2.336300536990166E-002,-1.326007954776287E-002,-4.376292526721954E-001,8.886695504188538E-001,2.336300536990166E-002,-1.326007954776287E-002,-4.376292526721954E-001,8.886695504188538E-001,
1.409533333333334E+009,1.026817969977856E-002,4.027158487588167E-003,-4.070568680763245E-001,9.027085304260254E-001,1.026817969977856E-002,4.027158487588167E-003,-4.070568680763245E-001,9.027085304260254E-001,
1.417900000000000E+009,1.108244806528091E-002,2.759304083883762E-002,-3.879216313362122E-001,9.011718034744263E-001,1.108244806528091E-002,2.759304083883762E-002,-3.879216313362122E-001,9.011718034744263E-001,
1.426266666666667E+009,2.176223881542683E-002,4.481481388211250E-002,-3.507984578609467E-001,9.257460832595825E-001,2.176223881542683E-002,4.481481388211250E-002,-3.507984578609467E-001,9.257460832595825E-001,
1.434633333333334E+009,4.246663674712181E-002,5.311342328786850E-002,-3.418495059013367E-001,9.204826951026917E-001,4.246663674712181E-002,5.311342328786850E-002,-3.418495059013367E-001,9.204826951026917E-001,
1.443000000000000E+009,6.348646432161331E-002,4.996299743652344E-002,-3.173201680183411E-001,9.290655255317688E-001,6.348646432161331E-002,4.996299743652344E-002,-3.173201680183411E-001,9.290655255317688E-001,
1.451366666666667E+009,7.971704006195068E-002,3.391350805759430E-002,-2.904911637306213E-001,9.308063983917236E-001,7.971704006195068E-002,3.391350805759430E-002,-2.904911637306213E-001,9.308063983917236E-001,
1.459733333333334E+009,8.695122599601746E-002,1.294621732085943E-002,-2.651360034942627E-001,9.583909511566162E-001,8.695122599601746E-002,1.294621732085943E-002,-2.651360034942627E-001,9.583909511566162E-001,
1.468100000000000E+009,8.457072824239731E-002,-9.974486194550991E-003,-2.499836981296539E-001,9.579789042472839E-001,8.457072824239731E-002,-9.974486194550991E-003,-2.499836981296539E-001,9.579789042472839E-001,
1.476466666666667E+009,6.577984988689423E-002,-2.564303204417229E-002,-2.190812826156616E-001,9.630354046821594E-001,6.577984988689423E-002,-2.564303204417229E-002,-2.190812826156616E-001,9.630354046821594E-001,
1.484833333333334E+009,4.482873156666756E-002,-2.761307172477245E-002,-1.926222890615463E-001,9.719126820564270E-001,4.482873156666756E-002,-2.761307172477245E-002,-1.926222890615463E-001,9.719126820564270E-001,
1.493200000000000E+009,2.574920840561390E-002,-2.004617080092430E-002,-1.756934374570847E-001,9.735929369926453E-001,2.574920840561390E-002,-2.004617080092430E-002,-1.756934374570847E-001,9.735929369926453E-001,
1.501566666666667E+009,1.777844130992889E-002,-9.408759069629014E-004,-1.463526189327240E-001,9.831859469413757E-001,1.777844130992889E-002,-9.408759069629014E-004,-1.463526189327240E-001,9.831859469413757E-001,
1.509933333333334E+009,1.862271130084992E-002,2.010113373398781E-002,-1.148891597986221E-001,9.877012968063355E-001,1.862271130084992E-002,2.010113373398781E-002,-1.148891597986221E-001,9.877012968063355E-001,
1.518300000000000E+009,3.200004994869232E-002,3.748630359768868E-002,-9.765949845314026E-002,9.811516404151917E-001,3.200004994869232E-002,3.748630359768868E-002,-9.765949845314026E-002,9.811516404151917E-001,
1.526666666666667E+009,5.144412070512772E-002,4.395114257931709E-002,-7.975611835718155E-002,9.658201932907105E-001,5.144412070512772E-002,4.395114257931709E-002,-7.975611835718155E-002,9.658201932907105E-001,
1.535033333333334E+009,7.234270125627518E-002,3.800497576594353E-002,-4.301213100552559E-002,9.808806777000427E-001,7.234270125627518E-002,3.800497576594353E-002,-4.301213100552559E-002,9.808806777000427E-001,
1.543400000000000E+009,8.766180276870728E-002,2.230885624885559E-002,-1.761504635214806E-002,9.836510419845581E-001,8.766180276870728E-002,2.230885624885559E-002,-1.761504635214806E-002,9.836510419845581E-001,
1.551766666666667E+009,9.272664785385132E-002,1.420639455318451E-003,7.198209408670664E-003,9.825477600097656E-001,9.272664785385132E-002,1.420639455318451E-003,7.198209408670664E-003,9.825477600097656E-001,
1.560133333333334E+009,8.406805992126465E-002,-2.066983282566071E-002,3.042360022664070E-002,9.870423078536987E-001,8.406805992126465E-002,-2.066983282566071E-002,3.042360022664070E-002,9.870423078536987E-001,
1.568500000000000E+009,6.938827782869339E-002,-3.358283638954163E-002,5.753567814826965E-002,9.799572825431824E-001,6.938827782869339E-002,-3.358283638954163E-002,5.753567814826965E-002,9.799572825431824E-001,
1.576866666666667E+009,5.064737424254417E-002,-3.880268335342407E-002,7.183323800563812E-002,9.843779802322388E-001,5.064737424254417E-002,-3.880268335342407E-002,7.183323800563812E-002,9.843779802322388E-001,
1.585233333333334E+009,3.586234524846077E-002,-3.131844103336334E-002,1.034518554806709E-001,9.792100787162781E-001,3.586234524846077E-002,-3.131844103336334E-002,1.034518554806709E-001,9.792100787162781E-001,
1.593600000000000E+009,2.841340564191341E-002,-1.516683399677277E-002,1.262664049863815E-001,9.824702143669128E-001,2.841340564191341E-002,-1.516683399677277E-002,1.262664049863815E-001,9.824702143669128E-001,
1.601966666666667E+009,3.178554028272629E-002,3.460617968812585E-003,1.576189249753952E-001,9.839411973953247E-001,3.178554028272629E-002,3.460617968812585E-003,1.576189249753952E-001,9.839411973953247E-001,
1.610333333333334E+009,4.408562928438187E-002,1.722163707017899E-002,1.859508156776428E-001,9.722064137458801E-001,4.408562928438187E-002,1.722163707017899E-002,1.859508156776428E-001,9.722064137458801E-001,
1.618700000000000E+009,6.117914244532585E-002,1.919932104647160E-002,2.089181691408157E-001,9.628791809082031E-001,6.117914244532585E-002,1.919932104647160E-002,2.089181691408157E-001,9.628791809082031E-001,
1.627066666666667E+009,7.632475346326828E-002,1.208055578172207E-002,2.250500619411469E-001,9.599664807319641E-001,7.632475346326828E-002,1.208055578172207E-002,2.250500619411469E-001,9.599664807319641E-001,
1.635433333333334E+009,8.573674410581589E-002,-1.539695775136352E-003,2.634176611900330E-001,9.427594542503357E-001,8.573674410581589E-002,-1.539695775136352E-003,2.634176611900330E-001,9.427594542503357E-001,
1.643800000000000E+009,8.555874228477478E-002,-2.059409953653812E-002,2.750716805458069E-001,9.452592134475708E-001,8.555874228477478E-002,-2.059409953653812E-002,2.750716805458069E-001,9.452592134475708E-001,
1.652166666666667E+009,7.805425673723221E-002,-3.761775046586990E-002,3.003058433532715E-001,9.368523359298706E-001,7.805425673723221E-002,-3.761775046586990E-002,3.003058433532715E-001,9.368523359298706E-001,
1.660533333333334E+009,6.422512978315353E-002,-4.615086689591408E-002,3.262794613838196E-001,9.235522150993347E-001,6.422512978315353E-002,-4.615086689591408E-002,3.262794613838196E-001,9.235522150993347E-001,
1.668900000000000E+009,4.621770977973938E-002,-4.793347418308258E-002,3.562267124652863E-001,9.350494742393494E-001,4.621770977973938E-002,-4.793347418308258E-002,3.562267124652863E-001,9.350494742393494E-001,
1.677266666666667E+009,3.433000296354294E-002,-3.840843588113785E-002,3.759798109531403E-001,9.193122982978821E-001,3.433000296354294E-002,-3.840843588113785E-002,3.759798109531403E-001,9.193122982978821E-001,
1.685633333333334E+009,3.085286170244217E-002,-2.536428347229958E-002,3.939895331859589E-001,9.044610261917114E-001,3.085286170244217E-002,-2.536428347229958E-002,3.939895331859589E-001,9.044610261917114E-001,
1.694000000000000E+009,3.437410667538643E-002,-1.085223630070686E-002,4.173745214939117E-001,8.962890505790710E-001,3.437410667538643E-002,-1.085223630070686E-002,4.173745214939117E-001,8.962890505790710E-001,
1.702366666666667E+009,4.973777011036873E-002,-1.254753442481160E-003,4.437401592731476E-001,8.816980123519898E-001,4.973777011036873E-002,-1.254753442481160E-003,4.437401592731476E-001,8.816980123519898E-001,
1.710733333333334E+009,6.544806808233261E-002,7.804390625096858E-004,4.622304737567902E-001,8.636090159416199E-001,6.544806808233261E-002,7.804390625096858E-004,4.622304737567902E-001,8.636090159416199E-001,
1.719100000000000E+009,8.146671205759049E-002,-6.332795601338148E-003,4.936217665672302E-001,8.548993468284607E-001,8.146671205759049E-002,-6.332795601338148E-003,4.936217665672302E-001,8.548993468284607E-001,
1.727466666666667E+009,8.894676715135574E-002,-2.125810459256172E-002,5.085565447807312E-001,8.386891484260559E-001,8.894676715135574E-002,-2.125810459256172E-002,5.085565447807312E-001,8.386891484260559E-001,
1.735833333333334E+009,9.074892848730087E-002,-3.863149136304855E-002,5.267437696456909E-001,8.341577649116516E-001,9.074892848730087E-002,-3.863149136304855E-002,5.267437696456909E-001,8.341577649116516E-001,
1.744200000000000E+009,8.372430503368378E-002,-5.543234571814537E-002,5.485258102416992E-001,8.300310373306274E-001,8.372430503368378E-002,-5.543234571814537E-002,5.485258102416992E-001,8.300310373306274E-001,
1.752566666666667E+009,7.097230106592178E-002,-6.735532730817795E-002,5.688067078590393E-001,7.959212660789490E-001,7.097230106592178E-002,-6.735532730817795E-002,5.688067078590393E-001,7.959212660789490E-001,
1.760933333333334E+009,5.451592057943344E-002,-7.240448892116547E-002,5.883972048759460E-001,7.841576337814331E-001,5.451592057943344E-002,-7.240448892116547E-002,5.883972048759460E-001,7.841576337814331E-001,
1.769300000000000E+009,3.973731398582459E-002,-6.992238014936447E-002,6.150000095367432E-001,7.739490270614624E-001,3.973731398582459E-002,-6.992238014936447E-002,6.150000095367432E-001,7.739490270614624E-001,
1.777666666666667E+009,2.994048036634922E-002,-6.152739375829697E-002,6.365597844123840E-001,7.522608041763306E-001,2.994048036634922E-002,-6.152739375829697E-002,6.365597844123840E-001,7.522608041763306E-001,
1.786033333333334E+009,2.611905708909035E-002,-5.016566440463066E-002,6.483383178710938E-001,7.391658425331116E-001,2.611905708909035E-002,-5.016566440463066E-002,6.483383178710938E-001,7.391658425331116E-001,
1.794400000000000E+009,3.205416724085808E-002,-3.992321342229843E-002,6.722407341003418E-001,7.237792015075684E-001,3.205416724085808E-002,-3.992321342229843E-002,6.722407341003418E-001,7.237792015075684E-001,
1.802766666666667E+009,4.106414690613747E-002,-3.430332243442535E-002,6.900748014450073E-001,7.062465548515320E-001,4.106414690613747E-002,-3.430332243442535E-002,6.900748014450073E-001,7.062465548515320E-001,
1.811133333333334E+009,5.191346257925034E-002,-3.383044525980949E-002,7.084630727767944E-001,6.859521269798279E-001,5.191346257925034E-002,-3.383044525980949E-002,7.084630727767944E-001,6.859521269798279E-001,
1.819500000000000E+009,6.034960225224495E-002,-3.870932012796402E-002,7.301524281501770E-001,6.696740984916687E-001,6.034960225224495E-002,-3.870932012796402E-002,7.301524281501770E-001,6.696740984916687E-001,
1.827866666666667E+009,6.577996909618378E-002,-4.787102341651917E-002,7.418485879898071E-001,6.469721198081970E-001,6.577996909618378E-002,-4.787102341651917E-002,7.418485879898071E-001,6.469721198081970E-001,
1.836233333333334E+009,6.430820375680924E-002,-5.718060955405235E-002,7.572911381721497E-001,6.280833482742310E-001,6.430820375680924E-002,-5.718060955405235E-002,7.572911381721497E-001,6.280833482742310E-001,
1.844600000000000E+009,5.790151655673981E-002,-6.587767601013184E-002,7.589678168296814E-001,6.140713691711426E-001,5.790151655673981E-002,-6.587767601013184E-002,7.589678168296814E-001,6.140713691711426E-001,
1.852966666666667E+009,4.896501079201698E-002,-7.318788766860962E-002,7.858474254608154E-001,5.903258919715881E-001,4.896501079201698E-002,-7.318788766860962E-002,7.858474254608154E-001,5.903258919715881E-001,
1.861333333333334E+009,3.774809837341309E-002,-7.452778518199921E-002,7.978359460830689E-001,5.672361850738525E-001,3.774809837341309E-002,-7.452778518199921E-002,7.978359460830689E-001,5.672361850738525E-001,
1.869700000000000E+009,2.970823645591736E-002,-6.968932598829269E-002,8.182264566421509E-001,5.472949743270874E-001,2.970823645591736E-002,-6.968932598829269E-002,8.182264566421509E-001,5.472949743270874E-001,
1.878066666666667E+009,2.679343521595001E-002,-6.562147289514542E-002,8.254033327102661E-001,5.284676551818848E-001,2.679343521595001E-002,-6.562147289514542E-002,8.254033327102661E-001,5.284676551818848E-001,
1.886433333333334E+009,2.714622393250465E-002,-5.836729332804680E-002,8.574493527412415E-001,4.979247152805328E-001,2.714622393250465E-002,-5.836729332804680E-002,8.574493527412415E-001,4.979247152805328E-001,
1.894800000000000E+009,3.343981876969338E-002,-5.291217565536499E-002,8.628002405166626E-001,4.856909215450287E-001,3.343981876969338E-002,-5.291217565536499E-002,8.628002405166626E-001,4.856909215450287E-001,
1.903166666666667E+009,4.230751097202301E-002,-5.148172006011009E-002,8.659109473228455E-001,4.604720473289490E-001,4.230751097202301E-002,-5.148172006011009E-002,8.659109473228455E-001,4.604720473289490E-001,
1.911533333333334E+009,5.250157788395882E-002,-5.511160567402840E-002,8.782480955123901E-001,4.386564493179321E-001,5.250157788395882E-002,-5.511160567402840E-002,8.782480955123901E-001,4.386564493179321E-001,
1.919900000000000E+009,5.785792320966721E-002,-6.382327526807785E-002,8.983321189880371E-001,4.141516983509064E-001,5.785792320966721E-002,-6.382327526807785E-002,8.983321189880371E-001,4.141516983509064E-001,
1.928266666666667E+009,6.117098033428192E-002,-7.427081465721130E-002,9.013902544975281E-001,3.897938132286072E-001,6.117098033428192E-002,-7.427081465721130E-002,9.013902544975281E-001,3.897938132286072E-001,
1.936633333333334E+009,5.496185645461083E-002,-8.696528524160385E-002,9.105549454689026E-001,3.689713478088379E-001,5.496185645461083E-002,-8.696528524160385E-002,9.105549454689026E-001,3.689713478088379E-001,
1.945000000000000E+009,4.505664482712746E-002,-9.605471044778824E-002,9.132815599441528E-001,3.478871583938599E-001,4.505664482712746E-002,-9.605471044778824E-002,9.132815599441528E-001,3.478871583938599E-001,
1.953366666666667E+009,3.217217326164246E-002,-1.012588739395142E-001,9.179773330688477E-001,3.302895426750183E-001,3.217217326164246E-002,-1.012588739395142E-001,9.179773330688477E-001,3.302895426750183E-001,
1.961733333333334E+009,1.709271781146526E-002,-9.982375800609589E-002,9.435808658599854E-001,2.995735406875610E-001,1.709271781146526E-002,-9.982375800609589E-002,9.435808658599854E-001,2.995735406875610E-001,
1.970100000000000E+009,6.571913138031960E-003,-9.208317101001740E-002,9.411063194274902E-001,2.741513848304749E-001,6.571913138031960E-003,-9.208317101001740E-002,9.411063194274902E-001,2.741513848304749E-001,
1.978466666666667E+009,1.366871292702854E-003,-8.131835609674454E-002,9.489852786064148E-001,2.576686739921570E-001,1.366871292702854E-003,-8.131835609674454E-002,9.489852786064148E-001,2.576686739921570E-001,
1.986833333333334E+009,5.118962842971087E-003,-7.166840136051178E-002,9.517287611961365E-001,2.323167771100998E-001,5.118962842971087E-003,-7.166840136051178E-002,9.517287611961365E-001,2.323167771100998E-001,
1.995200000000000E+009,1.488950010389090E-002,-6.367550045251846E-002,9.646980762481690E-001,2.016922980546951E-001,1.488950010389090E-002,-6.367550045251846E-002,9.646980762481690E-001,2.016922980546951E-001,
2.003566666666667E+009,2.779538743197918E-002,-6.332761049270630E-002,9.739517569541931E-001,1.803497523069382E-001,2.779538743197918E-002,-6.332761049270630E-002,9.739517569541931E-001,1.803497523069382E-001,
2.011933333333334E+009,4.163574427366257E-002,-7.176893949508667E-002,9.752948284149170E-001,1.493973582983017E-001,4.163574427366257E-002,-7.176893949508667E-002,9.752948284149170E-001,1.493973582983017E-001,
2.020300000000000E+009,4.811689257621765E-002,-8.436760306358337E-002,9.752988219261169E-001,1.226384937763214E-001,4.811689257621765E-002,-8.436760306358337E-002,9.752988219261169E-001,1.226384937763214E-001,
2.028666666666667E+009,4.846016690135002E-002,-1.003591120243073E-001,9.797354936599731E-001,9.823293983936310E-002,4.846016690135002E-002,-1.003591120243073E-001,9.797354936599731E-001,9.823293983936310E-002,
2.037033333333334E+009,3.731877356767654E-002,-1.148163825273514E-001,9.805800914764404E-001,6.817287206649780E-002,3.731877356767654E-002,-1.148163825273514E-001,9.805800914764404E-001,6.817287206649780E-002,
2.045400000000000E+009,2.098396979272366E-002,-1.237059682607651E-001,9.785789251327515E-001,4.242389649152756E-002,2.098396979272366E-002,-1.237059682607651E-001,9.785789251327515E-001,4.242389649152756E-002,
2.053766666666667E+009,8.277824381366372E-004,-1.252907514572144E-001,9.665845036506653E-001,2.047826163470745E-002,8.277824381366372E-004,-1.252907514572144E-001,9.665845036506653E-001,2.047826163470745E-002,
2.062133333333334E+009,-1.531367097049952E-002,-1.178844198584557E-001,9.754817485809326E-001,6.038516294211149E-003,-1.531367097049952E-002,-1.178844198584557E-001,9.754817485809326E-001,6.038516294211149E-003,
2.070500000000000E+009,-2.283424325287342E-002,-1.025467142462730E-001,9.756883382797241E-001,-2.575551532208920E-002,-2.283424325287342E-002,-1.025467142462730E-001,9.756883382797241E-001,-2.575551532208920E-002,
2.078866666666667E+009,-2.418749406933785E-002,-8.840643614530563E-002,9.899037480354309E-001,-4.525478929281235E-002,-2.418749406933785E-002,-8.840643614530563E-002,9.899037480354309E-001,-4.525478929281235E-002,
2.087233333333334E+009,-1.314686331897974E-002,-7.912839949131012E-002,9.861146211624146E-001,-7.546385377645493E-002,-1.314686331897974E-002,-7.912839949131012E-002,9.861146211624146E-001,-7.546385377645493E-002,
2.095600000000000E+009,2.945006126537919E-003,-7.748376578092575E-002,9.821624755859375E-001,-1.144175529479981E-001,2.945006126537919E-003,-7.748376578092575E-002,9.821624755859375E-001,-1.144175529479981E-001,
2.103966666666667E+009,1.917859539389610E-002,-8.724731951951981E-002,9.821529984474182E-001,-1.338046640157700E-001,1.917859539389610E-002,-8.724731951951981E-002,9.821529984474182E-001,-1.338046640157700E-001,
2.112333333333334E+009,2.806502394378185E-002,-1.050520911812782E-001,9.686628580093384E-001,-1.572622358798981E-001,2.806502394378185E-002,-1.050520911812782E-001,9.686628580093384E-001,-1.572622358798981E-001,
2.120700000000000E+009,2.506543509662151E-002,-1.281930506229401E-001,9.662666916847229E-001,-1.845382899045944E-001,2.506543509662151E-002,-1.281930506229401E-001,9.662666916847229E-001,-1.845382899045944E-001,
2.129066666666667E+009,1.165093202143908E-002,-1.444261670112610E-001,9.555751681327820E-001,-2.116088420152664E-001,1.165093202143908E-002,-1.444261670112610E-001,9.555751681327820E-001,-2.116088420152664E-001,
2.137433333333334E+009,-1.184768974781036E-002,-1.538034975528717E-001,9.466136693954468E-001,-2.350294440984726E-001,-1.184768974781036E-002,-1.538034975528717E-001,9.466136693954468E-001,-2.350294440984726E-001,
2.145800000000000E+009,-3.833714500069618E-002,-1.532222032546997E-001,9.439459443092346E-001,-2.495475411415100E-001,-3.833714500069618E-002,-1.532222032546997E-001,9.439459443092346E-001,-2.495475411415100E-001,
2.154166666666667E+009,-5.900364369153976E-002,-1.389677226543427E-001,9.342225193977356E-001,-2.672242522239685E-001,-5.900364369153976E-002,-1.389677226543427E-001,9.342225193977356E-001,-2.672242522239685E-001,
2.162533333333334E+009,-7.561602443456650E-002,-1.167300790548325E-001,9.390438199043274E-001,-2.871845066547394E-001,-7.561602443456650E-002,-1.167300790548325E-001,9.390438199043274E-001,-2.871845066547394E-001,
2.170900000000000E+009,-7.428373396396637E-002,-9.487066417932510E-002,9.293488860130310E-001,-3.134418725967407E-001,-7.428373396396637E-002,-9.487066417932510E-002,9.293488860130310E-001,-3.134418725967407E-001,
2.179266666666667E+009,-6.057444587349892E-002,-7.873646169900894E-002,9.125240445137024E-001,-3.434780538082123E-001,-6.057444587349892E-002,-7.873646169900894E-002,9.125240445137024E-001,-3.434780538082123E-001,
2.187633333333334E+009,-4.040306061506271E-002,-7.440418750047684E-002,9.056955575942993E-001,-3.655202984809876E-001,-4.040306061506271E-002,-7.440418750047684E-002,9.056955575942993E-001,-3.655202984809876E-001,
2.196000000000000E+009,-1.834651082754135E-002,-8.514590561389923E-002,8.918867111206055E-001,-3.890219330787659E-001,-1.834651082754135E-002,-8.514590561389923E-002,8.918867111206055E-001,-3.890219330787659E-001,
2.204366666666667E+009,-7.954908534884453E-003,-1.076364293694496E-001,8.914000988006592E-001,-4.122865200042725E-001,-7.954908534884453E-003,-1.076364293694496E-001,8.914000988006592E-001,-4.122865200042725E-001,
2.212733333333334E+009,-9.293641895055771E-003,-1.299762129783630E-001,8.672240376472473E-001,-4.450415670871735E-001,-9.293641895055771E-003,-1.299762129783630E-001,8.672240376472473E-001,-4.450415670871735E-001,
2.221100000000000E+009,-2.831003256142139E-002,-1.506364643573761E-001,8.600417971611023E-001,-4.602904617786408E-001,-2.831003256142139E-002,-1.506364643573761E-001,8.600417971611023E-001,-4.602904617786408E-001,
2.229466666666667E+009,-5.291628837585449E-002,-1.609487235546112E-001,8.350743651390076E-001,-4.792985320091248E-001,-5.291628837585449E-002,-1.609487235546112E-001,8.350743651390076E-001,-4.792985320091248E-001,
2.237833333333334E+009,-8.185056596994400E-002,-1.550468951463699E-001,8.261760473251343E-001,-4.979225993156433E-001,-8.185056596994400E-002,-1.550468951463699E-001,8.261760473251343E-001,-4.979225993156433E-001,
2.246200000000000E+009,-1.062270328402519E-001,-1.373181939125061E-001,8.205959200859070E-001,-5.177831649780273E-001,-1.062270328402519E-001,-1.373181939125061E-001,8.205959200859070E-001,-5.177831649780273E-001,
2.254566666666667E+009,-1.185969859361649E-001,-1.090580672025681E-001,8.090513944625855E-001,-5.374760627746582E-001,-1.185969859361649E-001,-1.090580672025681E-001,8.090513944625855E-001,-5.374760627746582E-001,
2.262933333333334E+009,-1.152146607637405E-001,-8.543135970830917E-002,8.002511858940125E-001,-5.600478649139404E-001,-1.152146607637405E-001,-8.543135970830917E-002,8.002511858940125E-001,-5.600478649139404E-001,
2.271300000000000E+009,-1.013663485646248E-001,-6.691757589578629E-002,7.769234776496887E-001,-5.886918902397156E-001,-1.013663485646248E-001,-6.691757589578629E-002,7.769234776496887E-001,-5.886918902397156E-001,
2.279666666666667E+009,-8.095378428697586E-002,-6.304093450307846E-002,7.747784852981567E-001,-6.048189401626587E-001,-8.095378428697586E-002,-6.304093450307846E-002,7.747784852981567E-001,-6.048189401626587E-001,
2.288033333333334E+009,-6.256099045276642E-002,-7.444755733013153E-002,7.555671930313110E-001,-6.271793842315674E-001,-6.256099045276642E-002,-7.444755733013153E-002,7.555671930313110E-001,-6.271793842315674E-001,
2.296400000000000E+009,-5.342409759759903E-002,-9.507732093334198E-002,7.315407395362854E-001,-6.470921039581299E-001,-5.342409759759903E-002,-9.507732093334198E-002,7.315407395362854E-001,-6.470921039581299E-001,
2.304766666666667E+009,-5.765781179070473E-002,-1.192286759614945E-001,7.143106460571289E-001,-6.671272516250610E-001,-5.765781179070473E-002,-1.192286759614945E-001,7.143106460571289E-001,-6.671272516250610E-001,
2.313133333333334E+009,-7.876458764076233E-002,-1.374835819005966E-001,6.963174939155579E-001,-6.802304983139038E-001,-7.876458764076233E-002,-1.374835819005966E-001,6.963174939155579E-001,-6.802304983139038E-001,
2.321500000000000E+009,-1.052435487508774E-001,-1.402995288372040E-001,6.842411756515503E-001,-6.926108002662659E-001,-1.052435487508774E-001,-1.402995288372040E-001,6.842411756515503E-001,-6.926108002662659E-001,
2.329866666666667E+009,-1.300839036703110E-001,-1.273542940616608E-001,6.564792990684509E-001,-7.081056833267212E-001,-1.300839036703110E-001,-1.273542940616608E-001,6.564792990684509E-001,-7.081056833267212E-001,
2.338233333333334E+009,-1.500228196382523E-001,-1.033047884702683E-001,6.447196602821350E-001,-7.252067923545837E-001,-1.500228196382523E-001,-1.033047884702683E-001,6.447196602821350E-001,-7.252067923545837E-001,
2.346600000000000E+009,-1.509108692407608E-001,-7.363316416740418E-002,6.287380456924439E-001,-7.316808700561523E-001,-1.509108692407608E-001,-7.363316416740418E-002,6.287380456924439E-001,-7.316808700561523E-001,
2.354966666666667E+009,-1.395570486783981E-001,-4.648389667272568E-002,6.169345974922180E-001,-7.644687891006470E-001,-1.395570486783981E-001,-4.648389667272568E-002,6.169345974922180E-001,-7.644687891006470E-001,
2.363333333333334E+009,-1.163137704133987E-001,-3.417838364839554E-002,5.933108329772949E-001,-7.807666063308716E-001,-1.163137704133987E-001,-3.417838364839554E-002,5.933108329772949E-001,-7.807666063308716E-001,
2.371700000000000E+009,-9.088141471147537E-002,-4.071353375911713E-002,5.787070989608765E-001,-7.985551357269287E-001,-9.088141471147537E-002,-4.071353375911713E-002,5.787070989608765E-001,-7.985551357269287E-001,
2.380066666666667E+009,-7.580352574586868E-002,-6.232026964426041E-002,5.523062944412231E-001,-8.144009709358215E-001,-7.580352574586868E-002,-6.232026964426041E-002,5.523062944412231E-001,-8.144009709358215E-001,
2.388433333333334E+009,-7.365264743566513E-002,-9.604318439960480E-002,5.286054611206055E-001,-8.284876346588135E-001,-7.365264743566513E-002,-9.604318439960480E-002,5.286054611206055E-001,-8.284876346588135E-001,
2.396800000000000E+009,-9.297651797533035E-002,-1.250275224447250E-001,5.007001757621765E-001,-8.400015830993652E-001,-9.297651797533035E-002,-1.250275224447250E-001,5.007001757621765E-001,-8.400015830993652E-001,
2.405166666666667E+009,-1.242811605334282E-001,-1.420342624187470E-001,4.710082411766052E-001,-8.499240279197693E-001,-1.242811605334282E-001,-1.420342624187470E-001,4.710082411766052E-001,-8.499240279197693E-001,
2.413533333333334E+009,-1.637802273035049E-001,-1.400737017393112E-001,4.468644559383392E-001,-8.589112162590027E-001,-1.637802273035049E-001,-1.400737017393112E-001,4.468644559383392E-001,-8.589112162590027E-001,
2.421900000000000E+009,-1.981585174798966E-001,-1.172827109694481E-001,4.315212666988373E-001,-8.682040572166443E-001,-1.981585174798966E-001,-1.172827109694481E-001,4.315212666988373E-001,-8.682040572166443E-001,
2.430266666666667E+009,-2.206953167915344E-001,-8.043510466814041E-002,4.113036692142487E-001,-8.649234771728516E-001,-2.206953167915344E-001,-8.043510466814041E-002,4.113036692142487E-001,-8.649234771728516E-001,
2.438633333333334E+009,-2.244398295879364E-001,-3.640628606081009E-002,3.985975980758667E-001,-8.732305765151978E-001,-2.244398295879364E-001,-3.640628606081009E-002,3.985975980758667E-001,-8.732305765151978E-001,
2.447000000000000E+009,-2.063533067703247E-001,2.777732908725739E-003,3.789984285831451E-001,-8.856770396232605E-001,-2.063533067703247E-001,2.777732908725739E-003,3.789984285831451E-001,-8.856770396232605E-001,
2.455366666666667E+009,-1.757516264915466E-001,2.670122124254704E-002,3.667041659355164E-001,-9.031788706779480E-001,-1.757516264915466E-001,2.670122124254704E-002,3.667041659355164E-001,-9.031788706779480E-001,
2.463733333333334E+009,-1.407286375761032E-001,2.827537618577480E-002,3.333490192890167E-001,-9.211692214012146E-001,-1.407286375761032E-001,2.827537618577480E-002,3.333490192890167E-001,-9.211692214012146E-001,
2.472100000000000E+009,-1.133543178439140E-001,1.284145843237639E-002,3.135383427143097E-001,-9.305895566940308E-001,-1.133543178439140E-001,1.284145843237639E-002,3.135383427143097E-001,-9.305895566940308E-001,
2.480466666666667E+009,-1.040997803211212E-001,-1.859401911497116E-002,2.725875675678253E-001,-9.391611218452454E-001,-1.040997803211212E-001,-1.859401911497116E-002,2.725875675678253E-001,-9.391611218452454E-001,
2.488833333333334E+009,-1.139883399009705E-001,-4.937404021620750E-002,2.427112609148026E-001,-9.519195556640625E-001,-1.139883399009705E-001,-4.937404021620750E-002,2.427112609148026E-001,-9.519195556640625E-001,
2.497200000000000E+009,-1.399440467357636E-001,-7.006221264600754E-002,2.237156927585602E-001,-9.473753571510315E-001,-1.399440467357636E-001,-7.006221264600754E-002,2.237156927585602E-001,-9.473753571510315E-001,
2.505566666666667E+009,-1.750506758689880E-001,-7.047572731971741E-002,1.988044381141663E-001,-9.460090398788452E-001,-1.750506758689880E-001,-7.047572731971741E-002,1.988044381141663E-001,-9.460090398788452E-001,
2.513933333333334E+009,-2.024933397769928E-001,-5.369636043906212E-002,1.725358217954636E-001,-9.472054243087769E-001,-2.024933397769928E-001,-5.369636043906212E-002,1.725358217954636E-001,-9.472054243087769E-001,
2.522300000000000E+009,-2.182693779468536E-001,-1.797935925424099E-002,1.546110957860947E-001,-9.514330029487610E-001,-2.182693779468536E-001,-1.797935925424099E-002,1.546110957860947E-001,-9.514330029487610E-001,
2.530666666666667E+009,-2.151826024055481E-001,1.707453466951847E-002,1.332180500030518E-001,-9.581959247589111E-001,-2.151826024055481E-001,1.707453466951847E-002,1.332180500030518E-001,-9.581959247589111E-001,
2.539033333333334E+009,-1.981142461299896E-001,4.928355664014816E-002,1.139134764671326E-001,-9.638910293579102E-001,-1.981142461299896E-001,4.928355664014816E-002,1.139134764671326E-001,-9.638910293579102E-001,
2.547400000000000E+009,-1.671883463859558E-001,6.765779852867127E-002,9.174407273530960E-002,-9.675342440605164E-001,-1.671883463859558E-001,6.765779852867127E-002,9.174407273530960E-002,-9.675342440605164E-001,
2.555766666666667E+009,-1.355040520429611E-001,6.556205451488495E-002,6.351262331008911E-002,-9.798458218574524E-001,-1.355040520429611E-001,6.556205451488495E-002,6.351262331008911E-002,-9.798458218574524E-001,
2.564133333333334E+009,-1.121290400624275E-001,4.642127081751823E-002,3.381943330168724E-002,-9.785735011100769E-001,-1.121290400624275E-001,4.642127081751823E-002,3.381943330168724E-002,-9.785735011100769E-001,
2.572500000000000E+009,-1.087198108434677E-001,1.732444390654564E-002,6.730146706104279E-003,-9.836171865463257E-001,-1.087198108434677E-001,1.732444390654564E-002,6.730146706104279E-003,-9.836171865463257E-001,
2.580866666666667E+009,-1.235582306981087E-001,-9.972485713660717E-003,-2.460849657654762E-002,-9.802100658416748E-001,-1.235582306981087E-001,-9.972485713660717E-003,-2.460849657654762E-002,-9.802100658416748E-001,
2.589233333333334E+009,-1.545598953962326E-001,-2.478845976293087E-002,-5.031699687242508E-002,-9.779362678527832E-001,-1.545598953962326E-001,-2.478845976293087E-002,-5.031699687242508E-002,-9.779362678527832E-001,
2.597600000000000E+009,-1.902430802583695E-001,-2.228179387748241E-002,-7.618961483240128E-002,-9.679031968116760E-001,-1.902430802583695E-001,-2.228179387748241E-002,-7.618961483240128E-002,-9.679031968116760E-001,
2.605966666666667E+009,-2.191784977912903E-001,-5.987951881252229E-004,-9.465749561786652E-002,-9.644981622695923E-001,-2.191784977912903E-001,-5.987951881252229E-004,-9.465749561786652E-002,-9.644981622695923E-001,
2.614333333333334E+009,-2.330520898103714E-001,3.328917548060417E-002,-1.198110505938530E-001,-9.560136795043945E-001,-2.330520898103714E-001,3.328917548060417E-002,-1.198110505938530E-001,-9.560136795043945E-001,
2.622700000000000E+009,-2.269282788038254E-001,7.100206613540649E-002,-1.284977346658707E-001,-9.492422938346863E-001,-2.269282788038254E-001,7.100206613540649E-002,-1.284977346658707E-001,-9.492422938346863E-001,
2.631066666666667E+009,-2.038546055555344E-001,1.025881618261337E-001,-1.615255028009415E-001,-9.557953476905823E-001,-2.038546055555344E-001,1.025881618261337E-001,-1.615255028009415E-001,-9.557953476905823E-001,
2.639433333333334E+009,-1.688608527183533E-001,1.204727590084076E-001,-1.839646100997925E-001,-9.495165944099426E-001,-1.688608527183533E-001,1.204727590084076E-001,-1.839646100997925E-001,-9.495165944099426E-001,
2.647800000000000E+009,-1.338773369789124E-001,1.201708838343620E-001,-1.994958817958832E-001,-9.515921473503113E-001,-1.338773369789124E-001,1.201708838343620E-001,-1.994958817958832E-001,-9.515921473503113E-001,
2.656166666666667E+009,-1.096516475081444E-001,1.021429896354675E-001,-2.277716249227524E-001,-9.508207440376282E-001,-1.096516475081444E-001,1.021429896354675E-001,-2.277716249227524E-001,-9.508207440376282E-001,
2.664533333333334E+009,-1.018877029418945E-001,7.616449147462845E-002,-2.594512104988098E-001,-9.445692300796509E-001,-1.018877029418945E-001,7.616449147462845E-002,-2.594512104988098E-001,-9.445692300796509E-001,
2.672900000000000E+009,-1.164260655641556E-001,5.171703174710274E-002,-2.883572280406952E-001,-9.409301877021790E-001,-1.164260655641556E-001,5.171703174710274E-002,-2.883572280406952E-001,-9.409301877021790E-001,
2.681266666666667E+009,-1.437319666147232E-001,3.697459399700165E-002,-3.175226151943207E-001,-9.249779582023621E-001,-1.437319666147232E-001,3.697459399700165E-002,-3.175226151943207E-001,-9.249779582023621E-001,
2.689633333333334E+009,-1.773636788129807E-001,4.121501743793488E-002,-3.476527929306030E-001,-9.114635586738586E-001,-1.773636788129807E-001,4.121501743793488E-002,-3.476527929306030E-001,-9.114635586738586E-001,
2.698000000000000E+009,-2.025964558124542E-001,6.283857673406601E-002,-3.637714087963104E-001,-8.947266936302185E-001,-2.025964558124542E-001,6.283857673406601E-002,-3.637714087963104E-001,-8.947266936302185E-001,
2.706366666666667E+009,-2.127623260021210E-001,9.708231687545776E-002,-3.808907568454742E-001,-8.786122798919678E-001,-2.127623260021210E-001,9.708231687545776E-002,-3.808907568454742E-001,-8.786122798919678E-001,
2.714733333333334E+009,-2.048557102680206E-001,1.309874653816223E-001,-3.939880430698395E-001,-8.752512335777283E-001,-2.048557102680206E-001,1.309874653816223E-001,-3.939880430698395E-001,-8.752512335777283E-001,
2.723100000000000E+009,-1.799474358558655E-001,1.612244695425034E-001,-4.101149439811707E-001,-8.693996667861939E-001,-1.799474358558655E-001,1.612244695425034E-001,-4.101149439811707E-001,-8.693996667861939E-001,
2.731466666666667E+009,-1.418013572692871E-001,1.748382747173309E-001,-4.336910545825958E-001,-8.607714176177979E-001,-1.418013572692871E-001,1.748382747173309E-001,-4.336910545825958E-001,-8.607714176177979E-001,
2.739833333333334E+009,-1.030134856700897E-001,1.711927205324173E-001,-4.674220681190491E-001,-8.567292094230652E-001,-1.030134856700897E-001,1.711927205324173E-001,-4.674220681190491E-001,-8.567292094230652E-001,
2.748200000000000E+009,-7.604388147592545E-002,1.520040780305862E-001,-4.813022017478943E-001,-8.489874601364136E-001,-7.604388147592545E-002,1.520040780305862E-001,-4.813022017478943E-001,-8.489874601364136E-001,
2.756566666666667E+009,-6.487560272216797E-002,1.234102919697762E-001,-5.072340369224548E-001,-8.363776206970215E-001,-6.487560272216797E-002,1.234102919697762E-001,-5.072340369224548E-001,-8.363776206970215E-001,
2.764933333333334E+009,-7.574144005775452E-002,9.703058749437332E-002,-5.385159254074097E-001,-8.272719383239746E-001,-7.574144005775452E-002,9.703058749437332E-002,-5.385159254074097E-001,-8.272719383239746E-001,
2.773300000000000E+009,-1.020455658435822E-001,8.220130950212479E-002,-5.567034482955933E-001,-8.049852848052979E-001,-1.020455658435822E-001,8.220130950212479E-002,-5.567034482955933E-001,-8.049852848052979E-001,
2.781666666666667E+009,-1.334620714187622E-001,8.488876372575760E-002,-5.730082392692566E-001,-7.852367758750916E-001,-1.334620714187622E-001,8.488876372575760E-002,-5.730082392692566E-001,-7.852367758750916E-001,
2.790033333333334E+009,-1.617580503225327E-001,1.063298285007477E-001,-5.967738628387451E-001,-7.655277848243713E-001,-1.617580503225327E-001,1.063298285007477E-001,-5.967738628387451E-001,-7.655277848243713E-001,
2.798400000000000E+009,-1.739480346441269E-001,1.366430968046188E-001,-6.149097681045532E-001,-7.467206120491028E-001,-1.739480346441269E-001,1.366430968046188E-001,-6.149097681045532E-001,-7.467206120491028E-001,
2.806766666666667E+009,-1.657965928316116E-001,1.709031313657761E-001,-6.276618242263794E-001,-7.282937765121460E-001,-1.657965928316116E-001,1.709031313657761E-001,-6.276618242263794E-001,-7.282937765121460E-001,
2.815133333333334E+009,-1.401206552982330E-001,1.958195716142654E-001,-6.394910216331482E-001,-7.186377644538879E-001,-1.401206552982330E-001,1.958195716142654E-001,-6.394910216331482E-001,-7.186377644538879E-001,
2.823500000000000E+009,-1.055335775017738E-001,2.080189287662506E-001,-6.527962684631348E-001,-7.050309181213379E-001,-1.055335775017738E-001,2.080189287662506E-001,-6.527962684631348E-001,-7.050309181213379E-001,
2.831866666666667E+009,-6.669915467500687E-002,2.008846700191498E-001,-6.708503961563110E-001,-6.927502751350403E-001,-6.669915467500687E-002,2.008846700191498E-001,-6.708503961563110E-001,-6.927502751350403E-001,
2.840233333333334E+009,-3.678250312805176E-002,1.803808063268662E-001,-6.967815756797791E-001,-6.767949461936951E-001,-3.678250312805176E-002,1.803808063268662E-001,-6.967815756797791E-001,-6.767949461936951E-001,
2.848600000000000E+009,-2.392172999680042E-002,1.506139636039734E-001,-7.192395925521851E-001,-6.675974726676941E-001,-2.392172999680042E-002,1.506139636039734E-001,-7.192395925521851E-001,-6.675974726676941E-001,
2.856966666666667E+009,-3.214865922927856E-002,1.224464252591133E-001,-7.373335957527161E-001,-6.468365788459778E-001,-3.214865922927856E-002,1.224464252591133E-001,-7.373335957527161E-001,-6.468365788459778E-001,
2.865333333333334E+009,-5.736350640654564E-002,1.081218048930168E-001,-7.528954148292542E-001,-6.222224831581116E-001,-5.736350640654564E-002,1.081218048930168E-001,-7.528954148292542E-001,-6.222224831581116E-001,
2.873700000000000E+009,-9.068732708692551E-002,1.118192896246910E-001,-7.794454693794251E-001,-5.977138876914978E-001,-9.068732708692551E-002,1.118192896246910E-001,-7.794454693794251E-001,-5.977138876914978E-001,
2.882066666666667E+009,-1.185078993439674E-001,1.322601288557053E-001,-7.847276329994202E-001,-5.749378204345703E-001,-1.185078993439674E-001,1.322601288557053E-001,-7.847276329994202E-001,-5.749378204345703E-001,
2.890433333333334E+009,-1.314143836498261E-001,1.674231737852097E-001,-7.969186305999756E-001,-5.495746135711670E-001,-1.314143836498261E-001,1.674231737852097E-001,-7.969186305999756E-001,-5.495746135711670E-001,
2.898800000000000E+009,-1.244258657097817E-001,2.024932056665421E-001,-8.017312288284302E-001,-5.318211317062378E-001,-1.244258657097817E-001,2.024932056665421E-001,-8.017312288284302E-001,-5.318211317062378E-001,
2.907166666666667E+009,-9.916786849498749E-002,2.295668572187424E-001,-8.176929950714111E-001,-5.075294971466065E-001,-9.916786849498749E-002,2.295668572187424E-001,-8.176929950714111E-001,-5.075294971466065E-001,
2.915533333333334E+009,-6.232164800167084E-002,2.409306764602661E-001,-8.197289109230042E-001,-4.945555329322815E-001,-6.232164800167084E-002,2.409306764602661E-001,-8.197289109230042E-001,-4.945555329322815E-001,
2.923900000000000E+009,-2.246094681322575E-002,2.325248271226883E-001,-8.323883414268494E-001,-4.791145920753479E-001,-2.246094681322575E-002,2.325248271226883E-001,-8.323883414268494E-001,-4.791145920753479E-001,
2.932266666666667E+009,1.043645944446325E-002,2.069225013256073E-001,-8.513771295547485E-001,-4.655674099922180E-001,1.043645944446325E-002,2.069225013256073E-001,-8.513771295547485E-001,-4.655674099922180E-001,
2.940633333333334E+009,2.528636902570725E-002,1.709106713533402E-001,-8.667721748352051E-001,-4.479699134826660E-001,2.528636902570725E-002,1.709106713533402E-001,-8.667721748352051E-001,-4.479699134826660E-001,
2.949000000000000E+009,1.855487376451492E-002,1.392143219709396E-001,-8.823662400245667E-001,-4.267744719982147E-001,1.855487376451492E-002,1.392143219709396E-001,-8.823662400245667E-001,-4.267744719982147E-001,
2.957366666666667E+009,-4.804159048944712E-003,1.181845515966415E-001,-8.964620232582092E-001,-3.948819935321808E-001,-4.804159048944712E-003,1.181845515966415E-001,-8.964620232582092E-001,-3.948819935321808E-001,
2.965733333333334E+009,-3.799581155180931E-002,1.192470639944077E-001,-9.106118083000183E-001,-3.627959787845612E-001,-3.799581155180931E-002,1.192470639944077E-001,-9.106118083000183E-001,-3.627959787845612E-001,
2.974100000000000E+009,-6.507564336061478E-002,1.398017108440399E-001,-9.146426916122437E-001,-3.321618139743805E-001,-6.507564336061478E-002,1.398017108440399E-001,-9.146426916122437E-001,-3.321618139743805E-001,
2.982466666666667E+009,-8.042243868112564E-002,1.773091107606888E-001,-9.198675751686096E-001,-3.105284571647644E-001,-8.042243868112564E-002,1.773091107606888E-001,-9.198675751686096E-001,-3.105284571647644E-001,
2.990833333333334E+009,-7.282175868749619E-002,2.154962569475174E-001,-9.197733402252197E-001,-2.853597402572632E-001,-7.282175868749619E-002,2.154962569475174E-001,-9.197733402252197E-001,-2.853597402572632E-001,
2.999200000000000E+009,-4.816793650388718E-002,2.448733896017075E-001,-9.210430979728699E-001,-2.591821253299713E-001,-4.816793650388718E-002,2.448733896017075E-001,-9.210430979728699E-001,-2.591821253299713E-001,
3.007566666666667E+009,-8.507196791470051E-003,2.565137743949890E-001,-9.259251356124878E-001,-2.455187290906906E-001,-8.507196791470051E-003,2.565137743949890E-001,-9.259251356124878E-001,-2.455187290906906E-001,
3.015933333333334E+009,3.199345991015434E-002,2.456237673759460E-001,-9.296272993087769E-001,-2.301453351974487E-001,3.199345991015434E-002,2.456237673759460E-001,-9.296272993087769E-001,-2.301453351974487E-001,
3.024300000000000E+009,6.577674299478531E-002,2.160266190767288E-001,-9.408760666847229E-001,-2.067064642906189E-001,6.577674299478531E-002,2.160266190767288E-001,-9.408760666847229E-001,-2.067064642906189E-001,
3.032666666666667E+009,7.980359345674515E-002,1.757634878158569E-001,-9.509454369544983E-001,-1.885692328214645E-001,7.980359345674515E-002,1.757634878158569E-001,-9.509454369544983E-001,-1.885692328214645E-001,
3.041033333333334E+009,7.107819616794586E-002,1.359317898750305E-001,-9.634181261062622E-001,-1.653126329183579E-001,7.107819616794586E-002,1.359317898750305E-001,-9.634181261062622E-001,-1.653126329183579E-001,
3.049400000000000E+009,4.422261938452721E-002,1.099832206964493E-001,-9.744397401809692E-001,-1.332834810018539E-001,4.422261938452721E-002,1.099832206964493E-001,-9.744397401809692E-001,-1.332834810018539E-001,
3.057766666666667E+009,8.666316978633404E-003,1.099550947546959E-001,-9.747697710990906E-001,-1.018900275230408E-001,8.666316978633404E-003,1.099550947546959E-001,-9.747697710990906E-001,-1.018900275230408E-001,
3.066133333333334E+009,-2.372505702078342E-002,1.327694207429886E-001,-9.791984558105469E-001,-6.568803638219833E-002,-2.372505702078342E-002,1.327694207429886E-001,-9.791984558105469E-001,-6.568803638219833E-002,
3.074500000000000E+009,-3.756502643227577E-002,1.728819459676743E-001,-9.716657996177673E-001,-3.744823485612869E-002,-3.756502643227577E-002,1.728819459676743E-001,-9.716657996177673E-001,-3.744823485612869E-002,
3.082866666666667E+009,-2.631898969411850E-002,2.175909429788590E-001,-9.657567739486694E-001,-1.103897113353014E-002,-2.631898969411850E-002,2.175909429788590E-001,-9.657567739486694E-001,-1.103897113353014E-002,
3.091233333333334E+009,4.536213818937540E-003,2.514124512672424E-001,-9.560480713844299E-001,2.036189252976328E-004,4.536213818937540E-003,2.514124512672424E-001,-9.560480713844299E-001,2.036189252976328E-004,
3.099600000000000E+009,5.046767741441727E-002,2.636229097843170E-001,-9.497301578521729E-001,2.713982388377190E-002,5.046767741441727E-002,2.636229097843170E-001,-9.497301578521729E-001,2.713982388377190E-002,
3.107966666666667E+009,9.638570994138718E-002,2.487929612398148E-001,-9.519245028495789E-001,4.282924905419350E-002,9.638570994138718E-002,2.487929612398148E-001,-9.519245028495789E-001,4.282924905419350E-002,
3.116333333333334E+009,1.316752433776856E-001,2.132924199104309E-001,-9.536973834037781E-001,5.271365493535996E-002,1.316752433776856E-001,2.132924199104309E-001,-9.536973834037781E-001,5.271365493535996E-002,
3.124700000000000E+009,1.469680666923523E-001,1.639827638864517E-001,-9.566016793251038E-001,6.862521171569824E-002,1.469680666923523E-001,1.639827638864517E-001,-9.566016793251038E-001,6.862521171569824E-002,
3.133066666666667E+009,1.356449723243713E-001,1.143387928605080E-001,-9.663632512092590E-001,9.508096426725388E-002,1.356449723243713E-001,1.143387928605080E-001,-9.663632512092590E-001,9.508096426725388E-002,
3.141433333333334E+009,1.020494773983955E-001,7.909184694290161E-002,-9.722468852996826E-001,1.306091398000717E-001,1.020494773983955E-001,7.909184694290161E-002,-9.722468852996826E-001,1.306091398000717E-001,
3.149800000000000E+009,5.785654857754707E-002,7.343363016843796E-002,-9.740143418312073E-001,1.631907075643539E-001,5.785654857754707E-002,7.343363016843796E-002,-9.740143418312073E-001,1.631907075643539E-001,
3.158166666666667E+009,1.757157407701016E-002,9.340979903936386E-002,-9.649806618690491E-001,2.005104124546051E-001,1.757157407701016E-002,9.340979903936386E-002,-9.649806618690491E-001,2.005104124546051E-001,
3.166533333333334E+009,-4.124136175960302E-003,1.372319459915161E-001,-9.465886354446411E-001,2.338826656341553E-001,-4.124136175960302E-003,1.372319459915161E-001,-9.465886354446411E-001,2.338826656341553E-001,
3.174900000000000E+009,4.040075931698084E-003,1.862589567899704E-001,-9.382270574569702E-001,2.577076256275177E-001,4.040075931698084E-003,1.862589567899704E-001,-9.382270574569702E-001,2.577076256275177E-001,
3.183266666666667E+009,3.685103729367256E-002,2.265842109918594E-001,-9.175680875778198E-001,2.794108986854553E-001,3.685103729367256E-002,2.265842109918594E-001,-9.175680875778198E-001,2.794108986854553E-001,
3.191633333333334E+009,8.319973200559616E-002,2.426472455263138E-001,-9.084183573722839E-001,2.908108234405518E-001,8.319973200559616E-002,2.426472455263138E-001,-9.084183573722839E-001,2.908108234405518E-001,
3.200000000000000E+009,1.326244920492172E-001,2.303172498941422E-001,-8.973109126091003E-001,2.998046875000000E-001,1.326244920492172E-001,2.303172498941422E-001,-8.973109126091003E-001,2.998046875000000E-001,
