% Version 1.00
%
%freq[Hz],re:Trc1_S11,im:Trc1_S11,re:Trc2_S21,im:Trc2_S21,re:Trc3_S11,im:Trc3_S11,re:Trc4_S21,im:Trc4_S21,
6.900000000000000E+008,-3.931894898414612E-002,3.315097093582153E-002,-4.933311045169830E-001,-8.573308587074280E-001,-3.931894898414612E-002,3.315097093582153E-002,-4.933311045169830E-001,-8.573308587074280E-001,
6.983666666666666E+008,-3.120220266282558E-002,3.337236493825913E-002,-5.188737511634827E-001,-8.469730615615845E-001,-3.120220266282558E-002,3.337236493825913E-002,-5.188737511634827E-001,-8.469730615615845E-001,
7.067333333333334E+008,-2.493217401206493E-002,2.866784669458866E-002,-5.423635840415955E-001,-8.213368654251099E-001,-2.493217401206493E-002,2.866784669458866E-002,-5.423635840415955E-001,-8.213368654251099E-001,
7.151000000000000E+008,-2.427669800817967E-002,2.086815051734448E-002,-5.773932337760925E-001,-8.199013471603394E-001,-2.427669800817967E-002,2.086815051734448E-002,-5.773932337760925E-001,-8.199013471603394E-001,
7.234666666666666E+008,-2.575795166194439E-002,1.551950443536043E-002,-5.904799103736877E-001,-8.040811419487000E-001,-2.575795166194439E-002,1.551950443536043E-002,-5.904799103736877E-001,-8.040811419487000E-001,
7.318333333333334E+008,-3.295993432402611E-002,1.302414759993553E-002,-6.078268885612488E-001,-7.882314920425415E-001,-3.295993432402611E-002,1.302414759993553E-002,-6.078268885612488E-001,-7.882314920425415E-001,
7.402000000000000E+008,-3.920116275548935E-002,1.470696553587914E-002,-6.191813945770264E-001,-7.627822756767273E-001,-3.920116275548935E-002,1.470696553587914E-002,-6.191813945770264E-001,-7.627822756767273E-001,
7.485666666666666E+008,-4.467610269784927E-002,2.136275172233582E-002,-6.490079760551453E-001,-7.504673004150391E-001,-4.467610269784927E-002,2.136275172233582E-002,-6.490079760551453E-001,-7.504673004150391E-001,
7.569333333333334E+008,-4.889018461108208E-002,3.082012571394444E-002,-6.671946644783020E-001,-7.374606728553772E-001,-4.889018461108208E-002,3.082012571394444E-002,-6.671946644783020E-001,-7.374606728553772E-001,
7.653000000000000E+008,-4.403946176171303E-002,3.935364261269569E-002,-6.753755807876587E-001,-7.180891633033752E-001,-4.403946176171303E-002,3.935364261269569E-002,-6.753755807876587E-001,-7.180891633033752E-001,
7.736666666666666E+008,-3.821932896971703E-002,4.562990739941597E-002,-6.885903477668762E-001,-7.142072319984436E-001,-3.821932896971703E-002,4.562990739941597E-002,-6.885903477668762E-001,-7.142072319984436E-001,
7.820333333333334E+008,-2.995271980762482E-002,4.931944608688355E-002,-7.219544649124146E-001,-6.868382692337036E-001,-2.995271980762482E-002,4.931944608688355E-002,-7.219544649124146E-001,-6.868382692337036E-001,
7.904000000000000E+008,-2.020918577909470E-002,4.788498580455780E-002,-7.314466834068298E-001,-6.681045293807983E-001,-2.020918577909470E-002,4.788498580455780E-002,-7.314466834068298E-001,-6.681045293807983E-001,
7.987666666666666E+008,-1.597685180604458E-002,4.216853529214859E-002,-7.362563610076904E-001,-6.528556942939758E-001,-1.597685180604458E-002,4.216853529214859E-002,-7.362563610076904E-001,-6.528556942939758E-001,
8.071333333333334E+008,-1.352458726614714E-002,3.529137000441551E-002,-7.629824280738831E-001,-6.208928227424622E-001,-1.352458726614714E-002,3.529137000441551E-002,-7.629824280738831E-001,-6.208928227424622E-001,
8.155000000000000E+008,-1.637150533497334E-002,2.804294414818287E-002,-7.900007963180542E-001,-6.107531189918518E-001,-1.637150533497334E-002,2.804294414818287E-002,-7.900007963180542E-001,-6.107531189918518E-001,
8.238666666666666E+008,-2.267953008413315E-002,2.565737999975681E-002,-7.969417572021484E-001,-5.875589251518250E-001,-2.267953008413315E-002,2.565737999975681E-002,-7.969417572021484E-001,-5.875589251518250E-001,
8.322333333333334E+008,-2.814698778092861E-002,2.677196450531483E-002,-8.058716654777527E-001,-5.690376758575440E-001,-2.814698778092861E-002,2.677196450531483E-002,-8.058716654777527E-001,-5.690376758575440E-001,
8.406000000000000E+008,-3.281384706497192E-002,2.982648834586144E-002,-8.187302350997925E-001,-5.476547479629517E-001,-3.281384706497192E-002,2.982648834586144E-002,-8.187302350997925E-001,-5.476547479629517E-001,
8.489666666666668E+008,-3.477418422698975E-002,4.057403281331062E-002,-8.306382298469544E-001,-5.180932283401489E-001,-3.477418422698975E-002,4.057403281331062E-002,-8.306382298469544E-001,-5.180932283401489E-001,
8.573333333333334E+008,-3.344760835170746E-002,4.822110384702683E-002,-8.336225748062134E-001,-4.880222678184509E-001,-3.344760835170746E-002,4.822110384702683E-002,-8.336225748062134E-001,-4.880222678184509E-001,
8.657000000000000E+008,-2.882220596075058E-002,5.587677285075188E-002,-8.616771101951599E-001,-4.926570653915405E-001,-2.882220596075058E-002,5.587677285075188E-002,-8.616771101951599E-001,-4.926570653915405E-001,
8.740666666666668E+008,-2.041299454867840E-002,6.075995787978172E-002,-8.675475716590881E-001,-4.683220982551575E-001,-2.041299454867840E-002,6.075995787978172E-002,-8.675475716590881E-001,-4.683220982551575E-001,
8.824333333333334E+008,-1.273816078901291E-002,6.195656955242157E-002,-8.859683871269226E-001,-4.438012838363648E-001,-1.273816078901291E-002,6.195656955242157E-002,-8.859683871269226E-001,-4.438012838363648E-001,
8.908000000000000E+008,-4.968469962477684E-003,5.813529342412949E-002,-9.003055691719055E-001,-4.261370599269867E-001,-4.968469962477684E-003,5.813529342412949E-002,-9.003055691719055E-001,-4.261370599269867E-001,
8.991666666666668E+008,2.434763882774860E-004,5.184966698288918E-002,-9.002092480659485E-001,-3.991445302963257E-001,2.434763882774860E-004,5.184966698288918E-002,-9.002092480659485E-001,-3.991445302963257E-001,
9.075333333333334E+008,6.396803073585033E-004,4.369264841079712E-002,-9.147195816040039E-001,-3.742462098598480E-001,6.396803073585033E-004,4.369264841079712E-002,-9.147195816040039E-001,-3.742462098598480E-001,
9.159000000000000E+008,-1.819667173549533E-003,3.746133670210838E-002,-9.355053305625916E-001,-3.495438694953919E-001,-1.819667173549533E-003,3.746133670210838E-002,-9.355053305625916E-001,-3.495438694953919E-001,
9.242666666666668E+008,-8.342989720404148E-003,3.717714920639992E-002,-9.278836846351624E-001,-3.274585604667664E-001,-8.342989720404148E-003,3.717714920639992E-002,-9.278836846351624E-001,-3.274585604667664E-001,
9.326333333333334E+008,-1.331191696226597E-002,3.903274610638619E-002,-9.441003799438477E-001,-3.141264617443085E-001,-1.331191696226597E-002,3.903274610638619E-002,-9.441003799438477E-001,-3.141264617443085E-001,
9.410000000000000E+008,-1.757706701755524E-002,4.305327683687210E-002,-9.545484185218811E-001,-2.782257199287415E-001,-1.757706701755524E-002,4.305327683687210E-002,-9.545484185218811E-001,-2.782257199287415E-001,
9.493666666666668E+008,-1.962354965507984E-002,5.227369815111160E-002,-9.599691629409790E-001,-2.478642612695694E-001,-1.962354965507984E-002,5.227369815111160E-002,-9.599691629409790E-001,-2.478642612695694E-001,
9.577333333333334E+008,-1.671956665813923E-002,6.195776164531708E-002,-9.661142826080322E-001,-2.341367155313492E-001,-1.671956665813923E-002,6.195776164531708E-002,-9.661142826080322E-001,-2.341367155313492E-001,
9.661000000000000E+008,-8.674411103129387E-003,6.884013861417770E-002,-9.675330519676209E-001,-1.929980963468552E-001,-8.674411103129387E-003,6.884013861417770E-002,-9.675330519676209E-001,-1.929980963468552E-001,
9.744666666666668E+008,1.302948337979615E-003,6.939165294170380E-002,-9.661321043968201E-001,-1.826337426900864E-001,1.302948337979615E-003,6.939165294170380E-002,-9.661321043968201E-001,-1.826337426900864E-001,
9.828333333333334E+008,9.918248280882835E-003,7.045083492994309E-002,-9.816195964813232E-001,-1.630349755287170E-001,9.918248280882835E-003,7.045083492994309E-002,-9.816195964813232E-001,-1.630349755287170E-001,
9.912000000000000E+008,2.010825648903847E-002,6.382624804973602E-002,-9.793323874473572E-001,-1.404236406087875E-001,2.010825648903847E-002,6.382624804973602E-002,-9.793323874473572E-001,-1.404236406087875E-001,
9.995666666666668E+008,2.373132109642029E-002,5.567002668976784E-002,-9.923086762428284E-001,-1.037150099873543E-001,2.373132109642029E-002,5.567002668976784E-002,-9.923086762428284E-001,-1.037150099873543E-001,
1.007933333333333E+009,2.721149846911430E-002,4.560177773237228E-002,-1.005996346473694E+000,-8.699711412191391E-002,2.721149846911430E-002,4.560177773237228E-002,-1.005996346473694E+000,-8.699711412191391E-002,
1.016300000000000E+009,2.118194103240967E-002,3.897355496883392E-002,-9.926201105117798E-001,-6.087711825966835E-002,2.118194103240967E-002,3.897355496883392E-002,-9.926201105117798E-001,-6.087711825966835E-002,
1.024666666666667E+009,1.372742373496294E-002,3.460009768605232E-002,-9.890975952148438E-001,-3.487640246748924E-002,1.372742373496294E-002,3.460009768605232E-002,-9.890975952148438E-001,-3.487640246748924E-002,
1.033033333333333E+009,8.709964342415333E-003,3.883585333824158E-002,-9.963585138320923E-001,-8.970621041953564E-003,8.709964342415333E-003,3.883585333824158E-002,-9.963585138320923E-001,-8.970621041953564E-003,
1.041400000000000E+009,1.922082505188882E-003,4.366400465369225E-002,-9.964245557785034E-001,1.278165262192488E-002,1.922082505188882E-003,4.366400465369225E-002,-9.964245557785034E-001,1.278165262192488E-002,
1.049766666666667E+009,4.444447346031666E-003,5.334768816828728E-002,-9.834861755371094E-001,4.854581505060196E-002,4.444447346031666E-003,5.334768816828728E-002,-9.834861755371094E-001,4.854581505060196E-002,
1.058133333333333E+009,8.085246197879314E-003,6.258891522884369E-002,-9.850624799728394E-001,7.084638625383377E-002,8.085246197879314E-003,6.258891522884369E-002,-9.850624799728394E-001,7.084638625383377E-002,
1.066500000000000E+009,1.857760362327099E-002,6.725817918777466E-002,-1.000520706176758E+000,1.044033765792847E-001,1.857760362327099E-002,6.725817918777466E-002,-1.000520706176758E+000,1.044033765792847E-001,
1.074866666666667E+009,3.128019720315933E-002,6.636223196983337E-002,-9.948066473007202E-001,1.254616826772690E-001,3.128019720315933E-002,6.636223196983337E-002,-9.948066473007202E-001,1.254616826772690E-001,
1.083233333333334E+009,3.948379307985306E-002,5.844481289386749E-002,-9.785724282264710E-001,1.470038145780563E-001,3.948379307985306E-002,5.844481289386749E-002,-9.785724282264710E-001,1.470038145780563E-001,
1.091600000000000E+009,4.552753269672394E-002,4.781140759587288E-002,-9.611120223999023E-001,1.665882766246796E-001,4.552753269672394E-002,4.781140759587288E-002,-9.611120223999023E-001,1.665882766246796E-001,
1.099966666666667E+009,4.454860836267471E-002,3.391760587692261E-002,-9.566530585289002E-001,2.046701312065125E-001,4.454860836267471E-002,3.391760587692261E-002,-9.566530585289002E-001,2.046701312065125E-001,
1.108333333333334E+009,3.630502149462700E-002,2.512238733470440E-002,-9.565956592559815E-001,2.124671489000320E-001,3.630502149462700E-002,2.512238733470440E-002,-9.565956592559815E-001,2.124671489000320E-001,
1.116700000000000E+009,2.579412981867790E-002,2.096699178218842E-002,-9.495275616645813E-001,2.463456541299820E-001,2.579412981867790E-002,2.096699178218842E-002,-9.495275616645813E-001,2.463456541299820E-001,
1.125066666666667E+009,1.446123886853457E-002,2.487422712147236E-002,-9.507777094841003E-001,2.624932527542114E-001,1.446123886853457E-002,2.487422712147236E-002,-9.507777094841003E-001,2.624932527542114E-001,
1.133433333333334E+009,6.342268548905850E-003,3.427592664957047E-002,-9.487862586975098E-001,3.073369264602661E-001,6.342268548905850E-003,3.427592664957047E-002,-9.487862586975098E-001,3.073369264602661E-001,
1.141800000000000E+009,4.560347646474838E-003,4.771973192691803E-002,-9.266668558120728E-001,3.221340775489807E-001,4.560347646474838E-003,4.771973192691803E-002,-9.266668558120728E-001,3.221340775489807E-001,
1.150166666666667E+009,1.312514021992683E-002,6.251355260610580E-002,-9.175539016723633E-001,3.227153122425079E-001,1.312514021992683E-002,6.251355260610580E-002,-9.175539016723633E-001,3.227153122425079E-001,
1.158533333333334E+009,2.834137715399265E-002,7.018937170505524E-002,-9.112896323204041E-001,3.635971844196320E-001,2.834137715399265E-002,7.018937170505524E-002,-9.112896323204041E-001,3.635971844196320E-001,
1.166900000000000E+009,4.701551049947739E-002,7.105058431625366E-002,-8.952915668487549E-001,3.844327032566071E-001,4.701551049947739E-002,7.105058431625366E-002,-8.952915668487549E-001,3.844327032566071E-001,
1.175266666666667E+009,6.260295212268829E-002,6.096543744206429E-002,-8.893924355506897E-001,4.140619039535523E-001,6.260295212268829E-002,6.096543744206429E-002,-8.893924355506897E-001,4.140619039535523E-001,
1.183633333333334E+009,7.423378527164459E-002,4.662746563553810E-002,-8.873869180679321E-001,4.261316359043121E-001,7.423378527164459E-002,4.662746563553810E-002,-8.873869180679321E-001,4.261316359043121E-001,
1.192000000000000E+009,7.411474734544754E-002,2.783428132534027E-002,-8.754134774208069E-001,4.485491514205933E-001,7.411474734544754E-002,2.783428132534027E-002,-8.754134774208069E-001,4.485491514205933E-001,
1.200366666666667E+009,6.459279358386993E-002,1.076404936611652E-002,-8.625500202178955E-001,4.699790179729462E-001,6.459279358386993E-002,1.076404936611652E-002,-8.625500202178955E-001,4.699790179729462E-001,
1.208733333333334E+009,4.945184290409088E-002,1.129804993979633E-003,-8.561878800392151E-001,5.122382640838623E-001,4.945184290409088E-002,1.129804993979633E-003,-8.561878800392151E-001,5.122382640838623E-001,
1.217100000000000E+009,3.310394659638405E-002,1.555706257931888E-003,-8.529359698295593E-001,5.211299657821655E-001,3.310394659638405E-002,1.555706257931888E-003,-8.529359698295593E-001,5.211299657821655E-001,
1.225466666666667E+009,2.020436711609364E-002,1.157244946807623E-002,-8.206772208213806E-001,5.463331341743469E-001,2.020436711609364E-002,1.157244946807623E-002,-8.206772208213806E-001,5.463331341743469E-001,
1.233833333333334E+009,1.511431206017733E-002,2.801089547574520E-002,-8.163015842437744E-001,5.576992630958557E-001,1.511431206017733E-002,2.801089547574520E-002,-8.163015842437744E-001,5.576992630958557E-001,
1.242200000000000E+009,2.289366163313389E-002,4.281655326485634E-002,-7.914841771125794E-001,5.921171307563782E-001,2.289366163313389E-002,4.281655326485634E-002,-7.914841771125794E-001,5.921171307563782E-001,
1.250566666666667E+009,3.549266234040260E-002,5.376694351434708E-002,-7.704408168792725E-001,5.980561375617981E-001,3.549266234040260E-002,5.376694351434708E-002,-7.704408168792725E-001,5.980561375617981E-001,
1.258933333333334E+009,5.599455535411835E-002,5.509484559297562E-002,-7.653010487556458E-001,6.203429102897644E-001,5.599455535411835E-002,5.509484559297562E-002,-7.653010487556458E-001,6.203429102897644E-001,
1.267300000000000E+009,7.533631473779678E-002,4.524860531091690E-002,-7.461075782775879E-001,6.349055171012878E-001,7.533631473779678E-002,4.524860531091690E-002,-7.461075782775879E-001,6.349055171012878E-001,
1.275666666666667E+009,8.466219156980515E-002,2.791994996368885E-002,-7.335481047630310E-001,6.431645154953003E-001,8.466219156980515E-002,2.791994996368885E-002,-7.335481047630310E-001,6.431645154953003E-001,
1.284033333333334E+009,8.692381531000137E-002,7.082660682499409E-003,-7.178593873977661E-001,6.852176189422607E-001,8.692381531000137E-002,7.082660682499409E-003,-7.178593873977661E-001,6.852176189422607E-001,
1.292400000000000E+009,7.644961029291153E-002,-1.195245888084173E-002,-7.059520483016968E-001,6.885953545570374E-001,7.644961029291153E-002,-1.195245888084173E-002,-7.059520483016968E-001,6.885953545570374E-001,
1.300766666666667E+009,5.657787621021271E-002,-2.128324285149574E-002,-6.835515499114990E-001,7.130159139633179E-001,5.657787621021271E-002,-2.128324285149574E-002,-6.835515499114990E-001,7.130159139633179E-001,
1.309133333333334E+009,3.562400490045548E-002,-2.059335075318813E-002,-6.593366265296936E-001,7.274916172027588E-001,3.562400490045548E-002,-2.059335075318813E-002,-6.593366265296936E-001,7.274916172027588E-001,
1.317500000000000E+009,2.043516747653484E-002,-9.422464296221733E-003,-6.474389433860779E-001,7.584742903709412E-001,2.043516747653484E-002,-9.422464296221733E-003,-6.474389433860779E-001,7.584742903709412E-001,
1.325866666666667E+009,1.491622999310494E-002,7.200934458523989E-003,-6.283293962478638E-001,7.732888460159302E-001,1.491622999310494E-002,7.200934458523989E-003,-6.283293962478638E-001,7.732888460159302E-001,
1.334233333333334E+009,2.241832390427589E-002,2.517051436007023E-002,-6.102227568626404E-001,7.793741822242737E-001,2.241832390427589E-002,2.517051436007023E-002,-6.102227568626404E-001,7.793741822242737E-001,
1.342600000000000E+009,3.771533444523811E-002,3.490665555000305E-002,-5.930972695350647E-001,7.965731620788574E-001,3.771533444523811E-002,3.490665555000305E-002,-5.930972695350647E-001,7.965731620788574E-001,
1.350966666666667E+009,5.804568156599999E-002,3.316187486052513E-002,-5.677811503410339E-001,8.098713755607605E-001,5.804568156599999E-002,3.316187486052513E-002,-5.677811503410339E-001,8.098713755607605E-001,
1.359333333333334E+009,7.352097332477570E-002,2.057658322155476E-002,-5.540629029273987E-001,8.102151751518250E-001,7.352097332477570E-002,2.057658322155476E-002,-5.540629029273987E-001,8.102151751518250E-001,
1.367700000000000E+009,8.013581484556198E-002,1.407727133482695E-003,-5.201766490936279E-001,8.293879032135010E-001,8.013581484556198E-002,1.407727133482695E-003,-5.201766490936279E-001,8.293879032135010E-001,
1.376066666666667E+009,7.679373025894165E-002,-2.054044790565968E-002,-5.049124956130981E-001,8.386147022247315E-001,7.679373025894165E-002,-2.054044790565968E-002,-5.049124956130981E-001,8.386147022247315E-001,
1.384433333333334E+009,5.976916849613190E-002,-3.625371307134628E-002,-4.901800155639648E-001,8.693213462829590E-001,5.976916849613190E-002,-3.625371307134628E-002,-4.901800155639648E-001,8.693213462829590E-001,
1.392800000000000E+009,3.838123381137848E-002,-3.936495259404182E-002,-4.686491191387177E-001,8.775385618209839E-001,3.838123381137848E-002,-3.936495259404182E-002,-4.686491191387177E-001,8.775385618209839E-001,
1.401166666666667E+009,1.675561629235745E-002,-3.277850896120071E-002,-4.425429403781891E-001,8.850222229957581E-001,1.675561629235745E-002,-3.277850896120071E-002,-4.425429403781891E-001,8.850222229957581E-001,
1.409533333333334E+009,1.949663506820798E-003,-1.550701446831226E-002,-4.142121076583862E-001,8.996501564979553E-001,1.949663506820798E-003,-1.550701446831226E-002,-4.142121076583862E-001,8.996501564979553E-001,
1.417900000000000E+009,1.165674882940948E-003,7.599610369652510E-003,-3.953955471515656E-001,8.957612514495850E-001,1.165674882940948E-003,7.599610369652510E-003,-3.953955471515656E-001,8.957612514495850E-001,
1.426266666666667E+009,1.086384523659945E-002,2.494900114834309E-002,-3.592766523361206E-001,9.235525131225586E-001,1.086384523659945E-002,2.494900114834309E-002,-3.592766523361206E-001,9.235525131225586E-001,
1.434633333333334E+009,3.093848377466202E-002,3.423423320055008E-002,-3.494173288345337E-001,9.184094071388245E-001,3.093848377466202E-002,3.423423320055008E-002,-3.494173288345337E-001,9.184094071388245E-001,
1.443000000000000E+009,5.176075175404549E-002,3.250117599964142E-002,-3.252592682838440E-001,9.269725084304810E-001,5.176075175404549E-002,3.250117599964142E-002,-3.252592682838440E-001,9.269725084304810E-001,
1.451366666666667E+009,6.862176209688187E-002,1.789466291666031E-002,-2.985932230949402E-001,9.279297590255737E-001,6.862176209688187E-002,1.789466291666031E-002,-2.985932230949402E-001,9.279297590255737E-001,
1.459733333333334E+009,7.628133147954941E-002,-1.702719135209918E-003,-2.734496593475342E-001,9.553136229515076E-001,7.628133147954941E-002,-1.702719135209918E-003,-2.734496593475342E-001,9.553136229515076E-001,
1.468100000000000E+009,7.377544790506363E-002,-2.371987886726856E-002,-2.564144134521484E-001,9.548736214637756E-001,7.377544790506363E-002,-2.371987886726856E-002,-2.564144134521484E-001,9.548736214637756E-001,
1.476466666666667E+009,5.465486273169518E-002,-3.862622752785683E-002,-2.279919981956482E-001,9.598250985145569E-001,5.465486273169518E-002,-3.862622752785683E-002,-2.279919981956482E-001,9.598250985145569E-001,
1.484833333333334E+009,3.307789564132690E-002,-4.033492133021355E-002,-2.032185792922974E-001,9.679722785949707E-001,3.307789564132690E-002,-4.033492133021355E-002,-2.032185792922974E-001,9.679722785949707E-001,
1.493200000000000E+009,1.279884669929743E-002,-3.272519633173943E-002,-1.842806190252304E-001,9.706484079360962E-001,1.279884669929743E-002,-3.272519633173943E-002,-1.842806190252304E-001,9.706484079360962E-001,
1.501566666666667E+009,3.069031285122037E-003,-1.334505621343851E-002,-1.575258523225784E-001,9.799861907958984E-001,3.069031285122037E-003,-1.334505621343851E-002,-1.575258523225784E-001,9.799861907958984E-001,
1.509933333333334E+009,1.929243677295744E-003,7.417254615575075E-003,-1.275443285703659E-001,9.847856760025024E-001,1.929243677295744E-003,7.417254615575075E-003,-1.275443285703659E-001,9.847856760025024E-001,
1.518300000000000E+009,1.432953774929047E-002,2.564394287765026E-002,-1.091457158327103E-001,9.794721603393555E-001,1.432953774929047E-002,2.564394287765026E-002,-1.091457158327103E-001,9.794721603393555E-001,
1.526666666666667E+009,3.322076797485352E-002,3.274314850568771E-002,-9.085278213024139E-002,9.650998711585999E-001,3.322076797485352E-002,3.274314850568771E-002,-9.085278213024139E-002,9.650998711585999E-001,
1.535033333333334E+009,5.416868254542351E-002,2.777723595499992E-002,-5.508145689964294E-002,9.806917309761047E-001,5.416868254542351E-002,2.777723595499992E-002,-5.508145689964294E-002,9.806917309761047E-001,
1.543400000000000E+009,7.066612690687180E-002,1.299879048019648E-002,-3.025236167013645E-002,9.843599200248718E-001,7.066612690687180E-002,1.299879048019648E-002,-3.025236167013645E-002,9.843599200248718E-001,
1.551766666666667E+009,7.640152424573898E-002,-7.305818144232035E-003,-4.650416318327189E-003,9.830303192138672E-001,7.640152424573898E-002,-7.305818144232035E-003,-4.650416318327189E-003,9.830303192138672E-001,
1.560133333333334E+009,6.854560226202011E-002,-2.876970730721951E-002,1.855371892452240E-002,9.889804124832153E-001,6.854560226202011E-002,-2.876970730721951E-002,1.855371892452240E-002,9.889804124832153E-001,
1.568500000000000E+009,5.401165410876274E-002,-4.074796661734581E-002,4.595731571316719E-002,9.802508950233460E-001,5.401165410876274E-002,-4.074796661734581E-002,4.595731571316719E-002,9.802508950233460E-001,
1.576866666666667E+009,3.456907346844673E-002,-4.522975906729698E-002,5.910185351967812E-002,9.844138622283936E-001,3.456907346844673E-002,-4.522975906729698E-002,5.910185351967812E-002,9.844138622283936E-001,
1.585233333333334E+009,1.868080906569958E-002,-3.726735711097717E-002,8.924511820077896E-002,9.783761501312256E-001,1.868080906569958E-002,-3.726735711097717E-002,8.924511820077896E-002,9.783761501312256E-001,
1.593600000000000E+009,9.644147939980030E-003,-2.033182419836521E-002,1.118452623486519E-001,9.832056760787964E-001,9.644147939980030E-003,-2.033182419836521E-002,1.118452623486519E-001,9.832056760787964E-001,
1.601966666666667E+009,1.129336189478636E-002,-8.617725688964129E-004,1.419718563556671E-001,9.827299118041992E-001,1.129336189478636E-002,-8.617725688964129E-004,1.419718563556671E-001,9.827299118041992E-001,
1.610333333333334E+009,2.206753939390183E-002,1.410696096718311E-002,1.699489057064056E-001,9.744148254394531E-001,2.206753939390183E-002,1.410696096718311E-002,1.699489057064056E-001,9.744148254394531E-001,
1.618700000000000E+009,3.839751332998276E-002,1.754015684127808E-002,1.926493793725967E-001,9.664704203605652E-001,3.839751332998276E-002,1.754015684127808E-002,1.926493793725967E-001,9.664704203605652E-001,
1.627066666666667E+009,5.399379506707192E-002,1.153775490820408E-002,2.098437845706940E-001,9.642676711082459E-001,5.399379506707192E-002,1.153775490820408E-002,2.098437845706940E-001,9.642676711082459E-001,
1.635433333333334E+009,6.419014185667038E-002,-1.579515868797898E-003,2.483505606651306E-001,9.476872682571411E-001,6.419014185667038E-002,-1.579515868797898E-003,2.483505606651306E-001,9.476872682571411E-001,
1.643800000000000E+009,6.554320454597473E-002,-1.997703872621059E-002,2.596167325973511E-001,9.502736926078796E-001,6.554320454597473E-002,-1.997703872621059E-002,2.596167325973511E-001,9.502736926078796E-001,
1.652166666666667E+009,5.909856036305428E-002,-3.656845167279244E-002,2.850767672061920E-001,9.409985542297363E-001,5.909856036305428E-002,-3.656845167279244E-002,2.850767672061920E-001,9.409985542297363E-001,
1.660533333333334E+009,4.624334722757340E-002,-4.492296651005745E-002,3.119927942752838E-001,9.281369447708130E-001,4.624334722757340E-002,-4.492296651005745E-002,3.119927942752838E-001,9.281369447708130E-001,
1.668900000000000E+009,2.868480049073696E-002,-4.608394950628281E-002,3.407357633113861E-001,9.407780170440674E-001,2.868480049073696E-002,-4.608394950628281E-002,3.407357633113861E-001,9.407780170440674E-001,
1.677266666666667E+009,1.618589088320732E-002,-3.557956963777542E-002,3.599209785461426E-001,9.239550232887268E-001,1.618589088320732E-002,-3.557956963777542E-002,3.599209785461426E-001,9.239550232887268E-001,
1.685633333333334E+009,1.178454980254173E-002,-2.127826213836670E-002,3.770532608032227E-001,9.104461073875427E-001,1.178454980254173E-002,-2.127826213836670E-002,3.770532608032227E-001,9.104461073875427E-001,
1.694000000000000E+009,1.415350474417210E-002,-5.303777754306793E-003,4.011995792388916E-001,9.014322757720947E-001,1.415350474417210E-002,-5.303777754306793E-003,4.011995792388916E-001,9.014322757720947E-001,
1.702366666666667E+009,2.815373614430428E-002,6.100837606936693E-003,4.253048598766327E-001,8.889811038970947E-001,2.815373614430428E-002,6.100837606936693E-003,4.253048598766327E-001,8.889811038970947E-001,
1.710733333333334E+009,4.369685426354408E-002,9.533037431538105E-003,4.454064369201660E-001,8.723093271255493E-001,4.369685426354408E-002,9.533037431538105E-003,4.454064369201660E-001,8.723093271255493E-001,
1.719100000000000E+009,5.931857973337174E-002,3.337132278829813E-003,4.763002991676331E-001,8.649632334709168E-001,5.931857973337174E-002,3.337132278829813E-003,4.763002991676331E-001,8.649632334709168E-001,
1.727466666666667E+009,6.781310588121414E-002,-1.089781802147627E-002,4.934648275375366E-001,8.497530817985535E-001,6.781310588121414E-002,-1.089781802147627E-002,4.934648275375366E-001,8.497530817985535E-001,
1.735833333333334E+009,7.122398912906647E-002,-2.816047519445419E-002,5.108668208122253E-001,8.410633802413940E-001,7.122398912906647E-002,-2.816047519445419E-002,5.108668208122253E-001,8.410633802413940E-001,
1.744200000000000E+009,6.543471664190292E-002,-4.481948912143707E-002,5.333458185195923E-001,8.414965867996216E-001,6.543471664190292E-002,-4.481948912143707E-002,5.333458185195923E-001,8.414965867996216E-001,
1.752566666666667E+009,5.399893969297409E-002,-5.704176425933838E-002,5.533810853958130E-001,8.079397082328796E-001,5.399893969297409E-002,-5.704176425933838E-002,5.533810853958130E-001,8.079397082328796E-001,
1.760933333333334E+009,3.853239491581917E-002,-6.186057627201080E-002,5.727690458297730E-001,7.952045202255249E-001,3.853239491581917E-002,-6.186057627201080E-002,5.727690458297730E-001,7.952045202255249E-001,
1.769300000000000E+009,2.428781054913998E-002,-5.881685763597488E-002,5.992041826248169E-001,7.872964739799500E-001,2.428781054913998E-002,-5.881685763597488E-002,5.992041826248169E-001,7.872964739799500E-001,
1.777666666666667E+009,1.405208371579647E-002,-4.932398349046707E-002,6.205857396125794E-001,7.647435665130615E-001,1.405208371579647E-002,-4.932398349046707E-002,6.205857396125794E-001,7.647435665130615E-001,
1.786033333333334E+009,9.754675440490246E-003,-3.664774075150490E-002,6.318010687828064E-001,7.520825862884522E-001,9.754675440490246E-003,-3.664774075150490E-002,6.318010687828064E-001,7.520825862884522E-001,
1.794400000000000E+009,1.467500068247318E-002,-2.453012205660343E-002,6.553694009780884E-001,7.371163368225098E-001,1.467500068247318E-002,-2.453012205660343E-002,6.553694009780884E-001,7.371163368225098E-001,
1.802766666666667E+009,2.305200882256031E-002,-1.729821786284447E-002,6.726351976394653E-001,7.201877236366272E-001,2.305200882256031E-002,-1.729821786284447E-002,6.726351976394653E-001,7.201877236366272E-001,
1.811133333333334E+009,3.366522118449211E-002,-1.530805509537458E-002,6.922639012336731E-001,7.017364501953125E-001,3.366522118449211E-002,-1.530805509537458E-002,6.922639012336731E-001,7.017364501953125E-001,
1.819500000000000E+009,4.200729727745056E-002,-1.951003074645996E-002,7.147894501686096E-001,6.863938570022583E-001,4.200729727745056E-002,-1.951003074645996E-002,7.147894501686096E-001,6.863938570022583E-001,
1.827866666666667E+009,4.811329022049904E-002,-2.823543362319470E-002,7.264838814735413E-001,6.648467183113098E-001,4.811329022049904E-002,-2.823543362319470E-002,7.264838814735413E-001,6.648467183113098E-001,
1.836233333333334E+009,4.781604930758476E-002,-3.735725581645966E-002,7.432542443275452E-001,6.459038257598877E-001,4.781604930758476E-002,-3.735725581645966E-002,7.432542443275452E-001,6.459038257598877E-001,
1.844600000000000E+009,4.286610707640648E-002,-4.650386050343514E-002,7.454333305358887E-001,6.315180063247681E-001,4.286610707640648E-002,-4.650386050343514E-002,7.454333305358887E-001,6.315180063247681E-001,
1.852966666666667E+009,3.501171991229057E-002,-5.370006337761879E-002,7.720463871955872E-001,6.090880036354065E-001,3.501171991229057E-002,-5.370006337761879E-002,7.720463871955872E-001,6.090880036354065E-001,
1.861333333333334E+009,2.515759877860546E-002,-5.483751371502876E-002,7.842131853103638E-001,5.864342451095581E-001,2.515759877860546E-002,-5.483751371502876E-002,7.842131853103638E-001,5.864342451095581E-001,
1.869700000000000E+009,1.808762177824974E-002,-4.916190728545189E-002,8.055384159088135E-001,5.674768686294556E-001,1.808762177824974E-002,-4.916190728545189E-002,8.055384159088135E-001,5.674768686294556E-001,
1.878066666666667E+009,1.564570143818855E-002,-4.380739480257034E-002,8.125543594360352E-001,5.485973954200745E-001,1.564570143818855E-002,-4.380739480257034E-002,8.125543594360352E-001,5.485973954200745E-001,
1.886433333333334E+009,1.611500792205334E-002,-3.498783335089684E-002,8.447127938270569E-001,5.186123251914978E-001,1.611500792205334E-002,-3.498783335089684E-002,8.447127938270569E-001,5.186123251914978E-001,
1.894800000000000E+009,2.237464673817158E-002,-2.789247035980225E-002,8.505989313125610E-001,5.069971680641174E-001,2.237464673817158E-002,-2.789247035980225E-002,8.505989313125610E-001,5.069971680641174E-001,
1.903166666666667E+009,3.106695599853993E-002,-2.497506327927113E-002,8.543142676353455E-001,4.823250770568848E-001,3.106695599853993E-002,-2.497506327927113E-002,8.543142676353455E-001,4.823250770568848E-001,
1.911533333333334E+009,4.190201312303543E-002,-2.748553827404976E-002,8.673477172851563E-001,4.624592065811157E-001,4.190201312303543E-002,-2.748553827404976E-002,8.673477172851563E-001,4.624592065811157E-001,
1.919900000000000E+009,4.799244552850723E-002,-3.548526391386986E-002,8.877770304679871E-001,4.385227262973785E-001,4.799244552850723E-002,-3.548526391386986E-002,8.877770304679871E-001,4.385227262973785E-001,
1.928266666666667E+009,5.228012055158615E-002,-4.593478888273239E-002,8.911339044570923E-001,4.145554602146149E-001,5.228012055158615E-002,-4.593478888273239E-002,8.911339044570923E-001,4.145554602146149E-001,
1.936633333333334E+009,4.731171950697899E-002,-5.904721841216087E-002,9.020714759826660E-001,3.940575718879700E-001,4.731171950697899E-002,-5.904721841216087E-002,9.020714759826660E-001,3.940575718879700E-001,
1.945000000000000E+009,3.907114267349243E-002,-6.891825795173645E-002,9.041209816932678E-001,3.723478317260742E-001,3.907114267349243E-002,-6.891825795173645E-002,9.041209816932678E-001,3.723478317260742E-001,
1.953366666666667E+009,2.744332700967789E-002,-7.470228523015976E-002,9.102101922035217E-001,3.550750613212585E-001,2.744332700967789E-002,-7.470228523015976E-002,9.102101922035217E-001,3.550750613212585E-001,
1.961733333333334E+009,1.385872159153223E-002,-7.348719984292984E-002,9.366763830184937E-001,3.253176510334015E-001,1.385872159153223E-002,-7.348719984292984E-002,9.366763830184937E-001,3.253176510334015E-001,
1.970100000000000E+009,4.130428656935692E-003,-6.599934399127960E-002,9.345896244049072E-001,2.993044257164002E-001,4.130428656935692E-003,-6.599934399127960E-002,9.345896244049072E-001,2.993044257164002E-001,
1.978466666666667E+009,-5.646332865580916E-004,-5.429174378514290E-002,9.426068067550659E-001,2.830574512481690E-001,-5.646332865580916E-004,-5.429174378514290E-002,9.426068067550659E-001,2.830574512481690E-001,
1.986833333333334E+009,3.335918532684445E-003,-4.309147968888283E-002,9.454572796821594E-001,2.586857974529266E-001,3.335918532684445E-003,-4.309147968888283E-002,9.454572796821594E-001,2.586857974529266E-001,
1.995200000000000E+009,1.314389053732157E-002,-3.312781080603600E-002,9.593557119369507E-001,2.290607243776321E-001,1.314389053732157E-002,-3.312781080603600E-002,9.593557119369507E-001,2.290607243776321E-001,
2.003566666666667E+009,2.617686428129673E-002,-3.068352676928043E-002,9.679579138755798E-001,2.094182372093201E-001,2.617686428129673E-002,-3.068352676928043E-002,9.679579138755798E-001,2.094182372093201E-001,
2.011933333333334E+009,4.069571942090988E-002,-3.744739294052124E-002,9.702988266944885E-001,1.790246963500977E-001,4.069571942090988E-002,-3.744739294052124E-002,9.702988266944885E-001,1.790246963500977E-001,
2.020300000000000E+009,4.829730838537216E-002,-4.934072867035866E-002,9.724645614624023E-001,1.520109921693802E-001,4.829730838537216E-002,-4.934072867035866E-002,9.724645614624023E-001,1.520109921693802E-001,
2.028666666666667E+009,5.033702030777931E-002,-6.563475728034973E-002,9.780123829841614E-001,1.286826133728027E-001,5.033702030777931E-002,-6.563475728034973E-002,9.780123829841614E-001,1.286826133728027E-001,
2.037033333333334E+009,4.101908206939697E-002,-8.093310892581940E-002,9.788715243339539E-001,9.799140691757202E-002,4.101908206939697E-002,-8.093310892581940E-002,9.788715243339539E-001,9.799140691757202E-002,
2.045400000000000E+009,2.688801288604736E-002,-9.153439104557037E-002,9.790609478950501E-001,7.314844429492950E-002,2.688801288604736E-002,-9.153439104557037E-002,9.790609478950501E-001,7.314844429492950E-002,
2.053766666666667E+009,8.297479711472988E-003,-9.445529431104660E-002,9.673371911048889E-001,4.975994676351547E-002,8.297479711472988E-003,-9.445529431104660E-002,9.673371911048889E-001,4.975994676351547E-002,
2.062133333333334E+009,-7.108126301318407E-003,-8.828079700469971E-002,9.768719673156738E-001,3.547490388154984E-002,-7.108126301318407E-003,-8.828079700469971E-002,9.768719673156738E-001,3.547490388154984E-002,
2.070500000000000E+009,-1.372795365750790E-002,-7.342175394296646E-002,9.775595068931580E-001,3.960124216973782E-003,-1.372795365750790E-002,-7.342175394296646E-002,9.775595068931580E-001,3.960124216973782E-003,
2.078866666666667E+009,-1.441000681370497E-002,-5.844029411673546E-002,9.922369122505188E-001,-1.476422417908907E-002,-1.441000681370497E-002,-5.844029411673546E-002,9.922369122505188E-001,-1.476422417908907E-002,
2.087233333333334E+009,-2.877086866647005E-003,-4.728412628173828E-002,9.884799718856812E-001,-4.523693025112152E-002,-2.877086866647005E-003,-4.728412628173828E-002,9.884799718856812E-001,-4.523693025112152E-002,
2.095600000000000E+009,1.413711160421372E-002,-4.362456500530243E-002,9.865626692771912E-001,-8.255627006292343E-002,1.413711160421372E-002,-4.362456500530243E-002,9.865626692771912E-001,-8.255627006292343E-002,
2.103966666666667E+009,3.184077516198158E-002,-5.141772702336311E-002,9.869097471237183E-001,-1.019361913204193E-001,3.184077516198158E-002,-5.141772702336311E-002,9.869097471237183E-001,-1.019361913204193E-001,
2.112333333333334E+009,4.229810461401939E-002,-6.790881603956223E-002,9.739981293678284E-001,-1.239866688847542E-001,4.229810461401939E-002,-6.790881603956223E-002,9.739981293678284E-001,-1.239866688847542E-001,
2.120700000000000E+009,4.150681942701340E-002,-9.132112562656403E-002,9.741655588150024E-001,-1.521677225828171E-001,4.150681942701340E-002,-9.132112562656403E-002,9.741655588150024E-001,-1.521677225828171E-001,
2.129066666666667E+009,2.945483662188053E-002,-1.092101559042931E-001,9.652155637741089E-001,-1.792932003736496E-001,2.945483662188053E-002,-1.092101559042931E-001,9.652155637741089E-001,-1.792932003736496E-001,
2.137433333333334E+009,7.259966339915991E-003,-1.209952309727669E-001,9.582330584526062E-001,-2.047362923622131E-001,7.259966339915991E-003,-1.209952309727669E-001,9.582330584526062E-001,-2.047362923622131E-001,
2.145800000000000E+009,-1.847312226891518E-002,-1.231644004583359E-001,9.541695713996887E-001,-2.194105535745621E-001,-1.847312226891518E-002,-1.231644004583359E-001,9.541695713996887E-001,-2.194105535745621E-001,
2.154166666666667E+009,-3.899993747472763E-002,-1.112043857574463E-001,9.460740685462952E-001,-2.380381673574448E-001,-3.899993747472763E-002,-1.112043857574463E-001,9.460740685462952E-001,-2.380381673574448E-001,
2.162533333333334E+009,-5.532213672995567E-002,-8.979922533035278E-002,9.500131011009216E-001,-2.573966681957245E-001,-5.532213672995567E-002,-8.979922533035278E-002,9.500131011009216E-001,-2.573966681957245E-001,
2.170900000000000E+009,-5.384282767772675E-002,-6.785716116428375E-002,9.403198361396790E-001,-2.841782867908478E-001,-5.384282767772675E-002,-6.785716116428375E-002,9.403198361396790E-001,-2.841782867908478E-001,
2.179266666666667E+009,-3.922169283032417E-002,-5.017913132905960E-002,9.254879951477051E-001,-3.140399456024170E-001,-3.922169283032417E-002,-5.017913132905960E-002,9.254879951477051E-001,-3.140399456024170E-001,
2.187633333333334E+009,-1.775365695357323E-002,-4.367216303944588E-002,9.195824265480042E-001,-3.356121778488159E-001,-1.775365695357323E-002,-4.367216303944588E-002,9.195824265480042E-001,-3.356121778488159E-001,
2.196000000000000E+009,6.600600667297840E-003,-5.239659175276756E-002,9.059767127037048E-001,-3.579519093036652E-001,6.600600667297840E-003,-5.239659175276756E-002,9.059767127037048E-001,-3.579519093036652E-001,
2.204366666666667E+009,1.957101561129093E-002,-7.324150204658508E-002,9.067873954772949E-001,-3.799511194229126E-001,1.957101561129093E-002,-7.324150204658508E-002,9.067873954772949E-001,-3.799511194229126E-001,
2.212733333333334E+009,2.073537930846214E-002,-9.584905952215195E-002,8.859915733337402E-001,-4.137152135372162E-001,2.073537930846214E-002,-9.584905952215195E-002,8.859915733337402E-001,-4.137152135372162E-001,
2.221100000000000E+009,4.537698347121477E-003,-1.190319582819939E-001,8.795017004013062E-001,-4.310510456562042E-001,4.537698347121477E-003,-1.190319582819939E-001,8.795017004013062E-001,-4.310510456562042E-001,
2.229466666666667E+009,-1.948646083474159E-002,-1.316538155078888E-001,8.564999103546143E-001,-4.509010016918182E-001,-1.948646083474159E-002,-1.316538155078888E-001,8.564999103546143E-001,-4.509010016918182E-001,
2.237833333333334E+009,-4.851669073104858E-002,-1.296436786651611E-001,8.482931852340698E-001,-4.701335728168488E-001,-4.851669073104858E-002,-1.296436786651611E-001,8.482931852340698E-001,-4.701335728168488E-001,
2.246200000000000E+009,-7.394582033157349E-002,-1.149759143590927E-001,8.422964811325073E-001,-4.908170104026794E-001,-7.394582033157349E-002,-1.149759143590927E-001,8.422964811325073E-001,-4.908170104026794E-001,
2.254566666666667E+009,-8.730045706033707E-002,-8.875455707311630E-002,8.300877213478088E-001,-5.114017724990845E-001,-8.730045706033707E-002,-8.875455707311630E-002,8.300877213478088E-001,-5.114017724990845E-001,
2.262933333333334E+009,-8.444199711084366E-002,-6.513226032257080E-002,8.207968473434448E-001,-5.341227054595947E-001,-8.444199711084366E-002,-6.513226032257080E-002,8.207968473434448E-001,-5.341227054595947E-001,
2.271300000000000E+009,-7.011970132589340E-002,-4.612120240926743E-002,7.991405725479126E-001,-5.631377696990967E-001,-7.011970132589340E-002,-4.612120240926743E-002,7.991405725479126E-001,-5.631377696990967E-001,
2.279666666666667E+009,-4.793849959969521E-002,-4.071583971381187E-002,7.969884872436523E-001,-5.780750513076782E-001,-4.793849959969521E-002,-4.071583971381187E-002,7.969884872436523E-001,-5.780750513076782E-001,
2.288033333333334E+009,-2.701658755540848E-002,-5.066073685884476E-002,7.796146869659424E-001,-5.995441079139710E-001,-2.701658755540848E-002,-5.066073685884476E-002,7.796146869659424E-001,-5.995441079139710E-001,
2.296400000000000E+009,-1.471440866589546E-002,-7.024152576923370E-002,7.576767802238464E-001,-6.193174719810486E-001,-1.471440866589546E-002,-7.024152576923370E-002,7.576767802238464E-001,-6.193174719810486E-001,
2.304766666666667E+009,-1.564272120594978E-002,-9.477631002664566E-002,7.418327331542969E-001,-6.409630775451660E-001,-1.564272120594978E-002,-9.477631002664566E-002,7.418327331542969E-001,-6.409630775451660E-001,
2.313133333333334E+009,-3.476187214255333E-002,-1.150251328945160E-001,7.249057888984680E-001,-6.548175811767578E-001,-3.476187214255333E-002,-1.150251328945160E-001,7.249057888984680E-001,-6.548175811767578E-001,
2.321500000000000E+009,-6.070858240127564E-002,-1.210676729679108E-001,7.150973677635193E-001,-6.688928008079529E-001,-6.070858240127564E-002,-1.210676729679108E-001,7.150973677635193E-001,-6.688928008079529E-001,
2.329866666666667E+009,-8.672346174716950E-002,-1.109129711985588E-001,6.859730482101440E-001,-6.872074007987976E-001,-8.672346174716950E-002,-1.109129711985588E-001,6.859730482101440E-001,-6.872074007987976E-001,
2.338233333333334E+009,-1.089433506131172E-001,-8.978547900915146E-002,6.744691133499146E-001,-7.039815783500671E-001,-1.089433506131172E-001,-8.978547900915146E-002,6.744691133499146E-001,-7.039815783500671E-001,
2.346600000000000E+009,-1.120005920529366E-001,-6.151141971349716E-002,6.570410132408142E-001,-7.113123536109924E-001,-1.120005920529366E-001,-6.151141971349716E-002,6.570410132408142E-001,-7.113123536109924E-001,
2.354966666666667E+009,-1.016610488295555E-001,-3.465219959616661E-002,6.463750004768372E-001,-7.444891333580017E-001,-1.016610488295555E-001,-3.465219959616661E-002,6.463750004768372E-001,-7.444891333580017E-001,
2.363333333333334E+009,-7.816451787948608E-002,-2.166973054409027E-002,6.236771345138550E-001,-7.596712708473206E-001,-7.816451787948608E-002,-2.166973054409027E-002,6.236771345138550E-001,-7.596712708473206E-001,
2.371700000000000E+009,-4.993407428264618E-002,-2.694501355290413E-002,6.098689436912537E-001,-7.769991755485535E-001,-4.993407428264618E-002,-2.694501355290413E-002,6.098689436912537E-001,-7.769991755485535E-001,
2.380066666666667E+009,-3.086916543543339E-002,-4.822195693850517E-002,5.852304100990295E-001,-7.929447293281555E-001,-3.086916543543339E-002,-4.822195693850517E-002,5.852304100990295E-001,-7.929447293281555E-001,
2.388433333333334E+009,-2.376313507556915E-002,-8.209607750177383E-002,5.625000596046448E-001,-8.080317974090576E-001,-2.376313507556915E-002,-8.209607750177383E-002,5.625000596046448E-001,-8.080317974090576E-001,
2.396800000000000E+009,-3.857572004199028E-002,-1.140866726636887E-001,5.384760499000549E-001,-8.207155466079712E-001,-3.857572004199028E-002,-1.140866726636887E-001,5.384760499000549E-001,-8.207155466079712E-001,
2.405166666666667E+009,-6.818604469299316E-002,-1.344403475522995E-001,5.090489983558655E-001,-8.339300155639648E-001,-6.818604469299316E-002,-1.344403475522995E-001,5.090489983558655E-001,-8.339300155639648E-001,
2.413533333333334E+009,-1.076418682932854E-001,-1.370700150728226E-001,4.863692224025726E-001,-8.447256088256836E-001,-1.076418682932854E-001,-1.370700150728226E-001,4.863692224025726E-001,-8.447256088256836E-001,
2.421900000000000E+009,-1.448710262775421E-001,-1.179483830928803E-001,4.693639874458313E-001,-8.564229011535645E-001,-1.448710262775421E-001,-1.179483830928803E-001,4.693639874458313E-001,-8.564229011535645E-001,
2.430266666666667E+009,-1.714451014995575E-001,-8.344986289739609E-002,4.490155279636383E-001,-8.543307781219482E-001,-1.714451014995575E-001,-8.344986289739609E-002,4.490155279636383E-001,-8.543307781219482E-001,
2.438633333333334E+009,-1.792235374450684E-001,-4.049964249134064E-002,4.347068071365356E-001,-8.637812733650208E-001,-1.792235374450684E-001,-4.049964249134064E-002,4.347068071365356E-001,-8.637812733650208E-001,
2.447000000000000E+009,-1.644611209630966E-001,-7.084485841915011E-004,4.139910638332367E-001,-8.765802979469299E-001,-1.644611209630966E-001,-7.084485841915011E-004,4.139910638332367E-001,-8.765802979469299E-001,
2.455366666666667E+009,-1.350523382425308E-001,2.435584552586079E-002,4.023885726928711E-001,-8.931292891502380E-001,-1.350523382425308E-001,2.435584552586079E-002,4.023885726928711E-001,-8.931292891502380E-001,
2.463733333333334E+009,-9.873192012310028E-002,2.756043337285519E-002,3.692528307437897E-001,-9.113291501998901E-001,-9.873192012310028E-002,2.756043337285519E-002,3.692528307437897E-001,-9.113291501998901E-001,
2.472100000000000E+009,-6.847818195819855E-002,1.302916835993528E-002,3.511361479759216E-001,-9.196271896362305E-001,-6.847818195819855E-002,1.302916835993528E-002,3.511361479759216E-001,-9.196271896362305E-001,
2.480466666666667E+009,-5.471959710121155E-002,-1.895532198250294E-002,3.122650086879730E-001,-9.293631911277771E-001,-5.471959710121155E-002,-1.895532198250294E-002,3.122650086879730E-001,-9.293631911277771E-001,
2.488833333333334E+009,-5.975573509931564E-002,-5.206196010112763E-002,2.851389944553375E-001,-9.433674812316895E-001,-5.975573509931564E-002,-5.206196010112763E-002,2.851389944553375E-001,-9.433674812316895E-001,
2.497200000000000E+009,-8.272049576044083E-002,-7.648260146379471E-002,2.665590047836304E-001,-9.404209852218628E-001,-8.272049576044083E-002,-7.648260146379471E-002,2.665590047836304E-001,-9.404209852218628E-001,
2.505566666666667E+009,-1.176171079277992E-001,-8.176995068788528E-002,2.432682514190674E-001,-9.446179270744324E-001,-1.176171079277992E-001,-8.176995068788528E-002,2.432682514190674E-001,-9.446179270744324E-001,
2.513933333333334E+009,-1.472508907318115E-001,-6.806837022304535E-002,2.155035138130188E-001,-9.470883607864380E-001,-1.472508907318115E-001,-6.806837022304535E-002,2.155035138130188E-001,-9.470883607864380E-001,
2.522300000000000E+009,-1.671834737062454E-001,-3.491893038153648E-002,1.973520219326019E-001,-9.543308019638062E-001,-1.671834737062454E-001,-3.491893038153648E-002,1.973520219326019E-001,-9.543308019638062E-001,
2.530666666666667E+009,-1.683609634637833E-001,5.032041226513684E-004,1.741287708282471E-001,-9.620859026908875E-001,-1.683609634637833E-001,5.032041226513684E-004,1.741287708282471E-001,-9.620859026908875E-001,
2.539033333333334E+009,-1.543858498334885E-001,3.350595384836197E-002,1.539025753736496E-001,-9.679480791091919E-001,-1.543858498334885E-001,3.350595384836197E-002,1.539025753736496E-001,-9.679480791091919E-001,
2.547400000000000E+009,-1.250809580087662E-001,5.336594954133034E-002,1.323126256465912E-001,-9.708309769630432E-001,-1.250809580087662E-001,5.336594954133034E-002,1.323126256465912E-001,-9.708309769630432E-001,
2.555766666666667E+009,-9.251770377159119E-002,5.207606032490730E-002,1.053312420845032E-001,-9.820769429206848E-001,-9.251770377159119E-002,5.207606032490730E-002,1.053312420845032E-001,-9.820769429206848E-001,
2.564133333333334E+009,-6.685858219861984E-002,3.274940326809883E-002,7.717227935791016E-002,-9.831292629241943E-001,-6.685858219861984E-002,3.274940326809883E-002,7.717227935791016E-002,-9.831292629241943E-001,
2.572500000000000E+009,-5.945312976837158E-002,1.192969270050526E-003,5.124840512871742E-002,-9.871416687965393E-001,-5.945312976837158E-002,1.192969270050526E-003,5.124840512871742E-002,-9.871416687965393E-001,
2.580866666666667E+009,-7.063072174787521E-002,-3.026419691741467E-002,2.053302712738514E-002,-9.861827492713928E-001,-7.063072174787521E-002,-3.026419691741467E-002,2.053302712738514E-002,-9.861827492713928E-001,
2.589233333333334E+009,-9.934811294078827E-002,-4.994520917534828E-002,-3.951024729758501E-003,-9.852384328842163E-001,-9.934811294078827E-002,-4.994520917534828E-002,-3.951024729758501E-003,-9.852384328842163E-001,
2.597600000000000E+009,-1.348133385181427E-001,-5.230756103992462E-002,-3.064173646271229E-002,-9.782652258872986E-001,-1.348133385181427E-001,-5.230756103992462E-002,-3.064173646271229E-002,-9.782652258872986E-001,
2.605966666666667E+009,-1.666805595159531E-001,-3.439650312066078E-002,-5.043010041117668E-002,-9.784662127494812E-001,-1.666805595159531E-001,-3.439650312066078E-002,-5.043010041117668E-002,-9.784662127494812E-001,
2.614333333333334E+009,-1.848983317613602E-001,-1.777174766175449E-003,-7.667899131774902E-002,-9.715014696121216E-001,-1.848983317613602E-001,-1.777174766175449E-003,-7.667899131774902E-002,-9.715014696121216E-001,
2.622700000000000E+009,-1.835069954395294E-001,3.703615814447403E-002,-8.676289767026901E-002,-9.651855826377869E-001,-1.835069954395294E-001,3.703615814447403E-002,-8.676289767026901E-002,-9.651855826377869E-001,
2.631066666666667E+009,-1.643161773681641E-001,7.127030193805695E-002,-1.214005202054977E-001,-9.719858765602112E-001,-1.643161773681641E-001,7.127030193805695E-002,-1.214005202054977E-001,-9.719858765602112E-001,
2.639433333333334E+009,-1.317841112613678E-001,9.196778386831284E-002,-1.449360400438309E-001,-9.661207199096680E-001,-1.317841112613678E-001,9.196778386831284E-002,-1.449360400438309E-001,-9.661207199096680E-001,
2.647800000000000E+009,-9.713725745677948E-002,9.362850338220596E-002,-1.599033176898956E-001,-9.681420922279358E-001,-9.713725745677948E-002,9.362850338220596E-002,-1.599033176898956E-001,-9.681420922279358E-001,
2.656166666666667E+009,-7.105630636215210E-002,7.601942867040634E-002,-1.865702122449875E-001,-9.668911695480347E-001,-7.105630636215210E-002,7.601942867040634E-002,-1.865702122449875E-001,-9.668911695480347E-001,
2.664533333333334E+009,-6.055558845400810E-002,4.785753041505814E-002,-2.179088890552521E-001,-9.617735147476196E-001,-6.055558845400810E-002,4.785753041505814E-002,-2.179088890552521E-001,-9.617735147476196E-001,
2.672900000000000E+009,-7.207210361957550E-002,1.896688528358936E-002,-2.453658282756805E-001,-9.589701294898987E-001,-7.207210361957550E-002,1.896688528358936E-002,-2.453658282756805E-001,-9.589701294898987E-001,
2.681266666666667E+009,-9.766498208045960E-002,-1.211807713843882E-003,-2.733933329582214E-001,-9.461012482643127E-001,-9.766498208045960E-002,-1.211807713843882E-003,-2.733933329582214E-001,-9.461012482643127E-001,
2.689633333333334E+009,-1.316563636064529E-001,-2.758033340796828E-003,-3.033453226089478E-001,-9.357413649559021E-001,-1.316563636064529E-001,-2.758033340796828E-003,-3.033453226089478E-001,-9.357413649559021E-001,
2.698000000000000E+009,-1.596045792102814E-001,1.518728770315647E-002,-3.208097517490387E-001,-9.214550256729126E-001,-1.596045792102814E-001,1.518728770315647E-002,-3.208097517490387E-001,-9.214550256729126E-001,
2.706366666666667E+009,-1.736219078302383E-001,4.814948141574860E-002,-3.402670323848724E-001,-9.084567427635193E-001,-1.736219078302383E-001,4.814948141574860E-002,-3.402670323848724E-001,-9.084567427635193E-001,
2.714733333333334E+009,-1.700248867273331E-001,8.377703279256821E-002,-3.566006720066071E-001,-9.044953584671021E-001,-1.700248867273331E-001,8.377703279256821E-002,-3.566006720066071E-001,-9.044953584671021E-001,
2.723100000000000E+009,-1.482783704996109E-001,1.165224164724350E-001,-3.769361674785614E-001,-8.982990980148315E-001,-1.482783704996109E-001,1.165224164724350E-001,-3.769361674785614E-001,-8.982990980148315E-001,
2.731466666666667E+009,-1.120434924960136E-001,1.343057006597519E-001,-4.006406664848328E-001,-8.896873593330383E-001,-1.120434924960136E-001,1.343057006597519E-001,-4.006406664848328E-001,-8.896873593330383E-001,
2.739833333333334E+009,-7.367604225873947E-002,1.334231346845627E-001,-4.322252869606018E-001,-8.852557539939880E-001,-7.367604225873947E-002,1.334231346845627E-001,-4.322252869606018E-001,-8.852557539939880E-001,
2.748200000000000E+009,-4.498706758022308E-002,1.156135722994804E-001,-4.463977515697479E-001,-8.762468099594116E-001,-4.498706758022308E-002,1.156135722994804E-001,-4.463977515697479E-001,-8.762468099594116E-001,
2.756566666666667E+009,-3.234435990452766E-002,8.542150259017944E-002,-4.708565473556519E-001,-8.648360371589661E-001,-3.234435990452766E-002,8.542150259017944E-002,-4.708565473556519E-001,-8.648360371589661E-001,
2.764933333333334E+009,-4.110393300652504E-002,5.525921657681465E-002,-5.016491413116455E-001,-8.585343360900879E-001,-4.110393300652504E-002,5.525921657681465E-002,-5.016491413116455E-001,-8.585343360900879E-001,
2.773300000000000E+009,-6.601235270500183E-002,3.455992415547371E-002,-5.209475159645081E-001,-8.372691869735718E-001,-6.601235270500183E-002,3.455992415547371E-002,-5.209475159645081E-001,-8.372691869735718E-001,
2.781666666666667E+009,-9.911757707595825E-002,3.100249916315079E-002,-5.356657505035400E-001,-8.209118843078613E-001,-9.911757707595825E-002,3.100249916315079E-002,-5.356657505035400E-001,-8.209118843078613E-001,
2.790033333333334E+009,-1.303168684244156E-001,4.738556593656540E-002,-5.625360608100891E-001,-8.039839863777161E-001,-1.303168684244156E-001,4.738556593656540E-002,-5.625360608100891E-001,-8.039839863777161E-001,
2.798400000000000E+009,-1.469493806362152E-001,7.632318884134293E-002,-5.821820497512817E-001,-7.868223190307617E-001,-1.469493806362152E-001,7.632318884134293E-002,-5.821820497512817E-001,-7.868223190307617E-001,
2.806766666666667E+009,-1.429584026336670E-001,1.113212853670120E-001,-5.968878269195557E-001,-7.700767517089844E-001,-1.429584026336670E-001,1.113212853670120E-001,-5.968878269195557E-001,-7.700767517089844E-001,
2.815133333333334E+009,-1.204401031136513E-001,1.399419009685516E-001,-6.125344038009644E-001,-7.571364045143127E-001,-1.204401031136513E-001,1.399419009685516E-001,-6.125344038009644E-001,-7.571364045143127E-001,
2.823500000000000E+009,-8.757103234529495E-002,1.565236598253250E-001,-6.258860826492310E-001,-7.451167702674866E-001,-8.757103234529495E-002,1.565236598253250E-001,-6.258860826492310E-001,-7.451167702674866E-001,
2.831866666666667E+009,-4.861573874950409E-002,1.537542343139648E-001,-6.447975039482117E-001,-7.309748530387878E-001,-4.861573874950409E-002,1.537542343139648E-001,-6.447975039482117E-001,-7.309748530387878E-001,
2.840233333333334E+009,-1.734636723995209E-002,1.351743340492249E-001,-6.713055968284607E-001,-7.144804596900940E-001,-1.734636723995209E-002,1.351743340492249E-001,-6.713055968284607E-001,-7.144804596900940E-001,
2.848600000000000E+009,-3.354746848344803E-003,1.052473783493042E-001,-6.903509497642517E-001,-7.071798443794251E-001,-3.354746848344803E-003,1.052473783493042E-001,-6.903509497642517E-001,-7.071798443794251E-001,
2.856966666666667E+009,-9.964833036065102E-003,7.376705855131149E-002,-7.095454335212708E-001,-6.858786344528198E-001,-9.964833036065102E-003,7.376705855131149E-002,-7.095454335212708E-001,-6.858786344528198E-001,
2.865333333333334E+009,-3.598188608884811E-002,5.422182381153107E-002,-7.237393260002136E-001,-6.656505465507507E-001,-3.598188608884811E-002,5.422182381153107E-002,-7.237393260002136E-001,-6.656505465507507E-001,
2.873700000000000E+009,-7.104605436325073E-002,5.139547958970070E-002,-7.520233988761902E-001,-6.420482993125916E-001,-7.104605436325073E-002,5.139547958970070E-002,-7.520233988761902E-001,-6.420482993125916E-001,
2.882066666666667E+009,-1.029168143868446E-001,6.723602861166000E-002,-7.586629390716553E-001,-6.238134503364563E-001,-1.029168143868446E-001,6.723602861166000E-002,-7.586629390716553E-001,-6.238134503364563E-001,
2.890433333333334E+009,-1.211835220456123E-001,9.977595508098602E-002,-7.739756107330322E-001,-6.004759073257446E-001,-1.211835220456123E-001,9.977595508098602E-002,-7.739756107330322E-001,-6.004759073257446E-001,
2.898800000000000E+009,-1.185607016086578E-001,1.359737813472748E-001,-7.822356820106506E-001,-5.807876586914063E-001,-1.185607016086578E-001,1.359737813472748E-001,-7.822356820106506E-001,-5.807876586914063E-001,
2.907166666666667E+009,-9.628640860319138E-002,1.670334637165070E-001,-8.013381958007813E-001,-5.577622652053833E-001,-9.628640860319138E-002,1.670334637165070E-001,-8.013381958007813E-001,-5.577622652053833E-001,
2.915533333333334E+009,-5.986714735627174E-002,1.833403557538986E-001,-8.055142760276794E-001,-5.435749292373657E-001,-5.986714735627174E-002,1.833403557538986E-001,-8.055142760276794E-001,-5.435749292373657E-001,
2.923900000000000E+009,-1.875334978103638E-002,1.799602061510086E-001,-8.175404667854309E-001,-5.280714631080627E-001,-1.875334978103638E-002,1.799602061510086E-001,-8.175404667854309E-001,-5.280714631080627E-001,
2.932266666666667E+009,1.666894182562828E-002,1.577209383249283E-001,-8.366922736167908E-001,-5.110751390457153E-001,1.666894182562828E-002,1.577209383249283E-001,-8.366922736167908E-001,-5.110751390457153E-001,
2.940633333333334E+009,3.422857075929642E-002,1.225562095642090E-001,-8.520451188087463E-001,-4.926876723766327E-001,3.422857075929642E-002,1.225562095642090E-001,-8.520451188087463E-001,-4.926876723766327E-001,
2.949000000000000E+009,2.908277511596680E-002,8.889207988977432E-002,-8.656473755836487E-001,-4.758577942848206E-001,2.908277511596680E-002,8.889207988977432E-002,-8.656473755836487E-001,-4.758577942848206E-001,
2.957366666666667E+009,4.921859595924616E-003,6.337829679250717E-002,-8.807013034820557E-001,-4.461633265018463E-001,4.921859595924616E-003,6.337829679250717E-002,-8.807013034820557E-001,-4.461633265018463E-001,
2.965733333333334E+009,-3.057725913822651E-002,5.861616879701614E-002,-8.963826894760132E-001,-4.148504436016083E-001,-3.057725913822651E-002,5.861616879701614E-002,-8.963826894760132E-001,-4.148504436016083E-001,
2.974100000000000E+009,-6.330819427967072E-002,7.441391050815582E-002,-9.029552340507507E-001,-3.872476816177368E-001,-6.330819427967072E-002,7.441391050815582E-002,-9.029552340507507E-001,-3.872476816177368E-001,
2.982466666666667E+009,-8.456300944089890E-002,1.083736717700958E-001,-9.113975167274475E-001,-3.654122352600098E-001,-8.456300944089890E-002,1.083736717700958E-001,-9.113975167274475E-001,-3.654122352600098E-001,
2.990833333333334E+009,-8.298321813344955E-002,1.470429301261902E-001,-9.141836762428284E-001,-3.431622087955475E-001,-8.298321813344955E-002,1.470429301261902E-001,-9.141836762428284E-001,-3.431622087955475E-001,
2.999200000000000E+009,-6.180090084671974E-002,1.798221468925476E-001,-9.189257025718689E-001,-3.151220083236694E-001,-6.180090084671974E-002,1.798221468925476E-001,-9.189257025718689E-001,-3.151220083236694E-001,
3.007566666666667E+009,-2.310497127473354E-002,1.962068080902100E-001,-9.252880811691284E-001,-3.014586865901947E-001,-2.310497127473354E-002,1.962068080902100E-001,-9.252880811691284E-001,-3.014586865901947E-001,
3.015933333333334E+009,2.027292549610138E-002,1.903378665447235E-001,-9.293580055236816E-001,-2.806259989738464E-001,2.027292549610138E-002,1.903378665447235E-001,-9.293580055236816E-001,-2.806259989738464E-001,
3.024300000000000E+009,5.731022357940674E-002,1.645859628915787E-001,-9.416242837905884E-001,-2.580849528312683E-001,5.731022357940674E-002,1.645859628915787E-001,-9.416242837905884E-001,-2.580849528312683E-001,
3.032666666666667E+009,7.553095370531082E-002,1.249205321073532E-001,-9.503153562545776E-001,-2.389550805091858E-001,7.553095370531082E-002,1.249205321073532E-001,-9.503153562545776E-001,-2.389550805091858E-001,
3.041033333333334E+009,6.936476379632950E-002,8.384406566619873E-002,-9.626629948616028E-001,-2.171867042779923E-001,6.936476379632950E-002,8.384406566619873E-002,-9.626629948616028E-001,-2.171867042779923E-001,
3.049400000000000E+009,4.261119663715363E-002,5.408274754881859E-002,-9.727696776390076E-001,-1.858007460832596E-001,4.261119663715363E-002,5.408274754881859E-002,-9.727696776390076E-001,-1.858007460832596E-001,
3.057766666666667E+009,3.800466656684876E-003,4.909801110625267E-002,-9.739646315574646E-001,-1.558541059494019E-001,3.800466656684876E-003,4.909801110625267E-002,-9.739646315574646E-001,-1.558541059494019E-001,
3.066133333333334E+009,-3.506802767515183E-002,6.735485792160034E-002,-9.815845489501953E-001,-1.231503859162331E-001,-3.506802767515183E-002,6.735485792160034E-002,-9.815845489501953E-001,-1.231503859162331E-001,
3.074500000000000E+009,-5.709640681743622E-002,1.053374186158180E-001,-9.787370562553406E-001,-9.737837314605713E-002,-5.709640681743622E-002,1.053374186158180E-001,-9.787370562553406E-001,-9.737837314605713E-002,
3.082866666666667E+009,-5.376654863357544E-002,1.512199640274048E-001,-9.764416813850403E-001,-7.122156023979187E-002,-5.376654863357544E-002,1.512199640274048E-001,-9.764416813850403E-001,-7.122156023979187E-002,
3.091233333333334E+009,-2.774186804890633E-002,1.897119879722595E-001,-9.694970846176148E-001,-5.591847375035286E-002,-2.774186804890633E-002,1.897119879722595E-001,-9.694970846176148E-001,-5.591847375035286E-002,
3.099600000000000E+009,1.769110001623631E-002,2.079101651906967E-001,-9.664249420166016E-001,-2.704810164868832E-002,1.769110001623631E-002,2.079101651906967E-001,-9.664249420166016E-001,-2.704810164868832E-002,
3.107966666666667E+009,6.646614521741867E-002,1.983275413513184E-001,-9.680591225624085E-001,-8.582080714404583E-003,6.646614521741867E-002,1.983275413513184E-001,-9.680591225624085E-001,-8.582080714404583E-003,
3.116333333333334E+009,1.073900088667870E-001,1.664975136518478E-001,-9.688414931297302E-001,4.285486415028572E-003,1.073900088667870E-001,1.664975136518478E-001,-9.688414931297302E-001,4.285486415028572E-003,
3.124700000000000E+009,1.285336464643478E-001,1.178010627627373E-001,-9.717581868171692E-001,2.150654979050160E-002,1.285336464643478E-001,1.178010627627373E-001,-9.717581868171692E-001,2.150654979050160E-002,
3.133066666666667E+009,1.213973388075829E-001,6.588595360517502E-002,-9.791713356971741E-001,4.645008593797684E-002,1.213973388075829E-001,6.588595360517502E-002,-9.791713356971741E-001,4.645008593797684E-002,
3.141433333333334E+009,8.911281079053879E-002,2.680579014122486E-002,-9.841856956481934E-001,8.021946996450424E-002,8.911281079053879E-002,2.680579014122486E-002,-9.841856956481934E-001,8.021946996450424E-002,
3.149800000000000E+009,4.283829405903816E-002,1.548721548169851E-002,-9.870887994766235E-001,1.096197739243507E-001,4.283829405903816E-002,1.548721548169851E-002,-9.870887994766235E-001,1.096197739243507E-001,
3.158166666666667E+009,-3.820128738880158E-003,3.104074113070965E-002,-9.813150763511658E-001,1.438958644866943E-001,-3.820128738880158E-003,3.104074113070965E-002,-9.813150763511658E-001,1.438958644866943E-001,
3.166533333333334E+009,-3.454563766717911E-002,7.261389493942261E-002,-9.677401185035706E-001,1.741557419300079E-001,-3.454563766717911E-002,7.261389493942261E-002,-9.677401185035706E-001,1.741557419300079E-001,
3.174900000000000E+009,-3.548143804073334E-002,1.234854757785797E-001,-9.650207757949829E-001,1.987073868513107E-001,-3.548143804073334E-002,1.234854757785797E-001,-9.650207757949829E-001,1.987073868513107E-001,
3.183266666666667E+009,-9.442741982638836E-003,1.690853238105774E-001,-9.476332664489746E-001,2.243597507476807E-001,-9.442741982638836E-003,1.690853238105774E-001,-9.476332664489746E-001,2.243597507476807E-001,
3.191633333333334E+009,3.560682386159897E-002,1.919623166322708E-001,-9.387955665588379E-001,2.409188598394394E-001,3.560682386159897E-002,1.919623166322708E-001,-9.387955665588379E-001,2.409188598394394E-001,
3.200000000000000E+009,8.776918798685074E-002,1.859327405691147E-001,-9.283477067947388E-001,2.530628740787506E-001,8.776918798685074E-002,1.859327405691147E-001,-9.283477067947388E-001,2.530628740787506E-001,
