% Version 1.00
%
%freq[Hz],re:Trc1_S11,im:Trc1_S11,re:Trc2_S21,im:Trc2_S21,re:Trc3_S11,im:Trc3_S11,re:Trc4_S21,im:Trc4_S21,
6.900000000000000E+008,-4.344426468014717E-002,3.466232493519783E-002,-4.997565746307373E-001,-8.547627329826355E-001,-4.344426468014717E-002,3.466232493519783E-002,-4.997565746307373E-001,-8.547627329826355E-001,
6.983666666666666E+008,-3.560539335012436E-002,3.501773998141289E-002,-5.239169597625732E-001,-8.447554707527161E-001,-3.560539335012436E-002,3.501773998141289E-002,-5.239169597625732E-001,-8.447554707527161E-001,
7.067333333333334E+008,-2.947843819856644E-002,3.037337213754654E-002,-5.471293926239014E-001,-8.184874057769775E-001,-2.947843819856644E-002,3.037337213754654E-002,-5.471293926239014E-001,-8.184874057769775E-001,
7.151000000000000E+008,-2.941256389021874E-002,2.253193594515324E-002,-5.820706486701965E-001,-8.172724246978760E-001,-2.941256389021874E-002,2.253193594515324E-002,-5.820706486701965E-001,-8.172724246978760E-001,
7.234666666666666E+008,-3.132171556353569E-002,1.726003363728523E-002,-5.935943126678467E-001,-7.994358539581299E-001,-3.132171556353569E-002,1.726003363728523E-002,-5.935943126678467E-001,-7.994358539581299E-001,
7.318333333333334E+008,-3.895464539527893E-002,1.473544910550118E-002,-6.142647266387940E-001,-7.849014401435852E-001,-3.895464539527893E-002,1.473544910550118E-002,-6.142647266387940E-001,-7.849014401435852E-001,
7.402000000000000E+008,-4.535559937357903E-002,1.646623946726322E-002,-6.238353252410889E-001,-7.590779662132263E-001,-4.535559937357903E-002,1.646623946726322E-002,-6.238353252410889E-001,-7.590779662132263E-001,
7.485666666666666E+008,-5.099302530288696E-002,2.325766161084175E-002,-6.539031267166138E-001,-7.464639544487000E-001,-5.099302530288696E-002,2.325766161084175E-002,-6.539031267166138E-001,-7.464639544487000E-001,
7.569333333333334E+008,-5.496794357895851E-002,3.287061303853989E-002,-6.709517240524292E-001,-7.312711477279663E-001,-5.496794357895851E-002,3.287061303853989E-002,-6.709517240524292E-001,-7.312711477279663E-001,
7.653000000000000E+008,-4.959608614444733E-002,4.162373393774033E-002,-6.796301603317261E-001,-7.127642035484314E-001,-4.959608614444733E-002,4.162373393774033E-002,-6.796301603317261E-001,-7.127642035484314E-001,
7.736666666666666E+008,-4.329918324947357E-002,4.811061546206474E-002,-6.929494142532349E-001,-7.105096578598023E-001,-4.329918324947357E-002,4.811061546206474E-002,-6.929494142532349E-001,-7.105096578598023E-001,
7.820333333333334E+008,-3.456790745258331E-002,5.211212858557701E-002,-7.263141274452210E-001,-6.816952824592590E-001,-3.456790745258331E-002,5.211212858557701E-002,-7.263141274452210E-001,-6.816952824592590E-001,
7.904000000000000E+008,-2.461544610559940E-002,5.083755031228066E-002,-7.351377010345459E-001,-6.629690527915955E-001,-2.461544610559940E-002,5.083755031228066E-002,-7.351377010345459E-001,-6.629690527915955E-001,
7.987666666666666E+008,-2.036870270967484E-002,4.561844468116760E-002,-7.413633465766907E-001,-6.475592851638794E-001,-2.036870270967484E-002,4.561844468116760E-002,-7.413633465766907E-001,-6.475592851638794E-001,
8.071333333333334E+008,-1.833278313279152E-002,3.894769772887230E-002,-7.676314115524292E-001,-6.154425740242004E-001,-1.833278313279152E-002,3.894769772887230E-002,-7.676314115524292E-001,-6.154425740242004E-001,
8.155000000000000E+008,-2.148415334522724E-002,3.190852329134941E-002,-7.947074174880981E-001,-6.050126552581787E-001,-2.148415334522724E-002,3.190852329134941E-002,-7.947074174880981E-001,-6.050126552581787E-001,
8.238666666666666E+008,-2.841906435787678E-002,2.974282577633858E-002,-8.011077046394348E-001,-5.810936093330383E-001,-2.841906435787678E-002,2.974282577633858E-002,-8.011077046394348E-001,-5.810936093330383E-001,
8.322333333333334E+008,-3.430490568280220E-002,3.096995316445828E-002,-8.108670711517334E-001,-5.638005733489990E-001,-3.430490568280220E-002,3.096995316445828E-002,-8.108670711517334E-001,-5.638005733489990E-001,
8.406000000000000E+008,-3.922580927610397E-002,3.408219665288925E-002,-8.216812014579773E-001,-5.406062602996826E-001,-3.922580927610397E-002,3.408219665288925E-002,-8.216812014579773E-001,-5.406062602996826E-001,
8.489666666666668E+008,-4.104170203208923E-002,4.509764164686203E-002,-8.342821598052979E-001,-5.128964185714722E-001,-4.104170203208923E-002,4.509764164686203E-002,-8.342821598052979E-001,-5.128964185714722E-001,
8.573333333333334E+008,-3.914891555905342E-002,5.284629017114639E-002,-8.361212611198425E-001,-4.814783334732056E-001,-3.914891555905342E-002,5.284629017114639E-002,-8.361212611198425E-001,-4.814783334732056E-001,
8.657000000000000E+008,-3.411222621798515E-002,6.021830439567566E-002,-8.648827075958252E-001,-4.847206771373749E-001,-3.411222621798515E-002,6.021830439567566E-002,-8.648827075958252E-001,-4.847206771373749E-001,
8.740666666666668E+008,-2.526869997382164E-002,6.529283523559570E-002,-8.712472915649414E-001,-4.618975222110748E-001,-2.526869997382164E-002,6.529283523559570E-002,-8.712472915649414E-001,-4.618975222110748E-001,
8.824333333333334E+008,-1.701323501765728E-002,6.653784960508347E-002,-8.886764645576477E-001,-4.373059868812561E-001,-1.701323501765728E-002,6.653784960508347E-002,-8.886764645576477E-001,-4.373059868812561E-001,
8.908000000000000E+008,-8.778794668614864E-003,6.302617490291596E-002,-9.021555185317993E-001,-4.193941950798035E-001,-8.778794668614864E-003,6.302617490291596E-002,-9.021555185317993E-001,-4.193941950798035E-001,
8.991666666666668E+008,-3.408178919926286E-003,5.719045549631119E-002,-9.038785099983215E-001,-3.919836580753326E-001,-3.408178919926286E-003,5.719045549631119E-002,-9.038785099983215E-001,-3.919836580753326E-001,
9.075333333333334E+008,-3.217106685042381E-003,4.946748167276382E-002,-9.170576930046082E-001,-3.670267760753632E-001,-3.217106685042381E-003,4.946748167276382E-002,-9.170576930046082E-001,-3.670267760753632E-001,
9.159000000000000E+008,-6.135093979537487E-003,4.365786910057068E-002,-9.386849403381348E-001,-3.432015776634216E-001,-6.135093979537487E-003,4.365786910057068E-002,-9.386849403381348E-001,-3.432015776634216E-001,
9.242666666666668E+008,-1.309528760612011E-002,4.361118003726006E-002,-9.295779466629028E-001,-3.202374577522278E-001,-1.309528760612011E-002,4.361118003726006E-002,-9.295779466629028E-001,-3.202374577522278E-001,
9.326333333333334E+008,-1.848182640969753E-002,4.552152380347252E-002,-9.454258680343628E-001,-3.063826858997345E-001,-1.848182640969753E-002,4.552152380347252E-002,-9.454258680343628E-001,-3.063826858997345E-001,
9.410000000000000E+008,-2.285311929881573E-002,4.992017522454262E-002,-9.579126834869385E-001,-2.705948948860169E-001,-2.285311929881573E-002,4.992017522454262E-002,-9.579126834869385E-001,-2.705948948860169E-001,
9.493666666666668E+008,-2.467737346887589E-002,5.892058834433556E-002,-9.615958929061890E-001,-2.400533705949783E-001,-2.467737346887589E-002,5.892058834433556E-002,-9.615958929061890E-001,-2.400533705949783E-001,
9.577333333333334E+008,-2.145963348448277E-002,6.867227703332901E-002,-9.677262902259827E-001,-2.267805635929108E-001,-2.145963348448277E-002,6.867227703332901E-002,-9.677262902259827E-001,-2.267805635929108E-001,
9.661000000000000E+008,-1.286109816282988E-002,7.506427168846130E-002,-9.687899351119995E-001,-1.844416856765747E-001,-1.286109816282988E-002,7.506427168846130E-002,-9.687899351119995E-001,-1.844416856765747E-001,
9.744666666666668E+008,-2.256771083921194E-003,7.537662237882614E-002,-9.674302935600281E-001,-1.729428768157959E-001,-2.256771083921194E-003,7.537662237882614E-002,-9.674302935600281E-001,-1.729428768157959E-001,
9.828333333333334E+008,6.947010755538940E-003,7.657153904438019E-002,-9.823108911514282E-001,-1.543408781290054E-001,6.947010755538940E-003,7.657153904438019E-002,-9.823108911514282E-001,-1.543408781290054E-001,
9.912000000000000E+008,1.753471046686173E-002,7.001756131649017E-002,-9.809174537658691E-001,-1.328334361314774E-001,1.753471046686173E-002,7.001756131649017E-002,-9.809174537658691E-001,-1.328334361314774E-001,
9.995666666666668E+008,2.131757885217667E-002,6.232659891247749E-002,-9.929245114326477E-001,-9.525872766971588E-002,2.131757885217667E-002,6.232659891247749E-002,-9.929245114326477E-001,-9.525872766971588E-002,
1.007933333333333E+009,2.470781654119492E-002,5.295039340853691E-002,-1.008205890655518E+000,-7.834972441196442E-002,2.470781654119492E-002,5.295039340853691E-002,-1.008205890655518E+000,-7.834972441196442E-002,
1.016300000000000E+009,1.835956983268261E-002,4.673549905419350E-002,-9.950625896453857E-001,-5.329339206218720E-002,1.835956983268261E-002,4.673549905419350E-002,-9.950625896453857E-001,-5.329339206218720E-002,
1.024666666666667E+009,1.033425237983465E-002,4.297739267349243E-002,-9.915466904640198E-001,-2.712214738130570E-002,1.033425237983465E-002,4.297739267349243E-002,-9.915466904640198E-001,-2.712214738130570E-002,
1.033033333333333E+009,4.857440013438463E-003,4.747634008526802E-002,-9.977510571479797E-001,-9.064002078957856E-004,4.857440013438463E-003,4.747634008526802E-002,-9.977510571479797E-001,-9.064002078957856E-004,
1.041400000000000E+009,-2.096182201057673E-003,5.242484062910080E-002,-9.982525110244751E-001,2.015735395252705E-002,-2.096182201057673E-003,5.242484062910080E-002,-9.982525110244751E-001,2.015735395252705E-002,
1.049766666666667E+009,7.221776177175343E-004,6.187224760651588E-002,-9.853891730308533E-001,5.624206736683846E-002,7.221776177175343E-004,6.187224760651588E-002,-9.853891730308533E-001,5.624206736683846E-002,
1.058133333333333E+009,4.903174005448818E-003,7.099150121212006E-002,-9.858931899070740E-001,7.842881977558136E-002,4.903174005448818E-003,7.099150121212006E-002,-9.858931899070740E-001,7.842881977558136E-002,
1.066500000000000E+009,1.591952517628670E-002,7.510283589363098E-002,-1.000753641128540E+000,1.125750467181206E-001,1.591952517628670E-002,7.510283589363098E-002,-1.000753641128540E+000,1.125750467181206E-001,
1.074866666666667E+009,2.961122244596481E-002,7.361777126789093E-002,-9.944553971290588E-001,1.349191218614578E-001,2.961122244596481E-002,7.361777126789093E-002,-9.944553971290588E-001,1.349191218614578E-001,
1.083233333333334E+009,3.838177770376205E-002,6.559152156114578E-002,-9.774957895278931E-001,1.553417444229126E-001,3.838177770376205E-002,6.559152156114578E-002,-9.774957895278931E-001,1.553417444229126E-001,
1.091600000000000E+009,4.482250660657883E-002,5.478217825293541E-002,-9.613860845565796E-001,1.743444353342056E-001,4.482250660657883E-002,5.478217825293541E-002,-9.613860845565796E-001,1.743444353342056E-001,
1.099966666666667E+009,4.403383284807205E-002,4.121002182364464E-002,-9.563469290733337E-001,2.124153077602387E-001,4.403383284807205E-002,4.121002182364464E-002,-9.563469290733337E-001,2.124153077602387E-001,
1.108333333333334E+009,3.570973128080368E-002,3.329518437385559E-002,-9.563093781471252E-001,2.213220000267029E-001,3.570973128080368E-002,3.329518437385559E-002,-9.563093781471252E-001,2.213220000267029E-001,
1.116700000000000E+009,2.488874271512032E-002,3.000304847955704E-002,-9.490848183631897E-001,2.534495890140533E-001,2.488874271512032E-002,3.000304847955704E-002,-9.490848183631897E-001,2.534495890140533E-001,
1.125066666666667E+009,1.347597781568766E-002,3.462423384189606E-002,-9.510258436203003E-001,2.709244191646576E-001,1.347597781568766E-002,3.462423384189606E-002,-9.510258436203003E-001,2.709244191646576E-001,
1.133433333333334E+009,5.041534081101418E-003,4.450827836990356E-002,-9.499621391296387E-001,3.155874311923981E-001,5.041534081101418E-003,4.450827836990356E-002,-9.499621391296387E-001,3.155874311923981E-001,
1.141800000000000E+009,3.461496438831091E-003,5.835666880011559E-002,-9.259504675865173E-001,3.296173512935638E-001,3.461496438831091E-003,5.835666880011559E-002,-9.259504675865173E-001,3.296173512935638E-001,
1.150166666666667E+009,1.247575972229242E-002,7.266703993082047E-002,-9.165778160095215E-001,3.305444419384003E-001,1.247575972229242E-002,7.266703993082047E-002,-9.165778160095215E-001,3.305444419384003E-001,
1.158533333333334E+009,2.810966037213802E-002,7.997839152812958E-002,-9.098708629608154E-001,3.717357814311981E-001,2.810966037213802E-002,7.997839152812958E-002,-9.098708629608154E-001,3.717357814311981E-001,
1.166900000000000E+009,4.734378308057785E-002,7.992672920227051E-002,-8.933782577514648E-001,3.918806016445160E-001,4.734378308057785E-002,7.992672920227051E-002,-8.933782577514648E-001,3.918806016445160E-001,
1.175266666666667E+009,6.322824954986572E-002,6.918062269687653E-002,-8.873815536499023E-001,4.204752445220947E-001,6.322824954986572E-002,6.918062269687653E-002,-8.873815536499023E-001,4.204752445220947E-001,
1.183633333333334E+009,7.546512037515640E-002,5.412540584802628E-002,-8.860661983489990E-001,4.343537092208862E-001,7.546512037515640E-002,5.412540584802628E-002,-8.860661983489990E-001,4.343537092208862E-001,
1.192000000000000E+009,7.539466768503189E-002,3.533617407083511E-002,-8.734446763992310E-001,4.563865959644318E-001,7.539466768503189E-002,3.533617407083511E-002,-8.734446763992310E-001,4.563865959644318E-001,
1.200366666666667E+009,6.608359515666962E-002,1.852414943277836E-002,-8.609502315521240E-001,4.788048863410950E-001,6.608359515666962E-002,1.852414943277836E-002,-8.609502315521240E-001,4.788048863410950E-001,
1.208733333333334E+009,5.084657669067383E-002,9.667582809925079E-003,-8.540729284286499E-001,5.204207897186279E-001,5.084657669067383E-002,9.667582809925079E-003,-8.540729284286499E-001,5.204207897186279E-001,
1.217100000000000E+009,3.462813794612885E-002,1.103016547858715E-002,-8.502731323242188E-001,5.298523902893066E-001,3.462813794612885E-002,1.103016547858715E-002,-8.502731323242188E-001,5.298523902893066E-001,
1.225466666666667E+009,2.199324965476990E-002,2.221061103045940E-002,-8.178929686546326E-001,5.544725656509399E-001,2.199324965476990E-002,2.221061103045940E-002,-8.178929686546326E-001,5.544725656509399E-001,
1.233833333333334E+009,1.721455156803131E-002,3.900351747870445E-002,-8.134140968322754E-001,5.662189126014710E-001,1.721455156803131E-002,3.900351747870445E-002,-8.134140968322754E-001,5.662189126014710E-001,
1.242200000000000E+009,2.538205310702324E-002,5.391022562980652E-002,-7.877282500267029E-001,5.997447967529297E-001,2.538205310702324E-002,5.391022562980652E-002,-7.877282500267029E-001,5.997447967529297E-001,
1.250566666666667E+009,3.815920650959015E-002,6.414276361465454E-002,-7.664139866828919E-001,6.053579449653626E-001,3.815920650959015E-002,6.414276361465454E-002,-7.664139866828919E-001,6.053579449653626E-001,
1.258933333333334E+009,5.871951580047607E-002,6.437077373266220E-002,-7.628188133239746E-001,6.280545592308044E-001,5.871951580047607E-002,6.437077373266220E-002,-7.628188133239746E-001,6.280545592308044E-001,
1.267300000000000E+009,7.795459777116776E-002,5.370526015758514E-002,-7.417895197868347E-001,6.433405876159668E-001,7.795459777116776E-002,5.370526015758514E-002,-7.417895197868347E-001,6.433405876159668E-001,
1.275666666666667E+009,8.693205565214157E-002,3.560250625014305E-002,-7.291983962059021E-001,6.500821709632874E-001,8.693205565214157E-002,3.560250625014305E-002,-7.291983962059021E-001,6.500821709632874E-001,
1.284033333333334E+009,8.945003896951675E-002,1.451589539647102E-002,-7.140952944755554E-001,6.929306387901306E-001,8.945003896951675E-002,1.451589539647102E-002,-7.140952944755554E-001,6.929306387901306E-001,
1.292400000000000E+009,7.908726483583450E-002,-4.508592188358307E-003,-7.022706866264343E-001,6.974871754646301E-001,7.908726483583450E-002,-4.508592188358307E-003,-7.022706866264343E-001,6.974871754646301E-001,
1.300766666666667E+009,5.957815796136856E-002,-1.302522514015436E-002,-6.791621446609497E-001,7.209278941154480E-001,5.957815796136856E-002,-1.302522514015436E-002,-6.791621446609497E-001,7.209278941154480E-001,
1.309133333333334E+009,3.930743783712387E-002,-1.167880091816187E-002,-6.539458036422730E-001,7.346314787864685E-001,3.930743783712387E-002,-1.167880091816187E-002,-6.539458036422730E-001,7.346314787864685E-001,
1.317500000000000E+009,2.457664720714092E-002,4.852770944125950E-004,-6.419175863265991E-001,7.652355432510376E-001,2.457664720714092E-002,4.852770944125950E-004,-6.419175863265991E-001,7.652355432510376E-001,
1.325866666666667E+009,1.985794119536877E-002,1.787785999476910E-002,-6.232034564018250E-001,7.818568348884583E-001,1.985794119536877E-002,1.787785999476910E-002,-6.232034564018250E-001,7.818568348884583E-001,
1.334233333333334E+009,2.766524069011211E-002,3.597669303417206E-002,-6.047664880752564E-001,7.872235178947449E-001,2.766524069011211E-002,3.597669303417206E-002,-6.047664880752564E-001,7.872235178947449E-001,
1.342600000000000E+009,4.327725246548653E-002,4.521781578660011E-002,-5.873883962631226E-001,8.040925860404968E-001,4.327725246548653E-002,4.521781578660011E-002,-5.873883962631226E-001,8.040925860404968E-001,
1.350966666666667E+009,6.336240470409393E-002,4.264729097485542E-002,-5.610122084617615E-001,8.164442181587219E-001,6.336240470409393E-002,4.264729097485542E-002,-5.610122084617615E-001,8.164442181587219E-001,
1.359333333333334E+009,7.831171900033951E-002,2.941153571009636E-002,-5.475123524665833E-001,8.164019584655762E-001,7.831171900033951E-002,2.941153571009636E-002,-5.475123524665833E-001,8.164019584655762E-001,
1.367700000000000E+009,8.405866473913193E-002,9.461373090744019E-003,-5.140700340270996E-001,8.356440067291260E-001,8.405866473913193E-002,9.461373090744019E-003,-5.140700340270996E-001,8.356440067291260E-001,
1.376066666666667E+009,8.078695833683014E-002,-1.294837612658739E-002,-4.977605938911438E-001,8.462593555450440E-001,8.078695833683014E-002,-1.294837612658739E-002,-4.977605938911438E-001,8.462593555450440E-001,
1.384433333333334E+009,6.367446482181549E-002,-2.842617221176624E-002,-4.850323200225830E-001,8.764944672584534E-001,6.367446482181549E-002,-2.842617221176624E-002,-4.850323200225830E-001,8.764944672584534E-001,
1.392800000000000E+009,4.292619228363037E-002,-3.102605976164341E-002,-4.622198343276978E-001,8.846732974052429E-001,4.292619228363037E-002,-3.102605976164341E-002,-4.622198343276978E-001,8.846732974052429E-001,
1.401166666666667E+009,2.202133834362030E-002,-2.394548244774342E-002,-4.350069761276245E-001,8.913758397102356E-001,2.202133834362030E-002,-2.394548244774342E-002,-4.350069761276245E-001,8.913758397102356E-001,
1.409533333333334E+009,8.683085441589356E-003,-6.506752222776413E-003,-4.058497846126556E-001,9.063841104507446E-001,8.683085441589356E-003,-6.506752222776413E-003,-4.058497846126556E-001,9.063841104507446E-001,
1.417900000000000E+009,9.219768457114697E-003,1.714252121746540E-002,-3.866147100925446E-001,9.023100137710571E-001,9.219768457114697E-003,1.714252121746540E-002,-3.866147100925446E-001,9.023100137710571E-001,
1.426266666666667E+009,1.959144882857800E-002,3.444072976708412E-002,-3.492274582386017E-001,9.286849498748779E-001,1.959144882857800E-002,3.444072976708412E-002,-3.492274582386017E-001,9.286849498748779E-001,
1.434633333333334E+009,4.007952287793160E-002,4.352542012929916E-002,-3.399870097637177E-001,9.236862659454346E-001,4.007952287793160E-002,4.352542012929916E-002,-3.399870097637177E-001,9.236862659454346E-001,
1.443000000000000E+009,6.076044961810112E-002,4.121439531445503E-002,-3.171890079975128E-001,9.322644472122192E-001,6.076044961810112E-002,4.121439531445503E-002,-3.171890079975128E-001,9.322644472122192E-001,
1.451366666666667E+009,7.707256823778153E-002,2.606351859867573E-002,-2.910828292369843E-001,9.336513280868530E-001,7.707256823778153E-002,2.606351859867573E-002,-2.910828292369843E-001,9.336513280868530E-001,
1.459733333333334E+009,8.374346047639847E-002,6.074554752558470E-003,-2.641277909278870E-001,9.596452713012695E-001,8.374346047639847E-002,6.074554752558470E-003,-2.641277909278870E-001,9.596452713012695E-001,
1.468100000000000E+009,8.054856956005096E-002,-1.612699590623379E-002,-2.474293559789658E-001,9.599068164825440E-001,8.054856956005096E-002,-1.612699590623379E-002,-2.474293559789658E-001,9.599068164825440E-001,
1.476466666666667E+009,6.121387705206871E-002,-3.121075592935085E-002,-2.189654260873795E-001,9.646144509315491E-001,6.121387705206871E-002,-3.121075592935085E-002,-2.189654260873795E-001,9.646144509315491E-001,
1.484833333333334E+009,3.967552632093430E-002,-3.300566598773003E-002,-1.941754519939423E-001,9.723112583160400E-001,3.967552632093430E-002,-3.300566598773003E-002,-1.941754519939423E-001,9.723112583160400E-001,
1.493200000000000E+009,2.046774886548519E-002,-2.534550800919533E-002,-1.747098416090012E-001,9.760521054267883E-001,2.046774886548519E-002,-2.534550800919533E-002,-1.747098416090012E-001,9.760521054267883E-001,
1.501566666666667E+009,1.207945030182600E-002,-6.037656683474779E-003,-1.470036804676056E-001,9.855195879936218E-001,1.207945030182600E-002,-6.037656683474779E-003,-1.470036804676056E-001,9.855195879936218E-001,
1.509933333333334E+009,1.227219030261040E-002,1.464705076068640E-002,-1.159540265798569E-001,9.891847372055054E-001,1.227219030261040E-002,1.464705076068640E-002,-1.159540265798569E-001,9.891847372055054E-001,
1.518300000000000E+009,2.592900209128857E-002,3.233069926500320E-002,-9.771970659494400E-002,9.837447404861450E-001,2.592900209128857E-002,3.233069926500320E-002,-9.771970659494400E-002,9.837447404861450E-001,
1.526666666666667E+009,4.513771086931229E-002,3.876499086618424E-002,-7.927058637142181E-002,9.673302769660950E-001,4.513771086931229E-002,3.876499086618424E-002,-7.927058637142181E-002,9.673302769660950E-001,
1.535033333333334E+009,6.598442792892456E-002,3.364553675055504E-002,-4.416121914982796E-002,9.829849004745483E-001,6.598442792892456E-002,3.364553675055504E-002,-4.416121914982796E-002,9.829849004745483E-001,
1.543400000000000E+009,8.198520541191101E-002,1.901364885270596E-002,-1.912432350218296E-002,9.868472814559937E-001,8.198520541191101E-002,1.901364885270596E-002,-1.912432350218296E-002,9.868472814559937E-001,
1.551766666666667E+009,8.699937909841538E-002,-1.263595069758594E-003,6.086357869207859E-003,9.847419261932373E-001,8.699937909841538E-002,-1.263595069758594E-003,6.086357869207859E-003,9.847419261932373E-001,
1.560133333333334E+009,7.840183377265930E-002,-2.247595973312855E-002,2.926389314234257E-002,9.907094836235046E-001,7.840183377265930E-002,-2.247595973312855E-002,2.926389314234257E-002,9.907094836235046E-001,
1.568500000000000E+009,6.323569267988205E-002,-3.443782776594162E-002,5.742983892560005E-002,9.824263453483582E-001,6.323569267988205E-002,-3.443782776594162E-002,5.742983892560005E-002,9.824263453483582E-001,
1.576866666666667E+009,4.402961954474449E-002,-3.883261606097221E-002,7.012836635112763E-002,9.864831566810608E-001,4.402961954474449E-002,-3.883261606097221E-002,7.012836635112763E-002,9.864831566810608E-001,
1.585233333333334E+009,2.873313426971436E-002,-3.106354735791683E-002,1.009436696767807E-001,9.816010594367981E-001,2.873313426971436E-002,-3.106354735791683E-002,1.009436696767807E-001,9.816010594367981E-001,
1.593600000000000E+009,2.060881070792675E-002,-1.469159964472055E-002,1.249475479125977E-001,9.847229719161987E-001,2.060881070792675E-002,-1.469159964472055E-002,1.249475479125977E-001,9.847229719161987E-001,
1.601966666666667E+009,2.335304953157902E-002,4.172619432210922E-003,1.550446599721909E-001,9.848430752754211E-001,2.335304953157902E-002,4.172619432210922E-003,1.550446599721909E-001,9.848430752754211E-001,
1.610333333333334E+009,3.510413318872452E-002,1.832987740635872E-002,1.825419813394547E-001,9.747164249420166E-001,3.510413318872452E-002,1.832987740635872E-002,1.825419813394547E-001,9.747164249420166E-001,
1.618700000000000E+009,5.221020430326462E-002,2.095678076148033E-002,2.060354053974152E-001,9.670699238777161E-001,5.221020430326462E-002,2.095678076148033E-002,2.060354053974152E-001,9.670699238777161E-001,
1.627066666666667E+009,6.759758293628693E-002,1.448826957494021E-002,2.210096567869186E-001,9.628867506980896E-001,6.759758293628693E-002,1.448826957494021E-002,2.210096567869186E-001,9.628867506980896E-001,
1.635433333333334E+009,7.761942595243454E-002,1.359386951662600E-003,2.601468265056610E-001,9.471053481101990E-001,7.761942595243454E-002,1.359386951662600E-003,2.601468265056610E-001,9.471053481101990E-001,
1.643800000000000E+009,7.862613350152969E-002,-1.667621731758118E-002,2.716827094554901E-001,9.485667943954468E-001,7.862613350152969E-002,-1.667621731758118E-002,2.716827094554901E-001,9.485667943954468E-001,
1.652166666666667E+009,7.173363119363785E-002,-3.285919502377510E-002,2.975954711437225E-001,9.404858350753784E-001,7.173363119363785E-002,-3.285919502377510E-002,2.975954711437225E-001,9.404858350753784E-001,
1.660533333333334E+009,5.857423320412636E-002,-4.055743664503098E-002,3.238510489463806E-001,9.256042242050171E-001,5.857423320412636E-002,-4.055743664503098E-002,3.238510489463806E-001,9.256042242050171E-001,
1.668900000000000E+009,4.098210483789444E-002,-4.203142225742340E-002,3.531566262245178E-001,9.398975372314453E-001,4.098210483789444E-002,-4.203142225742340E-002,3.531566262245178E-001,9.398975372314453E-001,
1.677266666666667E+009,2.882855571806431E-002,-3.166379779577255E-002,3.723666071891785E-001,9.225454926490784E-001,2.882855571806431E-002,-3.166379779577255E-002,3.723666071891785E-001,9.225454926490784E-001,
1.685633333333334E+009,2.478760108351708E-002,-1.811210252344608E-002,3.896873891353607E-001,9.090157151222229E-001,2.478760108351708E-002,-1.811210252344608E-002,3.896873891353607E-001,9.090157151222229E-001,
1.694000000000000E+009,2.768811769783497E-002,-3.064721357077360E-003,4.145200252532959E-001,8.997504115104675E-001,2.768811769783497E-002,-3.064721357077360E-003,4.145200252532959E-001,8.997504115104675E-001,
1.702366666666667E+009,4.220460727810860E-002,6.975878961384296E-003,4.390316605567932E-001,8.845834732055664E-001,4.220460727810860E-002,6.975878961384296E-003,4.390316605567932E-001,8.845834732055664E-001,
1.710733333333334E+009,5.811549723148346E-002,9.380863979458809E-003,4.579074382781982E-001,8.690028786659241E-001,5.811549723148346E-002,9.380863979458809E-003,4.579074382781982E-001,8.690028786659241E-001,
1.719100000000000E+009,7.401607930660248E-002,2.482855459675193E-003,4.891649782657623E-001,8.603966236114502E-001,7.401607930660248E-002,2.482855459675193E-003,4.891649782657623E-001,8.603966236114502E-001,
1.727466666666667E+009,8.221069723367691E-002,-1.200884394347668E-002,5.050444602966309E-001,8.446389436721802E-001,8.221069723367691E-002,-1.200884394347668E-002,5.050444602966309E-001,8.446389436721802E-001,
1.735833333333334E+009,8.540245890617371E-002,-2.915220521390438E-002,5.211079716682434E-001,8.362252116203308E-001,8.540245890617371E-002,-2.915220521390438E-002,5.211079716682434E-001,8.362252116203308E-001,
1.744200000000000E+009,7.923134416341782E-002,-4.549627751111984E-002,5.450251698493958E-001,8.365384936332703E-001,7.923134416341782E-002,-4.549627751111984E-002,5.450251698493958E-001,8.365384936332703E-001,
1.752566666666667E+009,6.767418235540390E-002,-5.710935220122337E-002,5.649346709251404E-001,8.031241893768311E-001,6.767418235540390E-002,-5.710935220122337E-002,5.649346709251404E-001,8.031241893768311E-001,
1.760933333333334E+009,5.201872810721397E-002,-6.172388419508934E-002,5.852453112602234E-001,7.909913063049316E-001,5.201872810721397E-002,-6.172388419508934E-002,5.852453112602234E-001,7.909913063049316E-001,
1.769300000000000E+009,3.770343586802483E-002,-5.854936316609383E-002,6.114688515663147E-001,7.832157015800476E-001,3.770343586802483E-002,-5.854936316609383E-002,6.114688515663147E-001,7.832157015800476E-001,
1.777666666666667E+009,2.746462821960449E-002,-4.910732805728912E-002,6.322243809700012E-001,7.584582567214966E-001,2.746462821960449E-002,-4.910732805728912E-002,6.322243809700012E-001,7.584582567214966E-001,
1.786033333333334E+009,2.337996661663055E-002,-3.704829886555672E-002,6.441702842712402E-001,7.459941506385803E-001,2.337996661663055E-002,-3.704829886555672E-002,6.441702842712402E-001,7.459941506385803E-001,
1.794400000000000E+009,2.850380912423134E-002,-2.582487836480141E-002,6.686907410621643E-001,7.307870984077454E-001,2.850380912423134E-002,-2.582487836480141E-002,6.686907410621643E-001,7.307870984077454E-001,
1.802766666666667E+009,3.718400746583939E-002,-1.981610991060734E-002,6.851473450660706E-001,7.127406597137451E-001,3.718400746583939E-002,-1.981610991060734E-002,6.851473450660706E-001,7.127406597137451E-001,
1.811133333333334E+009,4.792114719748497E-002,-1.877830922603607E-002,7.038878798484802E-001,6.935456395149231E-001,4.792114719748497E-002,-1.877830922603607E-002,7.038878798484802E-001,6.935456395149231E-001,
1.819500000000000E+009,5.655548721551895E-002,-2.343238703906536E-002,7.256289720535278E-001,6.781006455421448E-001,5.655548721551895E-002,-2.343238703906536E-002,7.256289720535278E-001,6.781006455421448E-001,
1.827866666666667E+009,6.289829313755035E-002,-3.238983452320099E-002,7.376917600631714E-001,6.562660932540894E-001,6.289829313755035E-002,-3.238983452320099E-002,7.376917600631714E-001,6.562660932540894E-001,
1.836233333333334E+009,6.254371255636215E-002,-4.174303263425827E-002,7.546548247337341E-001,6.364574432373047E-001,6.254371255636215E-002,-4.174303263425827E-002,7.546548247337341E-001,6.364574432373047E-001,
1.844600000000000E+009,5.780459940433502E-002,-5.089355260133743E-002,7.550758123397827E-001,6.225496530532837E-001,5.780459940433502E-002,-5.089355260133743E-002,7.550758123397827E-001,6.225496530532837E-001,
1.852966666666667E+009,5.001498758792877E-002,-5.769301205873489E-002,7.820504307746887E-001,6.000645756721497E-001,5.001498758792877E-002,-5.769301205873489E-002,7.820504307746887E-001,6.000645756721497E-001,
1.861333333333334E+009,4.005267471075058E-002,-5.897979438304901E-002,7.948466539382935E-001,5.771890878677368E-001,4.005267471075058E-002,-5.897979438304901E-002,7.948466539382935E-001,5.771890878677368E-001,
1.869700000000000E+009,3.280618786811829E-002,-5.335658043622971E-002,8.148447275161743E-001,5.576333999633789E-001,3.280618786811829E-002,-5.335658043622971E-002,8.148447275161743E-001,5.576333999633789E-001,
1.878066666666667E+009,3.007757104933262E-002,-4.866458848118782E-002,8.228359818458557E-001,5.380620360374451E-001,3.007757104933262E-002,-4.866458848118782E-002,8.228359818458557E-001,5.380620360374451E-001,
1.886433333333334E+009,3.023285605013371E-002,-4.036613181233406E-002,8.544890284538269E-001,5.077341794967651E-001,3.023285605013371E-002,-4.036613181233406E-002,8.544890284538269E-001,5.077341794967651E-001,
1.894800000000000E+009,3.615861758589745E-002,-3.423170000314713E-002,8.598425388336182E-001,4.964953958988190E-001,3.615861758589745E-002,-3.423170000314713E-002,8.598425388336182E-001,4.964953958988190E-001,
1.903166666666667E+009,4.480165988206863E-002,-3.205203637480736E-002,8.624324202537537E-001,4.702702164649963E-001,4.480165988206863E-002,-3.205203637480736E-002,8.624324202537537E-001,4.702702164649963E-001,
1.911533333333334E+009,5.528971925377846E-002,-3.556892275810242E-002,8.755300045013428E-001,4.501772224903107E-001,5.528971925377846E-002,-3.556892275810242E-002,8.755300045013428E-001,4.501772224903107E-001,
1.919900000000000E+009,6.134136393666267E-002,-4.420383274555206E-002,8.954696059226990E-001,4.265847206115723E-001,6.134136393666267E-002,-4.420383274555206E-002,8.954696059226990E-001,4.265847206115723E-001,
1.928266666666667E+009,6.568299978971481E-002,-5.497698485851288E-002,8.972939252853394E-001,4.032798111438751E-001,6.568299978971481E-002,-5.497698485851288E-002,8.972939252853394E-001,4.032798111438751E-001,
1.936633333333334E+009,6.069444492459297E-002,-6.822191923856735E-002,9.089909791946411E-001,3.829477131366730E-001,6.069444492459297E-002,-6.822191923856735E-002,9.089909791946411E-001,3.829477131366730E-001,
1.945000000000000E+009,5.242498219013214E-002,-7.801289856433868E-002,9.102696180343628E-001,3.605267405509949E-001,5.242498219013214E-002,-7.801289856433868E-002,9.102696180343628E-001,3.605267405509949E-001,
1.953366666666667E+009,4.084881767630577E-002,-8.330518007278442E-002,9.161431193351746E-001,3.428196907043457E-001,4.084881767630577E-002,-8.330518007278442E-002,9.161431193351746E-001,3.428196907043457E-001,
1.961733333333334E+009,2.717754431068897E-002,-8.177542686462402E-002,9.428871870040894E-001,3.128325939178467E-001,2.717754431068897E-002,-8.177542686462402E-002,9.428871870040894E-001,3.128325939178467E-001,
1.970100000000000E+009,1.727663539350033E-002,-7.434126734733582E-002,9.425051808357239E-001,2.855295538902283E-001,1.727663539350033E-002,-7.434126734733582E-002,9.425051808357239E-001,2.855295538902283E-001,
1.978466666666667E+009,1.281283050775528E-002,-6.283222883939743E-002,9.488841891288757E-001,2.712247371673584E-001,1.281283050775528E-002,-6.283222883939743E-002,9.488841891288757E-001,2.712247371673584E-001,
1.986833333333334E+009,1.612233556807041E-002,-5.216828733682632E-002,9.512526988983154E-001,2.451293468475342E-001,1.612233556807041E-002,-5.216828733682632E-002,9.512526988983154E-001,2.451293468475342E-001,
1.995200000000000E+009,2.568752691149712E-002,-4.300830140709877E-002,9.647482633590698E-001,2.149048149585724E-001,2.568752691149712E-002,-4.300830140709877E-002,9.647482633590698E-001,2.149048149585724E-001,
2.003566666666667E+009,3.821647912263870E-002,-4.148790612816811E-002,9.732413291931152E-001,1.946513652801514E-001,3.821647912263870E-002,-4.148790612816811E-002,9.732413291931152E-001,1.946513652801514E-001,
2.011933333333334E+009,5.234850198030472E-002,-4.963451251387596E-002,9.744570255279541E-001,1.636925935745239E-001,5.234850198030472E-002,-4.963451251387596E-002,9.744570255279541E-001,1.636925935745239E-001,
2.020300000000000E+009,5.944645777344704E-002,-6.229737773537636E-002,9.757229685783386E-001,1.374788135290146E-001,5.944645777344704E-002,-6.229737773537636E-002,9.757229685783386E-001,1.374788135290146E-001,
2.028666666666667E+009,6.116484105587006E-002,-7.888256758451462E-002,9.809851646423340E-001,1.135145649313927E-001,6.116484105587006E-002,-7.888256758451462E-002,9.809851646423340E-001,1.135145649313927E-001,
2.037033333333334E+009,5.165104195475578E-002,-9.447487443685532E-002,9.808768630027771E-001,8.311544358730316E-002,5.165104195475578E-002,-9.447487443685532E-002,9.808768630027771E-001,8.311544358730316E-002,
2.045400000000000E+009,3.736219555139542E-002,-1.049004569649696E-001,9.824466705322266E-001,5.970168858766556E-002,3.736219555139542E-002,-1.049004569649696E-001,9.824466705322266E-001,5.970168858766556E-002,
2.053766666666667E+009,1.905909739434719E-002,-1.073213741183281E-001,9.699958562850952E-001,3.563600778579712E-002,1.905909739434719E-002,-1.073213741183281E-001,9.699958562850952E-001,3.563600778579712E-002,
2.062133333333334E+009,3.653245279565454E-003,-1.005931422114372E-001,9.787280559539795E-001,2.116578258574009E-002,3.653245279565454E-003,-1.005931422114372E-001,9.787280559539795E-001,2.116578258574009E-002,
2.070500000000000E+009,-2.703723963350058E-003,-8.566191792488098E-002,9.803140163421631E-001,-1.050633005797863E-002,-2.703723963350058E-003,-8.566191792488098E-002,9.803140163421631E-001,-1.050633005797863E-002,
2.078866666666667E+009,-3.798183053731918E-003,-7.086969166994095E-002,9.933021068572998E-001,-3.008539229631424E-002,-3.798183053731918E-003,-7.086969166994095E-002,9.933021068572998E-001,-3.008539229631424E-002,
2.087233333333334E+009,7.447301410138607E-003,-6.029577553272247E-002,9.887757897377014E-001,-6.103800237178803E-002,7.447301410138607E-003,-6.029577553272247E-002,9.887757897377014E-001,-6.103800237178803E-002,
2.095600000000000E+009,2.351465262472630E-002,-5.744459480047226E-002,9.872099161148071E-001,-9.926554560661316E-002,2.351465262472630E-002,-5.744459480047226E-002,9.872099161148071E-001,-9.926554560661316E-002,
2.103966666666667E+009,3.993395343422890E-002,-6.606826186180115E-002,9.850988388061523E-001,-1.180973351001740E-001,3.993395343422890E-002,-6.606826186180115E-002,9.850988388061523E-001,-1.180973351001740E-001,
2.112333333333334E+009,4.973499104380608E-002,-8.333712816238403E-002,9.724286198616028E-001,-1.403803378343582E-001,4.973499104380608E-002,-8.333712816238403E-002,9.724286198616028E-001,-1.403803378343582E-001,
2.120700000000000E+009,4.778772965073586E-002,-1.073816567659378E-001,9.721564054489136E-001,-1.680014878511429E-001,4.778772965073586E-002,-1.073816567659378E-001,9.721564054489136E-001,-1.680014878511429E-001,
2.129066666666667E+009,3.538880124688149E-002,-1.251725852489471E-001,9.623666405677795E-001,-1.948290318250656E-001,3.538880124688149E-002,-1.251725852489471E-001,9.623666405677795E-001,-1.948290318250656E-001,
2.137433333333334E+009,1.313227694481611E-002,-1.368722766637802E-001,9.551687240600586E-001,-2.196017354726791E-001,1.313227694481611E-002,-1.368722766637802E-001,9.551687240600586E-001,-2.196017354726791E-001,
2.145800000000000E+009,-1.244399696588516E-002,-1.385834962129593E-001,9.506423473358154E-001,-2.341307699680328E-001,-1.244399696588516E-002,-1.385834962129593E-001,9.506423473358154E-001,-2.341307699680328E-001,
2.154166666666667E+009,-3.217811137437820E-002,-1.265231519937515E-001,9.441621899604797E-001,-2.520019412040710E-001,-3.217811137437820E-002,-1.265231519937515E-001,9.441621899604797E-001,-2.520019412040710E-001,
2.162533333333334E+009,-4.793958365917206E-002,-1.049996539950371E-001,9.475153088569641E-001,-2.715750932693481E-001,-4.793958365917206E-002,-1.049996539950371E-001,9.475153088569641E-001,-2.715750932693481E-001,
2.170900000000000E+009,-4.617357999086380E-002,-8.297830075025559E-002,9.373598098754883E-001,-2.986710369586945E-001,-4.617357999086380E-002,-8.297830075025559E-002,9.373598098754883E-001,-2.986710369586945E-001,
2.179266666666667E+009,-3.186817094683647E-002,-6.576312333345413E-002,9.225583672523499E-001,-3.286349177360535E-001,-3.186817094683647E-002,-6.576312333345413E-002,9.225583672523499E-001,-3.286349177360535E-001,
2.187633333333334E+009,-1.116677559912205E-002,-5.971073731780052E-002,9.149863123893738E-001,-3.519490361213684E-001,-1.116677559912205E-002,-5.971073731780052E-002,9.149863123893738E-001,-3.519490361213684E-001,
2.196000000000000E+009,1.171648781746626E-002,-6.903144717216492E-002,9.002839922904968E-001,-3.731787204742432E-001,1.171648781746626E-002,-6.903144717216492E-002,9.002839922904968E-001,-3.731787204742432E-001,
2.204366666666667E+009,2.327679097652435E-002,-9.053958207368851E-002,9.007178544998169E-001,-3.949328064918518E-001,2.327679097652435E-002,-9.053958207368851E-002,9.007178544998169E-001,-3.949328064918518E-001,
2.212733333333334E+009,2.266205847263336E-002,-1.132526323199272E-001,8.779852986335754E-001,-4.281700551509857E-001,2.266205847263336E-002,-1.132526323199272E-001,8.779852986335754E-001,-4.281700551509857E-001,
2.221100000000000E+009,5.304844584316015E-003,-1.362360268831253E-001,8.720355033874512E-001,-4.455742239952087E-001,5.304844584316015E-003,-1.362360268831253E-001,8.720355033874512E-001,-4.455742239952087E-001,
2.229466666666667E+009,-1.879249885678291E-002,-1.486278623342514E-001,8.487011790275574E-001,-4.641546905040741E-001,-1.879249885678291E-002,-1.486278623342514E-001,8.487011790275574E-001,-4.641546905040741E-001,
2.237833333333334E+009,-4.742828384041786E-002,-1.467739939689636E-001,8.408085107803345E-001,-4.826566576957703E-001,-4.742828384041786E-002,-1.467739939689636E-001,8.408085107803345E-001,-4.826566576957703E-001,
2.246200000000000E+009,-7.197194546461105E-002,-1.319740712642670E-001,8.354781270027161E-001,-5.024538636207581E-001,-7.197194546461105E-002,-1.319740712642670E-001,8.354781270027161E-001,-5.024538636207581E-001,
2.254566666666667E+009,-8.452920615673065E-002,-1.059756204485893E-001,8.222392797470093E-001,-5.245445966720581E-001,-8.452920615673065E-002,-1.059756204485893E-001,8.222392797470093E-001,-5.245445966720581E-001,
2.262933333333334E+009,-8.101098984479904E-002,-8.286009728908539E-002,8.134392499923706E-001,-5.469154119491577E-001,-8.101098984479904E-002,-8.286009728908539E-002,8.134392499923706E-001,-5.469154119491577E-001,
2.271300000000000E+009,-6.671880185604096E-002,-6.446018069982529E-002,7.911189198493958E-001,-5.754940509796143E-001,-6.671880185604096E-002,-6.446018069982529E-002,7.911189198493958E-001,-5.754940509796143E-001,
2.279666666666667E+009,-4.524806514382362E-002,-5.922099202871323E-002,7.881000041961670E-001,-5.919988751411438E-001,-4.524806514382362E-002,-5.922099202871323E-002,7.881000041961670E-001,-5.919988751411438E-001,
2.288033333333334E+009,-2.542162127792835E-002,-6.914892047643662E-002,7.707889080047607E-001,-6.131717562675476E-001,-2.542162127792835E-002,-6.914892047643662E-002,7.707889080047607E-001,-6.131717562675476E-001,
2.296400000000000E+009,-1.481784693896771E-002,-8.891720324754715E-002,7.471997737884522E-001,-6.324357986450195E-001,-1.481784693896771E-002,-8.891720324754715E-002,7.471997737884522E-001,-6.324357986450195E-001,
2.304766666666667E+009,-1.724105514585972E-002,-1.127977967262268E-001,7.312872409820557E-001,-6.536895036697388E-001,-1.724105514585972E-002,-1.127977967262268E-001,7.312872409820557E-001,-6.536895036697388E-001,
2.313133333333334E+009,-3.753826767206192E-002,-1.326842755079269E-001,7.142754197120667E-001,-6.670043468475342E-001,-3.753826767206192E-002,-1.326842755079269E-001,7.142754197120667E-001,-6.670043468475342E-001,
2.321500000000000E+009,-6.437034159898758E-002,-1.382618993520737E-001,7.047690749168396E-001,-6.781817078590393E-001,-6.437034159898758E-002,-1.382618993520737E-001,7.047690749168396E-001,-6.781817078590393E-001,
2.329866666666667E+009,-9.000532329082489E-002,-1.279298812150955E-001,6.750802397727966E-001,-6.967859268188477E-001,-9.000532329082489E-002,-1.279298812150955E-001,6.750802397727966E-001,-6.967859268188477E-001,
2.338233333333334E+009,-1.118048354983330E-001,-1.073307171463966E-001,6.639748215675354E-001,-7.139293551445007E-001,-1.118048354983330E-001,-1.073307171463966E-001,6.639748215675354E-001,-7.139293551445007E-001,
2.346600000000000E+009,-1.141105741262436E-001,-7.979756593704224E-002,6.469603180885315E-001,-7.218401432037354E-001,-1.141105741262436E-001,-7.979756593704224E-002,6.469603180885315E-001,-7.218401432037354E-001,
2.354966666666667E+009,-1.034399718046188E-001,-5.389100685715675E-002,6.352741718292236E-001,-7.551985383033752E-001,-1.034399718046188E-001,-5.389100685715675E-002,6.352741718292236E-001,-7.551985383033752E-001,
2.363333333333334E+009,-7.963000982999802E-002,-4.149814322590828E-002,6.117912530899048E-001,-7.709658145904541E-001,-7.963000982999802E-002,-4.149814322590828E-002,6.117912530899048E-001,-7.709658145904541E-001,
2.371700000000000E+009,-5.220180004835129E-002,-4.718175157904625E-002,5.972054004669190E-001,-7.879658341407776E-001,-5.220180004835129E-002,-4.718175157904625E-002,5.972054004669190E-001,-7.879658341407776E-001,
2.380066666666667E+009,-3.433419391512871E-002,-6.831248104572296E-002,5.708570480346680E-001,-8.039946556091309E-001,-3.433419391512871E-002,-6.831248104572296E-002,5.708570480346680E-001,-8.039946556091309E-001,
2.388433333333334E+009,-2.902626246213913E-002,-1.016515791416168E-001,5.486201047897339E-001,-8.181725740432739E-001,-2.902626246213913E-002,-1.016515791416168E-001,5.486201047897339E-001,-8.181725740432739E-001,
2.396800000000000E+009,-4.537783190608025E-002,-1.320560872554779E-001,5.237245559692383E-001,-8.291290998458862E-001,-4.537783190608025E-002,-1.320560872554779E-001,5.237245559692383E-001,-8.291290998458862E-001,
2.405166666666667E+009,-7.557936012744904E-002,-1.507801711559296E-001,4.951366782188416E-001,-8.397916555404663E-001,-7.557936012744904E-002,-1.507801711559296E-001,4.951366782188416E-001,-8.397916555404663E-001,
2.413533333333334E+009,-1.158315911889076E-001,-1.525017023086548E-001,4.735225737094879E-001,-8.498327732086182E-001,-1.158315911889076E-001,-1.525017023086548E-001,4.735225737094879E-001,-8.498327732086182E-001,
2.421900000000000E+009,-1.532457172870636E-001,-1.329897940158844E-001,4.562202394008637E-001,-8.620092868804932E-001,-1.532457172870636E-001,-1.329897940158844E-001,4.562202394008637E-001,-8.620092868804932E-001,
2.430266666666667E+009,-1.793959885835648E-001,-9.878268092870712E-002,4.361381828784943E-001,-8.598734140396118E-001,-1.793959885835648E-001,-9.878268092870712E-002,4.361381828784943E-001,-8.598734140396118E-001,
2.438633333333334E+009,-1.867661476135254E-001,-5.665193498134613E-002,4.224708080291748E-001,-8.697659373283386E-001,-1.867661476135254E-001,-5.665193498134613E-002,4.224708080291748E-001,-8.697659373283386E-001,
2.447000000000000E+009,-1.716477870941162E-001,-1.834042556583881E-002,4.027195572853088E-001,-8.830208778381348E-001,-1.716477870941162E-001,-1.834042556583881E-002,4.027195572853088E-001,-8.830208778381348E-001,
2.455366666666667E+009,-1.422384381294251E-001,5.421572364866734E-003,3.896077871322632E-001,-9.003913402557373E-001,-1.422384381294251E-001,5.421572364866734E-003,3.896077871322632E-001,-9.003913402557373E-001,
2.463733333333334E+009,-1.063361391425133E-001,7.777117658406496E-003,3.557960391044617E-001,-9.177709221839905E-001,-1.063361391425133E-001,7.777117658406496E-003,3.557960391044617E-001,-9.177709221839905E-001,
2.472100000000000E+009,-7.664700597524643E-002,-6.782468408346176E-003,3.361780941486359E-001,-9.261494278907776E-001,-7.664700597524643E-002,-6.782468408346176E-003,3.361780941486359E-001,-9.261494278907776E-001,
2.480466666666667E+009,-6.408233195543289E-002,-3.839896246790886E-002,2.972379326820374E-001,-9.350044727325440E-001,-6.408233195543289E-002,-3.839896246790886E-002,2.972379326820374E-001,-9.350044727325440E-001,
2.488833333333334E+009,-7.057200372219086E-002,-6.995166093111038E-002,2.687617242336273E-001,-9.490668177604675E-001,-7.057200372219086E-002,-6.995166093111038E-002,2.687617242336273E-001,-9.490668177604675E-001,
2.497200000000000E+009,-9.428431093692780E-002,-9.249462187290192E-002,2.500016987323761E-001,-9.436979293823242E-001,-9.428431093692780E-002,-9.249462187290192E-002,2.500016987323761E-001,-9.436979293823242E-001,
2.505566666666667E+009,-1.294574290513992E-001,-9.576749801635742E-002,2.282857596874237E-001,-9.443649649620056E-001,-1.294574290513992E-001,-9.576749801635742E-002,2.282857596874237E-001,-9.443649649620056E-001,
2.513933333333334E+009,-1.593081206083298E-001,-8.112971484661102E-002,2.008001208305359E-001,-9.461952447891235E-001,-1.593081206083298E-001,-8.112971484661102E-002,2.008001208305359E-001,-9.461952447891235E-001,
2.522300000000000E+009,-1.795333176851273E-001,-4.801088199019432E-002,1.831120401620865E-001,-9.541749358177185E-001,-1.795333176851273E-001,-4.801088199019432E-002,1.831120401620865E-001,-9.541749358177185E-001,
2.530666666666667E+009,-1.808107793331146E-001,-1.353150513023138E-002,1.605532616376877E-001,-9.620439410209656E-001,-1.808107793331146E-001,-1.353150513023138E-002,1.605532616376877E-001,-9.620439410209656E-001,
2.539033333333334E+009,-1.671770513057709E-001,1.808869093656540E-002,1.410724520683289E-001,-9.672685265541077E-001,-1.671770513057709E-001,1.808869093656540E-002,1.410724520683289E-001,-9.672685265541077E-001,
2.547400000000000E+009,-1.383039802312851E-001,3.654234483838081E-002,1.187128052115440E-001,-9.716240763664246E-001,-1.383039802312851E-001,3.654234483838081E-002,1.187128052115440E-001,-9.716240763664246E-001,
2.555766666666667E+009,-1.064632609486580E-001,3.435078263282776E-002,8.972355723381043E-002,-9.825615882873535E-001,-1.064632609486580E-001,3.435078263282776E-002,8.972355723381043E-002,-9.825615882873535E-001,
2.564133333333334E+009,-8.145332336425781E-002,1.491574663668871E-002,6.097531691193581E-002,-9.825118184089661E-001,-8.145332336425781E-002,1.491574663668871E-002,6.097531691193581E-002,-9.825118184089661E-001,
2.572500000000000E+009,-7.469271123409271E-002,-1.575972698628902E-002,3.419577330350876E-002,-9.859697222709656E-001,-7.469271123409271E-002,-1.575972698628902E-002,3.419577330350876E-002,-9.859697222709656E-001,
2.580866666666667E+009,-8.632367104291916E-002,-4.576529935002327E-002,3.117407439276576E-003,-9.838757514953613E-001,-8.632367104291916E-002,-4.576529935002327E-002,3.117407439276576E-003,-9.838757514953613E-001,
2.589233333333334E+009,-1.153015792369843E-001,-6.321649998426437E-002,-2.196931466460228E-002,-9.818824529647827E-001,-1.153015792369843E-001,-6.321649998426437E-002,-2.196931466460228E-002,-9.818824529647827E-001,
2.597600000000000E+009,-1.503657698631287E-001,-6.356371939182282E-002,-4.665407910943031E-002,-9.743225574493408E-001,-1.503657698631287E-001,-6.356371939182282E-002,-4.665407910943031E-002,-9.743225574493408E-001,
2.605966666666667E+009,-1.819687783718109E-001,-4.415560513734818E-002,-6.569402664899826E-002,-9.727628827095032E-001,-1.819687783718109E-001,-4.415560513734818E-002,-6.569402664899826E-002,-9.727628827095032E-001,
2.614333333333334E+009,-1.999968439340591E-001,-1.134433597326279E-002,-8.938631415367127E-002,-9.669843912124634E-001,-1.999968439340591E-001,-1.134433597326279E-002,-8.938631415367127E-002,-9.669843912124634E-001,
2.622700000000000E+009,-1.989586800336838E-001,2.724317088723183E-002,-1.012976020574570E-001,-9.597460031509399E-001,-1.989586800336838E-001,2.724317088723183E-002,-1.012976020574570E-001,-9.597460031509399E-001,
2.631066666666667E+009,-1.807840466499329E-001,6.035346910357475E-002,-1.345883309841156E-001,-9.683980345726013E-001,-1.807840466499329E-001,6.035346910357475E-002,-1.345883309841156E-001,-9.683980345726013E-001,
2.639433333333334E+009,-1.490605473518372E-001,7.965102046728134E-002,-1.594958603382111E-001,-9.620124101638794E-001,-1.490605473518372E-001,7.965102046728134E-002,-1.594958603382111E-001,-9.620124101638794E-001,
2.647800000000000E+009,-1.156216263771057E-001,7.999087870121002E-002,-1.745401173830032E-001,-9.641933441162109E-001,-1.156216263771057E-001,7.999087870121002E-002,-1.745401173830032E-001,-9.641933441162109E-001,
2.656166666666667E+009,-9.045717120170593E-002,6.171635538339615E-002,-2.018228471279144E-001,-9.629200100898743E-001,-9.045717120170593E-002,6.171635538339615E-002,-2.018228471279144E-001,-9.629200100898743E-001,
2.664533333333334E+009,-8.048965036869049E-002,3.377852588891983E-002,-2.348961979150772E-001,-9.557719826698303E-001,-8.048965036869049E-002,3.377852588891983E-002,-2.348961979150772E-001,-9.557719826698303E-001,
2.672900000000000E+009,-9.246674180030823E-002,5.976369138807058E-003,-2.618147134780884E-001,-9.530176520347595E-001,-9.246674180030823E-002,5.976369138807058E-003,-2.618147134780884E-001,-9.530176520347595E-001,
2.681266666666667E+009,-1.177812740206718E-001,-1.220155786722899E-002,-2.892909944057465E-001,-9.382627010345459E-001,-1.177812740206718E-001,-1.220155786722899E-002,-2.892909944057465E-001,-9.382627010345459E-001,
2.689633333333334E+009,-1.512689441442490E-001,-1.198449358344078E-002,-3.202409446239471E-001,-9.264155030250549E-001,-1.512689441442490E-001,-1.198449358344078E-002,-3.202409446239471E-001,-9.264155030250549E-001,
2.698000000000000E+009,-1.783636808395386E-001,7.668769918382168E-003,-3.356840312480927E-001,-9.113454222679138E-001,-1.783636808395386E-001,7.668769918382168E-003,-3.356840312480927E-001,-9.113454222679138E-001,
2.706366666666667E+009,-1.916140019893646E-001,4.179776832461357E-002,-3.542829155921936E-001,-8.990561962127686E-001,-1.916140019893646E-001,4.179776832461357E-002,-3.542829155921936E-001,-8.990561962127686E-001,
2.714733333333334E+009,-1.881206184625626E-001,7.772472500801086E-002,-3.698320090770721E-001,-8.951192498207092E-001,-1.881206184625626E-001,7.772472500801086E-002,-3.698320090770721E-001,-8.951192498207092E-001,
2.723100000000000E+009,-1.673540920019150E-001,1.100602224469185E-001,-3.878359198570252E-001,-8.906638026237488E-001,-1.673540920019150E-001,1.100602224469185E-001,-3.878359198570252E-001,-8.906638026237488E-001,
2.731466666666667E+009,-1.324487626552582E-001,1.271188706159592E-001,-4.126581549644470E-001,-8.822587132453919E-001,-1.324487626552582E-001,1.271188706159592E-001,-4.126581549644470E-001,-8.822587132453919E-001,
2.739833333333334E+009,-9.565941989421845E-002,1.254372000694275E-001,-4.449432790279388E-001,-8.776345252990723E-001,-9.565941989421845E-002,1.254372000694275E-001,-4.449432790279388E-001,-8.776345252990723E-001,
2.748200000000000E+009,-6.842301040887833E-002,1.070272400975227E-001,-4.586126208305359E-001,-8.691843748092651E-001,-6.842301040887833E-002,1.070272400975227E-001,-4.586126208305359E-001,-8.691843748092651E-001,
2.756566666666667E+009,-5.660421028733254E-002,7.676071673631668E-002,-4.858096837997437E-001,-8.562610149383545E-001,-5.660421028733254E-002,7.676071673631668E-002,-4.858096837997437E-001,-8.562610149383545E-001,
2.764933333333334E+009,-6.592857837677002E-002,4.709080606698990E-002,-5.165712833404541E-001,-8.486546277999878E-001,-6.592857837677002E-002,4.709080606698990E-002,-5.165712833404541E-001,-8.486546277999878E-001,
2.773300000000000E+009,-9.060602635145187E-002,2.780222333967686E-002,-5.360602736473084E-001,-8.257932662963867E-001,-9.060602635145187E-002,2.780222333967686E-002,-5.360602736473084E-001,-8.257932662963867E-001,
2.781666666666667E+009,-1.226484552025795E-001,2.612454257905483E-002,-5.498752593994141E-001,-8.080926537513733E-001,-1.226484552025795E-001,2.612454257905483E-002,-5.498752593994141E-001,-8.080926537513733E-001,
2.790033333333334E+009,-1.523294001817703E-001,4.379516094923019E-002,-5.746420025825501E-001,-7.911331057548523E-001,-1.523294001817703E-001,4.379516094923019E-002,-5.746420025825501E-001,-7.911331057548523E-001,
2.798400000000000E+009,-1.677600741386414E-001,7.399873435497284E-002,-5.940131545066834E-001,-7.737802863121033E-001,-1.677600741386414E-001,7.399873435497284E-002,-5.940131545066834E-001,-7.737802863121033E-001,
2.806766666666667E+009,-1.632428169250488E-001,1.097234040498734E-001,-6.062721610069275E-001,-7.574713826179504E-001,-1.632428169250488E-001,1.097234040498734E-001,-6.062721610069275E-001,-7.574713826179504E-001,
2.815133333333334E+009,-1.409423500299454E-001,1.386954784393311E-001,-6.219131350517273E-001,-7.462880611419678E-001,-1.409423500299454E-001,1.386954784393311E-001,-6.219131350517273E-001,-7.462880611419678E-001,
2.823500000000000E+009,-1.091209948062897E-001,1.552818864583969E-001,-6.361658573150635E-001,-7.331076860427856E-001,-1.091209948062897E-001,1.552818864583969E-001,-6.361658573150635E-001,-7.331076860427856E-001,
2.831866666666667E+009,-7.185338437557221E-002,1.520606577396393E-001,-6.542203426361084E-001,-7.201272845268250E-001,-7.185338437557221E-002,1.520606577396393E-001,-6.542203426361084E-001,-7.201272845268250E-001,
2.840233333333334E+009,-4.250358045101166E-002,1.330968588590622E-001,-6.824703812599182E-001,-7.021517157554627E-001,-4.250358045101166E-002,1.330968588590622E-001,-6.824703812599182E-001,-7.021517157554627E-001,
2.848600000000000E+009,-2.992186881601811E-002,1.032752469182015E-001,-7.027004361152649E-001,-6.941430568695068E-001,-2.992186881601811E-002,1.032752469182015E-001,-7.027004361152649E-001,-6.941430568695068E-001,
2.856966666666667E+009,-3.743311762809753E-002,7.211404293775559E-002,-7.219142913818359E-001,-6.719028353691101E-001,-3.743311762809753E-002,7.211404293775559E-002,-7.219142913818359E-001,-6.719028353691101E-001,
2.865333333333334E+009,-6.319163739681244E-002,5.352582037448883E-002,-7.358268499374390E-001,-6.506240963935852E-001,-6.319163739681244E-002,5.352582037448883E-002,-7.358268499374390E-001,-6.506240963935852E-001,
2.873700000000000E+009,-9.753499925136566E-002,5.176057666540146E-002,-7.629764080047607E-001,-6.265773773193359E-001,-9.753499925136566E-002,5.176057666540146E-002,-7.629764080047607E-001,-6.265773773193359E-001,
2.882066666666667E+009,-1.274973452091217E-001,6.882553547620773E-002,-7.688648104667664E-001,-6.047381162643433E-001,-1.274973452091217E-001,6.882553547620773E-002,-7.688648104667664E-001,-6.047381162643433E-001,
2.890433333333334E+009,-1.440762877464294E-001,1.015893369913101E-001,-7.817480564117432E-001,-5.834255218505859E-001,-1.440762877464294E-001,1.015893369913101E-001,-7.817480564117432E-001,-5.834255218505859E-001,
2.898800000000000E+009,-1.397738754749298E-001,1.387025117874146E-001,-7.885949015617371E-001,-5.642594695091248E-001,-1.397738754749298E-001,1.387025117874146E-001,-7.885949015617371E-001,-5.642594695091248E-001,
2.907166666666667E+009,-1.171372085809708E-001,1.701230555772781E-001,-8.084984421730042E-001,-5.434210896492004E-001,-1.171372085809708E-001,1.701230555772781E-001,-8.084984421730042E-001,-5.434210896492004E-001,
2.915533333333334E+009,-8.119297027587891E-002,1.868748515844345E-001,-8.126798272132874E-001,-5.274914503097534E-001,-8.119297027587891E-002,1.868748515844345E-001,-8.126798272132874E-001,-5.274914503097534E-001,
2.923900000000000E+009,-4.174986481666565E-002,1.839693784713745E-001,-8.247025609016419E-001,-5.119457840919495E-001,-4.174986481666565E-002,1.839693784713745E-001,-8.247025609016419E-001,-5.119457840919495E-001,
2.932266666666667E+009,-8.043303154408932E-003,1.619471609592438E-001,-8.438584208488464E-001,-4.960505068302155E-001,-8.043303154408932E-003,1.619471609592438E-001,-8.438584208488464E-001,-4.960505068302155E-001,
2.940633333333334E+009,7.397718261927366E-003,1.275734305381775E-001,-8.606585264205933E-001,-4.771701097488403E-001,7.397718261927366E-003,1.275734305381775E-001,-8.606585264205933E-001,-4.771701097488403E-001,
2.949000000000000E+009,8.720388868823648E-004,9.419012069702148E-002,-8.746691346168518E-001,-4.575715959072113E-001,8.720388868823648E-004,9.419012069702148E-002,-8.746691346168518E-001,-4.575715959072113E-001,
2.957366666666667E+009,-2.414520271122456E-002,6.977803260087967E-002,-8.884583115577698E-001,-4.283187389373779E-001,-2.414520271122456E-002,6.977803260087967E-002,-8.884583115577698E-001,-4.283187389373779E-001,
2.965733333333334E+009,-5.907211825251579E-002,6.571207195520401E-002,-9.035122394561768E-001,-3.953567445278168E-001,-5.907211825251579E-002,6.571207195520401E-002,-9.035122394561768E-001,-3.953567445278168E-001,
2.974100000000000E+009,-8.984551578760147E-002,8.229491859674454E-002,-9.086438417434692E-001,-3.655574023723602E-001,-8.984551578760147E-002,8.229491859674454E-002,-9.086438417434692E-001,-3.655574023723602E-001,
2.982466666666667E+009,-1.094497442245483E-001,1.164850965142250E-001,-9.145377874374390E-001,-3.467146754264832E-001,-1.094497442245483E-001,1.164850965142250E-001,-9.145377874374390E-001,-3.467146754264832E-001,
2.990833333333334E+009,-1.055511161684990E-001,1.553479880094528E-001,-9.163971543312073E-001,-3.230470716953278E-001,-1.055511161684990E-001,1.553479880094528E-001,-9.163971543312073E-001,-3.230470716953278E-001,
2.999200000000000E+009,-8.337931334972382E-002,1.878611743450165E-001,-9.198522567749023E-001,-2.978300750255585E-001,-8.337931334972382E-002,1.878611743450165E-001,-9.198522567749023E-001,-2.978300750255585E-001,
3.007566666666667E+009,-4.424159228801727E-002,2.047097384929657E-001,-9.271509647369385E-001,-2.842639982700348E-001,-4.424159228801727E-002,2.047097384929657E-001,-9.271509647369385E-001,-2.842639982700348E-001,
3.015933333333334E+009,-1.834617578424513E-003,1.993856132030487E-001,-9.320451021194458E-001,-2.649284601211548E-001,-1.834617578424513E-003,1.993856132030487E-001,-9.320451021194458E-001,-2.649284601211548E-001,
3.024300000000000E+009,3.370624408125877E-002,1.745600551366806E-001,-9.449720978736877E-001,-2.396368235349655E-001,3.370624408125877E-002,1.745600551366806E-001,-9.449720978736877E-001,-2.396368235349655E-001,
3.032666666666667E+009,4.996818304061890E-002,1.362687051296234E-001,-9.546931982040405E-001,-2.210463285446167E-001,4.996818304061890E-002,1.362687051296234E-001,-9.546931982040405E-001,-2.210463285446167E-001,
3.041033333333334E+009,4.208233579993248E-002,9.637449681758881E-002,-9.671404957771301E-001,-1.968457698822022E-001,4.208233579993248E-002,9.637449681758881E-002,-9.671404957771301E-001,-1.968457698822022E-001,
3.049400000000000E+009,1.418309938162565E-002,6.791707873344421E-002,-9.758729934692383E-001,-1.649975925683975E-001,1.418309938162565E-002,6.791707873344421E-002,-9.758729934692383E-001,-1.649975925683975E-001,
3.057766666666667E+009,-2.479614317417145E-002,6.419539451599121E-002,-9.763701558113098E-001,-1.366369724273682E-001,-2.479614317417145E-002,6.419539451599121E-002,-9.763701558113098E-001,-1.366369724273682E-001,
3.066133333333334E+009,-6.220138072967529E-002,8.328141272068024E-002,-9.814969897270203E-001,-1.018174886703491E-001,-6.220138072967529E-002,8.328141272068024E-002,-9.814969897270203E-001,-1.018174886703491E-001,
3.074500000000000E+009,-8.223669975996018E-002,1.212499961256981E-001,-9.762912988662720E-001,-7.468783110380173E-002,-8.223669975996018E-002,1.212499961256981E-001,-9.762912988662720E-001,-7.468783110380173E-002,
3.082866666666667E+009,-7.696747034788132E-002,1.665867269039154E-001,-9.733686447143555E-001,-5.048748478293419E-002,-7.696747034788132E-002,1.665867269039154E-001,-9.733686447143555E-001,-5.048748478293419E-002,
3.091233333333334E+009,-4.915615543723106E-002,2.042026072740555E-001,-9.667151570320129E-001,-3.767661005258560E-002,-4.915615543723106E-002,2.042026072740555E-001,-9.667151570320129E-001,-3.767661005258560E-002,
3.099600000000000E+009,-3.070679260417819E-003,2.219242900609970E-001,-9.629510045051575E-001,-1.058313157409430E-002,-3.070679260417819E-003,2.219242900609970E-001,-9.629510045051575E-001,-1.058313157409430E-002,
3.107966666666667E+009,4.552872851490974E-002,2.128218561410904E-001,-9.660421013832092E-001,7.715706247836351E-003,4.552872851490974E-002,2.128218561410904E-001,-9.660421013832092E-001,7.715706247836351E-003,
3.116333333333334E+009,8.613295853137970E-002,1.818553507328033E-001,-9.666633605957031E-001,2.238991670310497E-002,8.613295853137970E-002,1.818553507328033E-001,-9.666633605957031E-001,2.238991670310497E-002,
3.124700000000000E+009,1.057690307497978E-001,1.345845460891724E-001,-9.706505537033081E-001,4.026336595416069E-002,1.057690307497978E-001,1.345845460891724E-001,-9.706505537033081E-001,4.026336595416069E-002,
3.133066666666667E+009,9.724063426256180E-002,8.467356115579605E-002,-9.789502024650574E-001,6.514611095190048E-002,9.724063426256180E-002,8.467356115579605E-002,-9.789502024650574E-001,6.514611095190048E-002,
3.141433333333334E+009,6.383111327886581E-002,4.757931455969811E-002,-9.849753379821777E-001,9.883476793766022E-002,6.383111327886581E-002,4.757931455969811E-002,-9.849753379821777E-001,9.883476793766022E-002,
3.149800000000000E+009,1.678315550088882E-002,3.815452009439468E-002,-9.845404028892517E-001,1.308756768703461E-001,1.678315550088882E-002,3.815452009439468E-002,-9.845404028892517E-001,1.308756768703461E-001,
3.158166666666667E+009,-2.885250002145767E-002,5.506164953112602E-002,-9.762930870056152E-001,1.665945053100586E-001,-2.885250002145767E-002,5.506164953112602E-002,-9.762930870056152E-001,1.665945053100586E-001,
3.166533333333334E+009,-5.734268203377724E-002,9.690599888563156E-002,-9.600836038589478E-001,1.991650462150574E-001,-5.734268203377724E-002,9.690599888563156E-002,-9.600836038589478E-001,1.991650462150574E-001,
3.174900000000000E+009,-5.627766251564026E-002,1.472367495298386E-001,-9.564849734306335E-001,2.205253243446350E-001,-5.627766251564026E-002,1.472367495298386E-001,-9.564849734306335E-001,2.205253243446350E-001,
3.183266666666667E+009,-2.820662222802639E-002,1.915614902973175E-001,-9.384528398513794E-001,2.429517954587936E-001,-2.820662222802639E-002,1.915614902973175E-001,-9.384528398513794E-001,2.429517954587936E-001,
3.191633333333334E+009,1.772217266261578E-002,2.133094966411591E-001,-9.307173490524292E-001,2.580276429653168E-001,1.772217266261578E-002,2.133094966411591E-001,-9.307173490524292E-001,2.580276429653168E-001,
3.200000000000000E+009,7.032075524330139E-002,2.068475484848023E-001,-9.198006987571716E-001,2.704409360885620E-001,7.032075524330139E-002,2.068475484848023E-001,-9.198006987571716E-001,2.704409360885620E-001,
