% Version 1.00
%
%freq[Hz],re:Trc1_S11,im:Trc1_S11,re:Trc2_S21,im:Trc2_S21,re:Trc3_S11,im:Trc3_S11,re:Trc4_S21,im:Trc4_S21,
6.900000000000000E+008,-8.242198079824448E-002,2.420625824015588E-004,-4.548093080520630E-001,-8.619540333747864E-001,-8.242198079824448E-002,2.420625824015588E-004,-4.548093080520630E-001,-8.619540333747864E-001,
6.983666666666666E+008,-7.330750674009323E-002,1.850867993198335E-003,-4.848472177982330E-001,-8.537452816963196E-001,-7.330750674009323E-002,1.850867993198335E-003,-4.848472177982330E-001,-8.537452816963196E-001,
7.067333333333334E+008,-6.683557480573654E-002,-2.435157308354974E-003,-5.060163736343384E-001,-8.293478488922119E-001,-6.683557480573654E-002,-2.435157308354974E-003,-5.060163736343384E-001,-8.293478488922119E-001,
7.151000000000000E+008,-6.545580178499222E-002,-9.157381951808929E-003,-5.413132905960083E-001,-8.287508487701416E-001,-6.545580178499222E-002,-9.157381951808929E-003,-5.413132905960083E-001,-8.287508487701416E-001,
7.234666666666666E+008,-6.593639403581619E-002,-1.519223488867283E-002,-5.546137094497681E-001,-8.101110458374023E-001,-6.593639403581619E-002,-1.519223488867283E-002,-5.546137094497681E-001,-8.101110458374023E-001,
7.318333333333334E+008,-7.209869474172592E-002,-1.827350258827210E-002,-5.762730836868286E-001,-7.935177087783814E-001,-7.209869474172592E-002,-1.827350258827210E-002,-5.762730836868286E-001,-7.935177087783814E-001,
7.402000000000000E+008,-7.834251970052719E-002,-1.776413433253765E-002,-5.832299590110779E-001,-7.671141028404236E-001,-7.834251970052719E-002,-1.776413433253765E-002,-5.832299590110779E-001,-7.671141028404236E-001,
7.485666666666666E+008,-8.467143028974533E-002,-1.196250226348639E-002,-6.110674738883972E-001,-7.564502358436585E-001,-8.467143028974533E-002,-1.196250226348639E-002,-6.110674738883972E-001,-7.564502358436585E-001,
7.569333333333334E+008,-9.018686413764954E-002,-4.640570841729641E-003,-6.343807578086853E-001,-7.479108572006226E-001,-9.018686413764954E-002,-4.640570841729641E-003,-6.343807578086853E-001,-7.479108572006226E-001,
7.653000000000000E+008,-8.606064319610596E-002,4.057725891470909E-003,-6.334725022315979E-001,-7.259467244148254E-001,-8.606064319610596E-002,4.057725891470909E-003,-6.334725022315979E-001,-7.259467244148254E-001,
7.736666666666666E+008,-8.298881351947784E-002,1.021210476756096E-002,-6.477580666542053E-001,-7.255322337150574E-001,-8.298881351947784E-002,1.021210476756096E-002,-6.477580666542053E-001,-7.255322337150574E-001,
7.820333333333334E+008,-7.726529240608215E-002,1.494427118450403E-002,-6.813873052597046E-001,-7.006546854972839E-001,-7.726529240608215E-002,1.494427118450403E-002,-6.813873052597046E-001,-7.006546854972839E-001,
7.904000000000000E+008,-6.943853199481964E-002,1.581373251974583E-002,-6.926604509353638E-001,-6.853380203247070E-001,-6.943853199481964E-002,1.581373251974583E-002,-6.926604509353638E-001,-6.853380203247070E-001,
7.987666666666666E+008,-6.786075234413147E-002,1.339886616915464E-002,-7.032582759857178E-001,-6.751281023025513E-001,-6.786075234413147E-002,1.339886616915464E-002,-7.032582759857178E-001,-6.751281023025513E-001,
8.071333333333334E+008,-6.636030972003937E-002,6.616646423935890E-003,-7.251425385475159E-001,-6.449113488197327E-001,-6.636030972003937E-002,6.616646423935890E-003,-7.251425385475159E-001,-6.449113488197327E-001,
8.155000000000000E+008,-6.949504464864731E-002,2.112014684826136E-003,-7.558178305625916E-001,-6.329817771911621E-001,-6.949504464864731E-002,2.112014684826136E-003,-7.558178305625916E-001,-6.329817771911621E-001,
8.238666666666666E+008,-7.582559436559677E-002,1.591140404343605E-003,-7.636123895645142E-001,-6.087225675582886E-001,-7.582559436559677E-002,1.591140404343605E-003,-7.636123895645142E-001,-6.087225675582886E-001,
8.322333333333334E+008,-8.190143108367920E-002,3.632479114457965E-003,-7.762400507926941E-001,-5.972886681556702E-001,-8.190143108367920E-002,3.632479114457965E-003,-7.762400507926941E-001,-5.972886681556702E-001,
8.406000000000000E+008,-8.678113669157028E-002,8.267031982541084E-003,-7.882190942764282E-001,-5.751233696937561E-001,-8.678113669157028E-002,8.267031982541084E-003,-7.882190942764282E-001,-5.751233696937561E-001,
8.489666666666668E+008,-8.928524702787399E-002,2.033960260450840E-002,-8.017938733100891E-001,-5.465118885040283E-001,-8.928524702787399E-002,2.033960260450840E-002,-8.017938733100891E-001,-5.465118885040283E-001,
8.573333333333334E+008,-8.831868320703507E-002,2.979956194758415E-002,-8.085471987724304E-001,-5.130921006202698E-001,-8.831868320703507E-002,2.979956194758415E-002,-8.085471987724304E-001,-5.130921006202698E-001,
8.657000000000000E+008,-8.322353661060333E-002,3.977901861071587E-002,-8.365969657897949E-001,-5.185068249702454E-001,-8.322353661060333E-002,3.977901861071587E-002,-8.365969657897949E-001,-5.185068249702454E-001,
8.740666666666668E+008,-7.494626939296722E-002,4.685537144541740E-002,-8.451040387153626E-001,-4.947673380374908E-001,-7.494626939296722E-002,4.685537144541740E-002,-8.451040387153626E-001,-4.947673380374908E-001,
8.824333333333334E+008,-6.700716912746429E-002,4.983733966946602E-002,-8.644757866859436E-001,-4.722123146057129E-001,-6.700716912746429E-002,4.983733966946602E-002,-8.644757866859436E-001,-4.722123146057129E-001,
8.908000000000000E+008,-5.910260975360870E-002,4.816468432545662E-002,-8.789398670196533E-001,-4.563684761524200E-001,-5.910260975360870E-002,4.816468432545662E-002,-8.789398670196533E-001,-4.563684761524200E-001,
8.991666666666668E+008,-5.282696709036827E-002,4.438031092286110E-002,-8.827501535415649E-001,-4.341309070587158E-001,-5.282696709036827E-002,4.438031092286110E-002,-8.827501535415649E-001,-4.341309070587158E-001,
9.075333333333334E+008,-5.213204398751259E-002,3.801518678665161E-002,-8.957374095916748E-001,-4.052989780902863E-001,-5.213204398751259E-002,3.801518678665161E-002,-8.957374095916748E-001,-4.052989780902863E-001,
9.159000000000000E+008,-5.271583423018456E-002,3.194016218185425E-002,-9.200091361999512E-001,-3.772552013397217E-001,-5.271583423018456E-002,3.194016218185425E-002,-9.200091361999512E-001,-3.772552013397217E-001,
9.242666666666668E+008,-5.909820273518562E-002,3.263914212584496E-002,-9.110372662544251E-001,-3.526009023189545E-001,-5.909820273518562E-002,3.263914212584496E-002,-9.110372662544251E-001,-3.526009023189545E-001,
9.326333333333334E+008,-6.383212655782700E-002,3.461768105626106E-002,-9.283393025398254E-001,-3.430300652980804E-001,-6.383212655782700E-002,3.461768105626106E-002,-9.283393025398254E-001,-3.430300652980804E-001,
9.410000000000000E+008,-6.781046092510223E-002,3.953447937965393E-002,-9.404952526092529E-001,-3.076653778553009E-001,-6.781046092510223E-002,3.953447937965393E-002,-9.404952526092529E-001,-3.076653778553009E-001,
9.493666666666668E+008,-6.933731585741043E-002,4.987817630171776E-002,-9.493318796157837E-001,-2.733376920223236E-001,-6.933731585741043E-002,4.987817630171776E-002,-9.493318796157837E-001,-2.733376920223236E-001,
9.577333333333334E+008,-6.685732305049896E-002,6.073952838778496E-002,-9.543188214302063E-001,-2.618906497955322E-001,-6.685732305049896E-002,6.073952838778496E-002,-9.543188214302063E-001,-2.618906497955322E-001,
9.661000000000000E+008,-5.862525105476379E-002,6.849285960197449E-002,-9.589848518371582E-001,-2.213546782732010E-001,-5.862525105476379E-002,6.849285960197449E-002,-9.589848518371582E-001,-2.213546782732010E-001,
9.744666666666668E+008,-4.699285328388214E-002,7.067011296749115E-002,-9.574381113052368E-001,-2.111484408378601E-001,-4.699285328388214E-002,7.067011296749115E-002,-9.574381113052368E-001,-2.111484408378601E-001,
9.828333333333334E+008,-3.830095380544663E-002,7.350672781467438E-002,-9.732063412666321E-001,-1.914729326963425E-001,-3.830095380544663E-002,7.350672781467438E-002,-9.732063412666321E-001,-1.914729326963425E-001,
9.912000000000000E+008,-2.707571163773537E-002,6.811830401420593E-002,-9.730889797210693E-001,-1.691548228263855E-001,-2.707571163773537E-002,6.811830401420593E-002,-9.730889797210693E-001,-1.691548228263855E-001,
9.995666666666668E+008,-2.301404438912869E-002,6.124278157949448E-002,-9.858140945434570E-001,-1.305052489042282E-001,-2.301404438912869E-002,6.124278157949448E-002,-9.858140945434570E-001,-1.305052489042282E-001,
1.007933333333333E+009,-1.805967651307583E-002,5.293080955743790E-002,-1.003275394439697E+000,-1.112605407834053E-001,-1.805967651307583E-002,5.293080955743790E-002,-1.003275394439697E+000,-1.112605407834053E-001,
1.016300000000000E+009,-2.342212013900280E-002,4.707518592476845E-002,-9.918935894966126E-001,-9.119482338428497E-002,-2.342212013900280E-002,4.707518592476845E-002,-9.918935894966126E-001,-9.119482338428497E-002,
1.024666666666667E+009,-3.053732030093670E-002,4.238210618495941E-002,-9.889997243881226E-001,-5.944054201245308E-002,-3.053732030093670E-002,4.238210618495941E-002,-9.889997243881226E-001,-5.944054201245308E-002,
1.033033333333333E+009,-3.491898253560066E-002,4.704352840781212E-002,-9.932128190994263E-001,-2.944025397300720E-002,-3.491898253560066E-002,4.704352840781212E-002,-9.932128190994263E-001,-2.944025397300720E-002,
1.041400000000000E+009,-4.184876382350922E-002,5.225102603435516E-002,-9.993536472320557E-001,-1.135381963104010E-002,-4.184876382350922E-002,5.225102603435516E-002,-9.993536472320557E-001,-1.135381963104010E-002,
1.049766666666667E+009,-3.830362111330032E-002,6.262784451246262E-002,-9.833847880363464E-001,2.561131119728088E-002,-3.830362111330032E-002,6.262784451246262E-002,-9.833847880363464E-001,2.561131119728088E-002,
1.058133333333333E+009,-3.503682091832161E-002,7.224285602569580E-002,-9.865165352821350E-001,4.637376591563225E-002,-3.503682091832161E-002,7.224285602569580E-002,-9.865165352821350E-001,4.637376591563225E-002,
1.066500000000000E+009,-2.352801524102688E-002,7.870397716760635E-002,-1.003753423690796E+000,7.975534349679947E-002,-2.352801524102688E-002,7.870397716760635E-002,-1.003753423690796E+000,7.975534349679947E-002,
1.074866666666667E+009,-9.654321707785130E-003,7.910147309303284E-002,-1.000292658805847E+000,1.020927727222443E-001,-9.654321707785130E-003,7.910147309303284E-002,-1.000292658805847E+000,1.020927727222443E-001,
1.083233333333334E+009,-4.503131494857371E-004,7.305774092674255E-002,-9.810096621513367E-001,1.225472912192345E-001,-4.503131494857371E-004,7.305774092674255E-002,-9.810096621513367E-001,1.225472912192345E-001,
1.091600000000000E+009,7.327314000576735E-003,6.289244443178177E-002,-9.646863341331482E-001,1.457729935646057E-001,7.327314000576735E-003,6.289244443178177E-002,-9.646863341331482E-001,1.457729935646057E-001,
1.099966666666667E+009,7.589713204652071E-003,5.009970813989639E-002,-9.633108377456665E-001,1.843452006578445E-001,7.589713204652071E-003,5.009970813989639E-002,-9.633108377456665E-001,1.843452006578445E-001,
1.108333333333334E+009,2.571012300904840E-004,4.101267829537392E-002,-9.611849188804627E-001,1.913001835346222E-001,2.571012300904840E-004,4.101267829537392E-002,-9.611849188804627E-001,1.913001835346222E-001,
1.116700000000000E+009,-9.432792663574219E-003,3.716266155242920E-002,-9.529390335083008E-001,2.272777706384659E-001,-9.432792663574219E-003,3.716266155242920E-002,-9.529390335083008E-001,2.272777706384659E-001,
1.125066666666667E+009,-2.051499113440514E-002,4.144287481904030E-002,-9.561336636543274E-001,2.429275065660477E-001,-2.051499113440514E-002,4.144287481904030E-002,-9.561336636543274E-001,2.429275065660477E-001,
1.133433333333334E+009,-2.876472286880016E-002,5.096453055739403E-002,-9.564115405082703E-001,2.893113791942596E-001,-2.876472286880016E-002,5.096453055739403E-002,-9.564115405082703E-001,2.893113791942596E-001,
1.141800000000000E+009,-3.019399568438530E-002,6.477009505033493E-002,-9.322285652160645E-001,3.072074055671692E-001,-3.019399568438530E-002,6.477009505033493E-002,-9.322285652160645E-001,3.072074055671692E-001,
1.150166666666667E+009,-2.132116258144379E-002,7.926134020090103E-002,-9.234173297882080E-001,3.037343919277191E-001,-2.132116258144379E-002,7.926134020090103E-002,-9.234173297882080E-001,3.037343919277191E-001,
1.158533333333334E+009,-5.783037282526493E-003,8.854454755783081E-002,-9.189316034317017E-001,3.466167151927948E-001,-5.783037282526493E-003,8.854454755783081E-002,-9.189316034317017E-001,3.466167151927948E-001,
1.166900000000000E+009,1.378622744232416E-002,9.065712243318558E-002,-9.037431478500366E-001,3.675065934658051E-001,1.378622744232416E-002,9.065712243318558E-002,-9.037431478500366E-001,3.675065934658051E-001,
1.175266666666667E+009,3.057268820703030E-002,8.094508945941925E-002,-8.959584832191467E-001,3.983997404575348E-001,3.057268820703030E-002,8.094508945941925E-002,-8.959584832191467E-001,3.983997404575348E-001,
1.183633333333334E+009,4.413550719618797E-002,6.810033321380615E-002,-8.986728191375732E-001,4.093579351902008E-001,4.413550719618797E-002,6.810033321380615E-002,-8.986728191375732E-001,4.093579351902008E-001,
1.192000000000000E+009,4.597136750817299E-002,4.904283210635185E-002,-8.864108324050903E-001,4.374117851257324E-001,4.597136750817299E-002,4.904283210635185E-002,-8.864108324050903E-001,4.374117851257324E-001,
1.200366666666667E+009,3.719774633646011E-002,3.275259584188461E-002,-8.701873421669006E-001,4.589829146862030E-001,3.719774633646011E-002,3.275259584188461E-002,-8.701873421669006E-001,4.589829146862030E-001,
1.208733333333334E+009,2.284082211554050E-002,2.305693738162518E-002,-8.663814067840576E-001,4.992806315422058E-001,2.284082211554050E-002,2.305693738162518E-002,-8.663814067840576E-001,4.992806315422058E-001,
1.217100000000000E+009,7.322533987462521E-003,2.339150756597519E-002,-8.608624935150147E-001,5.095053911209106E-001,7.322533987462521E-003,2.339150756597519E-002,-8.608624935150147E-001,5.095053911209106E-001,
1.225466666666667E+009,-5.616282578557730E-003,3.403298184275627E-002,-8.306321501731873E-001,5.352898836135864E-001,-5.616282578557730E-003,3.403298184275627E-002,-8.306321501731873E-001,5.352898836135864E-001,
1.233833333333334E+009,-1.033975649625063E-002,4.987572878599167E-002,-8.250328898429871E-001,5.472312569618225E-001,-1.033975649625063E-002,4.987572878599167E-002,-8.250328898429871E-001,5.472312569618225E-001,
1.242200000000000E+009,-2.160128671675921E-003,6.509158760309219E-002,-8.000193238258362E-001,5.829244256019592E-001,-2.160128671675921E-003,6.509158760309219E-002,-8.000193238258362E-001,5.829244256019592E-001,
1.250566666666667E+009,1.071262359619141E-002,7.666890323162079E-002,-7.801440358161926E-001,5.919390916824341E-001,1.071262359619141E-002,7.666890323162079E-002,-7.801440358161926E-001,5.919390916824341E-001,
1.258933333333334E+009,3.225625678896904E-002,7.847063243389130E-002,-7.728093862533569E-001,6.114962100982666E-001,3.225625678896904E-002,7.847063243389130E-002,-7.728093862533569E-001,6.114962100982666E-001,
1.267300000000000E+009,5.257631465792656E-002,6.916715949773789E-002,-7.559576034545898E-001,6.265127062797546E-001,5.257631465792656E-002,6.916715949773789E-002,-7.559576034545898E-001,6.265127062797546E-001,
1.275666666666667E+009,6.311428546905518E-002,5.226385593414307E-002,-7.441285252571106E-001,6.338914632797241E-001,6.311428546905518E-002,5.226385593414307E-002,-7.441285252571106E-001,6.338914632797241E-001,
1.284033333333334E+009,6.769591569900513E-002,3.109605237841606E-002,-7.283647656440735E-001,6.829833984375000E-001,6.769591569900513E-002,3.109605237841606E-002,-7.283647656440735E-001,6.829833984375000E-001,
1.292400000000000E+009,5.779843777418137E-002,1.264712866395712E-002,-7.157112360000610E-001,6.822386980056763E-001,5.779843777418137E-002,1.264712866395712E-002,-7.157112360000610E-001,6.822386980056763E-001,
1.300766666666667E+009,3.895737230777741E-002,3.144397865980864E-003,-6.930197477340698E-001,7.082466483116150E-001,3.895737230777741E-002,3.144397865980864E-003,-6.930197477340698E-001,7.082466483116150E-001,
1.309133333333334E+009,1.876709796488285E-002,3.427390241995454E-003,-6.675652861595154E-001,7.225327491760254E-001,1.876709796488285E-002,3.427390241995454E-003,-6.675652861595154E-001,7.225327491760254E-001,
1.317500000000000E+009,3.664931515231729E-003,1.446466147899628E-002,-6.583681702613831E-001,7.528707385063171E-001,3.664931515231729E-003,1.446466147899628E-002,-6.583681702613831E-001,7.528707385063171E-001,
1.325866666666667E+009,-1.542479847557843E-003,3.099965862929821E-002,-6.338511705398560E-001,7.694002389907837E-001,-1.542479847557843E-003,3.099965862929821E-002,-6.338511705398560E-001,7.694002389907837E-001,
1.334233333333334E+009,6.152933463454247E-003,4.944346472620964E-002,-6.188294887542725E-001,7.754575610160828E-001,6.152933463454247E-003,4.944346472620964E-002,-6.188294887542725E-001,7.754575610160828E-001,
1.342600000000000E+009,2.161044068634510E-002,5.983368679881096E-002,-6.014192104339600E-001,7.927558422088623E-001,2.161044068634510E-002,5.983368679881096E-002,-6.014192104339600E-001,7.927558422088623E-001,
1.350966666666667E+009,4.261139407753944E-002,5.800313502550125E-002,-5.769749879837036E-001,8.061349391937256E-001,4.261139407753944E-002,5.800313502550125E-002,-5.769749879837036E-001,8.061349391937256E-001,
1.359333333333334E+009,5.897843837738037E-002,4.565560817718506E-002,-5.603109002113342E-001,8.048241734504700E-001,5.897843837738037E-002,4.565560817718506E-002,-5.603109002113342E-001,8.048241734504700E-001,
1.367700000000000E+009,6.732171773910523E-002,2.642497792840004E-002,-5.295235514640808E-001,8.249517679214478E-001,6.732171773910523E-002,2.642497792840004E-002,-5.295235514640808E-001,8.249517679214478E-001,
1.376066666666667E+009,6.490180641412735E-002,4.564874339848757E-003,-5.147404074668884E-001,8.370998501777649E-001,6.490180641412735E-002,4.564874339848757E-003,-5.147404074668884E-001,8.370998501777649E-001,
1.384433333333334E+009,4.906368628144264E-002,-1.100411172956228E-002,-5.018979907035828E-001,8.702237606048584E-001,4.906368628144264E-002,-1.100411172956228E-002,-5.018979907035828E-001,8.702237606048584E-001,
1.392800000000000E+009,2.876239642500877E-002,-1.434953790158033E-002,-4.775477051734924E-001,8.750915527343750E-001,2.876239642500877E-002,-1.434953790158033E-002,-4.775477051734924E-001,8.750915527343750E-001,
1.401166666666667E+009,7.755162194371223E-003,-7.755624596029520E-003,-4.479534924030304E-001,8.852660655975342E-001,7.755162194371223E-003,-7.755624596029520E-003,-4.479534924030304E-001,8.852660655975342E-001,
1.409533333333334E+009,-6.198232993483543E-003,9.437621571123600E-003,-4.196393787860870E-001,9.011327028274536E-001,-6.198232993483543E-003,9.437621571123600E-003,-4.196393787860870E-001,9.011327028274536E-001,
1.417900000000000E+009,-6.648508831858635E-003,3.283065184950829E-002,-3.975475728511810E-001,8.974145650863648E-001,-6.648508831858635E-003,3.283065184950829E-002,-3.975475728511810E-001,8.974145650863648E-001,
1.426266666666667E+009,3.288828302174807E-003,5.047186464071274E-002,-3.621561229228973E-001,9.275695681571960E-001,3.288828302174807E-003,5.047186464071274E-002,-3.621561229228973E-001,9.275695681571960E-001,
1.434633333333334E+009,2.393355593085289E-002,5.968922376632690E-002,-3.542359471321106E-001,9.171220660209656E-001,2.393355593085289E-002,5.968922376632690E-002,-3.542359471321106E-001,9.171220660209656E-001,
1.443000000000000E+009,4.553953930735588E-002,5.775466933846474E-002,-3.305090963840485E-001,9.256501197814941E-001,4.553953930735588E-002,5.775466933846474E-002,-3.305090963840485E-001,9.256501197814941E-001,
1.451366666666667E+009,6.314327567815781E-002,4.291513189673424E-002,-3.035081624984741E-001,9.309358596801758E-001,6.314327567815781E-002,4.291513189673424E-002,-3.035081624984741E-001,9.309358596801758E-001,
1.459733333333334E+009,7.143054157495499E-002,2.277980744838715E-002,-2.783018052577972E-001,9.565129280090332E-001,7.143054157495499E-002,2.277980744838715E-002,-2.783018052577972E-001,9.565129280090332E-001,
1.468100000000000E+009,7.036130875349045E-002,2.648788213264197E-004,-2.605844736099243E-001,9.559371471405029E-001,7.036130875349045E-002,2.648788213264197E-004,-2.605844736099243E-001,9.559371471405029E-001,
1.476466666666667E+009,5.214728787541390E-002,-1.478225458413363E-002,-2.332943230867386E-001,9.631845355033875E-001,5.214728787541390E-002,-1.478225458413363E-002,-2.332943230867386E-001,9.631845355033875E-001,
1.484833333333334E+009,3.095276467502117E-002,-1.741813682019711E-002,-2.093266248703003E-001,9.701433181762695E-001,3.095276467502117E-002,-1.741813682019711E-002,-2.093266248703003E-001,9.701433181762695E-001,
1.493200000000000E+009,1.178489718586206E-002,-1.001583319157362E-002,-1.843186020851135E-001,9.749034047126770E-001,1.178489718586206E-002,-1.001583319157362E-002,-1.843186020851135E-001,9.749034047126770E-001,
1.501566666666667E+009,2.427741419523954E-003,9.235565550625324E-003,-1.581794023513794E-001,9.801301956176758E-001,2.427741419523954E-003,9.235565550625324E-003,-1.581794023513794E-001,9.801301956176758E-001,
1.509933333333334E+009,1.987170195207000E-003,3.043995425105095E-002,-1.290752887725830E-001,9.858992695808411E-001,1.987170195207000E-003,3.043995425105095E-002,-1.290752887725830E-001,9.858992695808411E-001,
1.518300000000000E+009,1.495858095586300E-002,4.910999909043312E-002,-1.095182821154594E-001,9.819975495338440E-001,1.495858095586300E-002,4.910999909043312E-002,-1.095182821154594E-001,9.819975495338440E-001,
1.526666666666667E+009,3.435495868325234E-002,5.588037148118019E-002,-9.157712012529373E-002,9.644147753715515E-001,3.435495868325234E-002,5.588037148118019E-002,-9.157712012529373E-002,9.644147753715515E-001,
1.535033333333334E+009,5.576140061020851E-002,5.030736699700356E-002,-5.532855540513992E-002,9.805805683135986E-001,5.576140061020851E-002,5.030736699700356E-002,-5.532855540513992E-002,9.805805683135986E-001,
1.543400000000000E+009,7.259096205234528E-002,3.535669669508934E-002,-3.180895373225212E-002,9.851571917533875E-001,7.259096205234528E-002,3.535669669508934E-002,-3.180895373225212E-002,9.851571917533875E-001,
1.551766666666667E+009,7.838145643472672E-002,1.448581088334322E-002,-6.636032834649086E-003,9.844862818717957E-001,7.838145643472672E-002,1.448581088334322E-002,-6.636032834649086E-003,9.844862818717957E-001,
1.560133333333334E+009,7.200103253126144E-002,-7.710435427725315E-003,1.635119691491127E-002,9.914024472236633E-001,7.200103253126144E-002,-7.710435427725315E-003,1.635119691491127E-002,9.914024472236633E-001,
1.568500000000000E+009,5.806591361761093E-002,-2.078462578356266E-002,4.519521817564964E-002,9.818827509880066E-001,5.806591361761093E-002,-2.078462578356266E-002,4.519521817564964E-002,9.818827509880066E-001,
1.576866666666667E+009,3.934523090720177E-002,-2.545802108943462E-002,5.895433574914932E-002,9.887785315513611E-001,3.934523090720177E-002,-2.545802108943462E-002,5.895433574914932E-002,9.887785315513611E-001,
1.585233333333334E+009,2.435069717466831E-002,-1.716500334441662E-002,8.904051780700684E-002,9.817792177200317E-001,2.435069717466831E-002,-1.716500334441662E-002,8.904051780700684E-002,9.817792177200317E-001,
1.593600000000000E+009,1.587109640240669E-002,-1.141536398790777E-003,1.136783361434937E-001,9.837694764137268E-001,1.587109640240669E-002,-1.141536398790777E-003,1.136783361434937E-001,9.837694764137268E-001,
1.601966666666667E+009,1.838212460279465E-002,1.858445629477501E-002,1.447246074676514E-001,9.861139655113220E-001,1.838212460279465E-002,1.858445629477501E-002,1.447246074676514E-001,9.861139655113220E-001,
1.610333333333334E+009,3.016936033964157E-002,3.304547443985939E-002,1.736402660608292E-001,9.762548208236694E-001,3.016936033964157E-002,3.304547443985939E-002,1.736402660608292E-001,9.762548208236694E-001,
1.618700000000000E+009,4.726987704634666E-002,3.676465526223183E-002,1.955894529819489E-001,9.693744778633118E-001,4.726987704634666E-002,3.676465526223183E-002,1.955894529819489E-001,9.693744778633118E-001,
1.627066666666667E+009,6.293915957212448E-002,2.978963404893875E-002,2.118195146322250E-001,9.676072001457214E-001,6.293915957212448E-002,2.978963404893875E-002,2.118195146322250E-001,9.676072001457214E-001,
1.635433333333334E+009,7.347490638494492E-002,1.578543148934841E-002,2.530226409435272E-001,9.464434981346130E-001,7.347490638494492E-002,1.578543148934841E-002,2.530226409435272E-001,9.464434981346130E-001,
1.643800000000000E+009,7.473778724670410E-002,-3.219558857381344E-003,2.610888183116913E-001,9.512004852294922E-001,7.473778724670410E-002,-3.219558857381344E-003,2.610888183116913E-001,9.512004852294922E-001,
1.652166666666667E+009,6.838015466928482E-002,-2.075589820742607E-002,2.870965600013733E-001,9.437932372093201E-001,6.838015466928482E-002,-2.075589820742607E-002,2.870965600013733E-001,9.437932372093201E-001,
1.660533333333334E+009,5.573469772934914E-002,-2.964573726058006E-002,3.166421949863434E-001,9.274374246597290E-001,5.573469772934914E-002,-2.964573726058006E-002,3.166421949863434E-001,9.274374246597290E-001,
1.668900000000000E+009,3.900470212101936E-002,-3.169495984911919E-002,3.426230251789093E-001,9.420445561408997E-001,3.900470212101936E-002,-3.169495984911919E-002,3.426230251789093E-001,9.420445561408997E-001,
1.677266666666667E+009,2.650277316570282E-002,-2.164753526449204E-002,3.654460608959198E-001,9.258472323417664E-001,2.650277316570282E-002,-2.164753526449204E-002,3.654460608959198E-001,9.258472323417664E-001,
1.685633333333334E+009,2.312098070979118E-002,-8.354201912879944E-003,3.820766508579254E-001,9.105562567710877E-001,2.312098070979118E-002,-8.354201912879944E-003,3.820766508579254E-001,9.105562567710877E-001,
1.694000000000000E+009,2.617361024022102E-002,7.090352009981871E-003,4.076616466045380E-001,8.979425430297852E-001,2.617361024022102E-002,7.090352009981871E-003,4.076616466045380E-001,8.979425430297852E-001,
1.702366666666667E+009,4.138634353876114E-002,1.860753260552883E-002,4.295637011528015E-001,8.893697261810303E-001,4.138634353876114E-002,1.860753260552883E-002,4.295637011528015E-001,8.893697261810303E-001,
1.710733333333334E+009,5.748242512345314E-002,2.144948951900005E-002,4.505465328693390E-001,8.719741702079773E-001,5.748242512345314E-002,2.144948951900005E-002,4.505465328693390E-001,8.719741702079773E-001,
1.719100000000000E+009,7.325099408626556E-002,1.479870080947876E-002,4.815624654293060E-001,8.637325763702393E-001,7.325099408626556E-002,1.479870080947876E-002,4.815624654293060E-001,8.637325763702393E-001,
1.727466666666667E+009,8.143655210733414E-002,-3.558418029570021E-005,4.982054829597473E-001,8.492007851600647E-001,8.143655210733414E-002,-3.558418029570021E-005,4.982054829597473E-001,8.492007851600647E-001,
1.735833333333334E+009,8.482759445905685E-002,-1.813778840005398E-002,5.158146023750305E-001,8.394861221313477E-001,8.482759445905685E-002,-1.813778840005398E-002,5.158146023750305E-001,8.394861221313477E-001,
1.744200000000000E+009,7.822990417480469E-002,-3.548732772469521E-002,5.384001731872559E-001,8.394379019737244E-001,7.822990417480469E-002,-3.548732772469521E-002,5.384001731872559E-001,8.394379019737244E-001,
1.752566666666667E+009,6.641928851604462E-002,-4.828454181551933E-002,5.588529109954834E-001,8.063457012176514E-001,6.641928851604462E-002,-4.828454181551933E-002,5.588529109954834E-001,8.063457012176514E-001,
1.760933333333334E+009,5.141750723123550E-002,-5.434816703200340E-002,5.819836258888245E-001,7.935482263565064E-001,5.141750723123550E-002,-5.434816703200340E-002,5.819836258888245E-001,7.935482263565064E-001,
1.769300000000000E+009,3.766737505793572E-002,-5.167179182171822E-002,6.068736314773560E-001,7.862089872360230E-001,3.766737505793572E-002,-5.167179182171822E-002,6.068736314773560E-001,7.862089872360230E-001,
1.777666666666667E+009,2.775386162102222E-002,-4.250841215252876E-002,6.290966868400574E-001,7.609267234802246E-001,2.775386162102222E-002,-4.250841215252876E-002,6.290966868400574E-001,7.609267234802246E-001,
1.786033333333334E+009,2.442147023975849E-002,-3.058994747698307E-002,6.395949721336365E-001,7.487230300903320E-001,2.442147023975849E-002,-3.058994747698307E-002,6.395949721336365E-001,7.487230300903320E-001,
1.794400000000000E+009,3.027118742465973E-002,-1.845917478203774E-002,6.625926494598389E-001,7.356696724891663E-001,3.027118742465973E-002,-1.845917478203774E-002,6.625926494598389E-001,7.356696724891663E-001,
1.802766666666667E+009,3.928272798657417E-002,-1.191928330808878E-002,6.784423589706421E-001,7.172830104827881E-001,3.928272798657417E-002,-1.191928330808878E-002,6.784423589706421E-001,7.172830104827881E-001,
1.811133333333334E+009,5.026075243949890E-002,-1.068949140608311E-002,6.978201270103455E-001,6.984046697616577E-001,5.026075243949890E-002,-1.068949140608311E-002,6.978201270103455E-001,6.984046697616577E-001,
1.819500000000000E+009,5.884084478020668E-002,-1.595846004784107E-002,7.226033210754395E-001,6.821150183677673E-001,5.884084478020668E-002,-1.595846004784107E-002,7.226033210754395E-001,6.821150183677673E-001,
1.827866666666667E+009,6.420150399208069E-002,-2.522961981594563E-002,7.348235249519348E-001,6.640720367431641E-001,6.420150399208069E-002,-2.522961981594563E-002,7.348235249519348E-001,6.640720367431641E-001,
1.836233333333334E+009,6.366307288408279E-002,-3.513484075665474E-002,7.505772709846497E-001,6.413633227348328E-001,6.366307288408279E-002,-3.513484075665474E-002,7.505772709846497E-001,6.413633227348328E-001,
1.844600000000000E+009,5.778077989816666E-002,-4.492412507534027E-002,7.524519562721252E-001,6.277486681938171E-001,5.778077989816666E-002,-4.492412507534027E-002,7.524519562721252E-001,6.277486681938171E-001,
1.852966666666667E+009,4.950054362416267E-002,-5.317243561148644E-002,7.796398401260376E-001,6.036214828491211E-001,4.950054362416267E-002,-5.317243561148644E-002,7.796398401260376E-001,6.036214828491211E-001,
1.861333333333334E+009,3.921854496002197E-002,-5.472151935100555E-002,7.908100485801697E-001,5.786731839179993E-001,3.921854496002197E-002,-5.472151935100555E-002,7.908100485801697E-001,5.786731839179993E-001,
1.869700000000000E+009,3.289058059453964E-002,-5.018183588981628E-002,8.128995895385742E-001,5.619309544563294E-001,3.289058059453964E-002,-5.018183588981628E-002,8.128995895385742E-001,5.619309544563294E-001,
1.878066666666667E+009,3.077867999672890E-002,-4.568272829055786E-002,8.212256431579590E-001,5.417178273200989E-001,3.077867999672890E-002,-4.568272829055786E-002,8.212256431579590E-001,5.417178273200989E-001,
1.886433333333334E+009,3.143553063273430E-002,-3.741936013102531E-002,8.517504930496216E-001,5.115681886672974E-001,3.143553063273430E-002,-3.741936013102531E-002,8.517504930496216E-001,5.115681886672974E-001,
1.894800000000000E+009,3.830737620592117E-002,-3.111648745834827E-002,8.561064004898071E-001,4.989385604858398E-001,3.830737620592117E-002,-3.111648745834827E-002,8.561064004898071E-001,4.989385604858398E-001,
1.903166666666667E+009,4.733800888061523E-002,-2.867270633578301E-002,8.610551357269287E-001,4.759334921836853E-001,4.733800888061523E-002,-2.867270633578301E-002,8.610551357269287E-001,4.759334921836853E-001,
1.911533333333334E+009,5.810041353106499E-002,-3.182164207100868E-002,8.755192160606384E-001,4.552817642688751E-001,5.810041353106499E-002,-3.182164207100868E-002,8.755192160606384E-001,4.552817642688751E-001,
1.919900000000000E+009,6.353051960468292E-002,-4.068481549620628E-002,8.957000970840454E-001,4.288298487663269E-001,6.353051960468292E-002,-4.068481549620628E-002,8.957000970840454E-001,4.288298487663269E-001,
1.928266666666667E+009,6.741836667060852E-002,-5.122703313827515E-002,8.974674344062805E-001,4.012490808963776E-001,6.741836667060852E-002,-5.122703313827515E-002,8.974674344062805E-001,4.012490808963776E-001,
1.936633333333334E+009,6.136910244822502E-002,-6.500934064388275E-002,9.084187746047974E-001,3.827955722808838E-001,6.136910244822502E-002,-6.500934064388275E-002,9.084187746047974E-001,3.827955722808838E-001,
1.945000000000000E+009,5.190858989953995E-002,-7.529699802398682E-002,9.110772609710693E-001,3.598479926586151E-001,5.190858989953995E-002,-7.529699802398682E-002,9.110772609710693E-001,3.598479926586151E-001,
1.953366666666667E+009,4.015976190567017E-002,-8.202058821916580E-002,9.149959683418274E-001,3.453173935413361E-001,4.015976190567017E-002,-8.202058821916580E-002,9.149959683418274E-001,3.453173935413361E-001,
1.961733333333334E+009,2.539900876581669E-002,-8.085742592811585E-002,9.415375590324402E-001,3.150563538074493E-001,2.539900876581669E-002,-8.085742592811585E-002,9.415375590324402E-001,3.150563538074493E-001,
1.970100000000000E+009,1.600498147308826E-002,-7.397714257240295E-002,9.373279213905335E-001,2.894984483718872E-001,1.600498147308826E-002,-7.397714257240295E-002,9.373279213905335E-001,2.894984483718872E-001,
1.978466666666667E+009,1.176635734736919E-002,-6.357306987047195E-002,9.484737515449524E-001,2.678691744804382E-001,1.176635734736919E-002,-6.357306987047195E-002,9.484737515449524E-001,2.678691744804382E-001,
1.986833333333334E+009,1.602507568895817E-002,-5.295804888010025E-002,9.504060745239258E-001,2.476548403501511E-001,1.602507568895817E-002,-5.295804888010025E-002,9.504060745239258E-001,2.476548403501511E-001,
1.995200000000000E+009,2.634970098733902E-002,-4.438808187842369E-002,9.643099904060364E-001,2.158770710229874E-001,2.634970098733902E-002,-4.438808187842369E-002,9.643099904060364E-001,2.158770710229874E-001,
2.003566666666667E+009,3.942659869790077E-002,-4.248567670583725E-002,9.705936312675476E-001,1.936440765857697E-001,3.942659869790077E-002,-4.248567670583725E-002,9.705936312675476E-001,1.936440765857697E-001,
2.011933333333334E+009,5.393759161233902E-002,-5.031083151698113E-002,9.754354357719421E-001,1.646163463592529E-001,5.393759161233902E-002,-5.031083151698113E-002,9.754354357719421E-001,1.646163463592529E-001,
2.020300000000000E+009,6.045219674706459E-002,-6.237015128135681E-002,9.746798872947693E-001,1.371281743049622E-001,6.045219674706459E-002,-6.237015128135681E-002,9.746798872947693E-001,1.371281743049622E-001,
2.028666666666667E+009,6.114843860268593E-002,-7.940453290939331E-002,9.795744419097900E-001,1.151967197656632E-001,6.114843860268593E-002,-7.940453290939331E-002,9.795744419097900E-001,1.151967197656632E-001,
2.037033333333334E+009,5.073454603552818E-002,-9.473668038845062E-002,9.812225699424744E-001,8.332890272140503E-002,5.073454603552818E-002,-9.473668038845062E-002,9.812225699424744E-001,8.332890272140503E-002,
2.045400000000000E+009,3.534881398081780E-002,-1.056065708398819E-001,9.809723496437073E-001,5.840847268700600E-002,3.534881398081780E-002,-1.056065708398819E-001,9.809723496437073E-001,5.840847268700600E-002,
2.053766666666667E+009,1.567693427205086E-002,-1.087873950600624E-001,9.687683582305908E-001,3.562239930033684E-002,1.567693427205086E-002,-1.087873950600624E-001,9.687683582305908E-001,3.562239930033684E-002,
2.062133333333334E+009,-5.985340685583651E-004,-1.027978584170342E-001,9.783043265342712E-001,2.064399048686028E-002,-5.985340685583651E-004,-1.027978584170342E-001,9.783043265342712E-001,2.064399048686028E-002,
2.070500000000000E+009,-7.201118394732475E-003,-8.865268528461456E-002,9.780199527740479E-001,-9.634398855268955E-003,-7.201118394732475E-003,-8.865268528461456E-002,9.780199527740479E-001,-9.634398855268955E-003,
2.078866666666667E+009,-7.679203059524298E-003,-7.466945797204971E-002,9.933620095252991E-001,-3.036455437541008E-002,-7.679203059524298E-003,-7.466945797204971E-002,9.933620095252991E-001,-3.036455437541008E-002,
2.087233333333334E+009,4.109818954020739E-003,-6.441288441419601E-002,9.878273010253906E-001,-6.159804388880730E-002,4.109818954020739E-003,-6.441288441419601E-002,9.878273010253906E-001,-6.159804388880730E-002,
2.095600000000000E+009,2.108078822493553E-002,-6.241337954998016E-002,9.881012439727783E-001,-9.944093972444534E-002,2.108078822493553E-002,-6.241337954998016E-002,9.881012439727783E-001,-9.944093972444534E-002,
2.103966666666667E+009,3.807544708251953E-002,-7.056249678134918E-002,9.839097261428833E-001,-1.177451014518738E-001,3.807544708251953E-002,-7.056249678134918E-002,9.839097261428833E-001,-1.177451014518738E-001,
2.112333333333334E+009,4.798200353980064E-002,-8.767893165349960E-002,9.730309844017029E-001,-1.410816460847855E-001,4.798200353980064E-002,-8.767893165349960E-002,9.730309844017029E-001,-1.410816460847855E-001,
2.120700000000000E+009,4.549119248986244E-002,-1.108645871281624E-001,9.706280231475830E-001,-1.684112846851349E-001,4.549119248986244E-002,-1.108645871281624E-001,9.706280231475830E-001,-1.684112846851349E-001,
2.129066666666667E+009,3.223898261785507E-002,-1.281725913286209E-001,9.612731337547302E-001,-1.978006064891815E-001,3.223898261785507E-002,-1.281725913286209E-001,9.612731337547302E-001,-1.978006064891815E-001,
2.137433333333334E+009,8.717446587979794E-003,-1.396815329790115E-001,9.530227184295654E-001,-2.220431715250015E-001,8.717446587979794E-003,-1.396815329790115E-001,9.530227184295654E-001,-2.220431715250015E-001,
2.145800000000000E+009,-1.862006634473801E-002,-1.412256956100464E-001,9.508951902389526E-001,-2.361437529325485E-001,-1.862006634473801E-002,-1.412256956100464E-001,9.508951902389526E-001,-2.361437529325485E-001,
2.154166666666667E+009,-3.970740735530853E-002,-1.292087435722351E-001,9.433291554450989E-001,-2.537041306495667E-001,-3.970740735530853E-002,-1.292087435722351E-001,9.433291554450989E-001,-2.537041306495667E-001,
2.162533333333334E+009,-5.559296533465385E-002,-1.083580628037453E-001,9.445999860763550E-001,-2.736291885375977E-001,-5.559296533465385E-002,-1.083580628037453E-001,9.445999860763550E-001,-2.736291885375977E-001,
2.170900000000000E+009,-5.498321726918221E-002,-8.674689382314682E-002,9.363507032394409E-001,-2.992030680179596E-001,-5.498321726918221E-002,-8.674689382314682E-002,9.363507032394409E-001,-2.992030680179596E-001,
2.179266666666667E+009,-4.013926908373833E-002,-7.060508430004120E-002,9.208194613456726E-001,-3.301406502723694E-001,-4.013926908373833E-002,-7.060508430004120E-002,9.208194613456726E-001,-3.301406502723694E-001,
2.187633333333334E+009,-1.905331574380398E-002,-6.542424112558365E-002,9.160147309303284E-001,-3.523865938186646E-001,-1.905331574380398E-002,-6.542424112558365E-002,9.160147309303284E-001,-3.523865938186646E-001,
2.196000000000000E+009,4.860094282776117E-003,-7.527232170104981E-002,8.987121582031250E-001,-3.755138218402863E-001,4.860094282776117E-003,-7.527232170104981E-002,8.987121582031250E-001,-3.755138218402863E-001,
2.204366666666667E+009,1.675578765571117E-002,-9.662074595689774E-002,9.005631208419800E-001,-3.981605768203735E-001,1.675578765571117E-002,-9.662074595689774E-002,9.005631208419800E-001,-3.981605768203735E-001,
2.212733333333334E+009,1.642680540680885E-002,-1.189997419714928E-001,8.765847086906433E-001,-4.305775463581085E-001,1.642680540680885E-002,-1.189997419714928E-001,8.765847086906433E-001,-4.305775463581085E-001,
2.221100000000000E+009,-2.027746289968491E-003,-1.414539515972138E-001,8.718501329421997E-001,-4.467319250106812E-001,-2.027746289968491E-003,-1.414539515972138E-001,8.718501329421997E-001,-4.467319250106812E-001,
2.229466666666667E+009,-2.719658613204956E-002,-1.527850925922394E-001,8.459253311157227E-001,-4.673219323158264E-001,-2.719658613204956E-002,-1.527850925922394E-001,8.459253311157227E-001,-4.673219323158264E-001,
2.237833333333334E+009,-5.770526453852654E-002,-1.492960304021835E-001,8.357877135276794E-001,-4.867207705974579E-001,-5.770526453852654E-002,-1.492960304021835E-001,8.357877135276794E-001,-4.867207705974579E-001,
2.246200000000000E+009,-8.355306088924408E-002,-1.336106806993485E-001,8.318139910697937E-001,-5.061542391777039E-001,-8.355306088924408E-002,-1.336106806993485E-001,8.318139910697937E-001,-5.061542391777039E-001,
2.254566666666667E+009,-9.739924967288971E-002,-1.071620360016823E-001,8.205824494361877E-001,-5.248550772666931E-001,-9.739924967288971E-002,-1.071620360016823E-001,8.205824494361877E-001,-5.248550772666931E-001,
2.262933333333334E+009,-9.416721761226654E-002,-8.437024801969528E-002,8.114768862724304E-001,-5.494624972343445E-001,-9.416721761226654E-002,-8.437024801969528E-002,8.114768862724304E-001,-5.494624972343445E-001,
2.271300000000000E+009,-7.996630668640137E-002,-6.614439189434052E-002,7.873382568359375E-001,-5.795785188674927E-001,-7.996630668640137E-002,-6.614439189434052E-002,7.873382568359375E-001,-5.795785188674927E-001,
2.279666666666667E+009,-5.879004299640656E-002,-6.220775470137596E-002,7.863327860832214E-001,-5.956128239631653E-001,-5.879004299640656E-002,-6.220775470137596E-002,7.863327860832214E-001,-5.956128239631653E-001,
2.288033333333334E+009,-3.891237080097199E-002,-7.347708195447922E-002,7.703315615653992E-001,-6.167867183685303E-001,-3.891237080097199E-002,-7.347708195447922E-002,7.703315615653992E-001,-6.167867183685303E-001,
2.296400000000000E+009,-2.778097800910473E-002,-9.368310123682022E-002,7.445529103279114E-001,-6.363906860351563E-001,-2.778097800910473E-002,-9.368310123682022E-002,7.445529103279114E-001,-6.363906860351563E-001,
2.304766666666667E+009,-2.989521250128746E-002,-1.179187670350075E-001,7.262724637985230E-001,-6.572233438491821E-001,-2.989521250128746E-002,-1.179187670350075E-001,7.262724637985230E-001,-6.572233438491821E-001,
2.313133333333334E+009,-5.024576559662819E-002,-1.366566270589829E-001,7.090510129928589E-001,-6.712168455123901E-001,-5.024576559662819E-002,-1.366566270589829E-001,7.090510129928589E-001,-6.712168455123901E-001,
2.321500000000000E+009,-7.772756367921829E-002,-1.409716010093689E-001,6.994604468345642E-001,-6.829286217689514E-001,-7.772756367921829E-002,-1.409716010093689E-001,6.994604468345642E-001,-6.829286217689514E-001,
2.329866666666667E+009,-1.036676168441773E-001,-1.287976354360580E-001,6.691302657127380E-001,-7.003664374351502E-001,-1.036676168441773E-001,-1.287976354360580E-001,6.691302657127380E-001,-7.003664374351502E-001,
2.338233333333334E+009,-1.260501295328140E-001,-1.063400879502296E-001,6.580986976623535E-001,-7.178355455398560E-001,-1.260501295328140E-001,-1.063400879502296E-001,6.580986976623535E-001,-7.178355455398560E-001,
2.346600000000000E+009,-1.291012912988663E-001,-7.720121741294861E-002,6.397833824157715E-001,-7.235709428787231E-001,-1.291012912988663E-001,-7.720121741294861E-002,6.397833824157715E-001,-7.235709428787231E-001,
2.354966666666667E+009,-1.192349717020989E-001,-5.068974196910858E-002,6.293534040451050E-001,-7.576581835746765E-001,-1.192349717020989E-001,-5.068974196910858E-002,6.293534040451050E-001,-7.576581835746765E-001,
2.363333333333334E+009,-9.645534306764603E-002,-3.891814872622490E-002,6.066172719001770E-001,-7.726736664772034E-001,-9.645534306764603E-002,-3.891814872622490E-002,6.066172719001770E-001,-7.726736664772034E-001,
2.371700000000000E+009,-6.965886056423187E-002,-4.563010111451149E-002,5.916270613670349E-001,-7.907711267471314E-001,-6.965886056423187E-002,-4.563010111451149E-002,5.916270613670349E-001,-7.907711267471314E-001,
2.380066666666667E+009,-5.270111933350563E-002,-6.771814078092575E-002,5.658186078071594E-001,-8.074629306793213E-001,-5.270111933350563E-002,-6.771814078092575E-002,5.658186078071594E-001,-8.074629306793213E-001,
2.388433333333334E+009,-4.797994717955589E-002,-1.025650426745415E-001,5.423586964607239E-001,-8.224760293960571E-001,-4.797994717955589E-002,-1.025650426745415E-001,5.423586964607239E-001,-8.224760293960571E-001,
2.396800000000000E+009,-6.476725637912750E-002,-1.340847611427307E-001,5.172457695007324E-001,-8.333668112754822E-001,-6.476725637912750E-002,-1.340847611427307E-001,5.172457695007324E-001,-8.333668112754822E-001,
2.405166666666667E+009,-9.589174389839172E-002,-1.514302343130112E-001,4.869480133056641E-001,-8.440472483634949E-001,-9.589174389839172E-002,-1.514302343130112E-001,4.869480133056641E-001,-8.440472483634949E-001,
2.413533333333334E+009,-1.351757794618607E-001,-1.515291929244995E-001,4.646110832691193E-001,-8.540762066841126E-001,-1.351757794618607E-001,-1.515291929244995E-001,4.646110832691193E-001,-8.540762066841126E-001,
2.421900000000000E+009,-1.716753691434860E-001,-1.297306269407272E-001,4.475187063217163E-001,-8.648304343223572E-001,-1.716753691434860E-001,-1.297306269407272E-001,4.475187063217163E-001,-8.648304343223572E-001,
2.430266666666667E+009,-1.970553994178772E-001,-9.259144216775894E-002,4.257658720016480E-001,-8.614691495895386E-001,-1.970553994178772E-001,-9.259144216775894E-002,4.257658720016480E-001,-8.614691495895386E-001,
2.438633333333334E+009,-2.040619701147080E-001,-4.883880168199539E-002,4.146366119384766E-001,-8.695051670074463E-001,-2.040619701147080E-001,-4.883880168199539E-002,4.146366119384766E-001,-8.695051670074463E-001,
2.447000000000000E+009,-1.890826374292374E-001,-9.164729155600071E-003,3.939129114151001E-001,-8.830124139785767E-001,-1.890826374292374E-001,-9.164729155600071E-003,3.939129114151001E-001,-8.830124139785767E-001,
2.455366666666667E+009,-1.593439728021622E-001,1.499024592339993E-002,3.832495510578156E-001,-8.994459509849548E-001,-1.593439728021622E-001,1.499024592339993E-002,3.832495510578156E-001,-8.994459509849548E-001,
2.463733333333334E+009,-1.237994804978371E-001,1.671198382973671E-002,3.473469018936157E-001,-9.211722016334534E-001,-1.237994804978371E-001,1.671198382973671E-002,3.473469018936157E-001,-9.211722016334534E-001,
2.472100000000000E+009,-9.623020887374878E-002,9.353655623272061E-004,3.293438851833344E-001,-9.286974072456360E-001,-9.623020887374878E-002,9.353655623272061E-004,3.293438851833344E-001,-9.286974072456360E-001,
2.480466666666667E+009,-8.472020924091339E-002,-3.188478201627731E-002,2.880512475967407E-001,-9.389433264732361E-001,-8.472020924091339E-002,-3.188478201627731E-002,2.880512475967407E-001,-9.389433264732361E-001,
2.488833333333334E+009,-9.143047779798508E-002,-6.462766975164414E-002,2.633729577064514E-001,-9.499211311340332E-001,-9.143047779798508E-002,-6.462766975164414E-002,2.633729577064514E-001,-9.499211311340332E-001,
2.497200000000000E+009,-1.163452118635178E-001,-8.757752925157547E-002,2.409638762474060E-001,-9.451114535331726E-001,-1.163452118635178E-001,-8.757752925157547E-002,2.409638762474060E-001,-9.451114535331726E-001,
2.505566666666667E+009,-1.515167355537415E-001,-8.917467296123505E-002,2.173163890838623E-001,-9.454402923583984E-001,-1.515167355537415E-001,-8.917467296123505E-002,2.173163890838623E-001,-9.454402923583984E-001,
2.513933333333334E+009,-1.797234117984772E-001,-7.337185740470886E-002,1.904462724924088E-001,-9.460976123809815E-001,-1.797234117984772E-001,-7.337185740470886E-002,1.904462724924088E-001,-9.460976123809815E-001,
2.522300000000000E+009,-1.986875087022781E-001,-3.770693764090538E-002,1.741134524345398E-001,-9.533805251121521E-001,-1.986875087022781E-001,-3.770693764090538E-002,1.741134524345398E-001,-9.533805251121521E-001,
2.530666666666667E+009,-1.985671371221542E-001,-1.412778976373375E-003,1.505114436149597E-001,-9.619227647781372E-001,-1.985671371221542E-001,-1.412778976373375E-003,1.505114436149597E-001,-9.619227647781372E-001,
2.539033333333334E+009,-1.835585683584213E-001,3.227362781763077E-002,1.296411007642746E-001,-9.672284126281738E-001,-1.835585683584213E-001,3.227362781763077E-002,1.296411007642746E-001,-9.672284126281738E-001,
2.547400000000000E+009,-1.546451598405838E-001,5.175933241844177E-002,1.089585795998573E-001,-9.693600535392761E-001,-1.546451598405838E-001,5.175933241844177E-002,1.089585795998573E-001,-9.693600535392761E-001,
2.555766666666667E+009,-1.232048496603966E-001,5.012213066220284E-002,7.957323640584946E-002,-9.806498885154724E-001,-1.232048496603966E-001,5.012213066220284E-002,7.957323640584946E-002,-9.806498885154724E-001,
2.564133333333334E+009,-9.957002103328705E-002,3.045127727091312E-002,4.873986169695854E-002,-9.794688820838928E-001,-9.957002103328705E-002,3.045127727091312E-002,4.873986169695854E-002,-9.794688820838928E-001,
2.572500000000000E+009,-9.432446956634522E-002,-5.916255176998675E-004,2.065088786184788E-002,-9.862664341926575E-001,-9.432446956634522E-002,-5.916255176998675E-004,2.065088786184788E-002,-9.862664341926575E-001,
2.580866666666667E+009,-1.085929572582245E-001,-3.025708347558975E-002,-7.904254831373692E-003,-9.825132489204407E-001,-1.085929572582245E-001,-3.025708347558975E-002,-7.904254831373692E-003,-9.825132489204407E-001,
2.589233333333334E+009,-1.382209509611130E-001,-4.874747991561890E-002,-3.233567625284195E-002,-9.821047186851502E-001,-1.382209509611130E-001,-4.874747991561890E-002,-3.233567625284195E-002,-9.821047186851502E-001,
2.597600000000000E+009,-1.734997630119324E-001,-4.807093739509583E-002,-6.051671132445335E-002,-9.706229567527771E-001,-1.734997630119324E-001,-4.807093739509583E-002,-6.051671132445335E-002,-9.706229567527771E-001,
2.605966666666667E+009,-2.037995606660843E-001,-2.782047726213932E-002,-7.867187261581421E-002,-9.699567556381226E-001,-2.037995606660843E-001,-2.782047726213932E-002,-7.867187261581421E-002,-9.699567556381226E-001,
2.614333333333334E+009,-2.196532189846039E-001,6.947192363440990E-003,-1.047649756073952E-001,-9.621193408966065E-001,-2.196532189846039E-001,6.947192363440990E-003,-1.047649756073952E-001,-9.621193408966065E-001,
2.622700000000000E+009,-2.157353609800339E-001,4.662996903061867E-002,-1.165874078869820E-001,-9.542025327682495E-001,-2.157353609800339E-001,4.662996903061867E-002,-1.165874078869820E-001,-9.542025327682495E-001,
2.631066666666667E+009,-1.944003999233246E-001,8.009661734104157E-002,-1.458409428596497E-001,-9.622489809989929E-001,-1.944003999233246E-001,8.009661734104157E-002,-1.458409428596497E-001,-9.622489809989929E-001,
2.639433333333334E+009,-1.609417051076889E-001,1.005726605653763E-001,-1.713187694549561E-001,-9.567942619323731E-001,-1.609417051076889E-001,1.005726605653763E-001,-1.713187694549561E-001,-9.567942619323731E-001,
2.647800000000000E+009,-1.272785961627960E-001,1.017158776521683E-001,-1.850677430629730E-001,-9.580698609352112E-001,-1.272785961627960E-001,1.017158776521683E-001,-1.850677430629730E-001,-9.580698609352112E-001,
2.656166666666667E+009,-1.029452979564667E-001,8.421321213245392E-002,-2.115390002727509E-001,-9.574778676033020E-001,-1.029452979564667E-001,8.421321213245392E-002,-2.115390002727509E-001,-9.574778676033020E-001,
2.664533333333334E+009,-9.448149055242539E-002,5.627496168017387E-002,-2.452550530433655E-001,-9.531365633010864E-001,-9.448149055242539E-002,5.627496168017387E-002,-2.452550530433655E-001,-9.531365633010864E-001,
2.672900000000000E+009,-1.094429790973663E-001,2.873615734279156E-002,-2.724901437759399E-001,-9.459265470504761E-001,-1.094429790973663E-001,2.873615734279156E-002,-2.724901437759399E-001,-9.459265470504761E-001,
2.681266666666667E+009,-1.363057196140289E-001,1.099305506795645E-002,-3.017404079437256E-001,-9.325379133224487E-001,-1.363057196140289E-001,1.099305506795645E-002,-3.017404079437256E-001,-9.325379133224487E-001,
2.689633333333334E+009,-1.708476096391678E-001,1.217344682663679E-002,-3.322664797306061E-001,-9.197194576263428E-001,-1.708476096391678E-001,1.217344682663679E-002,-3.322664797306061E-001,-9.197194576263428E-001,
2.698000000000000E+009,-1.966361701488495E-001,3.228437900543213E-002,-3.488918542861939E-001,-9.044410586357117E-001,-1.966361701488495E-001,3.228437900543213E-002,-3.488918542861939E-001,-9.044410586357117E-001,
2.706366666666667E+009,-2.082467973232269E-001,6.685795634984970E-002,-3.675023317337036E-001,-8.890938758850098E-001,-2.082467973232269E-001,6.685795634984970E-002,-3.675023317337036E-001,-8.890938758850098E-001,
2.714733333333334E+009,-2.017769813537598E-001,1.022383049130440E-001,-3.799199461936951E-001,-8.869399428367615E-001,-2.017769813537598E-001,1.022383049130440E-001,-3.799199461936951E-001,-8.869399428367615E-001,
2.723100000000000E+009,-1.782433539628983E-001,1.345854252576828E-001,-3.993820548057556E-001,-8.803757429122925E-001,-1.782433539628983E-001,1.345854252576828E-001,-3.993820548057556E-001,-8.803757429122925E-001,
2.731466666666667E+009,-1.405150890350342E-001,1.517625004053116E-001,-4.212496876716614E-001,-8.724112510681152E-001,-1.405150890350342E-001,1.517625004053116E-001,-4.212496876716614E-001,-8.724112510681152E-001,
2.739833333333334E+009,-1.021662205457687E-001,1.502845883369446E-001,-4.534221291542053E-001,-8.678178787231445E-001,-1.021662205457687E-001,1.502845883369446E-001,-4.534221291542053E-001,-8.678178787231445E-001,
2.748200000000000E+009,-7.479932159185410E-002,1.322653144598007E-001,-4.689159095287323E-001,-8.600934147834778E-001,-7.479932159185410E-002,1.322653144598007E-001,-4.689159095287323E-001,-8.600934147834778E-001,
2.756566666666667E+009,-6.366036087274551E-002,1.029853671789169E-001,-4.967687427997589E-001,-8.483625650405884E-001,-6.366036087274551E-002,1.029853671789169E-001,-4.967687427997589E-001,-8.483625650405884E-001,
2.764933333333334E+009,-7.493823766708374E-002,7.453817874193192E-002,-5.285360217094421E-001,-8.384039998054504E-001,-7.493823766708374E-002,7.453817874193192E-002,-5.285360217094421E-001,-8.384039998054504E-001,
2.773300000000000E+009,-1.017205864191055E-001,5.611253157258034E-002,-5.455191135406494E-001,-8.153059482574463E-001,-1.017205864191055E-001,5.611253157258034E-002,-5.455191135406494E-001,-8.153059482574463E-001,
2.781666666666667E+009,-1.353912353515625E-001,5.612217634916306E-002,-5.610109567642212E-001,-7.985099554061890E-001,-1.353912353515625E-001,5.612217634916306E-002,-5.610109567642212E-001,-7.985099554061890E-001,
2.790033333333334E+009,-1.651358604431152E-001,7.485946267843247E-002,-5.852568745613098E-001,-7.793011069297791E-001,-1.651358604431152E-001,7.485946267843247E-002,-5.852568745613098E-001,-7.793011069297791E-001,
2.798400000000000E+009,-1.789249032735825E-001,1.055916100740433E-001,-6.040489673614502E-001,-7.601615190505981E-001,-1.789249032735825E-001,1.055916100740433E-001,-6.040489673614502E-001,-7.601615190505981E-001,
2.806766666666667E+009,-1.718423962593079E-001,1.404394209384918E-001,-6.165180802345276E-001,-7.429982423782349E-001,-1.718423962593079E-001,1.404394209384918E-001,-6.165180802345276E-001,-7.429982423782349E-001,
2.815133333333334E+009,-1.466013491153717E-001,1.680269688367844E-001,-6.300117373466492E-001,-7.332807779312134E-001,-1.466013491153717E-001,1.680269688367844E-001,-6.300117373466492E-001,-7.332807779312134E-001,
2.823500000000000E+009,-1.118758097290993E-001,1.833894401788712E-001,-6.437814831733704E-001,-7.208417654037476E-001,-1.118758097290993E-001,1.833894401788712E-001,-6.437814831733704E-001,-7.208417654037476E-001,
2.831866666666667E+009,-7.196089625358582E-002,1.791210770606995E-001,-6.615762710571289E-001,-7.066966891288757E-001,-7.196089625358582E-002,1.791210770606995E-001,-6.615762710571289E-001,-7.066966891288757E-001,
2.840233333333334E+009,-4.166141897439957E-002,1.600351482629776E-001,-6.867971420288086E-001,-6.922717094421387E-001,-4.166141897439957E-002,1.600351482629776E-001,-6.867971420288086E-001,-6.922717094421387E-001,
2.848600000000000E+009,-2.917621470987797E-002,1.307584941387177E-001,-7.115041613578796E-001,-6.815449595451355E-001,-2.917621470987797E-002,1.307584941387177E-001,-7.115041613578796E-001,-6.815449595451355E-001,
2.856966666666667E+009,-3.746735304594040E-002,1.017357409000397E-001,-7.295380830764771E-001,-6.590060591697693E-001,-3.746735304594040E-002,1.017357409000397E-001,-7.295380830764771E-001,-6.590060591697693E-001,
2.865333333333334E+009,-6.476802378892899E-002,8.500208705663681E-002,-7.442464828491211E-001,-6.364733576774597E-001,-6.476802378892899E-002,8.500208705663681E-002,-7.442464828491211E-001,-6.364733576774597E-001,
2.873700000000000E+009,-1.004528552293778E-001,8.572625368833542E-002,-7.713446021080017E-001,-6.134004592895508E-001,-1.004528552293778E-001,8.572625368833542E-002,-7.713446021080017E-001,-6.134004592895508E-001,
2.882066666666667E+009,-1.313067972660065E-001,1.041857898235321E-001,-7.745311856269836E-001,-5.914947390556335E-001,-1.313067972660065E-001,1.041857898235321E-001,-7.745311856269836E-001,-5.914947390556335E-001,
2.890433333333334E+009,-1.474707573652268E-001,1.386660337448120E-001,-7.892097830772400E-001,-5.667922496795654E-001,-1.474707573652268E-001,1.386660337448120E-001,-7.892097830772400E-001,-5.667922496795654E-001,
2.898800000000000E+009,-1.413420438766480E-001,1.741756200790405E-001,-7.947193384170532E-001,-5.470295548439026E-001,-1.413420438766480E-001,1.741756200790405E-001,-7.947193384170532E-001,-5.470295548439026E-001,
2.907166666666667E+009,-1.160814017057419E-001,2.032704055309296E-001,-8.116061687469482E-001,-5.264582633972168E-001,-1.160814017057419E-001,2.032704055309296E-001,-8.116061687469482E-001,-5.264582633972168E-001,
2.915533333333334E+009,-7.755990326404572E-002,2.170677036046982E-001,-8.156821131706238E-001,-5.100948214530945E-001,-7.755990326404572E-002,2.170677036046982E-001,-8.156821131706238E-001,-5.100948214530945E-001,
2.923900000000000E+009,-3.627013042569161E-002,2.112562656402588E-001,-8.274482488632202E-001,-4.986469149589539E-001,-3.627013042569161E-002,2.112562656402588E-001,-8.274482488632202E-001,-4.986469149589539E-001,
2.932266666666667E+009,-1.321058603934944E-003,1.883550882339478E-001,-8.484497070312500E-001,-4.792406857013702E-001,-1.321058603934944E-003,1.883550882339478E-001,-8.484497070312500E-001,-4.792406857013702E-001,
2.940633333333334E+009,1.499230042099953E-002,1.532439738512039E-001,-8.618838787078857E-001,-4.606962203979492E-001,1.499230042099953E-002,1.532439738512039E-001,-8.618838787078857E-001,-4.606962203979492E-001,
2.949000000000000E+009,8.668487891554833E-003,1.208542138338089E-001,-8.786023259162903E-001,-4.417287707328796E-001,8.668487891554833E-003,1.208542138338089E-001,-8.786023259162903E-001,-4.417287707328796E-001,
2.957366666666667E+009,-1.715582795441151E-002,9.902223944664002E-002,-8.932523131370544E-001,-4.125716388225555E-001,-1.715582795441151E-002,9.902223944664002E-002,-8.932523131370544E-001,-4.125716388225555E-001,
2.965733333333334E+009,-5.280047282576561E-002,9.809722006320953E-002,-9.060958623886108E-001,-3.796078264713287E-001,-5.280047282576561E-002,9.809722006320953E-002,-9.060958623886108E-001,-3.796078264713287E-001,
2.974100000000000E+009,-8.458923548460007E-002,1.176329925656319E-001,-9.101285934448242E-001,-3.522157371044159E-001,-8.458923548460007E-002,1.176329925656319E-001,-9.101285934448242E-001,-3.522157371044159E-001,
2.982466666666667E+009,-1.027915999293327E-001,1.541147232055664E-001,-9.175209403038025E-001,-3.302994668483734E-001,-1.027915999293327E-001,1.541147232055664E-001,-9.175209403038025E-001,-3.302994668483734E-001,
2.990833333333334E+009,-9.744894504547119E-002,1.932736039161682E-001,-9.185444116592407E-001,-3.024573922157288E-001,-9.744894504547119E-002,1.932736039161682E-001,-9.185444116592407E-001,-3.024573922157288E-001,
2.999200000000000E+009,-7.365053892135620E-002,2.234360277652741E-001,-9.195098876953125E-001,-2.755354940891266E-001,-7.365053892135620E-002,2.234360277652741E-001,-9.195098876953125E-001,-2.755354940891266E-001,
3.007566666666667E+009,-3.338449448347092E-002,2.366253435611725E-001,-9.254935979843140E-001,-2.676393985748291E-001,-3.338449448347092E-002,2.366253435611725E-001,-9.254935979843140E-001,-2.676393985748291E-001,
3.015933333333334E+009,1.011091005057097E-002,2.277998030185700E-001,-9.307861328125000E-001,-2.506169080734253E-001,1.011091005057097E-002,2.277998030185700E-001,-9.307861328125000E-001,-2.506169080734253E-001,
3.024300000000000E+009,4.665026068687439E-002,2.001223266124725E-001,-9.428938627243042E-001,-2.241121381521225E-001,4.665026068687439E-002,2.001223266124725E-001,-9.428938627243042E-001,-2.241121381521225E-001,
3.032666666666667E+009,6.339226663112640E-002,1.597799509763718E-001,-9.515699744224548E-001,-2.067258059978485E-001,6.339226663112640E-002,1.597799509763718E-001,-9.515699744224548E-001,-2.067258059978485E-001,
3.041033333333334E+009,5.513419955968857E-002,1.201327070593834E-001,-9.675788283348084E-001,-1.819778978824616E-001,5.513419955968857E-002,1.201327070593834E-001,-9.675788283348084E-001,-1.819778978824616E-001,
3.049400000000000E+009,2.758872136473656E-002,9.370966255664825E-002,-9.740350246429443E-001,-1.479198634624481E-001,2.758872136473656E-002,9.370966255664825E-002,-9.740350246429443E-001,-1.479198634624481E-001,
3.057766666666667E+009,-1.075431797653437E-002,9.329292178153992E-002,-9.765908718109131E-001,-1.198148429393768E-001,-1.075431797653437E-002,9.329292178153992E-002,-9.765908718109131E-001,-1.198148429393768E-001,
3.066133333333334E+009,-4.724109545350075E-002,1.159167215228081E-001,-9.807258844375610E-001,-8.355958014726639E-002,-4.724109545350075E-002,1.159167215228081E-001,-9.807258844375610E-001,-8.355958014726639E-002,
3.074500000000000E+009,-6.545596569776535E-002,1.569427996873856E-001,-9.737597703933716E-001,-5.378241091966629E-002,-6.545596569776535E-002,1.569427996873856E-001,-9.737597703933716E-001,-5.378241091966629E-002,
3.082866666666667E+009,-5.758605524897575E-002,2.031902968883514E-001,-9.689363837242127E-001,-2.930536679923534E-002,-5.758605524897575E-002,2.031902968883514E-001,-9.689363837242127E-001,-2.930536679923534E-002,
3.091233333333334E+009,-2.808239310979843E-002,2.387611269950867E-001,-9.597417116165161E-001,-1.710913516581059E-002,-2.808239310979843E-002,2.387611269950867E-001,-9.597417116165161E-001,-1.710913516581059E-002,
3.099600000000000E+009,1.853395439684391E-002,2.529659867286682E-001,-9.550876021385193E-001,7.541231811046600E-003,1.853395439684391E-002,2.529659867286682E-001,-9.550876021385193E-001,7.541231811046600E-003,
3.107966666666667E+009,6.686812639236450E-002,2.391277253627777E-001,-9.578778743743897E-001,2.342153340578079E-002,6.686812639236450E-002,2.391277253627777E-001,-9.578778743743897E-001,2.342153340578079E-002,
3.116333333333334E+009,1.064311414957047E-001,2.045214921236038E-001,-9.601603150367737E-001,3.828426077961922E-002,1.064311414957047E-001,2.045214921236038E-001,-9.601603150367737E-001,3.828426077961922E-002,
3.124700000000000E+009,1.242721527814865E-001,1.544680446386337E-001,-9.625892043113709E-001,5.519061163067818E-002,1.242721527814865E-001,1.544680446386337E-001,-9.625892043113709E-001,5.519061163067818E-002,
3.133066666666667E+009,1.149137020111084E-001,1.039322614669800E-001,-9.720398783683777E-001,8.160603046417236E-002,1.149137020111084E-001,1.039322614669800E-001,-9.720398783683777E-001,8.160603046417236E-002,
3.141433333333334E+009,8.119418472051621E-002,6.810478121042252E-002,-9.765971899032593E-001,1.153918057680130E-001,8.119418472051621E-002,6.810478121042252E-002,-9.765971899032593E-001,1.153918057680130E-001,
3.149800000000000E+009,3.510931506752968E-002,6.189361214637756E-002,-9.797042608261108E-001,1.474990844726563E-001,3.510931506752968E-002,6.189361214637756E-002,-9.797042608261108E-001,1.474990844726563E-001,
3.158166666666667E+009,-8.242490701377392E-003,8.268917351961136E-002,-9.697338938713074E-001,1.842904984951019E-001,-8.242490701377392E-003,8.268917351961136E-002,-9.697338938713074E-001,1.842904984951019E-001,
3.166533333333334E+009,-3.408212959766388E-002,1.279149502515793E-001,-9.511619210243225E-001,2.178696244955063E-001,-3.408212959766388E-002,1.279149502515793E-001,-9.511619210243225E-001,2.178696244955063E-001,
3.174900000000000E+009,-2.908815257251263E-002,1.790012866258621E-001,-9.458943605422974E-001,2.402391880750656E-001,-2.908815257251263E-002,1.790012866258621E-001,-9.458943605422974E-001,2.402391880750656E-001,
3.183266666666667E+009,1.316220033913851E-003,2.218854129314423E-001,-9.276961088180542E-001,2.618185877799988E-001,1.316220033913851E-003,2.218854129314423E-001,-9.276961088180542E-001,2.618185877799988E-001,
3.191633333333334E+009,4.807300865650177E-002,2.399030625820160E-001,-9.173665642738342E-001,2.739883959293366E-001,4.807300865650177E-002,2.399030625820160E-001,-9.173665642738342E-001,2.739883959293366E-001,
3.200000000000000E+009,9.968532621860504E-002,2.289585322141647E-001,-9.067759513854981E-001,2.858656346797943E-001,9.968532621860504E-002,2.289585322141647E-001,-9.067759513854981E-001,2.858656346797943E-001,
