% Version 1.00
%
%freq[Hz],re:Trc1_S11,im:Trc1_S11,re:Trc2_S21,im:Trc2_S21,re:Trc3_S11,im:Trc3_S11,re:Trc4_S21,im:Trc4_S21,
6.900000000000000E+008,-4.917746409773827E-002,4.126690328121185E-002,-5.094617605209351E-001,-8.471406102180481E-001,-4.917746409773827E-002,4.126690328121185E-002,-5.094617605209351E-001,-8.471406102180481E-001,
6.983666666666666E+008,-4.113836213946343E-002,4.158532992005348E-002,-5.341328978538513E-001,-8.363714814186096E-001,-4.113836213946343E-002,4.158532992005348E-002,-5.341328978538513E-001,-8.363714814186096E-001,
7.067333333333334E+008,-3.532517701387405E-002,3.709654510021210E-002,-5.567193031311035E-001,-8.102440237998962E-001,-3.532517701387405E-002,3.709654510021210E-002,-5.567193031311035E-001,-8.102440237998962E-001,
7.151000000000000E+008,-3.499474003911018E-002,2.952059917151928E-002,-5.923775434494019E-001,-8.082409501075745E-001,-3.499474003911018E-002,2.952059917151928E-002,-5.923775434494019E-001,-8.082409501075745E-001,
7.234666666666666E+008,-3.711744770407677E-002,2.449021674692631E-002,-6.054934859275818E-001,-7.921285629272461E-001,-3.711744770407677E-002,2.449021674692631E-002,-6.054934859275818E-001,-7.921285629272461E-001,
7.318333333333334E+008,-4.452770203351975E-002,2.231379225850105E-002,-6.229281425476074E-001,-7.740586996078491E-001,-4.452770203351975E-002,2.231379225850105E-002,-6.229281425476074E-001,-7.740586996078491E-001,
7.402000000000000E+008,-5.066289007663727E-002,2.448602393269539E-002,-6.331549286842346E-001,-7.493336200714111E-001,-5.066289007663727E-002,2.448602393269539E-002,-6.331549286842346E-001,-7.493336200714111E-001,
7.485666666666666E+008,-5.587062612175942E-002,3.164805471897125E-002,-6.632313132286072E-001,-7.355833053588867E-001,-5.587062612175942E-002,3.164805471897125E-002,-6.632313132286072E-001,-7.355833053588867E-001,
7.569333333333334E+008,-5.943724513053894E-002,4.156142100691795E-002,-6.810615658760071E-001,-7.222035527229309E-001,-5.943724513053894E-002,4.156142100691795E-002,-6.810615658760071E-001,-7.222035527229309E-001,
7.653000000000000E+008,-5.383775010704994E-002,5.048874765634537E-002,-6.898648142814636E-001,-7.031483650207520E-001,-5.383775010704994E-002,5.048874765634537E-002,-6.898648142814636E-001,-7.031483650207520E-001,
7.736666666666666E+008,-4.727859422564507E-002,5.719057843089104E-002,-7.014986872673035E-001,-6.991155147552490E-001,-4.727859422564507E-002,5.719057843089104E-002,-7.014986872673035E-001,-6.991155147552490E-001,
7.820333333333334E+008,-3.839893639087677E-002,6.115427613258362E-002,-7.348723411560059E-001,-6.699971556663513E-001,-3.839893639087677E-002,6.115427613258362E-002,-7.348723411560059E-001,-6.699971556663513E-001,
7.904000000000000E+008,-2.837041765451431E-002,6.004735082387924E-002,-7.441134452819824E-001,-6.519510746002197E-001,-2.837041765451431E-002,6.004735082387924E-002,-7.441134452819824E-001,-6.519510746002197E-001,
7.987666666666666E+008,-2.399484626948834E-002,5.486783757805824E-002,-7.492392063140869E-001,-6.355487704277039E-001,-2.399484626948834E-002,5.486783757805824E-002,-7.492392063140869E-001,-6.355487704277039E-001,
8.071333333333334E+008,-2.224078029394150E-002,4.851432517170906E-002,-7.755102515220642E-001,-6.030392050743103E-001,-2.224078029394150E-002,4.851432517170906E-002,-7.755102515220642E-001,-6.030392050743103E-001,
8.155000000000000E+008,-2.522983215749264E-002,4.153311252593994E-002,-8.020507693290710E-001,-5.919939279556274E-001,-2.522983215749264E-002,4.153311252593994E-002,-8.020507693290710E-001,-5.919939279556274E-001,
8.238666666666666E+008,-3.189140930771828E-002,3.979456797242165E-002,-8.079721331596375E-001,-5.681708455085754E-001,-3.189140930771828E-002,3.979456797242165E-002,-8.079721331596375E-001,-5.681708455085754E-001,
8.322333333333334E+008,-3.738902136683464E-002,4.135941341519356E-002,-8.174871206283569E-001,-5.503884553909302E-001,-3.738902136683464E-002,4.135941341519356E-002,-8.174871206283569E-001,-5.503884553909302E-001,
8.406000000000000E+008,-4.189025610685349E-002,4.481424018740654E-002,-8.295888900756836E-001,-5.273093581199646E-001,-4.189025610685349E-002,4.481424018740654E-002,-8.295888900756836E-001,-5.273093581199646E-001,
8.489666666666668E+008,-4.322664439678192E-002,5.608589947223663E-002,-8.407710194587708E-001,-4.980635046958923E-001,-4.322664439678192E-002,5.608589947223663E-002,-8.407710194587708E-001,-4.980635046958923E-001,
8.573333333333334E+008,-4.077791795134544E-002,6.397540867328644E-002,-8.423544764518738E-001,-4.675942957401276E-001,-4.077791795134544E-002,6.397540867328644E-002,-8.423544764518738E-001,-4.675942957401276E-001,
8.657000000000000E+008,-3.522340580821037E-002,7.150603830814362E-002,-8.704982995986939E-001,-4.711371362209320E-001,-3.522340580821037E-002,7.150603830814362E-002,-8.704982995986939E-001,-4.711371362209320E-001,
8.740666666666668E+008,-2.580670826137066E-002,7.651720196008682E-002,-8.766109943389893E-001,-4.461205601692200E-001,-2.580670826137066E-002,7.651720196008682E-002,-8.766109943389893E-001,-4.461205601692200E-001,
8.824333333333334E+008,-1.748336292803288E-002,7.789868116378784E-002,-8.948209285736084E-001,-4.217947721481323E-001,-1.748336292803288E-002,7.789868116378784E-002,-8.948209285736084E-001,-4.217947721481323E-001,
8.908000000000000E+008,-9.281545877456665E-003,7.435815781354904E-002,-9.080597162246704E-001,-4.038608670234680E-001,-9.281545877456665E-003,7.435815781354904E-002,-9.080597162246704E-001,-4.038608670234680E-001,
8.991666666666668E+008,-3.794704796746373E-003,6.836479902267456E-002,-9.080381989479065E-001,-3.766955733299255E-001,-3.794704796746373E-003,6.836479902267456E-002,-9.080381989479065E-001,-3.766955733299255E-001,
9.075333333333334E+008,-3.330950159579516E-003,6.098004430532455E-002,-9.219256043434143E-001,-3.507110476493835E-001,-3.330950159579516E-003,6.098004430532455E-002,-9.219256043434143E-001,-3.507110476493835E-001,
9.159000000000000E+008,-6.348541472107172E-003,5.520366877317429E-002,-9.427934288978577E-001,-3.259055316448212E-001,-6.348541472107172E-003,5.520366877317429E-002,-9.427934288978577E-001,-3.259055316448212E-001,
9.242666666666668E+008,-1.296133734285832E-002,5.553381517529488E-002,-9.339960813522339E-001,-3.040400445461273E-001,-1.296133734285832E-002,5.553381517529488E-002,-9.339960813522339E-001,-3.040400445461273E-001,
9.326333333333334E+008,-1.787861064076424E-002,5.789485573768616E-002,-9.501055479049683E-001,-2.897342443466187E-001,-1.787861064076424E-002,5.789485573768616E-002,-9.501055479049683E-001,-2.897342443466187E-001,
9.410000000000000E+008,-2.158123254776001E-002,6.218152120709419E-002,-9.591266512870789E-001,-2.527915239334106E-001,-2.158123254776001E-002,6.218152120709419E-002,-9.591266512870789E-001,-2.527915239334106E-001,
9.493666666666668E+008,-2.270793356001377E-002,7.145056128501892E-002,-9.638343453407288E-001,-2.226554155349731E-001,-2.270793356001377E-002,7.145056128501892E-002,-9.638343453407288E-001,-2.226554155349731E-001,
9.577333333333334E+008,-1.863846182823181E-002,8.126802742481232E-002,-9.697527885437012E-001,-2.088603079319000E-001,-1.863846182823181E-002,8.126802742481232E-002,-9.697527885437012E-001,-2.088603079319000E-001,
9.661000000000000E+008,-9.551106952130795E-003,8.772889524698257E-002,-9.696657061576843E-001,-1.663110405206680E-001,-9.551106952130795E-003,8.772889524698257E-002,-9.696657061576843E-001,-1.663110405206680E-001,
9.744666666666668E+008,1.488172798417509E-003,8.765224367380142E-002,-9.673602581024170E-001,-1.565356701612473E-001,1.488172798417509E-003,8.765224367380142E-002,-9.673602581024170E-001,-1.565356701612473E-001,
9.828333333333334E+008,1.094281859695911E-002,8.858652412891388E-002,-9.834219217300415E-001,-1.366045773029327E-001,1.094281859695911E-002,8.858652412891388E-002,-9.834219217300415E-001,-1.366045773029327E-001,
9.912000000000000E+008,2.150549739599228E-002,8.198001980781555E-002,-9.802169799804688E-001,-1.146066486835480E-001,2.150549739599228E-002,8.198001980781555E-002,-9.802169799804688E-001,-1.146066486835480E-001,
9.995666666666668E+008,2.516742050647736E-002,7.412967830896378E-002,-9.922560453414917E-001,-7.741318643093109E-002,2.516742050647736E-002,7.412967830896378E-002,-9.922560453414917E-001,-7.741318643093109E-002,
1.007933333333333E+009,2.860306575894356E-002,6.454132497310638E-002,-1.005667090415955E+000,-6.047175452113152E-002,2.860306575894356E-002,6.454132497310638E-002,-1.005667090415955E+000,-6.047175452113152E-002,
1.016300000000000E+009,2.249549888074398E-002,5.856600776314735E-002,-9.922754764556885E-001,-3.348747268319130E-002,2.249549888074398E-002,5.856600776314735E-002,-9.922754764556885E-001,-3.348747268319130E-002,
1.024666666666667E+009,1.471326500177383E-002,5.495869740843773E-002,-9.876893162727356E-001,-7.616299204528332E-003,1.471326500177383E-002,5.495869740843773E-002,-9.876893162727356E-001,-7.616299204528332E-003,
1.033033333333333E+009,9.935400448739529E-003,5.982912704348564E-002,-9.940386414527893E-001,1.913837902247906E-002,9.935400448739529E-003,5.982912704348564E-002,-9.940386414527893E-001,1.913837902247906E-002,
1.041400000000000E+009,3.664762945845723E-003,6.493610888719559E-002,-9.938092827796936E-001,4.023821651935577E-002,3.664762945845723E-003,6.493610888719559E-002,-9.938092827796936E-001,4.023821651935577E-002,
1.049766666666667E+009,7.358135189861059E-003,7.424504309892654E-002,-9.784392118453980E-001,7.619126141071320E-002,7.358135189861059E-003,7.424504309892654E-002,-9.784392118453980E-001,7.619126141071320E-002,
1.058133333333333E+009,1.224219426512718E-002,8.322908729314804E-002,-9.799340367317200E-001,9.837395697832108E-002,1.224219426512718E-002,8.322908729314804E-002,-9.799340367317200E-001,9.837395697832108E-002,
1.066500000000000E+009,2.397045120596886E-002,8.698148280382156E-002,-9.941942691802979E-001,1.329295784235001E-001,2.397045120596886E-002,8.698148280382156E-002,-9.941942691802979E-001,1.329295784235001E-001,
1.074866666666667E+009,3.786617890000343E-002,8.509232848882675E-002,-9.871675372123718E-001,1.530816256999970E-001,3.786617890000343E-002,8.509232848882675E-002,-9.871675372123718E-001,1.530816256999970E-001,
1.083233333333334E+009,4.666328430175781E-002,7.664293795824051E-002,-9.709710478782654E-001,1.738050431013107E-001,4.666328430175781E-002,7.664293795824051E-002,-9.709710478782654E-001,1.738050431013107E-001,
1.091600000000000E+009,5.309493467211723E-002,6.568884104490280E-002,-9.531450867652893E-001,1.930542588233948E-001,5.309493467211723E-002,6.568884104490280E-002,-9.531450867652893E-001,1.930542588233948E-001,
1.099966666666667E+009,5.192429944872856E-002,5.217865109443665E-002,-9.481527805328369E-001,2.309947609901428E-001,5.192429944872856E-002,5.217865109443665E-002,-9.481527805328369E-001,2.309947609901428E-001,
1.108333333333334E+009,4.366287589073181E-002,4.444511979818344E-002,-9.481971859931946E-001,2.400631457567215E-001,4.366287589073181E-002,4.444511979818344E-002,-9.481971859931946E-001,2.400631457567215E-001,
1.116700000000000E+009,3.315188735723496E-002,4.154032841324806E-002,-9.403727054595947E-001,2.733298838138580E-001,3.315188735723496E-002,4.154032841324806E-002,-9.403727054595947E-001,2.733298838138580E-001,
1.125066666666667E+009,2.230148576200008E-002,4.655496403574944E-002,-9.402316212654114E-001,2.900161445140839E-001,2.230148576200008E-002,4.655496403574944E-002,-9.402316212654114E-001,2.900161445140839E-001,
1.133433333333334E+009,1.503972802311182E-002,5.656718090176582E-002,-9.371550083160400E-001,3.351305127143860E-001,1.503972802311182E-002,5.656718090176582E-002,-9.371550083160400E-001,3.351305127143860E-001,
1.141800000000000E+009,1.456201542168856E-002,6.998645514249802E-002,-9.134380817413330E-001,3.497475683689117E-001,1.456201542168856E-002,6.998645514249802E-002,-9.134380817413330E-001,3.497475683689117E-001,
1.150166666666667E+009,2.426439896225929E-002,8.379889279603958E-002,-9.043847918510437E-001,3.499171733856201E-001,2.426439896225929E-002,8.379889279603958E-002,-9.043847918510437E-001,3.499171733856201E-001,
1.158533333333334E+009,4.088210314512253E-002,9.021318703889847E-002,-8.959786891937256E-001,3.901408016681671E-001,4.088210314512253E-002,9.021318703889847E-002,-8.959786891937256E-001,3.901408016681671E-001,
1.166900000000000E+009,6.038205325603485E-002,8.918688446283341E-002,-8.792328834533691E-001,4.099194407463074E-001,6.038205325603485E-002,8.918688446283341E-002,-8.792328834533691E-001,4.099194407463074E-001,
1.175266666666667E+009,7.624741643667221E-002,7.766224443912506E-002,-8.735977411270142E-001,4.390925168991089E-001,7.624741643667221E-002,7.766224443912506E-002,-8.735977411270142E-001,4.390925168991089E-001,
1.183633333333334E+009,8.797495812177658E-002,6.231687217950821E-002,-8.720837831497192E-001,4.510357081890106E-001,8.797495812177658E-002,6.231687217950821E-002,-8.720837831497192E-001,4.510357081890106E-001,
1.192000000000000E+009,8.746437728404999E-002,4.326261579990387E-002,-8.587677478790283E-001,4.732604920864105E-001,8.746437728404999E-002,4.326261579990387E-002,-8.587677478790283E-001,4.732604920864105E-001,
1.200366666666667E+009,7.763557136058807E-002,2.696761861443520E-002,-8.459714651107788E-001,4.946448802947998E-001,7.763557136058807E-002,2.696761861443520E-002,-8.459714651107788E-001,4.946448802947998E-001,
1.208733333333334E+009,6.255631148815155E-002,1.858931034803391E-002,-8.381417989730835E-001,5.367031097412109E-001,6.255631148815155E-002,1.858931034803391E-002,-8.381417989730835E-001,5.367031097412109E-001,
1.217100000000000E+009,4.681434109807015E-002,2.028355933725834E-002,-8.339923620223999E-001,5.472160577774048E-001,4.681434109807015E-002,2.028355933725834E-002,-8.339923620223999E-001,5.472160577774048E-001,
1.225466666666667E+009,3.504779562354088E-002,3.168710693717003E-002,-8.010487556457520E-001,5.713605880737305E-001,3.504779562354088E-002,3.168710693717003E-002,-8.010487556457520E-001,5.713605880737305E-001,
1.233833333333334E+009,3.133577480912209E-002,4.832500219345093E-002,-7.957152724266052E-001,5.825808048248291E-001,3.133577480912209E-002,4.832500219345093E-002,-7.957152724266052E-001,5.825808048248291E-001,
1.242200000000000E+009,4.055746644735336E-002,6.226086989045143E-002,-7.691009044647217E-001,6.158378124237061E-001,4.055746644735336E-002,6.226086989045143E-002,-7.691009044647217E-001,6.158378124237061E-001,
1.250566666666667E+009,5.426324158906937E-002,7.147844135761261E-002,-7.471162676811218E-001,6.204417347908020E-001,5.426324158906937E-002,7.147844135761261E-002,-7.471162676811218E-001,6.204417347908020E-001,
1.258933333333334E+009,7.483629137277603E-002,7.059863954782486E-002,-7.410907149314880E-001,6.420400738716126E-001,7.483629137277603E-002,7.059863954782486E-002,-7.410907149314880E-001,6.420400738716126E-001,
1.267300000000000E+009,9.425278753042221E-002,5.880030617117882E-002,-7.221440672874451E-001,6.557767391204834E-001,9.425278753042221E-002,5.880030617117882E-002,-7.221440672874451E-001,6.557767391204834E-001,
1.275666666666667E+009,1.028792709112167E-001,4.025193303823471E-002,-7.097845673561096E-001,6.635928153991699E-001,1.028792709112167E-001,4.025193303823471E-002,-7.097845673561096E-001,6.635928153991699E-001,
1.284033333333334E+009,1.044674590229988E-001,1.885861344635487E-002,-6.935340166091919E-001,7.056095004081726E-001,1.044674590229988E-001,1.885861344635487E-002,-6.935340166091919E-001,7.056095004081726E-001,
1.292400000000000E+009,9.380183368921280E-002,3.411152283661068E-004,-6.816207766532898E-001,7.089762091636658E-001,9.380183368921280E-002,3.411152283661068E-004,-6.816207766532898E-001,7.089762091636658E-001,
1.300766666666667E+009,7.420033961534500E-002,-7.778903003782034E-003,-6.583511829376221E-001,7.329255938529968E-001,7.420033961534500E-002,-7.778903003782034E-003,-6.583511829376221E-001,7.329255938529968E-001,
1.309133333333334E+009,5.420340597629547E-002,-5.812811199575663E-003,-6.339773535728455E-001,7.474978566169739E-001,5.420340597629547E-002,-5.812811199575663E-003,-6.339773535728455E-001,7.474978566169739E-001,
1.317500000000000E+009,4.025838524103165E-002,6.619235966354609E-003,-6.200842261314392E-001,7.775687575340271E-001,4.025838524103165E-002,6.619235966354609E-003,-6.200842261314392E-001,7.775687575340271E-001,
1.325866666666667E+009,3.647884353995323E-002,2.364072017371655E-002,-5.994166135787964E-001,7.921849489212036E-001,3.647884353995323E-002,2.364072017371655E-002,-5.994166135787964E-001,7.921849489212036E-001,
1.334233333333334E+009,4.552774131298065E-002,4.080974683165550E-002,-5.807517170906067E-001,7.977822422981262E-001,4.552774131298065E-002,4.080974683165550E-002,-5.807517170906067E-001,7.977822422981262E-001,
1.342600000000000E+009,6.157348677515984E-002,4.888908192515373E-002,-5.626050829887390E-001,8.145484924316406E-001,6.157348677515984E-002,4.888908192515373E-002,-5.626050829887390E-001,8.145484924316406E-001,
1.350966666666667E+009,8.191680908203125E-002,4.488238319754601E-002,-5.362083911895752E-001,8.257732391357422E-001,8.191680908203125E-002,4.488238319754601E-002,-5.362083911895752E-001,8.257732391357422E-001,
1.359333333333334E+009,9.653174132108688E-002,3.044693358242512E-002,-5.229486227035523E-001,8.251359462738037E-001,9.653174132108688E-002,3.044693358242512E-002,-5.229486227035523E-001,8.251359462738037E-001,
1.367700000000000E+009,1.018567010760307E-001,9.980593807995319E-003,-4.896284639835358E-001,8.433057665824890E-001,1.018567010760307E-001,9.980593807995319E-003,-4.896284639835358E-001,8.433057665824890E-001,
1.376066666666667E+009,9.755794703960419E-002,-1.252778433263302E-002,-4.742282032966614E-001,8.522068858146668E-001,9.755794703960419E-002,-1.252778433263302E-002,-4.742282032966614E-001,8.522068858146668E-001,
1.384433333333334E+009,8.021174371242523E-002,-2.748893015086651E-002,-4.588973224163055E-001,8.827464580535889E-001,8.021174371242523E-002,-2.748893015086651E-002,-4.588973224163055E-001,8.827464580535889E-001,
1.392800000000000E+009,5.957973003387451E-002,-2.937594056129456E-002,-4.378376603126526E-001,8.909651041030884E-001,5.957973003387451E-002,-2.937594056129456E-002,-4.378376603126526E-001,8.909651041030884E-001,
1.401166666666667E+009,3.953566029667854E-002,-2.146032080054283E-002,-4.103678166866303E-001,8.981301188468933E-001,3.953566029667854E-002,-2.146032080054283E-002,-4.103678166866303E-001,8.981301188468933E-001,
1.409533333333334E+009,2.676056325435638E-002,-3.923468757420778E-003,-3.806383907794952E-001,9.123338460922241E-001,2.676056325435638E-002,-3.923468757420778E-003,-3.806383907794952E-001,9.123338460922241E-001,
1.417900000000000E+009,2.866615541279316E-002,1.932816207408905E-002,-3.607001602649689E-001,9.081833958625794E-001,2.866615541279316E-002,1.932816207408905E-002,-3.607001602649689E-001,9.081833958625794E-001,
1.426266666666667E+009,4.013149812817574E-002,3.567752987146378E-002,-3.230202794075012E-001,9.333572387695313E-001,4.013149812817574E-002,3.567752987146378E-002,-3.230202794075012E-001,9.333572387695313E-001,
1.434633333333334E+009,6.092738360166550E-002,4.307851940393448E-002,-3.135634064674377E-001,9.273233413696289E-001,6.092738360166550E-002,4.307851940393448E-002,-3.135634064674377E-001,9.273233413696289E-001,
1.443000000000000E+009,8.138588070869446E-002,3.909506648778915E-002,-2.890967726707459E-001,9.342646002769470E-001,8.138588070869446E-002,3.909506648778915E-002,-2.890967726707459E-001,9.342646002769470E-001,
1.451366666666667E+009,9.692465513944626E-002,2.257375977933407E-002,-2.631834149360657E-001,9.341824650764465E-001,9.692465513944626E-002,2.257375977933407E-002,-2.631834149360657E-001,9.341824650764465E-001,
1.459733333333334E+009,1.027785018086433E-001,1.524226972833276E-003,-2.371326982975006E-001,9.602394700050354E-001,1.027785018086433E-001,1.524226972833276E-003,-2.371326982975006E-001,9.602394700050354E-001,
1.468100000000000E+009,9.891324490308762E-002,-2.081192471086979E-002,-2.202786803245544E-001,9.594031572341919E-001,9.891324490308762E-002,-2.081192471086979E-002,-2.202786803245544E-001,9.594031572341919E-001,
1.476466666666667E+009,7.902813702821732E-002,-3.555455058813095E-002,-1.920066922903061E-001,9.641245603561401E-001,7.902813702821732E-002,-3.555455058813095E-002,-1.920066922903061E-001,9.641245603561401E-001,
1.484833333333334E+009,5.808520317077637E-002,-3.641441836953163E-002,-1.663126051425934E-001,9.719709753990173E-001,5.808520317077637E-002,-3.641441836953163E-002,-1.663126051425934E-001,9.719709753990173E-001,
1.493200000000000E+009,3.937052935361862E-002,-2.815334871411324E-002,-1.471935361623764E-001,9.746347069740295E-001,3.937052935361862E-002,-2.815334871411324E-002,-1.471935361623764E-001,9.746347069740295E-001,
1.501566666666667E+009,3.202411159873009E-002,-8.731999434530735E-003,-1.189423948526382E-001,9.826618432998657E-001,3.202411159873009E-002,-8.731999434530735E-003,-1.189423948526382E-001,9.826618432998657E-001,
1.509933333333334E+009,3.384100273251534E-002,1.168261375278235E-002,-8.753353357315064E-002,9.862486720085144E-001,3.384100273251534E-002,1.168261375278235E-002,-8.753353357315064E-002,9.862486720085144E-001,
1.518300000000000E+009,4.791601002216339E-002,2.816051058471203E-002,-6.851492077112198E-002,9.800400733947754E-001,4.791601002216339E-002,2.816051058471203E-002,-6.851492077112198E-002,9.800400733947754E-001,
1.526666666666667E+009,6.730569154024124E-002,3.318626433610916E-002,-5.084593594074249E-002,9.632005691528320E-001,6.730569154024124E-002,3.318626433610916E-002,-5.084593594074249E-002,9.632005691528320E-001,
1.535033333333334E+009,8.778026700019836E-002,2.614039368927479E-002,-1.490817964076996E-002,9.772340655326843E-001,8.778026700019836E-002,2.614039368927479E-002,-1.490817964076996E-002,9.772340655326843E-001,
1.543400000000000E+009,1.024558767676354E-001,9.970796294510365E-003,9.660708718001843E-003,9.797413349151611E-001,1.024558767676354E-001,9.970796294510365E-003,9.660708718001843E-003,9.797413349151611E-001,
1.551766666666667E+009,1.061992272734642E-001,-1.114359125494957E-002,3.446234017610550E-002,9.778952598571777E-001,1.061992272734642E-001,-1.114359125494957E-002,3.446234017610550E-002,9.778952598571777E-001,
1.560133333333334E+009,9.637857973575592E-002,-3.273836523294449E-002,5.736421793699265E-002,9.833065271377564E-001,9.637857973575592E-002,-3.273836523294449E-002,5.736421793699265E-002,9.833065271377564E-001,
1.568500000000000E+009,8.062589913606644E-002,-4.432956874370575E-002,8.450117707252502E-002,9.732532501220703E-001,8.062589913606644E-002,-4.432956874370575E-002,8.450117707252502E-002,9.732532501220703E-001,
1.576866666666667E+009,6.164676696062088E-002,-4.823178797960281E-002,9.785112738609314E-002,9.775648117065430E-001,6.164676696062088E-002,-4.823178797960281E-002,9.785112738609314E-002,9.775648117065430E-001,
1.585233333333334E+009,4.703567177057266E-002,-4.012152925133705E-002,1.288584023714066E-001,9.706851840019226E-001,4.703567177057266E-002,-4.012152925133705E-002,1.288584023714066E-001,9.706851840019226E-001,
1.593600000000000E+009,4.009453207254410E-002,-2.364715561270714E-002,1.529035270214081E-001,9.746094942092896E-001,4.009453207254410E-002,-2.364715561270714E-002,1.529035270214081E-001,9.746094942092896E-001,
1.601966666666667E+009,4.380008950829506E-002,-5.129106808453798E-003,1.837374716997147E-001,9.729751944541931E-001,4.380008950829506E-002,-5.129106808453798E-003,1.837374716997147E-001,9.729751944541931E-001,
1.610333333333334E+009,5.656740814447403E-002,8.061336353421211E-003,2.108353227376938E-001,9.628917574882507E-001,5.656740814447403E-002,8.061336353421211E-003,2.108353227376938E-001,9.628917574882507E-001,
1.618700000000000E+009,7.359694689512253E-002,9.037909097969532E-003,2.335674315690994E-001,9.527621865272522E-001,7.359694689512253E-002,9.037909097969532E-003,2.335674315690994E-001,9.527621865272522E-001,
1.627066666666667E+009,8.825241029262543E-002,1.338368048891425E-003,2.500206530094147E-001,9.487302303314209E-001,8.825241029262543E-002,1.338368048891425E-003,2.500206530094147E-001,9.487302303314209E-001,
1.635433333333334E+009,9.690936654806137E-002,-1.285149436444044E-002,2.869988083839417E-001,9.316388368606567E-001,9.690936654806137E-002,-1.285149436444044E-002,2.869988083839417E-001,9.316388368606567E-001,
1.643800000000000E+009,9.620501101016998E-002,-3.168085590004921E-002,2.978759109973908E-001,9.328294992446899E-001,9.620501101016998E-002,-3.168085590004921E-002,2.978759109973908E-001,9.328294992446899E-001,
1.652166666666667E+009,8.826216310262680E-002,-4.800629243254662E-002,3.227064013481140E-001,9.236138463020325E-001,8.826216310262680E-002,-4.800629243254662E-002,3.227064013481140E-001,9.236138463020325E-001,
1.660533333333334E+009,7.430467754602432E-002,-5.582612380385399E-002,3.493097126483917E-001,9.093402028083801E-001,7.430467754602432E-002,-5.582612380385399E-002,3.493097126483917E-001,9.093402028083801E-001,
1.668900000000000E+009,5.649394541978836E-002,-5.677403882145882E-002,3.789013624191284E-001,9.211155176162720E-001,5.649394541978836E-002,-5.677403882145882E-002,3.789013624191284E-001,9.211155176162720E-001,
1.677266666666667E+009,4.498460516333580E-002,-4.639758914709091E-002,3.976039886474609E-001,9.044687151908875E-001,4.498460516333580E-002,-4.639758914709091E-002,3.976039886474609E-001,9.044687151908875E-001,
1.685633333333334E+009,4.210756719112396E-002,-3.318859264254570E-002,4.149806499481201E-001,8.898677825927734E-001,4.210756719112396E-002,-3.318859264254570E-002,4.149806499481201E-001,8.898677825927734E-001,
1.694000000000000E+009,4.601934552192688E-002,-1.889444701373577E-002,4.391799569129944E-001,8.796191811561585E-001,4.601934552192688E-002,-1.889444701373577E-002,4.391799569129944E-001,8.796191811561585E-001,
1.702366666666667E+009,6.139536201953888E-002,-9.929453022778034E-003,4.632872939109802E-001,8.647004365921021E-001,6.139536201953888E-002,-9.929453022778034E-003,4.632872939109802E-001,8.647004365921021E-001,
1.710733333333334E+009,7.704593241214752E-002,-8.773039095103741E-003,4.824306070804596E-001,8.468939065933228E-001,7.704593241214752E-002,-8.773039095103741E-003,4.824306070804596E-001,8.468939065933228E-001,
1.719100000000000E+009,9.235897660255432E-002,-1.716241985559464E-002,5.127462148666382E-001,8.369055986404419E-001,9.235897660255432E-002,-1.716241985559464E-002,5.127462148666382E-001,8.369055986404419E-001,
1.727466666666667E+009,9.920186549425125E-002,-3.206558153033257E-002,5.284779071807861E-001,8.214265704154968E-001,9.920186549425125E-002,-3.206558153033257E-002,5.284779071807861E-001,8.214265704154968E-001,
1.735833333333334E+009,1.006362438201904E-001,-4.993239417672157E-002,5.451044440269470E-001,8.120190501213074E-001,1.006362438201904E-001,-4.993239417672157E-002,5.451044440269470E-001,8.120190501213074E-001,
1.744200000000000E+009,9.281238913536072E-002,-6.624378263950348E-002,5.666872262954712E-001,8.116660118103027E-001,9.281238913536072E-002,-6.624378263950348E-002,5.666872262954712E-001,8.116660118103027E-001,
1.752566666666667E+009,7.996410131454468E-002,-7.757430523633957E-002,5.853338241577148E-001,7.778709530830383E-001,7.996410131454468E-002,-7.757430523633957E-002,5.853338241577148E-001,7.778709530830383E-001,
1.760933333333334E+009,6.338779628276825E-002,-8.196163922548294E-002,6.049536466598511E-001,7.647425532341003E-001,6.338779628276825E-002,-8.196163922548294E-002,6.049536466598511E-001,7.647425532341003E-001,
1.769300000000000E+009,4.912437498569489E-002,-7.857384532690048E-002,6.310039758682251E-001,7.555555105209351E-001,4.912437498569489E-002,-7.857384532690048E-002,6.310039758682251E-001,7.555555105209351E-001,
1.777666666666667E+009,3.948703408241272E-002,-6.938675791025162E-002,6.517044901847839E-001,7.321523427963257E-001,3.948703408241272E-002,-6.938675791025162E-002,6.517044901847839E-001,7.321523427963257E-001,
1.786033333333334E+009,3.616959229111671E-002,-5.800536647439003E-002,6.628752350807190E-001,7.190954685211182E-001,3.616959229111671E-002,-5.800536647439003E-002,6.628752350807190E-001,7.190954685211182E-001,
1.794400000000000E+009,4.211712256073952E-002,-4.764487221837044E-002,6.861042380332947E-001,7.025991082191467E-001,4.211712256073952E-002,-4.764487221837044E-002,6.861042380332947E-001,7.025991082191467E-001,
1.802766666666667E+009,5.132076889276505E-002,-4.248085618019104E-002,7.033257484436035E-001,6.847082376480103E-001,5.132076889276505E-002,-4.248085618019104E-002,7.033257484436035E-001,6.847082376480103E-001,
1.811133333333334E+009,6.176973134279251E-002,-4.234139621257782E-002,7.211174964904785E-001,6.644735932350159E-001,6.176973134279251E-002,-4.234139621257782E-002,7.211174964904785E-001,6.644735932350159E-001,
1.819500000000000E+009,6.948315352201462E-002,-4.769290983676910E-002,7.424646615982056E-001,6.476150155067444E-001,6.948315352201462E-002,-4.769290983676910E-002,7.424646615982056E-001,6.476150155067444E-001,
1.827866666666667E+009,7.505221664905548E-002,-5.743487179279327E-002,7.534025907516480E-001,6.248851418495178E-001,7.505221664905548E-002,-5.743487179279327E-002,7.534025907516480E-001,6.248851418495178E-001,
1.836233333333334E+009,7.321105897426605E-002,-6.671946495771408E-002,7.683380246162415E-001,6.061121821403503E-001,7.321105897426605E-002,-6.671946495771408E-002,7.683380246162415E-001,6.061121821403503E-001,
1.844600000000000E+009,6.687778979539871E-002,-7.553154975175858E-002,7.700876593589783E-001,5.914977788925171E-001,6.687778979539871E-002,-7.553154975175858E-002,7.700876593589783E-001,5.914977788925171E-001,
1.852966666666667E+009,5.802414193749428E-002,-8.246465772390366E-002,7.951698899269104E-001,5.680388212203980E-001,5.802414193749428E-002,-8.246465772390366E-002,7.951698899269104E-001,5.680388212203980E-001,
1.861333333333334E+009,4.715371876955032E-002,-8.333554863929749E-002,8.063461184501648E-001,5.451800227165222E-001,4.715371876955032E-002,-8.333554863929749E-002,8.063461184501648E-001,5.451800227165222E-001,
1.869700000000000E+009,3.987358510494232E-002,-7.813765853643417E-002,8.276214003562927E-001,5.255698561668396E-001,3.987358510494232E-002,-7.813765853643417E-002,8.276214003562927E-001,5.255698561668396E-001,
1.878066666666667E+009,3.727949038147926E-002,-7.399844378232956E-002,8.342697620391846E-001,5.058631300926209E-001,3.727949038147926E-002,-7.399844378232956E-002,8.342697620391846E-001,5.058631300926209E-001,
1.886433333333334E+009,3.782318904995918E-002,-6.649587303400040E-002,8.644558787345886E-001,4.739892184734345E-001,3.782318904995918E-002,-6.649587303400040E-002,8.644558787345886E-001,4.739892184734345E-001,
1.894800000000000E+009,4.404189065098763E-002,-6.136766076087952E-002,8.701313734054565E-001,4.615049958229065E-001,4.404189065098763E-002,-6.136766076087952E-002,8.701313734054565E-001,4.615049958229065E-001,
1.903166666666667E+009,5.275524035096169E-002,-6.044123321771622E-002,8.720111250877380E-001,4.362931549549103E-001,5.275524035096169E-002,-6.044123321771622E-002,8.720111250877380E-001,4.362931549549103E-001,
1.911533333333334E+009,6.272166967391968E-002,-6.478054076433182E-002,8.841726779937744E-001,4.152156710624695E-001,6.272166967391968E-002,-6.478054076433182E-002,8.841726779937744E-001,4.152156710624695E-001,
1.919900000000000E+009,6.749348342418671E-002,-7.369478791952133E-002,9.027346968650818E-001,3.904072642326355E-001,6.749348342418671E-002,-7.369478791952133E-002,9.027346968650818E-001,3.904072642326355E-001,
1.928266666666667E+009,7.043431699275971E-002,-8.468053489923477E-002,9.042951464653015E-001,3.661405742168427E-001,7.043431699275971E-002,-8.468053489923477E-002,9.042951464653015E-001,3.661405742168427E-001,
1.936633333333334E+009,6.373456120491028E-002,-9.753308445215225E-002,9.133210182189941E-001,3.462585806846619E-001,6.373456120491028E-002,-9.753308445215225E-002,9.133210182189941E-001,3.462585806846619E-001,
1.945000000000000E+009,5.382883921265602E-002,-1.065979897975922E-001,9.148679375648499E-001,3.247165679931641E-001,5.382883921265602E-002,-1.065979897975922E-001,9.148679375648499E-001,3.247165679931641E-001,
1.953366666666667E+009,4.088352248072624E-002,-1.112785488367081E-001,9.195895195007324E-001,3.069570362567902E-001,4.088352248072624E-002,-1.112785488367081E-001,9.195895195007324E-001,3.069570362567902E-001,
1.961733333333334E+009,2.651650458574295E-002,-1.092352047562599E-001,9.451383948326111E-001,2.765608429908752E-001,2.651650458574295E-002,-1.092352047562599E-001,9.451383948326111E-001,2.765608429908752E-001,
1.970100000000000E+009,1.629197970032692E-002,-1.014813482761383E-001,9.424141049385071E-001,2.504212260246277E-001,1.629197970032692E-002,-1.014813482761383E-001,9.424141049385071E-001,2.504212260246277E-001,
1.978466666666667E+009,1.190882455557585E-002,-9.057952463626862E-002,9.497719407081604E-001,2.335838675498962E-001,1.190882455557585E-002,-9.057952463626862E-002,9.497719407081604E-001,2.335838675498962E-001,
1.986833333333334E+009,1.595895178616047E-002,-8.101475983858109E-002,9.519093036651611E-001,2.083847820758820E-001,1.595895178616047E-002,-8.101475983858109E-002,9.519093036651611E-001,2.083847820758820E-001,
1.995200000000000E+009,2.579898200929165E-002,-7.341115176677704E-002,9.640395045280457E-001,1.775212287902832E-001,2.579898200929165E-002,-7.341115176677704E-002,9.640395045280457E-001,1.775212287902832E-001,
2.003566666666667E+009,3.840295597910881E-002,-7.327859848737717E-002,9.713602662086487E-001,1.570278108119965E-001,3.840295597910881E-002,-7.327859848737717E-002,9.713602662086487E-001,1.570278108119965E-001,
2.011933333333334E+009,5.141797661781311E-002,-8.246567845344544E-002,9.719207882881165E-001,1.256829947233200E-001,5.141797661781311E-002,-8.246567845344544E-002,9.719207882881165E-001,1.256829947233200E-001,
2.020300000000000E+009,5.687636509537697E-002,-9.555430710315704E-002,9.716182947158814E-001,9.804462641477585E-002,5.687636509537697E-002,-9.555430710315704E-002,9.716182947158814E-001,9.804462641477585E-002,
2.028666666666667E+009,5.687817558646202E-002,-1.116025000810623E-001,9.753929972648621E-001,7.514150440692902E-002,5.687817558646202E-002,-1.116025000810623E-001,9.753929972648621E-001,7.514150440692902E-002,
2.037033333333334E+009,4.527425393462181E-002,-1.260819733142853E-001,9.747241139411926E-001,4.516390338540077E-002,4.527425393462181E-002,-1.260819733142853E-001,9.747241139411926E-001,4.516390338540077E-002,
2.045400000000000E+009,2.923672832548618E-002,-1.348733901977539E-001,9.732673764228821E-001,2.087734825909138E-002,2.923672832548618E-002,-1.348733901977539E-001,9.732673764228821E-001,2.087734825909138E-002,
2.053766666666667E+009,9.497093968093395E-003,-1.360599100589752E-001,9.605476260185242E-001,-1.406271359883249E-003,9.497093968093395E-003,-1.360599100589752E-001,9.605476260185242E-001,-1.406271359883249E-003,
2.062133333333334E+009,-6.369394250214100E-003,-1.283057034015656E-001,9.695399403572083E-001,-1.570928096771240E-002,-6.369394250214100E-003,-1.283057034015656E-001,9.695399403572083E-001,-1.570928096771240E-002,
2.070500000000000E+009,-1.273734122514725E-002,-1.131428927183151E-001,9.696279168128967E-001,-4.754349589347839E-002,-1.273734122514725E-002,-1.131428927183151E-001,9.696279168128967E-001,-4.754349589347839E-002,
2.078866666666667E+009,-1.348481327295303E-002,-9.925927966833115E-002,9.831995368003845E-001,-6.750031560659409E-002,-1.348481327295303E-002,-9.925927966833115E-002,9.831995368003845E-001,-6.750031560659409E-002,
2.087233333333334E+009,-2.095489064231515E-003,-9.048766642808914E-002,9.780197143554688E-001,-9.797622263431549E-002,-2.095489064231515E-003,-9.048766642808914E-002,9.780197143554688E-001,-9.797622263431549E-002,
2.095600000000000E+009,1.386342104524374E-002,-8.958380669355393E-002,9.739382863044739E-001,-1.363801658153534E-001,1.386342104524374E-002,-8.958380669355393E-002,9.739382863044739E-001,-1.363801658153534E-001,
2.103966666666667E+009,2.943099103868008E-002,-9.990914911031723E-002,9.724697470664978E-001,-1.564479172229767E-001,2.943099103868008E-002,-9.990914911031723E-002,9.724697470664978E-001,-1.564479172229767E-001,
2.112333333333334E+009,3.729465603828430E-002,-1.179490089416504E-001,9.578823447227478E-001,-1.777175068855286E-001,3.729465603828430E-002,-1.179490089416504E-001,9.578823447227478E-001,-1.777175068855286E-001,
2.120700000000000E+009,3.307555988430977E-002,-1.413459181785584E-001,9.551661014556885E-001,-2.053171098232269E-001,3.307555988430977E-002,-1.413459181785584E-001,9.551661014556885E-001,-2.053171098232269E-001,
2.129066666666667E+009,1.864326372742653E-002,-1.569690257310867E-001,9.437260627746582E-001,-2.312841415405273E-001,1.864326372742653E-002,-1.569690257310867E-001,9.437260627746582E-001,-2.312841415405273E-001,
2.137433333333334E+009,-5.183395929634571E-003,-1.657804101705551E-001,9.352526068687439E-001,-2.548682689666748E-001,-5.183395929634571E-003,-1.657804101705551E-001,9.352526068687439E-001,-2.548682689666748E-001,
2.145800000000000E+009,-3.143266960978508E-002,-1.649667173624039E-001,9.309839010238648E-001,-2.681423127651215E-001,-3.143266960978508E-002,-1.649667173624039E-001,9.309839010238648E-001,-2.681423127651215E-001,
2.154166666666667E+009,-5.118809640407562E-002,-1.506626904010773E-001,9.231149554252625E-001,-2.862004637718201E-001,-5.118809640407562E-002,-1.506626904010773E-001,9.231149554252625E-001,-2.862004637718201E-001,
2.162533333333334E+009,-6.670977175235748E-002,-1.285078972578049E-001,9.267315268516541E-001,-3.053206503391266E-001,-6.670977175235748E-002,-1.285078972578049E-001,9.267315268516541E-001,-3.053206503391266E-001,
2.170900000000000E+009,-6.430803984403610E-002,-1.071024313569069E-001,9.161638617515564E-001,-3.327271044254303E-001,-6.430803984403610E-002,-1.071024313569069E-001,9.161638617515564E-001,-3.327271044254303E-001,
2.179266666666667E+009,-4.984579607844353E-002,-9.155865758657455E-002,9.004141688346863E-001,-3.618343472480774E-001,-4.984579607844353E-002,-9.155865758657455E-002,9.004141688346863E-001,-3.618343472480774E-001,
2.187633333333334E+009,-2.971925400197506E-002,-8.788157999515533E-002,8.927087783813477E-001,-3.845962285995483E-001,-2.971925400197506E-002,-8.788157999515533E-002,8.927087783813477E-001,-3.845962285995483E-001,
2.196000000000000E+009,-8.042920380830765E-003,-9.943472594022751E-002,8.769659996032715E-001,-4.065178334712982E-001,-8.042920380830765E-003,-9.943472594022751E-002,8.769659996032715E-001,-4.065178334712982E-001,
2.204366666666667E+009,1.224613399244845E-003,-1.219082549214363E-001,8.752741217613220E-001,-4.283138513565064E-001,1.224613399244845E-003,-1.219082549214363E-001,8.752741217613220E-001,-4.283138513565064E-001,
2.212733333333334E+009,-1.233577844686806E-003,-1.442634314298630E-001,8.509903550148010E-001,-4.605835974216461E-001,-1.233577844686806E-003,-1.442634314298630E-001,8.509903550148010E-001,-4.605835974216461E-001,
2.221100000000000E+009,-2.130613662302494E-002,-1.646730154752731E-001,8.431603312492371E-001,-4.759920835494995E-001,-2.130613662302494E-002,-1.646730154752731E-001,8.431603312492371E-001,-4.759920835494995E-001,
2.229466666666667E+009,-4.633296281099320E-002,-1.741606295108795E-001,8.192744255065918E-001,-4.931856393814087E-001,-4.633296281099320E-002,-1.741606295108795E-001,8.192744255065918E-001,-4.931856393814087E-001,
2.237833333333334E+009,-7.531815022230148E-002,-1.683564633131027E-001,8.102719783782959E-001,-5.109868049621582E-001,-7.531815022230148E-002,-1.683564633131027E-001,8.102719783782959E-001,-5.109868049621582E-001,
2.246200000000000E+009,-9.910695999860764E-002,-1.507650464773178E-001,8.046352267265320E-001,-5.303921103477478E-001,-9.910695999860764E-002,-1.507650464773178E-001,8.046352267265320E-001,-5.303921103477478E-001,
2.254566666666667E+009,-1.107367575168610E-001,-1.228883042931557E-001,7.921226024627686E-001,-5.509118437767029E-001,-1.107367575168610E-001,-1.228883042931557E-001,7.921226024627686E-001,-5.509118437767029E-001,
2.262933333333334E+009,-1.063368394970894E-001,-9.989769756793976E-002,7.827896475791931E-001,-5.730778574943543E-001,-1.063368394970894E-001,-9.989769756793976E-002,7.827896475791931E-001,-5.730778574943543E-001,
2.271300000000000E+009,-9.217159450054169E-002,-8.253616094589233E-002,7.598216533660889E-001,-6.021080017089844E-001,-9.217159450054169E-002,-8.253616094589233E-002,7.598216533660889E-001,-6.021080017089844E-001,
2.279666666666667E+009,-7.179308682680130E-002,-7.956772297620773E-002,7.565237283706665E-001,-6.179265975952148E-001,-7.179308682680130E-002,-7.956772297620773E-002,7.565237283706665E-001,-6.179265975952148E-001,
2.288033333333334E+009,-5.393140763044357E-002,-9.175068885087967E-002,7.368199229240418E-001,-6.387229561805725E-001,-5.393140763044357E-002,-9.175068885087967E-002,7.368199229240418E-001,-6.387229561805725E-001,
2.296400000000000E+009,-4.597937688231468E-002,-1.122454702854157E-001,7.128055691719055E-001,-6.576635241508484E-001,-4.597937688231468E-002,-1.122454702854157E-001,7.128055691719055E-001,-6.576635241508484E-001,
2.304766666666667E+009,-5.100135505199432E-002,-1.357531696557999E-001,6.943446993827820E-001,-6.773287057876587E-001,-5.100135505199432E-002,-1.357531696557999E-001,6.943446993827820E-001,-6.773287057876587E-001,
2.313133333333334E+009,-7.294667512178421E-002,-1.533759981393814E-001,6.764813661575317E-001,-6.885250210762024E-001,-7.294667512178421E-002,-1.533759981393814E-001,6.764813661575317E-001,-6.885250210762024E-001,
2.321500000000000E+009,-9.994440525770187E-002,-1.555756032466888E-001,6.655271053314209E-001,-7.008239626884460E-001,-9.994440525770187E-002,-1.555756032466888E-001,6.655271053314209E-001,-7.008239626884460E-001,
2.329866666666667E+009,-1.245302632451057E-001,-1.420354545116425E-001,6.368466019630432E-001,-7.166838049888611E-001,-1.245302632451057E-001,-1.420354545116425E-001,6.368466019630432E-001,-7.166838049888611E-001,
2.338233333333334E+009,-1.443779468536377E-001,-1.185317561030388E-001,6.254795789718628E-001,-7.328317165374756E-001,-1.443779468536377E-001,-1.185317561030388E-001,6.254795789718628E-001,-7.328317165374756E-001,
2.346600000000000E+009,-1.448803395032883E-001,-8.937951177358627E-002,6.095584034919739E-001,-7.387503385543823E-001,-1.448803395032883E-001,-8.937951177358627E-002,6.095584034919739E-001,-7.387503385543823E-001,
2.354966666666667E+009,-1.332324296236038E-001,-6.353347748517990E-002,5.977707505226135E-001,-7.725136876106262E-001,-1.332324296236038E-001,-6.353347748517990E-002,5.977707505226135E-001,-7.725136876106262E-001,
2.363333333333334E+009,-1.100047901272774E-001,-5.251544713973999E-002,5.736811757087708E-001,-7.881975173950195E-001,-1.100047901272774E-001,-5.251544713973999E-002,5.736811757087708E-001,-7.881975173950195E-001,
2.371700000000000E+009,-8.495426923036575E-002,-6.016738712787628E-002,5.578529834747315E-001,-8.052886128425598E-001,-8.495426923036575E-002,-6.016738712787628E-002,5.578529834747315E-001,-8.052886128425598E-001,
2.380066666666667E+009,-7.077662646770477E-002,-8.243074268102646E-002,5.302087664604187E-001,-8.199868202209473E-001,-7.077662646770477E-002,-8.243074268102646E-002,5.302087664604187E-001,-8.199868202209473E-001,
2.388433333333334E+009,-6.969615817070007E-002,-1.156107336282730E-001,5.058843493461609E-001,-8.334486484527588E-001,-6.969615817070007E-002,-1.156107336282730E-001,5.058843493461609E-001,-8.334486484527588E-001,
2.396800000000000E+009,-8.954390883445740E-002,-1.443548053503037E-001,4.798083007335663E-001,-8.429063558578491E-001,-8.954390883445740E-002,-1.443548053503037E-001,4.798083007335663E-001,-8.429063558578491E-001,
2.405166666666667E+009,-1.214626878499985E-001,-1.595228463411331E-001,4.502342045307159E-001,-8.519428968429565E-001,-1.214626878499985E-001,-1.595228463411331E-001,4.502342045307159E-001,-8.519428968429565E-001,
2.413533333333334E+009,-1.609276980161667E-001,-1.566326767206192E-001,4.280779361724854E-001,-8.601212501525879E-001,-1.609276980161667E-001,-1.566326767206192E-001,4.280779361724854E-001,-8.601212501525879E-001,
2.421900000000000E+009,-1.949658691883087E-001,-1.328787207603455E-001,4.109140038490295E-001,-8.693566322326660E-001,-1.949658691883087E-001,-1.328787207603455E-001,4.109140038490295E-001,-8.693566322326660E-001,
2.430266666666667E+009,-2.174337506294251E-001,-9.579031169414520E-002,3.929781317710877E-001,-8.662674427032471E-001,-2.174337506294251E-001,-9.579031169414520E-002,3.929781317710877E-001,-8.662674427032471E-001,
2.438633333333334E+009,-2.205967307090759E-001,-5.240202695131302E-002,3.799156248569489E-001,-8.752856254577637E-001,-2.205967307090759E-001,-5.240202695131302E-002,3.799156248569489E-001,-8.752856254577637E-001,
2.447000000000000E+009,-2.023619860410690E-001,-1.404581218957901E-002,3.598630428314209E-001,-8.878228664398193E-001,-2.023619860410690E-001,-1.404581218957901E-002,3.598630428314209E-001,-8.878228664398193E-001,
2.455366666666667E+009,-1.720389127731323E-001,8.300579153001308E-003,3.475530445575714E-001,-9.058963060379028E-001,-1.720389127731323E-001,8.300579153001308E-003,3.475530445575714E-001,-9.058963060379028E-001,
2.463733333333334E+009,-1.371241509914398E-001,8.631207980215550E-003,3.129271864891052E-001,-9.237109422683716E-001,-1.371241509914398E-001,8.631207980215550E-003,3.129271864891052E-001,-9.237109422683716E-001,
2.472100000000000E+009,-1.109679713845253E-001,-7.758057210594416E-003,2.924968600273132E-001,-9.315615296363831E-001,-1.109679713845253E-001,-7.758057210594416E-003,2.924968600273132E-001,-9.315615296363831E-001,
2.480466666666667E+009,-1.030301898717880E-001,-3.953972458839417E-002,2.509919404983521E-001,-9.391377568244934E-001,-1.030301898717880E-001,-3.953972458839417E-002,2.509919404983521E-001,-9.391377568244934E-001,
2.488833333333334E+009,-1.136332154273987E-001,-6.994525343179703E-002,2.218414247035980E-001,-9.501633644104004E-001,-1.136332154273987E-001,-6.994525343179703E-002,2.218414247035980E-001,-9.501633644104004E-001,
2.497200000000000E+009,-1.399484127759934E-001,-8.950302004814148E-002,2.036911398172379E-001,-9.441961646080017E-001,-1.399484127759934E-001,-8.950302004814148E-002,2.036911398172379E-001,-9.441961646080017E-001,
2.505566666666667E+009,-1.754225492477417E-001,-8.925017714500427E-002,1.810189634561539E-001,-9.448823332786560E-001,-1.754225492477417E-001,-8.925017714500427E-002,1.810189634561539E-001,-9.448823332786560E-001,
2.513933333333334E+009,-2.022592127323151E-001,-7.160119712352753E-002,1.558408141136169E-001,-9.449300169944763E-001,-2.022592127323151E-001,-7.160119712352753E-002,1.558408141136169E-001,-9.449300169944763E-001,
2.522300000000000E+009,-2.181320339441299E-001,-3.526237234473229E-002,1.390593200922012E-001,-9.510590434074402E-001,-2.181320339441299E-001,-3.526237234473229E-002,1.390593200922012E-001,-9.510590434074402E-001,
2.530666666666667E+009,-2.148918807506561E-001,1.035858949762769E-004,1.171740517020226E-001,-9.574939012527466E-001,-2.148918807506561E-001,1.035858949762769E-004,1.171740517020226E-001,-9.574939012527466E-001,
2.539033333333334E+009,-1.979175806045532E-001,3.188371658325195E-002,9.761358797550201E-002,-9.638542532920837E-001,-1.979175806045532E-001,3.188371658325195E-002,9.761358797550201E-002,-9.638542532920837E-001,
2.547400000000000E+009,-1.675542891025543E-001,4.926842078566551E-002,7.515139132738113E-002,-9.670226573944092E-001,-1.675542891025543E-001,4.926842078566551E-002,7.515139132738113E-002,-9.670226573944092E-001,
2.555766666666667E+009,-1.364623308181763E-001,4.595698788762093E-002,4.538285359740257E-002,-9.776777029037476E-001,-1.364623308181763E-001,4.595698788762093E-002,4.538285359740257E-002,-9.776777029037476E-001,
2.564133333333334E+009,-1.144411936402321E-001,2.594025619328022E-002,1.539405900985003E-002,-9.769817590713501E-001,-1.144411936402321E-001,2.594025619328022E-002,1.539405900985003E-002,-9.769817590713501E-001,
2.572500000000000E+009,-1.124485656619072E-001,-3.886661492288113E-003,-1.213512010872364E-002,-9.797934889793396E-001,-1.124485656619072E-001,-3.886661492288113E-003,-1.213512010872364E-002,-9.797934889793396E-001,
2.580866666666667E+009,-1.283875405788422E-001,-3.112687915563583E-002,-4.364930838346481E-002,-9.754096269607544E-001,-1.283875405788422E-001,-3.112687915563583E-002,-4.364930838346481E-002,-9.754096269607544E-001,
2.589233333333334E+009,-1.595906466245651E-001,-4.494965448975563E-002,-6.788797676563263E-002,-9.711747765541077E-001,-1.595906466245651E-001,-4.494965448975563E-002,-6.788797676563263E-002,-9.711747765541077E-001,
2.597600000000000E+009,-1.949943751096726E-001,-4.155284166336060E-002,-9.294123947620392E-002,-9.618591666221619E-001,-1.949943751096726E-001,-4.155284166336060E-002,-9.294123947620392E-002,-9.618591666221619E-001,
2.605966666666667E+009,-2.233704179525375E-001,-1.879069954156876E-002,-1.107860282063484E-001,-9.594120979309082E-001,-2.233704179525375E-001,-1.879069954156876E-002,-1.107860282063484E-001,-9.594120979309082E-001,
2.614333333333334E+009,-2.366029918193817E-001,1.572505012154579E-002,-1.338363140821457E-001,-9.507229924201965E-001,-2.366029918193817E-001,1.572505012154579E-002,-1.338363140821457E-001,-9.507229924201965E-001,
2.622700000000000E+009,-2.301240116357803E-001,5.431802570819855E-002,-1.438156813383102E-001,-9.441109895706177E-001,-2.301240116357803E-001,5.431802570819855E-002,-1.438156813383102E-001,-9.441109895706177E-001,
2.631066666666667E+009,-2.069413214921951E-001,8.623483031988144E-002,-1.767631769180298E-001,-9.508775472640991E-001,-2.069413214921951E-001,8.623483031988144E-002,-1.767631769180298E-001,-9.508775472640991E-001,
2.639433333333334E+009,-1.725381612777710E-001,1.039212271571159E-001,-2.005314975976944E-001,-9.449079036712647E-001,-1.725381612777710E-001,1.039212271571159E-001,-2.005314975976944E-001,-9.449079036712647E-001,
2.647800000000000E+009,-1.384173482656479E-001,1.029890179634094E-001,-2.168403565883637E-001,-9.465087652206421E-001,-1.384173482656479E-001,1.029890179634094E-001,-2.168403565883637E-001,-9.465087652206421E-001,
2.656166666666667E+009,-1.154954060912132E-001,8.440234512090683E-002,-2.441363632678986E-001,-9.452214241027832E-001,-1.154954060912132E-001,8.440234512090683E-002,-2.441363632678986E-001,-9.452214241027832E-001,
2.664533333333334E+009,-1.090837195515633E-001,5.791136622428894E-002,-2.764962613582611E-001,-9.374318122863770E-001,-1.090837195515633E-001,5.791136622428894E-002,-2.764962613582611E-001,-9.374318122863770E-001,
2.672900000000000E+009,-1.252066493034363E-001,3.341524675488472E-002,-3.049652576446533E-001,-9.322785139083862E-001,-1.252066493034363E-001,3.341524675488472E-002,-3.049652576446533E-001,-9.322785139083862E-001,
2.681266666666667E+009,-1.524858772754669E-001,1.958639733493328E-002,-3.338864445686340E-001,-9.146479368209839E-001,-1.524858772754669E-001,1.958639733493328E-002,-3.338864445686340E-001,-9.146479368209839E-001,
2.689633333333334E+009,-1.859454661607742E-001,2.430921047925949E-002,-3.614189028739929E-001,-9.011375308036804E-001,-1.859454661607742E-001,2.430921047925949E-002,-3.614189028739929E-001,-9.011375308036804E-001,
2.698000000000000E+009,-2.104421854019165E-001,4.671305418014526E-002,-3.762985169887543E-001,-8.847712874412537E-001,-2.104421854019165E-001,4.671305418014526E-002,-3.762985169887543E-001,-8.847712874412537E-001,
2.706366666666667E+009,-2.195076644420624E-001,8.159849047660828E-002,-3.940298557281494E-001,-8.694375157356262E-001,-2.195076644420624E-001,8.159849047660828E-002,-3.940298557281494E-001,-8.694375157356262E-001,
2.714733333333334E+009,-2.107336074113846E-001,1.157729476690292E-001,-4.075779616832733E-001,-8.662255406379700E-001,-2.107336074113846E-001,1.157729476690292E-001,-4.075779616832733E-001,-8.662255406379700E-001,
2.723100000000000E+009,-1.854400485754013E-001,1.456119269132614E-001,-4.243122935295105E-001,-8.617272377014160E-001,-1.854400485754013E-001,1.456119269132614E-001,-4.243122935295105E-001,-8.617272377014160E-001,
2.731466666666667E+009,-1.468873918056488E-001,1.597282588481903E-001,-4.498946666717529E-001,-8.520418405532837E-001,-1.468873918056488E-001,1.597282588481903E-001,-4.498946666717529E-001,-8.520418405532837E-001,
2.739833333333334E+009,-1.088948398828507E-001,1.555950045585632E-001,-4.800749719142914E-001,-8.475466370582581E-001,-1.088948398828507E-001,1.555950045585632E-001,-4.800749719142914E-001,-8.475466370582581E-001,
2.748200000000000E+009,-8.303909003734589E-002,1.363221257925034E-001,-4.949552714824677E-001,-8.391521573066711E-001,-8.303909003734589E-002,1.363221257925034E-001,-4.949552714824677E-001,-8.391521573066711E-001,
2.756566666666667E+009,-7.342187315225601E-002,1.076734438538551E-001,-5.228094458580017E-001,-8.242517709732056E-001,-7.342187315225601E-002,1.076734438538551E-001,-5.228094458580017E-001,-8.242517709732056E-001,
2.764933333333334E+009,-8.606844395399094E-002,8.164194971323013E-002,-5.533213019371033E-001,-8.148031234741211E-001,-8.606844395399094E-002,8.164194971323013E-002,-5.533213019371033E-001,-8.148031234741211E-001,
2.773300000000000E+009,-1.129993274807930E-001,6.739055365324020E-002,-5.715830326080322E-001,-7.917627096176148E-001,-1.129993274807930E-001,6.739055365324020E-002,-5.715830326080322E-001,-7.917627096176148E-001,
2.781666666666667E+009,-1.447977721691132E-001,7.099401205778122E-002,-5.853907465934753E-001,-7.714536190032959E-001,-1.447977721691132E-001,7.099401205778122E-002,-5.853907465934753E-001,-7.714536190032959E-001,
2.790033333333334E+009,-1.725607812404633E-001,9.227422624826431E-002,-6.088529229164124E-001,-7.526828646659851E-001,-1.725607812404633E-001,9.227422624826431E-002,-6.088529229164124E-001,-7.526828646659851E-001,
2.798400000000000E+009,-1.840269714593887E-001,1.234409213066101E-001,-6.249648928642273E-001,-7.341544032096863E-001,-1.840269714593887E-001,1.234409213066101E-001,-6.249648928642273E-001,-7.341544032096863E-001,
2.806766666666667E+009,-1.745046526193619E-001,1.577226966619492E-001,-6.374613046646118E-001,-7.170251607894898E-001,-1.745046526193619E-001,1.577226966619492E-001,-6.374613046646118E-001,-7.170251607894898E-001,
2.815133333333334E+009,-1.479496508836746E-001,1.825118809938431E-001,-6.494297385215759E-001,-7.069572210311890E-001,-1.479496508836746E-001,1.825118809938431E-001,-6.494297385215759E-001,-7.069572210311890E-001,
2.823500000000000E+009,-1.131026223301888E-001,1.947267651557922E-001,-6.631841063499451E-001,-6.940688490867615E-001,-1.131026223301888E-001,1.947267651557922E-001,-6.631841063499451E-001,-6.940688490867615E-001,
2.831866666666667E+009,-7.409878075122833E-002,1.875812411308289E-001,-6.825347542762756E-001,-6.796754002571106E-001,-7.409878075122833E-002,1.875812411308289E-001,-6.825347542762756E-001,-6.796754002571106E-001,
2.840233333333334E+009,-4.531643167138100E-002,1.669972985982895E-001,-7.081334590911865E-001,-6.628068685531616E-001,-4.531643167138100E-002,1.669972985982895E-001,-7.081334590911865E-001,-6.628068685531616E-001,
2.848600000000000E+009,-3.374778106808662E-002,1.376243680715561E-001,-7.307440042495728E-001,-6.513013839721680E-001,-3.374778106808662E-002,1.376243680715561E-001,-7.307440042495728E-001,-6.513013839721680E-001,
2.856966666666667E+009,-4.366693273186684E-002,1.102590784430504E-001,-7.484164834022522E-001,-6.296948790550232E-001,-4.366693273186684E-002,1.102590784430504E-001,-7.484164834022522E-001,-6.296948790550232E-001,
2.865333333333334E+009,-7.022360712289810E-002,9.720793366432190E-002,-7.618802189826965E-001,-6.064705848693848E-001,-7.022360712289810E-002,9.720793366432190E-002,-7.618802189826965E-001,-6.064705848693848E-001,
2.873700000000000E+009,-1.038495302200317E-001,1.018356010317802E-001,-7.871882319450378E-001,-5.806366205215454E-001,-1.038495302200317E-001,1.018356010317802E-001,-7.871882319450378E-001,-5.806366205215454E-001,
2.882066666666667E+009,-1.316269636154175E-001,1.230202168226242E-001,-7.906562089920044E-001,-5.598346590995789E-001,-1.316269636154175E-001,1.230202168226242E-001,-7.906562089920044E-001,-5.598346590995789E-001,
2.890433333333334E+009,-1.431196182966232E-001,1.588132828474045E-001,-8.033357262611389E-001,-5.344237685203552E-001,-1.431196182966232E-001,1.588132828474045E-001,-8.033357262611389E-001,-5.344237685203552E-001,
2.898800000000000E+009,-1.351420283317566E-001,1.934171468019486E-001,-8.078525066375732E-001,-5.168278217315674E-001,-1.351420283317566E-001,1.934171468019486E-001,-8.078525066375732E-001,-5.168278217315674E-001,
2.907166666666667E+009,-1.083728000521660E-001,2.203434407711029E-001,-8.247529268264771E-001,-4.923628866672516E-001,-1.083728000521660E-001,2.203434407711029E-001,-8.247529268264771E-001,-4.923628866672516E-001,
2.915533333333334E+009,-7.025433331727982E-002,2.310324907302856E-001,-8.277035355567932E-001,-4.790345430374146E-001,-7.025433331727982E-002,2.310324907302856E-001,-8.277035355567932E-001,-4.790345430374146E-001,
2.923900000000000E+009,-3.039540909230709E-002,2.218478024005890E-001,-8.392585515975952E-001,-4.648743569850922E-001,-3.039540909230709E-002,2.218478024005890E-001,-8.392585515975952E-001,-4.648743569850922E-001,
2.932266666666667E+009,2.603292698040605E-003,1.959631890058518E-001,-8.585937023162842E-001,-4.487463831901550E-001,2.603292698040605E-003,1.959631890058518E-001,-8.585937023162842E-001,-4.487463831901550E-001,
2.940633333333334E+009,1.621235720813274E-002,1.603719145059586E-001,-8.739467859268189E-001,-4.292056560516357E-001,1.621235720813274E-002,1.603719145059586E-001,-8.739467859268189E-001,-4.292056560516357E-001,
2.949000000000000E+009,8.306175470352173E-003,1.296282261610031E-001,-8.884002566337585E-001,-4.095608592033386E-001,8.306175470352173E-003,1.296282261610031E-001,-8.884002566337585E-001,-4.095608592033386E-001,
2.957366666666667E+009,-1.665003038942814E-002,1.100935637950897E-001,-9.014247655868530E-001,-3.791166841983795E-001,-1.665003038942814E-002,1.100935637950897E-001,-9.014247655868530E-001,-3.791166841983795E-001,
2.965733333333334E+009,-4.997234418988228E-002,1.127878651022911E-001,-9.146839976310730E-001,-3.447758853435516E-001,-4.997234418988228E-002,1.127878651022911E-001,-9.146839976310730E-001,-3.447758853435516E-001,
2.974100000000000E+009,-7.676632702350617E-002,1.347835659980774E-001,-9.176488518714905E-001,-3.137014210224152E-001,-7.676632702350617E-002,1.347835659980774E-001,-9.176488518714905E-001,-3.137014210224152E-001,
2.982466666666667E+009,-9.111604839563370E-002,1.722546666860580E-001,-9.220528006553650E-001,-2.919217944145203E-001,-9.111604839563370E-002,1.722546666860580E-001,-9.220528006553650E-001,-2.919217944145203E-001,
2.990833333333334E+009,-8.246617019176483E-002,2.100471705198288E-001,-9.216005206108093E-001,-2.689099013805389E-001,-8.246617019176483E-002,2.100471705198288E-001,-9.216005206108093E-001,-2.689099013805389E-001,
2.999200000000000E+009,-5.672916024923325E-002,2.383295744657517E-001,-9.230505824089050E-001,-2.433108538389206E-001,-5.672916024923325E-002,2.383295744657517E-001,-9.230505824089050E-001,-2.433108538389206E-001,
3.007566666666667E+009,-1.673304289579392E-002,2.484433948993683E-001,-9.281746745109558E-001,-2.311029732227325E-001,-1.673304289579392E-002,2.484433948993683E-001,-9.281746745109558E-001,-2.311029732227325E-001,
3.015933333333334E+009,2.452036924660206E-002,2.363959103822708E-001,-9.316207766532898E-001,-2.132686972618103E-001,2.452036924660206E-002,2.363959103822708E-001,-9.316207766532898E-001,-2.132686972618103E-001,
3.024300000000000E+009,5.780553072690964E-002,2.061941921710968E-001,-9.436355233192444E-001,-1.903096735477448E-001,5.780553072690964E-002,2.061941921710968E-001,-9.436355233192444E-001,-1.903096735477448E-001,
3.032666666666667E+009,7.114583998918533E-002,1.652813255786896E-001,-9.535406231880188E-001,-1.713826954364777E-001,7.114583998918533E-002,1.652813255786896E-001,-9.535406231880188E-001,-1.713826954364777E-001,
3.041033333333334E+009,6.107175350189209E-002,1.265220940113068E-001,-9.654616713523865E-001,-1.474057435989380E-001,6.107175350189209E-002,1.265220940113068E-001,-9.654616713523865E-001,-1.474057435989380E-001,
3.049400000000000E+009,3.344034031033516E-002,1.022863760590553E-001,-9.741956591606140E-001,-1.123225763440132E-001,3.344034031033516E-002,1.022863760590553E-001,-9.741956591606140E-001,-1.123225763440132E-001,
3.057766666666667E+009,-2.541420981287956E-003,1.046302989125252E-001,-9.730849266052246E-001,-8.249812573194504E-002,-2.541420981287956E-003,1.046302989125252E-001,-9.730849266052246E-001,-8.249812573194504E-002,
3.066133333333334E+009,-3.405114635825157E-002,1.293416023254395E-001,-9.760457277297974E-001,-4.526313394308090E-002,-3.405114635825157E-002,1.293416023254395E-001,-9.760457277297974E-001,-4.526313394308090E-002,
3.074500000000000E+009,-4.668876901268959E-002,1.701155006885529E-001,-9.686586856842041E-001,-1.932066865265369E-002,-4.668876901268959E-002,1.701155006885529E-001,-9.686586856842041E-001,-1.932066865265369E-002,
3.082866666666667E+009,-3.426505625247955E-002,2.144039869308472E-001,-9.622791409492493E-001,4.453316330909729E-003,-3.426505625247955E-002,2.144039869308472E-001,-9.622791409492493E-001,4.453316330909729E-003,
3.091233333333334E+009,-2.444503130391240E-003,2.471897304058075E-001,-9.530952572822571E-001,1.679816283285618E-002,-2.444503130391240E-003,2.471897304058075E-001,-9.530952572822571E-001,1.679816283285618E-002,
3.099600000000000E+009,4.386327788233757E-002,2.577453851699829E-001,-9.475475549697876E-001,4.181837290525436E-002,4.386327788233757E-002,2.577453851699829E-001,-9.475475549697876E-001,4.181837290525436E-002,
3.107966666666667E+009,8.979620784521103E-002,2.409652322530747E-001,-9.490517973899841E-001,5.860735848546028E-002,8.979620784521103E-002,2.409652322530747E-001,-9.490517973899841E-001,5.860735848546028E-002,
3.116333333333334E+009,1.244478672742844E-001,2.040484249591827E-001,-9.509990215301514E-001,7.030291855335236E-002,1.244478672742844E-001,2.040484249591827E-001,-9.509990215301514E-001,7.030291855335236E-002,
3.124700000000000E+009,1.384118795394898E-001,1.540083289146423E-001,-9.546442031860352E-001,8.869042247533798E-002,1.384118795394898E-001,1.540083289146423E-001,-9.546442031860352E-001,8.869042247533798E-002,
3.133066666666667E+009,1.254067271947861E-001,1.048050746321678E-001,-9.627676010131836E-001,1.147859692573547E-001,1.254067271947861E-001,1.048050746321678E-001,-9.627676010131836E-001,1.147859692573547E-001,
3.141433333333334E+009,9.046000242233276E-002,7.150310277938843E-002,-9.669702649116516E-001,1.500843763351440E-001,9.046000242233276E-002,7.150310277938843E-002,-9.669702649116516E-001,1.500843763351440E-001,
3.149800000000000E+009,4.626850783824921E-002,6.806880235671997E-002,-9.679254293441773E-001,1.811438500881195E-001,4.626850783824921E-002,6.806880235671997E-002,-9.679254293441773E-001,1.811438500881195E-001,
3.158166666666667E+009,6.935768295079470E-003,9.053938835859299E-002,-9.570436477661133E-001,2.176796793937683E-001,6.935768295079470E-003,9.053938835859299E-002,-9.570436477661133E-001,2.176796793937683E-001,
3.166533333333334E+009,-1.306822057813406E-002,1.354223489761353E-001,-9.381173253059387E-001,2.493631392717362E-001,-1.306822057813406E-002,1.354223489761353E-001,-9.381173253059387E-001,2.493631392717362E-001,
3.174900000000000E+009,-3.000897821038961E-003,1.842897832393646E-001,-9.311439394950867E-001,2.714008986949921E-001,-3.000897821038961E-003,1.842897832393646E-001,-9.311439394950867E-001,2.714008986949921E-001,
3.183266666666667E+009,3.083439730107784E-002,2.236807048320770E-001,-9.105000495910645E-001,2.933680117130280E-001,3.083439730107784E-002,2.236807048320770E-001,-9.105000495910645E-001,2.933680117130280E-001,
3.191633333333334E+009,7.767486572265625E-002,2.377298921346664E-001,-9.004812836647034E-001,3.057768642902374E-001,7.767486572265625E-002,2.377298921346664E-001,-9.004812836647034E-001,3.057768642902374E-001,
3.200000000000000E+009,1.265473216772080E-001,2.233995944261551E-001,-8.894732594490051E-001,3.156681060791016E-001,1.265473216772080E-001,2.233995944261551E-001,-8.894732594490051E-001,3.156681060791016E-001,
