% Version 1.00
%
%freq[Hz],re:Trc1_S11,im:Trc1_S11,re:Trc2_S21,im:Trc2_S21,re:Trc3_S11,im:Trc3_S11,re:Trc4_S21,im:Trc4_S21,
6.900000000000000E+008,-5.764445662498474E-002,6.688642501831055E-002,-4.469327032566071E-001,-8.576429486274719E-001,-5.764445662498474E-002,6.688642501831055E-002,-4.469327032566071E-001,-8.576429486274719E-001,
6.983666666666666E+008,-4.850325733423233E-002,6.799846887588501E-002,-4.740840792655945E-001,-8.498753309249878E-001,-4.850325733423233E-002,6.799846887588501E-002,-4.740840792655945E-001,-8.498753309249878E-001,
7.067333333333334E+008,-4.083396494388580E-002,6.420592218637466E-002,-4.969953298568726E-001,-8.258360624313355E-001,-4.083396494388580E-002,6.420592218637466E-002,-4.969953298568726E-001,-8.258360624313355E-001,
7.151000000000000E+008,-3.800321742892265E-002,5.683634430170059E-002,-5.325958132743835E-001,-8.253015875816345E-001,-3.800321742892265E-002,5.683634430170059E-002,-5.325958132743835E-001,-8.253015875816345E-001,
7.234666666666666E+008,-3.809649869799614E-002,5.160573124885559E-002,-5.519242286682129E-001,-8.128615021705627E-001,-3.809649869799614E-002,5.160573124885559E-002,-5.519242286682129E-001,-8.128615021705627E-001,
7.318333333333334E+008,-4.318379238247871E-002,4.894122108817101E-002,-5.682528614997864E-001,-7.928131222724915E-001,-4.318379238247871E-002,4.894122108817101E-002,-5.682528614997864E-001,-7.928131222724915E-001,
7.402000000000000E+008,-4.799049347639084E-002,4.967436566948891E-002,-5.801063776016235E-001,-7.690058946609497E-001,-4.799049347639084E-002,4.967436566948891E-002,-5.801063776016235E-001,-7.690058946609497E-001,
7.485666666666666E+008,-5.197698250412941E-002,5.530674755573273E-002,-6.086234450340271E-001,-7.575798034667969E-001,-5.197698250412941E-002,5.530674755573273E-002,-6.086234450340271E-001,-7.575798034667969E-001,
7.569333333333334E+008,-5.486622825264931E-002,6.397214531898499E-002,-6.264952421188355E-001,-7.444241642951965E-001,-5.486622825264931E-002,6.397214531898499E-002,-6.264952421188355E-001,-7.444241642951965E-001,
7.653000000000000E+008,-4.949731379747391E-002,7.169940322637558E-002,-6.380322575569153E-001,-7.214981913566589E-001,-4.949731379747391E-002,7.169940322637558E-002,-6.380322575569153E-001,-7.214981913566589E-001,
7.736666666666666E+008,-4.318597912788391E-002,7.769306004047394E-002,-6.510246396064758E-001,-7.194382548332214E-001,-4.318597912788391E-002,7.769306004047394E-002,-6.510246396064758E-001,-7.194382548332214E-001,
7.820333333333334E+008,-3.372775018215179E-002,8.129986375570297E-002,-6.847624182701111E-001,-6.952732801437378E-001,-3.372775018215179E-002,8.129986375570297E-002,-6.847624182701111E-001,-6.952732801437378E-001,
7.904000000000000E+008,-2.318407967686653E-002,8.003098517656326E-002,-6.947423815727234E-001,-6.796354055404663E-001,-2.318407967686653E-002,8.003098517656326E-002,-6.947423815727234E-001,-6.796354055404663E-001,
7.987666666666666E+008,-1.732473820447922E-002,7.484565675258637E-002,-7.032408118247986E-001,-6.622259020805359E-001,-1.732473820447922E-002,7.484565675258637E-002,-7.032408118247986E-001,-6.622259020805359E-001,
8.071333333333334E+008,-1.428645476698875E-002,6.840481609106064E-002,-7.296174764633179E-001,-6.340638995170593E-001,-1.428645476698875E-002,6.840481609106064E-002,-7.296174764633179E-001,-6.340638995170593E-001,
8.155000000000000E+008,-1.517728343605995E-002,6.051957607269287E-002,-7.576962113380432E-001,-6.241019964218140E-001,-1.517728343605995E-002,6.051957607269287E-002,-7.576962113380432E-001,-6.241019964218140E-001,
8.238666666666666E+008,-2.029000595211983E-002,5.762306973338127E-002,-7.668833136558533E-001,-6.010324358940125E-001,-2.029000595211983E-002,5.762306973338127E-002,-7.668833136558533E-001,-6.010324358940125E-001,
8.322333333333334E+008,-2.467944100499153E-002,5.767835676670075E-002,-7.754826545715332E-001,-5.820978283882141E-001,-2.467944100499153E-002,5.767835676670075E-002,-7.754826545715332E-001,-5.820978283882141E-001,
8.406000000000000E+008,-2.845340780913830E-002,6.001151725649834E-002,-7.911598086357117E-001,-5.597434639930725E-001,-2.845340780913830E-002,6.001151725649834E-002,-7.911598086357117E-001,-5.597434639930725E-001,
8.489666666666668E+008,-2.939464338123798E-002,6.965436786413193E-002,-8.009169101715088E-001,-5.315709114074707E-001,-2.939464338123798E-002,6.965436786413193E-002,-8.009169101715088E-001,-5.315709114074707E-001,
8.573333333333334E+008,-2.724483422935009E-002,7.663016766309738E-002,-8.045963048934937E-001,-4.989534318447113E-001,-2.724483422935009E-002,7.663016766309738E-002,-8.045963048934937E-001,-4.989534318447113E-001,
8.657000000000000E+008,-2.266385406255722E-002,8.301784098148346E-002,-8.344078063964844E-001,-5.047205090522766E-001,-2.266385406255722E-002,8.301784098148346E-002,-8.344078063964844E-001,-5.047205090522766E-001,
8.740666666666668E+008,-1.372051239013672E-002,8.774703741073608E-002,-8.407881259918213E-001,-4.842480719089508E-001,-1.372051239013672E-002,8.774703741073608E-002,-8.407881259918213E-001,-4.842480719089508E-001,
8.824333333333334E+008,-5.541499704122543E-003,8.868233859539032E-002,-8.584690690040588E-001,-4.575030803680420E-001,-5.541499704122543E-003,8.868233859539032E-002,-8.584690690040588E-001,-4.575030803680420E-001,
8.908000000000000E+008,3.435719292610884E-003,8.471991866827011E-002,-8.732948303222656E-001,-4.398694932460785E-001,3.435719292610884E-003,8.471991866827011E-002,-8.732948303222656E-001,-4.398694932460785E-001,
8.991666666666668E+008,9.787664748728275E-003,7.781624794006348E-002,-8.747602105140686E-001,-4.128058552742004E-001,9.787664748728275E-003,7.781624794006348E-002,-8.747602105140686E-001,-4.128058552742004E-001,
9.075333333333334E+008,1.156807132065296E-002,6.943280249834061E-002,-8.896217942237854E-001,-3.874942362308502E-001,1.156807132065296E-002,6.943280249834061E-002,-8.896217942237854E-001,-3.874942362308502E-001,
9.159000000000000E+008,9.732807986438274E-003,6.322199106216431E-002,-9.148410558700562E-001,-3.645551800727844E-001,9.732807986438274E-003,6.322199106216431E-002,-9.148410558700562E-001,-3.645551800727844E-001,
9.242666666666668E+008,3.735618665814400E-003,6.198644638061523E-002,-9.061459898948669E-001,-3.402165174484253E-001,3.735618665814400E-003,6.198644638061523E-002,-9.061459898948669E-001,-3.402165174484253E-001,
9.326333333333334E+008,-2.638665318954736E-004,6.294459104537964E-002,-9.243931174278259E-001,-3.273918926715851E-001,-2.638665318954736E-004,6.294459104537964E-002,-9.243931174278259E-001,-3.273918926715851E-001,
9.410000000000000E+008,-4.491387400776148E-003,6.516946852207184E-002,-9.327629804611206E-001,-2.959801852703095E-001,-4.491387400776148E-003,6.516946852207184E-002,-9.327629804611206E-001,-2.959801852703095E-001,
9.493666666666668E+008,-6.098079960793257E-003,7.364376634359360E-002,-9.404922127723694E-001,-2.618564069271088E-001,-6.098079960793257E-003,7.364376634359360E-002,-9.404922127723694E-001,-2.618564069271088E-001,
9.577333333333334E+008,-2.549409167841077E-003,8.242463320493698E-002,-9.468125700950623E-001,-2.489208877086639E-001,-2.549409167841077E-003,8.242463320493698E-002,-9.468125700950623E-001,-2.489208877086639E-001,
9.661000000000000E+008,4.908392671495676E-003,8.854828774929047E-002,-9.473280310630798E-001,-2.036779373884201E-001,4.908392671495676E-003,8.854828774929047E-002,-9.473280310630798E-001,-2.036779373884201E-001,
9.744666666666668E+008,1.465214136987925E-002,8.858699351549149E-002,-9.450551867485046E-001,-1.967039257287979E-001,1.465214136987925E-002,8.858699351549149E-002,-9.450551867485046E-001,-1.967039257287979E-001,
9.828333333333334E+008,2.369729615747929E-002,8.990512788295746E-002,-9.623278975486755E-001,-1.797154545783997E-001,2.369729615747929E-002,8.990512788295746E-002,-9.623278975486755E-001,-1.797154545783997E-001,
9.912000000000000E+008,3.405117616057396E-002,8.254810422658920E-002,-9.619231820106506E-001,-1.566938906908035E-001,3.405117616057396E-002,8.254810422658920E-002,-9.619231820106506E-001,-1.566938906908035E-001,
9.995666666666668E+008,3.948077932000160E-002,7.479406893253326E-002,-9.731014966964722E-001,-1.165771707892418E-001,3.948077932000160E-002,7.479406893253326E-002,-9.731014966964722E-001,-1.165771707892418E-001,
1.007933333333333E+009,4.364975541830063E-002,6.431847810745239E-002,-9.916011691093445E-001,-1.024881824851036E-001,4.364975541830063E-002,6.431847810745239E-002,-9.916011691093445E-001,-1.024881824851036E-001,
1.016300000000000E+009,3.835513070225716E-002,5.701848492026329E-002,-9.800766706466675E-001,-7.948452979326248E-002,3.835513070225716E-002,5.701848492026329E-002,-9.800766706466675E-001,-7.948452979326248E-002,
1.024666666666667E+009,3.094550035893917E-002,5.210491269826889E-002,-9.762745499610901E-001,-5.036189407110214E-002,3.094550035893917E-002,5.210491269826889E-002,-9.762745499610901E-001,-5.036189407110214E-002,
1.033033333333333E+009,2.625780925154686E-002,5.465533584356308E-002,-9.825823903083801E-001,-2.457382529973984E-002,2.625780925154686E-002,5.465533584356308E-002,-9.825823903083801E-001,-2.457382529973984E-002,
1.041400000000000E+009,1.901924796402454E-002,5.900016799569130E-002,-9.872900843620300E-001,-1.467789406888187E-003,1.901924796402454E-002,5.900016799569130E-002,-9.872900843620300E-001,-1.467789406888187E-003,
1.049766666666667E+009,2.166454307734966E-002,6.722604483366013E-002,-9.713645577430725E-001,3.341428190469742E-002,2.166454307734966E-002,6.722604483366013E-002,-9.713645577430725E-001,3.341428190469742E-002,
1.058133333333333E+009,2.515196986496449E-002,7.621298730373383E-002,-9.739907383918762E-001,5.545772984623909E-002,2.515196986496449E-002,7.621298730373383E-002,-9.739907383918762E-001,5.545772984623909E-002,
1.066500000000000E+009,3.566952049732208E-002,8.042272925376892E-002,-9.900250434875488E-001,8.955740928649902E-002,3.566952049732208E-002,8.042272925376892E-002,-9.900250434875488E-001,8.955740928649902E-002,
1.074866666666667E+009,4.837519675493240E-002,7.896810024976730E-002,-9.829950928688049E-001,1.106109842658043E-001,4.837519675493240E-002,7.896810024976730E-002,-9.829950928688049E-001,1.106109842658043E-001,
1.083233333333334E+009,5.719550326466560E-002,7.104644924402237E-002,-9.682111740112305E-001,1.328439265489578E-001,5.719550326466560E-002,7.104644924402237E-002,-9.682111740112305E-001,1.328439265489578E-001,
1.091600000000000E+009,6.391487270593643E-002,6.007186695933342E-002,-9.512366652488709E-001,1.527809351682663E-001,6.391487270593643E-002,6.007186695933342E-002,-9.512366652488709E-001,1.527809351682663E-001,
1.099966666666667E+009,6.365788727998734E-002,4.604845494031906E-002,-9.490112662315369E-001,1.901072263717651E-001,6.365788727998734E-002,4.604845494031906E-002,-9.490112662315369E-001,1.901072263717651E-001,
1.108333333333334E+009,5.645535513758659E-002,3.665679693222046E-002,-9.469448328018189E-001,2.035294026136398E-001,5.645535513758659E-002,3.665679693222046E-002,-9.469448328018189E-001,2.035294026136398E-001,
1.116700000000000E+009,4.630451649427414E-002,3.178600594401360E-002,-9.424893856048584E-001,2.354847937822342E-001,4.630451649427414E-002,3.178600594401360E-002,-9.424893856048584E-001,2.354847937822342E-001,
1.125066666666667E+009,3.522994369268417E-002,3.481393307447434E-002,-9.438839554786682E-001,2.500875592231751E-001,3.522994369268417E-002,3.481393307447434E-002,-9.438839554786682E-001,2.500875592231751E-001,
1.133433333333334E+009,2.691216580569744E-002,4.309170320630074E-002,-9.424052834510803E-001,2.944480776786804E-001,2.691216580569744E-002,4.309170320630074E-002,-9.424052834510803E-001,2.944480776786804E-001,
1.141800000000000E+009,2.441665530204773E-002,5.569366365671158E-002,-9.211678504943848E-001,3.109369277954102E-001,2.441665530204773E-002,5.569366365671158E-002,-9.211678504943848E-001,3.109369277954102E-001,
1.150166666666667E+009,3.253567218780518E-002,7.009814679622650E-002,-9.133605360984802E-001,3.119642138481140E-001,3.253567218780518E-002,7.009814679622650E-002,-9.133605360984802E-001,3.119642138481140E-001,
1.158533333333334E+009,4.753804206848145E-002,7.703291624784470E-002,-9.046192765235901E-001,3.511199951171875E-001,4.753804206848145E-002,7.703291624784470E-002,-9.046192765235901E-001,3.511199951171875E-001,
1.166900000000000E+009,6.548551470041275E-002,7.678204029798508E-002,-8.877016901969910E-001,3.735566139221191E-001,6.548551470041275E-002,7.678204029798508E-002,-8.877016901969910E-001,3.735566139221191E-001,
1.175266666666667E+009,8.115617930889130E-002,6.669450551271439E-002,-8.828487992286682E-001,4.032872915267944E-001,8.115617930889130E-002,6.669450551271439E-002,-8.828487992286682E-001,4.032872915267944E-001,
1.183633333333334E+009,9.289330989122391E-002,5.227294564247131E-002,-8.823252320289612E-001,4.136335551738739E-001,9.289330989122391E-002,5.227294564247131E-002,-8.823252320289612E-001,4.136335551738739E-001,
1.192000000000000E+009,9.290967881679535E-002,3.331334516406059E-002,-8.691796064376831E-001,4.368104934692383E-001,9.290967881679535E-002,3.331334516406059E-002,-8.691796064376831E-001,4.368104934692383E-001,
1.200366666666667E+009,8.398877084255219E-002,1.599327661097050E-002,-8.586643934249878E-001,4.593111574649811E-001,8.398877084255219E-002,1.599327661097050E-002,-8.586643934249878E-001,4.593111574649811E-001,
1.208733333333334E+009,6.942661851644516E-002,6.331229582428932E-003,-8.501663804054260E-001,5.018302202224731E-001,6.942661851644516E-002,6.331229582428932E-003,-8.501663804054260E-001,5.018302202224731E-001,
1.217100000000000E+009,5.317609384655953E-002,6.115796044468880E-003,-8.481853604316711E-001,5.119242072105408E-001,5.317609384655953E-002,6.115796044468880E-003,-8.481853604316711E-001,5.119242072105408E-001,
1.225466666666667E+009,4.085594043135643E-002,1.584466919302940E-002,-8.170541524887085E-001,5.376411080360413E-001,4.085594043135643E-002,1.584466919302940E-002,-8.170541524887085E-001,5.376411080360413E-001,
1.233833333333334E+009,3.561466559767723E-002,3.159821033477783E-002,-8.120053410530090E-001,5.494429469108582E-001,3.561466559767723E-002,3.159821033477783E-002,-8.120053410530090E-001,5.494429469108582E-001,
1.242200000000000E+009,4.329505562782288E-002,4.516103118658066E-002,-7.889205217361450E-001,5.815789103507996E-001,4.329505562782288E-002,4.516103118658066E-002,-7.889205217361450E-001,5.815789103507996E-001,
1.250566666666667E+009,5.524016916751862E-002,5.556488409638405E-002,-7.659239768981934E-001,5.920596122741699E-001,5.524016916751862E-002,5.556488409638405E-002,-7.659239768981934E-001,5.920596122741699E-001,
1.258933333333334E+009,7.533679157495499E-002,5.664892867207527E-002,-7.603645920753479E-001,6.112357378005981E-001,7.533679157495499E-002,5.664892867207527E-002,-7.603645920753479E-001,6.112357378005981E-001,
1.267300000000000E+009,9.446825087070465E-002,4.635253548622131E-002,-7.414436936378479E-001,6.283655166625977E-001,9.446825087070465E-002,4.635253548622131E-002,-7.414436936378479E-001,6.283655166625977E-001,
1.275666666666667E+009,1.033336147665978E-001,2.886885218322277E-002,-7.289524078369141E-001,6.354122757911682E-001,1.033336147665978E-001,2.886885218322277E-002,-7.289524078369141E-001,6.354122757911682E-001,
1.284033333333334E+009,1.052132174372673E-001,7.354060653597117E-003,-7.110117077827454E-001,6.782233119010925E-001,1.052132174372673E-001,7.354060653597117E-003,-7.110117077827454E-001,6.782233119010925E-001,
1.292400000000000E+009,9.514005482196808E-002,-1.151664555072784E-002,-7.038859724998474E-001,6.779523491859436E-001,9.514005482196808E-002,-1.151664555072784E-002,-7.038859724998474E-001,6.779523491859436E-001,
1.300766666666667E+009,7.550700753927231E-002,-2.141070365905762E-002,-6.797784566879273E-001,7.078605294227600E-001,7.550700753927231E-002,-2.141070365905762E-002,-6.797784566879273E-001,7.078605294227600E-001,
1.309133333333334E+009,5.467750877141953E-002,-2.086165361106396E-002,-6.568208336830139E-001,7.226973772048950E-001,5.467750877141953E-002,-2.086165361106396E-002,-6.568208336830139E-001,7.226973772048950E-001,
1.317500000000000E+009,3.988687694072723E-002,-9.951409883797169E-003,-6.411985158920288E-001,7.553609609603882E-001,3.988687694072723E-002,-9.951409883797169E-003,-6.411985158920288E-001,7.553609609603882E-001,
1.325866666666667E+009,3.423165529966354E-002,6.284635979682207E-003,-6.213309168815613E-001,7.692087292671204E-001,3.423165529966354E-002,6.284635979682207E-003,-6.213309168815613E-001,7.692087292671204E-001,
1.334233333333334E+009,4.167388007044792E-002,2.357103303074837E-002,-6.051134467124939E-001,7.741157412528992E-001,4.167388007044792E-002,2.357103303074837E-002,-6.051134467124939E-001,7.741157412528992E-001,
1.342600000000000E+009,5.659683421254158E-002,3.275214880704880E-002,-5.878732204437256E-001,7.924305200576782E-001,5.659683421254158E-002,3.275214880704880E-002,-5.878732204437256E-001,7.924305200576782E-001,
1.350966666666667E+009,7.600858062505722E-002,3.076151385903359E-002,-5.598434209823608E-001,8.070395588874817E-001,7.600858062505722E-002,3.076151385903359E-002,-5.598434209823608E-001,8.070395588874817E-001,
1.359333333333334E+009,9.125321358442307E-002,1.817528903484345E-002,-5.469644665718079E-001,8.040167093276978E-001,9.125321358442307E-002,1.817528903484345E-002,-5.469644665718079E-001,8.040167093276978E-001,
1.367700000000000E+009,9.687600284814835E-002,-8.765861857682467E-004,-5.143579840660095E-001,8.244073390960693E-001,9.687600284814835E-002,-8.765861857682467E-004,-5.143579840660095E-001,8.244073390960693E-001,
1.376066666666667E+009,9.352432191371918E-002,-2.307326346635819E-002,-5.006905794143677E-001,8.336192369461060E-001,9.352432191371918E-002,-2.307326346635819E-002,-5.006905794143677E-001,8.336192369461060E-001,
1.384433333333334E+009,7.649100571870804E-002,-3.833694383502007E-002,-4.851723909378052E-001,8.643227219581604E-001,7.649100571870804E-002,-3.833694383502007E-002,-4.851723909378052E-001,8.643227219581604E-001,
1.392800000000000E+009,5.565760284662247E-002,-4.158852249383926E-002,-4.639988541603088E-001,8.726287484169006E-001,5.565760284662247E-002,-4.158852249383926E-002,-4.639988541603088E-001,8.726287484169006E-001,
1.401166666666667E+009,3.433704003691673E-002,-3.492514044046402E-002,-4.366951286792755E-001,8.821607232093811E-001,3.433704003691673E-002,-3.492514044046402E-002,-4.366951286792755E-001,8.821607232093811E-001,
1.409533333333334E+009,2.041247300803661E-002,-1.814515888690949E-002,-4.069919288158417E-001,8.978902101516724E-001,2.041247300803661E-002,-1.814515888690949E-002,-4.069919288158417E-001,8.978902101516724E-001,
1.417900000000000E+009,2.015031501650810E-002,4.524503834545612E-003,-3.895145654678345E-001,8.921121358871460E-001,2.015031501650810E-002,4.524503834545612E-003,-3.895145654678345E-001,8.921121358871460E-001,
1.426266666666667E+009,3.041522763669491E-002,2.160306461155415E-002,-3.501674234867096E-001,9.223611950874329E-001,3.041522763669491E-002,2.160306461155415E-002,-3.501674234867096E-001,9.223611950874329E-001,
1.434633333333334E+009,5.010005831718445E-002,3.002762235701084E-002,-3.415862619876862E-001,9.146912693977356E-001,5.010005831718445E-002,3.002762235701084E-002,-3.415862619876862E-001,9.146912693977356E-001,
1.443000000000000E+009,7.083615660667419E-002,2.756123058497906E-002,-3.164783120155335E-001,9.235024452209473E-001,7.083615660667419E-002,2.756123058497906E-002,-3.164783120155335E-001,9.235024452209473E-001,
1.451366666666667E+009,8.681211620569229E-002,1.231104787439108E-002,-2.898609936237335E-001,9.249265193939209E-001,8.681211620569229E-002,1.231104787439108E-002,-2.898609936237335E-001,9.249265193939209E-001,
1.459733333333334E+009,9.324382990598679E-002,-7.420696783810854E-003,-2.635448575019836E-001,9.520772099494934E-001,9.324382990598679E-002,-7.420696783810854E-003,-2.635448575019836E-001,9.520772099494934E-001,
1.468100000000000E+009,9.052547067403793E-002,-2.880459465086460E-002,-2.489334642887116E-001,9.500035643577576E-001,9.052547067403793E-002,-2.880459465086460E-002,-2.489334642887116E-001,9.500035643577576E-001,
1.476466666666667E+009,7.124435156583786E-002,-4.364452138543129E-002,-2.195461988449097E-001,9.570522308349609E-001,7.124435156583786E-002,-4.364452138543129E-002,-2.195461988449097E-001,9.570522308349609E-001,
1.484833333333334E+009,4.946742579340935E-002,-4.450009390711784E-002,-1.963863223791122E-001,9.679686427116394E-001,4.946742579340935E-002,-4.450009390711784E-002,-1.963863223791122E-001,9.679686427116394E-001,
1.493200000000000E+009,2.980805002152920E-002,-3.720860555768013E-002,-1.762056797742844E-001,9.697850942611694E-001,2.980805002152920E-002,-3.720860555768013E-002,-1.762056797742844E-001,9.697850942611694E-001,
1.501566666666667E+009,2.078538574278355E-002,-1.819952949881554E-002,-1.456186324357987E-001,9.790381789207459E-001,2.078538574278355E-002,-1.819952949881554E-002,-1.456186324357987E-001,9.790381789207459E-001,
1.509933333333334E+009,2.054003998637199E-002,1.994699472561479E-003,-1.153306886553764E-001,9.820702075958252E-001,2.054003998637199E-002,1.994699472561479E-003,-1.153306886553764E-001,9.820702075958252E-001,
1.518300000000000E+009,3.352668881416321E-002,1.953201182186604E-002,-9.480507671833038E-002,9.753873944282532E-001,3.352668881416321E-002,1.953201182186604E-002,-9.480507671833038E-002,9.753873944282532E-001,
1.526666666666667E+009,5.220226943492889E-002,2.575986832380295E-002,-7.702057808637619E-002,9.602767229080200E-001,5.220226943492889E-002,2.575986832380295E-002,-7.702057808637619E-002,9.602767229080200E-001,
1.535033333333334E+009,7.296962291002274E-002,1.978928223252296E-002,-4.220191761851311E-002,9.747686386108398E-001,7.296962291002274E-002,1.978928223252296E-002,-4.220191761851311E-002,9.747686386108398E-001,
1.543400000000000E+009,8.838053792715073E-002,5.177507642656565E-003,-1.827283017337322E-002,9.794398546218872E-001,8.838053792715073E-002,5.177507642656565E-003,-1.827283017337322E-002,9.794398546218872E-001,
1.551766666666667E+009,9.383098036050797E-002,-1.512853708118200E-002,7.918027229607105E-003,9.811144471168518E-001,9.383098036050797E-002,-1.512853708118200E-002,7.918027229607105E-003,9.811144471168518E-001,
1.560133333333334E+009,8.518231660127640E-002,-3.592000901699066E-002,3.212132304906845E-002,9.826424717903137E-001,8.518231660127640E-002,-3.592000901699066E-002,3.212132304906845E-002,9.826424717903137E-001,
1.568500000000000E+009,7.000931352376938E-002,-4.730815440416336E-002,5.902123451232910E-002,9.759824872016907E-001,7.000931352376938E-002,-4.730815440416336E-002,5.902123451232910E-002,9.759824872016907E-001,
1.576866666666667E+009,5.178569629788399E-002,-5.142818763852119E-002,7.203830033540726E-002,9.799489974975586E-001,5.178569629788399E-002,-5.142818763852119E-002,7.203830033540726E-002,9.799489974975586E-001,
1.585233333333334E+009,3.591674193739891E-002,-4.300131276249886E-002,1.015015169978142E-001,9.739228487014771E-001,3.591674193739891E-002,-4.300131276249886E-002,1.015015169978142E-001,9.739228487014771E-001,
1.593600000000000E+009,2.839578501880169E-002,-2.669626101851463E-002,1.289423853158951E-001,9.775269031524658E-001,2.839578501880169E-002,-2.669626101851463E-002,1.289423853158951E-001,9.775269031524658E-001,
1.601966666666667E+009,3.085860237479210E-002,-8.064670488238335E-003,1.591886878013611E-001,9.756947159767151E-001,3.085860237479210E-002,-8.064670488238335E-003,1.591886878013611E-001,9.756947159767151E-001,
1.610333333333334E+009,4.257817193865776E-002,5.795174743980169E-003,1.854862123727799E-001,9.683316349983215E-001,4.257817193865776E-002,5.795174743980169E-003,1.854862123727799E-001,9.683316349983215E-001,
1.618700000000000E+009,5.905814468860626E-002,7.509563118219376E-003,2.074947208166122E-001,9.564741253852844E-001,5.905814468860626E-002,7.509563118219376E-003,2.074947208166122E-001,9.564741253852844E-001,
1.627066666666667E+009,7.412637770175934E-002,1.111831632442772E-003,2.256716638803482E-001,9.561040997505188E-001,7.412637770175934E-002,1.111831632442772E-003,2.256716638803482E-001,9.561040997505188E-001,
1.635433333333334E+009,8.324635773897171E-002,-1.261006109416485E-002,2.636188864707947E-001,9.387111067771912E-001,8.324635773897171E-002,-1.261006109416485E-002,2.636188864707947E-001,9.387111067771912E-001,
1.643800000000000E+009,8.375748246908188E-002,-3.070624731481075E-002,2.751015424728394E-001,9.409145712852478E-001,8.375748246908188E-002,-3.070624731481075E-002,2.751015424728394E-001,9.409145712852478E-001,
1.652166666666667E+009,7.733479887247086E-002,-4.674105346202850E-002,3.016160130500794E-001,9.317478537559509E-001,7.733479887247086E-002,-4.674105346202850E-002,3.016160130500794E-001,9.317478537559509E-001,
1.660533333333334E+009,6.383132934570313E-002,-5.478642135858536E-002,3.276570737361908E-001,9.196437597274780E-001,6.383132934570313E-002,-5.478642135858536E-002,3.276570737361908E-001,9.196437597274780E-001,
1.668900000000000E+009,4.675741866230965E-002,-5.560976266860962E-002,3.577807545661926E-001,9.316191673278809E-001,4.675741866230965E-002,-5.560976266860962E-002,3.577807545661926E-001,9.316191673278809E-001,
1.677266666666667E+009,3.497327119112015E-002,-4.480644315481186E-002,3.763381838798523E-001,9.139602184295654E-001,3.497327119112015E-002,-4.480644315481186E-002,3.763381838798523E-001,9.139602184295654E-001,
1.685633333333334E+009,3.166548535227776E-002,-3.104836679995060E-002,3.941867053508759E-001,9.003932476043701E-001,3.166548535227776E-002,-3.104836679995060E-002,3.941867053508759E-001,9.003932476043701E-001,
1.694000000000000E+009,3.480374440550804E-002,-1.619969308376312E-002,4.173302352428436E-001,8.900644183158875E-001,3.480374440550804E-002,-1.619969308376312E-002,4.173302352428436E-001,8.900644183158875E-001,
1.702366666666667E+009,4.930750653147697E-002,-5.981550086289644E-003,4.426138699054718E-001,8.769555687904358E-001,4.930750653147697E-002,-5.981550086289644E-003,4.426138699054718E-001,8.769555687904358E-001,
1.710733333333334E+009,6.478245556354523E-002,-3.959846682846546E-003,4.639374911785126E-001,8.588725328445435E-001,6.478245556354523E-002,-3.959846682846546E-003,4.639374911785126E-001,8.588725328445435E-001,
1.719100000000000E+009,7.982954382896423E-002,-1.128945406526327E-002,4.944672286510468E-001,8.498761653900147E-001,7.982954382896423E-002,-1.128945406526327E-002,4.944672286510468E-001,8.498761653900147E-001,
1.727466666666667E+009,8.716788887977600E-002,-2.592185139656067E-002,5.106520056724548E-001,8.335581421852112E-001,8.716788887977600E-002,-2.592185139656067E-002,5.106520056724548E-001,8.335581421852112E-001,
1.735833333333334E+009,9.000796079635620E-002,-4.338125512003899E-002,5.266983509063721E-001,8.241189122200012E-001,9.000796079635620E-002,-4.338125512003899E-002,5.266983509063721E-001,8.241189122200012E-001,
1.744200000000000E+009,8.361866325139999E-002,-5.956438556313515E-002,5.500375032424927E-001,8.257082700729370E-001,8.361866325139999E-002,-5.956438556313515E-002,5.500375032424927E-001,8.257082700729370E-001,
1.752566666666667E+009,7.226628810167313E-002,-7.146284729242325E-002,5.699683427810669E-001,7.931266427040100E-001,7.226628810167313E-002,-7.146284729242325E-002,5.699683427810669E-001,7.931266427040100E-001,
1.760933333333334E+009,5.689122155308723E-002,-7.516552507877350E-002,5.869760513305664E-001,7.797129154205322E-001,5.689122155308723E-002,-7.516552507877350E-002,5.869760513305664E-001,7.797129154205322E-001,
1.769300000000000E+009,4.343109205365181E-002,-7.193184643983841E-002,6.160628199577332E-001,7.693782448768616E-001,4.343109205365181E-002,-7.193184643983841E-002,6.160628199577332E-001,7.693782448768616E-001,
1.777666666666667E+009,3.418477252125740E-002,-6.275196373462677E-002,6.361532807350159E-001,7.482460141181946E-001,3.418477252125740E-002,-6.275196373462677E-002,6.361532807350159E-001,7.482460141181946E-001,
1.786033333333334E+009,3.066172078251839E-002,-5.087672173976898E-002,6.483374834060669E-001,7.347825765609741E-001,3.066172078251839E-002,-5.087672173976898E-002,6.483374834060669E-001,7.347825765609741E-001,
1.794400000000000E+009,3.610630705952644E-002,-3.975292667746544E-002,6.708930730819702E-001,7.176506519317627E-001,3.610630705952644E-002,-3.975292667746544E-002,6.708930730819702E-001,7.176506519317627E-001,
1.802766666666667E+009,4.504510015249252E-002,-3.394563496112824E-002,6.899318099021912E-001,6.983777284622192E-001,4.504510015249252E-002,-3.394563496112824E-002,6.899318099021912E-001,6.983777284622192E-001,
1.811133333333334E+009,5.545200780034065E-002,-3.386848792433739E-002,7.086631059646606E-001,6.816432476043701E-001,5.545200780034065E-002,-3.386848792433739E-002,7.086631059646606E-001,6.816432476043701E-001,
1.819500000000000E+009,6.361161172389984E-002,-3.863009810447693E-002,7.304291725158691E-001,6.645719408988953E-001,6.361161172389984E-002,-3.863009810447693E-002,7.304291725158691E-001,6.645719408988953E-001,
1.827866666666667E+009,6.925906240940094E-002,-4.840688034892082E-002,7.413504719734192E-001,6.413002014160156E-001,6.925906240940094E-002,-4.840688034892082E-002,7.413504719734192E-001,6.413002014160156E-001,
1.836233333333334E+009,6.831867247819901E-002,-5.775872245430946E-002,7.557349801063538E-001,6.252495646476746E-001,6.831867247819901E-002,-5.775872245430946E-002,7.557349801063538E-001,6.252495646476746E-001,
1.844600000000000E+009,6.306673586368561E-002,-6.704054772853851E-002,7.589581012725830E-001,6.074413657188416E-001,6.306673586368561E-002,-6.704054772853851E-002,7.589581012725830E-001,6.074413657188416E-001,
1.852966666666667E+009,5.519703030586243E-002,-7.452393323183060E-002,7.847328186035156E-001,5.851982235908508E-001,5.519703030586243E-002,-7.452393323183060E-002,7.847328186035156E-001,5.851982235908508E-001,
1.861333333333334E+009,4.600536823272705E-002,-7.585580646991730E-002,7.974052429199219E-001,5.632268786430359E-001,4.600536823272705E-002,-7.585580646991730E-002,7.974052429199219E-001,5.632268786430359E-001,
1.869700000000000E+009,3.858422860503197E-002,-7.083197683095932E-002,8.206176161766052E-001,5.399938821792603E-001,3.858422860503197E-002,-7.083197683095932E-002,8.206176161766052E-001,5.399938821792603E-001,
1.878066666666667E+009,3.661895915865898E-002,-6.624494493007660E-002,8.259550929069519E-001,5.229229927062988E-001,3.661895915865898E-002,-6.624494493007660E-002,8.259550929069519E-001,5.229229927062988E-001,
1.886433333333334E+009,3.732113540172577E-002,-5.849350243806839E-002,8.580319881439209E-001,4.912515282630920E-001,3.732113540172577E-002,-5.849350243806839E-002,8.580319881439209E-001,4.912515282630920E-001,
1.894800000000000E+009,4.336676001548767E-002,-5.247279629111290E-002,8.632540702819824E-001,4.786182045936585E-001,4.336676001548767E-002,-5.247279629111290E-002,8.632540702819824E-001,4.786182045936585E-001,
1.903166666666667E+009,5.182756111025810E-002,-5.082376301288605E-002,8.650422692298889E-001,4.525151550769806E-001,5.182756111025810E-002,-5.082376301288605E-002,8.650422692298889E-001,4.525151550769806E-001,
1.911533333333334E+009,6.192632019519806E-002,-5.443426966667175E-002,8.771826624870300E-001,4.331074953079224E-001,6.192632019519806E-002,-5.443426966667175E-002,8.771826624870300E-001,4.331074953079224E-001,
1.919900000000000E+009,6.719186902046204E-002,-6.359037011861801E-002,8.978176116943359E-001,4.081578850746155E-001,6.719186902046204E-002,-6.359037011861801E-002,8.978176116943359E-001,4.081578850746155E-001,
1.928266666666667E+009,7.074627280235291E-002,-7.463358342647553E-002,9.005287289619446E-001,3.842632174491882E-001,7.074627280235291E-002,-7.463358342647553E-002,9.005287289619446E-001,3.842632174491882E-001,
1.936633333333334E+009,6.553206592798233E-002,-8.778677880764008E-002,9.091375470161438E-001,3.621924519538879E-001,6.553206592798233E-002,-8.778677880764008E-002,9.091375470161438E-001,3.621924519538879E-001,
1.945000000000000E+009,5.631501227617264E-002,-9.801226854324341E-002,9.123389124870300E-001,3.394280374050140E-001,5.631501227617264E-002,-9.801226854324341E-002,9.123389124870300E-001,3.394280374050140E-001,
1.953366666666667E+009,4.477109387516975E-002,-1.036545783281326E-001,9.171131849288940E-001,3.239600956439972E-001,4.477109387516975E-002,-1.036545783281326E-001,9.171131849288940E-001,3.239600956439972E-001,
1.961733333333334E+009,3.103014826774597E-002,-1.029399111866951E-001,9.424605965614319E-001,2.940416336059570E-001,3.103014826774597E-002,-1.029399111866951E-001,9.424605965614319E-001,2.940416336059570E-001,
1.970100000000000E+009,2.154512703418732E-002,-9.563864022493362E-002,9.397522211074829E-001,2.676290273666382E-001,2.154512703418732E-002,-9.563864022493362E-002,9.397522211074829E-001,2.676290273666382E-001,
1.978466666666667E+009,1.693219505250454E-002,-8.499833196401596E-002,9.481998682022095E-001,2.476327866315842E-001,1.693219505250454E-002,-8.499833196401596E-002,9.481998682022095E-001,2.476327866315842E-001,
1.986833333333334E+009,2.132187597453594E-002,-7.497100532054901E-002,9.503421187400818E-001,2.252466827630997E-001,2.132187597453594E-002,-7.497100532054901E-002,9.503421187400818E-001,2.252466827630997E-001,
1.995200000000000E+009,3.140831738710403E-002,-6.664058566093445E-002,9.636232852935791E-001,1.939641982316971E-001,3.140831738710403E-002,-6.664058566093445E-002,9.636232852935791E-001,1.939641982316971E-001,
2.003566666666667E+009,4.380516335368156E-002,-6.571058928966522E-002,9.700496792793274E-001,1.722800731658936E-001,4.380516335368156E-002,-6.571058928966522E-002,9.700496792793274E-001,1.722800731658936E-001,
2.011933333333334E+009,5.729364603757858E-002,-7.489310950040817E-002,9.707514643669128E-001,1.408004760742188E-001,5.729364603757858E-002,-7.489310950040817E-002,9.707514643669128E-001,1.408004760742188E-001,
2.020300000000000E+009,6.328756362199783E-002,-8.806715905666351E-002,9.721978306770325E-001,1.133990883827210E-001,6.328756362199783E-002,-8.806715905666351E-002,9.721978306770325E-001,1.133990883827210E-001,
2.028666666666667E+009,6.397059559822083E-002,-1.048398092389107E-001,9.768739938735962E-001,9.187499433755875E-002,6.397059559822083E-002,-1.048398092389107E-001,9.768739938735962E-001,9.187499433755875E-002,
2.037033333333334E+009,5.297136679291725E-002,-1.208385825157166E-001,9.763943552970886E-001,6.278258562088013E-002,5.297136679291725E-002,-1.208385825157166E-001,9.763943552970886E-001,6.278258562088013E-002,
2.045400000000000E+009,3.728732839226723E-002,-1.311637759208679E-001,9.756234884262085E-001,3.559643030166626E-002,3.728732839226723E-002,-1.311637759208679E-001,9.756234884262085E-001,3.559643030166626E-002,
2.053766666666667E+009,1.831951551139355E-002,-1.337656974792481E-001,9.638122320175171E-001,1.331570837646723E-002,1.831951551139355E-002,-1.337656974792481E-001,9.638122320175171E-001,1.331570837646723E-002,
2.062133333333334E+009,2.616961719468236E-003,-1.269811540842056E-001,9.733499288558960E-001,-1.246040919795632E-003,2.616961719468236E-003,-1.269811540842056E-001,9.733499288558960E-001,-1.246040919795632E-003,
2.070500000000000E+009,-3.303421428427100E-003,-1.124342158436775E-001,9.746774435043335E-001,-3.169573470950127E-002,-3.303421428427100E-003,-1.124342158436775E-001,9.746774435043335E-001,-3.169573470950127E-002,
2.078866666666667E+009,-4.007639363408089E-003,-9.851942211389542E-002,9.872146844863892E-001,-5.290070176124573E-002,-4.007639363408089E-003,-9.851942211389542E-002,9.872146844863892E-001,-5.290070176124573E-002,
2.087233333333334E+009,7.707391865551472E-003,-8.912064880132675E-002,9.825503826141357E-001,-8.329242467880249E-002,7.707391865551472E-003,-8.912064880132675E-002,9.825503826141357E-001,-8.329242467880249E-002,
2.095600000000000E+009,2.384271845221520E-002,-8.729274570941925E-002,9.779393076896668E-001,-1.213253587484360E-001,2.384271845221520E-002,-8.729274570941925E-002,9.779393076896668E-001,-1.213253587484360E-001,
2.103966666666667E+009,3.942551463842392E-002,-9.658496826887131E-002,9.747671484947205E-001,-1.417246013879776E-001,3.942551463842392E-002,-9.658496826887131E-002,9.747671484947205E-001,-1.417246013879776E-001,
2.112333333333334E+009,4.799626767635346E-002,-1.150108873844147E-001,9.614886641502380E-001,-1.619711816310883E-001,4.799626767635346E-002,-1.150108873844147E-001,9.614886641502380E-001,-1.619711816310883E-001,
2.120700000000000E+009,4.431854933500290E-002,-1.391820013523102E-001,9.597131609916687E-001,-1.922449618577957E-001,4.431854933500290E-002,-1.391820013523102E-001,9.597131609916687E-001,-1.922449618577957E-001,
2.129066666666667E+009,3.005337901413441E-002,-1.562936902046204E-001,9.487439393997192E-001,-2.184588909149170E-001,3.005337901413441E-002,-1.562936902046204E-001,9.487439393997192E-001,-2.184588909149170E-001,
2.137433333333334E+009,6.339626386761665E-003,-1.677742451429367E-001,9.423526525497437E-001,-2.427209019660950E-001,6.339626386761665E-003,-1.677742451429367E-001,9.423526525497437E-001,-2.427209019660950E-001,
2.145800000000000E+009,-2.033784985542297E-002,-1.685775518417358E-001,9.374444484710693E-001,-2.567881643772125E-001,-2.033784985542297E-002,-1.685775518417358E-001,9.374444484710693E-001,-2.567881643772125E-001,
2.154166666666667E+009,-3.965412825345993E-002,-1.559195965528488E-001,9.286803603172302E-001,-2.712097167968750E-001,-3.965412825345993E-002,-1.559195965528488E-001,9.286803603172302E-001,-2.712097167968750E-001,
2.162533333333334E+009,-5.611012130975723E-002,-1.351925283670425E-001,9.331060051918030E-001,-2.927387654781342E-001,-5.611012130975723E-002,-1.351925283670425E-001,9.331060051918030E-001,-2.927387654781342E-001,
2.170900000000000E+009,-5.392921343445778E-002,-1.135739088058472E-001,9.232572913169861E-001,-3.211203813552856E-001,-5.392921343445778E-002,-1.135739088058472E-001,9.232572913169861E-001,-3.211203813552856E-001,
2.179266666666667E+009,-3.991368040442467E-002,-9.779143333435059E-002,9.068117737770081E-001,-3.514680266380310E-001,-3.991368040442467E-002,-9.779143333435059E-002,9.068117737770081E-001,-3.514680266380310E-001,
2.187633333333334E+009,-1.944151334464550E-002,-9.351843595504761E-002,8.984767794609070E-001,-3.740681707859039E-001,-1.944151334464550E-002,-9.351843595504761E-002,8.984767794609070E-001,-3.740681707859039E-001,
2.196000000000000E+009,2.715207170695067E-003,-1.042093038558960E-001,8.843129277229309E-001,-3.962279260158539E-001,2.715207170695067E-003,-1.042093038558960E-001,8.843129277229309E-001,-3.962279260158539E-001,
2.204366666666667E+009,1.216262113302946E-002,-1.268718987703323E-001,8.824437260627747E-001,-4.185083210468292E-001,1.216262113302946E-002,-1.268718987703323E-001,8.824437260627747E-001,-4.185083210468292E-001,
2.212733333333334E+009,1.030882634222508E-002,-1.496081799268723E-001,8.592933416366577E-001,-4.528365135192871E-001,1.030882634222508E-002,-1.496081799268723E-001,8.592933416366577E-001,-4.528365135192871E-001,
2.221100000000000E+009,-1.052127592265606E-002,-1.708543002605438E-001,8.504579067230225E-001,-4.681509435176849E-001,-1.052127592265606E-002,-1.708543002605438E-001,8.504579067230225E-001,-4.681509435176849E-001,
2.229466666666667E+009,-3.628328442573547E-002,-1.818909198045731E-001,8.265289068222046E-001,-4.835271537303925E-001,-3.628328442573547E-002,-1.818909198045731E-001,8.265289068222046E-001,-4.835271537303925E-001,
2.237833333333334E+009,-6.598316133022308E-002,-1.779256016016007E-001,8.190961480140686E-001,-5.018533468246460E-001,-6.598316133022308E-002,-1.779256016016007E-001,8.190961480140686E-001,-5.018533468246460E-001,
2.246200000000000E+009,-9.096726775169373E-002,-1.615269482135773E-001,8.127830028533936E-001,-5.226848721504211E-001,-9.096726775169373E-002,-1.615269482135773E-001,8.127830028533936E-001,-5.226848721504211E-001,
2.254566666666667E+009,-1.033276468515396E-001,-1.351836174726486E-001,8.015691637992859E-001,-5.422389507293701E-001,-1.033276468515396E-001,-1.351836174726486E-001,8.015691637992859E-001,-5.422389507293701E-001,
2.262933333333334E+009,-9.963954985141754E-002,-1.126151978969574E-001,7.913077473640442E-001,-5.640495419502258E-001,-9.963954985141754E-002,-1.126151978969574E-001,7.913077473640442E-001,-5.640495419502258E-001,
2.271300000000000E+009,-8.512565493583679E-002,-9.538300335407257E-002,7.676497697830200E-001,-5.946146845817566E-001,-8.512565493583679E-002,-9.538300335407257E-002,7.676497697830200E-001,-5.946146845817566E-001,
2.279666666666667E+009,-6.459461152553558E-002,-9.176906198263168E-002,7.645136117935181E-001,-6.123378276824951E-001,-6.459461152553558E-002,-9.176906198263168E-002,7.645136117935181E-001,-6.123378276824951E-001,
2.288033333333334E+009,-4.612052068114281E-002,-1.034646332263947E-001,7.450729012489319E-001,-6.330906152725220E-001,-4.612052068114281E-002,-1.034646332263947E-001,7.450729012489319E-001,-6.330906152725220E-001,
2.296400000000000E+009,-3.748829662799835E-002,-1.240430027246475E-001,7.202159762382507E-001,-6.517089009284973E-001,-3.748829662799835E-002,-1.240430027246475E-001,7.202159762382507E-001,-6.517089009284973E-001,
2.304766666666667E+009,-4.278293251991272E-002,-1.478063166141510E-001,7.022669315338135E-001,-6.712636351585388E-001,-4.278293251991272E-002,-1.478063166141510E-001,7.022669315338135E-001,-6.712636351585388E-001,
2.313133333333334E+009,-6.489131599664688E-002,-1.663113087415695E-001,6.848268508911133E-001,-6.832194328308106E-001,-6.489131599664688E-002,-1.663113087415695E-001,6.848268508911133E-001,-6.832194328308106E-001,
2.321500000000000E+009,-9.317876398563385E-002,-1.692711412906647E-001,6.753760576248169E-001,-6.932044625282288E-001,-9.317876398563385E-002,-1.692711412906647E-001,6.753760576248169E-001,-6.932044625282288E-001,
2.329866666666667E+009,-1.193376705050468E-001,-1.568323969841003E-001,6.456720829010010E-001,-7.099897265434265E-001,-1.193376705050468E-001,-1.568323969841003E-001,6.456720829010010E-001,-7.099897265434265E-001,
2.338233333333334E+009,-1.407974511384964E-001,-1.339933425188065E-001,6.351161599159241E-001,-7.269627451896668E-001,-1.407974511384964E-001,-1.339933425188065E-001,6.351161599159241E-001,-7.269627451896668E-001,
2.346600000000000E+009,-1.424054354429245E-001,-1.057856753468514E-001,6.205005049705505E-001,-7.352456450462341E-001,-1.424054354429245E-001,-1.057856753468514E-001,6.205005049705505E-001,-7.352456450462341E-001,
2.354966666666667E+009,-1.316604316234589E-001,-8.038454502820969E-002,6.087007522583008E-001,-7.688677310943604E-001,-1.316604316234589E-001,-8.038454502820969E-002,6.087007522583008E-001,-7.688677310943604E-001,
2.363333333333334E+009,-1.079859808087349E-001,-6.932245939970017E-002,5.841569900512695E-001,-7.843018770217896E-001,-1.079859808087349E-001,-6.932245939970017E-002,5.841569900512695E-001,-7.843018770217896E-001,
2.371700000000000E+009,-8.257360756397247E-002,-7.705225795507431E-002,5.657143592834473E-001,-8.026387691497803E-001,-8.257360756397247E-002,-7.705225795507431E-002,5.657143592834473E-001,-8.026387691497803E-001,
2.380066666666667E+009,-6.776391714811325E-002,-9.920631349086762E-002,5.387858748435974E-001,-8.185576796531677E-001,-6.776391714811325E-002,-9.920631349086762E-002,5.387858748435974E-001,-8.185576796531677E-001,
2.388433333333334E+009,-6.576193869113922E-002,-1.325557827949524E-001,5.118918418884277E-001,-8.306948542594910E-001,-6.576193869113922E-002,-1.325557827949524E-001,5.118918418884277E-001,-8.306948542594910E-001,
2.396800000000000E+009,-8.550922572612763E-002,-1.618171483278275E-001,4.870217442512512E-001,-8.389352560043335E-001,-8.550922572612763E-002,-1.618171483278275E-001,4.870217442512512E-001,-8.389352560043335E-001,
2.405166666666667E+009,-1.185922473669052E-001,-1.772874891757965E-001,4.573762714862824E-001,-8.483303785324097E-001,-1.185922473669052E-001,-1.772874891757965E-001,4.573762714862824E-001,-8.483303785324097E-001,
2.413533333333334E+009,-1.589831858873367E-001,-1.750319451093674E-001,4.359438121318817E-001,-8.580116033554077E-001,-1.589831858873367E-001,-1.750319451093674E-001,4.359438121318817E-001,-8.580116033554077E-001,
2.421900000000000E+009,-1.947973668575287E-001,-1.518685370683670E-001,4.210644662380219E-001,-8.631557226181030E-001,-1.947973668575287E-001,-1.518685370683670E-001,4.210644662380219E-001,-8.631557226181030E-001,
2.430266666666667E+009,-2.190858274698257E-001,-1.148493215441704E-001,4.017426967620850E-001,-8.616796731948853E-001,-2.190858274698257E-001,-1.148493215441704E-001,4.017426967620850E-001,-8.616796731948853E-001,
2.438633333333334E+009,-2.250262647867203E-001,-7.198318094015122E-002,3.898962736129761E-001,-8.725559711456299E-001,-2.250262647867203E-001,-7.198318094015122E-002,3.898962736129761E-001,-8.725559711456299E-001,
2.447000000000000E+009,-2.079679220914841E-001,-3.346927091479302E-002,3.690939247608185E-001,-8.856670856475830E-001,-2.079679220914841E-001,-3.346927091479302E-002,3.690939247608185E-001,-8.856670856475830E-001,
2.455366666666667E+009,-1.787291765213013E-001,-1.102928072214127E-002,3.586435914039612E-001,-9.061940312385559E-001,-1.787291765213013E-001,-1.102928072214127E-002,3.586435914039612E-001,-9.061940312385559E-001,
2.463733333333334E+009,-1.438255608081818E-001,-1.080412883311510E-002,3.221963346004486E-001,-9.236437678337097E-001,-1.438255608081818E-001,-1.080412883311510E-002,3.221963346004486E-001,-9.236437678337097E-001,
2.472100000000000E+009,-1.168399974703789E-001,-2.735160291194916E-002,3.004060983657837E-001,-9.314953684806824E-001,-1.168399974703789E-001,-2.735160291194916E-002,3.004060983657837E-001,-9.314953684806824E-001,
2.480466666666667E+009,-1.083262413740158E-001,-5.917865782976151E-002,2.585510313510895E-001,-9.396167397499085E-001,-1.083262413740158E-001,-5.917865782976151E-002,2.585510313510895E-001,-9.396167397499085E-001,
2.488833333333334E+009,-1.187843158841133E-001,-9.001156687736511E-002,2.295007705688477E-001,-9.500328302383423E-001,-1.187843158841133E-001,-9.001156687736511E-002,2.295007705688477E-001,-9.500328302383423E-001,
2.497200000000000E+009,-1.457650512456894E-001,-1.092688441276550E-001,2.095478028059006E-001,-9.437119364738464E-001,-1.457650512456894E-001,-1.092688441276550E-001,2.095478028059006E-001,-9.437119364738464E-001,
2.505566666666667E+009,-1.818725764751434E-001,-1.081393808126450E-001,1.870108842849731E-001,-9.419903755187988E-001,-1.818725764751434E-001,-1.081393808126450E-001,1.870108842849731E-001,-9.419903755187988E-001,
2.513933333333334E+009,-2.098850607872009E-001,-9.018392860889435E-002,1.615996360778809E-001,-9.413378238677979E-001,-2.098850607872009E-001,-9.018392860889435E-002,1.615996360778809E-001,-9.413378238677979E-001,
2.522300000000000E+009,-2.282567322254181E-001,-5.339321866631508E-002,1.462284326553345E-001,-9.494621157646179E-001,-2.282567322254181E-001,-5.339321866631508E-002,1.462284326553345E-001,-9.494621157646179E-001,
2.530666666666667E+009,-2.266370058059692E-001,-1.810403540730476E-002,1.242504492402077E-001,-9.554136395454407E-001,-2.266370058059692E-001,-1.810403540730476E-002,1.242504492402077E-001,-9.554136395454407E-001,
2.539033333333334E+009,-2.115979045629501E-001,1.379092410206795E-002,1.035613194108009E-001,-9.628553390502930E-001,-2.115979045629501E-001,1.379092410206795E-002,1.035613194108009E-001,-9.628553390502930E-001,
2.547400000000000E+009,-1.820588111877441E-001,3.102580830454826E-002,8.195550739765167E-002,-9.661136865615845E-001,-1.820588111877441E-001,3.102580830454826E-002,8.195550739765167E-002,-9.661136865615845E-001,
2.555766666666667E+009,-1.514250040054321E-001,2.785842120647430E-002,5.299867317080498E-002,-9.775502681732178E-001,-1.514250040054321E-001,2.785842120647430E-002,5.299867317080498E-002,-9.775502681732178E-001,
2.564133333333334E+009,-1.293876767158508E-001,8.219382725656033E-003,2.218794636428356E-002,-9.770756363868713E-001,-1.293876767158508E-001,8.219382725656033E-003,2.218794636428356E-002,-9.770756363868713E-001,
2.572500000000000E+009,-1.268949359655380E-001,-2.197150327265263E-002,-6.863037589937449E-003,-9.797685146331787E-001,-1.268949359655380E-001,-2.197150327265263E-002,-6.863037589937449E-003,-9.797685146331787E-001,
2.580866666666667E+009,-1.422943621873856E-001,-4.944385588169098E-002,-3.857734799385071E-002,-9.749509096145630E-001,-1.422943621873856E-001,-4.944385588169098E-002,-3.857734799385071E-002,-9.749509096145630E-001,
2.589233333333334E+009,-1.731511205434799E-001,-6.230025738477707E-002,-6.339724361896515E-002,-9.682940244674683E-001,-1.731511205434799E-001,-6.230025738477707E-002,-6.339724361896515E-002,-9.682940244674683E-001,
2.597600000000000E+009,-2.089724391698837E-001,-5.883053317666054E-002,-8.722571283578873E-002,-9.586510658264160E-001,-2.089724391698837E-001,-5.883053317666054E-002,-8.722571283578873E-002,-9.586510658264160E-001,
2.605966666666667E+009,-2.381783127784729E-001,-3.527109324932098E-002,-1.056097075343132E-001,-9.580266475677490E-001,-2.381783127784729E-001,-3.527109324932098E-002,-1.056097075343132E-001,-9.580266475677490E-001,
2.614333333333334E+009,-2.528121471405029E-001,3.285021011834033E-005,-1.279702335596085E-001,-9.492423534393311E-001,-2.528121471405029E-001,3.285021011834033E-005,-1.279702335596085E-001,-9.492423534393311E-001,
2.622700000000000E+009,-2.478164583444595E-001,3.931887075304985E-002,-1.362835019826889E-001,-9.419278502464294E-001,-2.478164583444595E-001,3.931887075304985E-002,-1.362835019826889E-001,-9.419278502464294E-001,
2.631066666666667E+009,-2.272210568189621E-001,7.213646918535233E-002,-1.731974333524704E-001,-9.505298733711243E-001,-2.272210568189621E-001,7.213646918535233E-002,-1.731974333524704E-001,-9.505298733711243E-001,
2.639433333333334E+009,-1.939953118562698E-001,9.008429944515228E-002,-1.943822205066681E-001,-9.439315795898438E-001,-1.939953118562698E-001,9.008429944515228E-002,-1.943822205066681E-001,-9.439315795898438E-001,
2.647800000000000E+009,-1.614559739828110E-001,8.920928835868835E-002,-2.106695175170898E-001,-9.470478296279907E-001,-1.614559739828110E-001,8.920928835868835E-002,-2.106695175170898E-001,-9.470478296279907E-001,
2.656166666666667E+009,-1.391985565423966E-001,7.072394341230393E-002,-2.387546300888062E-001,-9.462526440620422E-001,-1.391985565423966E-001,7.072394341230393E-002,-2.387546300888062E-001,-9.462526440620422E-001,
2.664533333333334E+009,-1.321869939565659E-001,4.367746412754059E-002,-2.746919989585877E-001,-9.376540780067444E-001,-1.321869939565659E-001,4.367746412754059E-002,-2.746919989585877E-001,-9.376540780067444E-001,
2.672900000000000E+009,-1.486687213182449E-001,1.880069822072983E-002,-2.994970381259918E-001,-9.309431314468384E-001,-1.486687213182449E-001,1.880069822072983E-002,-2.994970381259918E-001,-9.309431314468384E-001,
2.681266666666667E+009,-1.752992272377014E-001,5.303763784468174E-003,-3.286212384700775E-001,-9.152630567550659E-001,-1.752992272377014E-001,5.303763784468174E-003,-3.286212384700775E-001,-9.152630567550659E-001,
2.689633333333334E+009,-2.086873054504395E-001,1.083294767886400E-002,-3.569525480270386E-001,-9.003778100013733E-001,-2.086873054504395E-001,1.083294767886400E-002,-3.569525480270386E-001,-9.003778100013733E-001,
2.698000000000000E+009,-2.336771190166473E-001,3.423697501420975E-002,-3.713248670101166E-001,-8.831111192703247E-001,-2.336771190166473E-001,3.423697501420975E-002,-3.713248670101166E-001,-8.831111192703247E-001,
2.706366666666667E+009,-2.433727383613586E-001,7.020726054906845E-002,-3.879304528236389E-001,-8.702864646911621E-001,-2.433727383613586E-001,7.020726054906845E-002,-3.879304528236389E-001,-8.702864646911621E-001,
2.714733333333334E+009,-2.352962642908096E-001,1.059877872467041E-001,-4.028370678424835E-001,-8.647589683532715E-001,-2.352962642908096E-001,1.059877872467041E-001,-4.028370678424835E-001,-8.647589683532715E-001,
2.723100000000000E+009,-2.119149267673492E-001,1.375843137502670E-001,-4.185082614421845E-001,-8.612232804298401E-001,-2.119149267673492E-001,1.375843137502670E-001,-4.185082614421845E-001,-8.612232804298401E-001,
2.731466666666667E+009,-1.748580783605576E-001,1.531343311071396E-001,-4.437446594238281E-001,-8.540647625923157E-001,-1.748580783605576E-001,1.531343311071396E-001,-4.437446594238281E-001,-8.540647625923157E-001,
2.739833333333334E+009,-1.382766664028168E-001,1.502740681171417E-001,-4.751625657081604E-001,-8.517853021621704E-001,-1.382766664028168E-001,1.502740681171417E-001,-4.751625657081604E-001,-8.517853021621704E-001,
2.748200000000000E+009,-1.129181310534477E-001,1.313316524028778E-001,-4.922108650207520E-001,-8.413242697715759E-001,-1.129181310534477E-001,1.313316524028778E-001,-4.922108650207520E-001,-8.413242697715759E-001,
2.756566666666667E+009,-1.039870455861092E-001,1.026802659034729E-001,-5.183421969413757E-001,-8.263131380081177E-001,-1.039870455861092E-001,1.026802659034729E-001,-5.183421969413757E-001,-8.263131380081177E-001,
2.764933333333334E+009,-1.163006201386452E-001,7.610835134983063E-002,-5.502396821975708E-001,-8.159157037734985E-001,-1.163006201386452E-001,7.610835134983063E-002,-5.502396821975708E-001,-8.159157037734985E-001,
2.773300000000000E+009,-1.430011689662933E-001,6.211244314908981E-002,-5.685967803001404E-001,-7.928079962730408E-001,-1.430011689662933E-001,6.211244314908981E-002,-5.685967803001404E-001,-7.928079962730408E-001,
2.781666666666667E+009,-1.745604574680328E-001,6.581142544746399E-002,-5.824387073516846E-001,-7.724660038948059E-001,-1.745604574680328E-001,6.581142544746399E-002,-5.824387073516846E-001,-7.724660038948059E-001,
2.790033333333334E+009,-2.018671631813049E-001,8.791760355234146E-002,-6.060805320739746E-001,-7.514091134071350E-001,-2.018671631813049E-001,8.791760355234146E-002,-6.060805320739746E-001,-7.514091134071350E-001,
2.798400000000000E+009,-2.126246094703674E-001,1.202015876770020E-001,-6.200946569442749E-001,-7.336050868034363E-001,-2.126246094703674E-001,1.202015876770020E-001,-6.200946569442749E-001,-7.336050868034363E-001,
2.806766666666667E+009,-2.034669369459152E-001,1.563677787780762E-001,-6.326982378959656E-001,-7.181386947631836E-001,-2.034669369459152E-001,1.563677787780762E-001,-6.326982378959656E-001,-7.181386947631836E-001,
2.815133333333334E+009,-1.779582351446152E-001,1.831766068935394E-001,-6.447428464889526E-001,-7.077871561050415E-001,-1.779582351446152E-001,1.831766068935394E-001,-6.447428464889526E-001,-7.077871561050415E-001,
2.823500000000000E+009,-1.438646316528320E-001,1.973226368427277E-001,-6.593129634857178E-001,-6.955138444900513E-001,-1.438646316528320E-001,1.973226368427277E-001,-6.593129634857178E-001,-6.955138444900513E-001,
2.831866666666667E+009,-1.058704555034638E-001,1.918106973171234E-001,-6.772755980491638E-001,-6.826697587966919E-001,-1.058704555034638E-001,1.918106973171234E-001,-6.772755980491638E-001,-6.826697587966919E-001,
2.840233333333334E+009,-7.787077128887177E-002,1.729983687400818E-001,-7.055992484092712E-001,-6.636619567871094E-001,-7.787077128887177E-002,1.729983687400818E-001,-7.055992484092712E-001,-6.636619567871094E-001,
2.848600000000000E+009,-6.717023998498917E-002,1.439822018146515E-001,-7.283609509468079E-001,-6.568251848220825E-001,-6.717023998498917E-002,1.439822018146515E-001,-7.283609509468079E-001,-6.568251848220825E-001,
2.856966666666667E+009,-7.720213383436203E-002,1.166407912969589E-001,-7.458511590957642E-001,-6.330993771553040E-001,-7.720213383436203E-002,1.166407912969589E-001,-7.458511590957642E-001,-6.330993771553040E-001,
2.865333333333334E+009,-1.033863276243210E-001,1.031345948576927E-001,-7.613559365272522E-001,-6.069405674934387E-001,-1.033863276243210E-001,1.031345948576927E-001,-7.613559365272522E-001,-6.069405674934387E-001,
2.873700000000000E+009,-1.369684636592865E-001,1.070897653698921E-001,-7.856967449188232E-001,-5.811464786529541E-001,-1.369684636592865E-001,1.070897653698921E-001,-7.856967449188232E-001,-5.811464786529541E-001,
2.882066666666667E+009,-1.637855023145676E-001,1.280755698680878E-001,-7.889605760574341E-001,-5.588446855545044E-001,-1.637855023145676E-001,1.280755698680878E-001,-7.889605760574341E-001,-5.588446855545044E-001,
2.890433333333334E+009,-1.745878607034683E-001,1.640090793371201E-001,-7.990220785140991E-001,-5.337347388267517E-001,-1.745878607034683E-001,1.640090793371201E-001,-7.990220785140991E-001,-5.337347388267517E-001,
2.898800000000000E+009,-1.660716831684113E-001,1.997649073600769E-001,-8.040326833724976E-001,-5.151044726371765E-001,-1.660716831684113E-001,1.997649073600769E-001,-8.040326833724976E-001,-5.151044726371765E-001,
2.907166666666667E+009,-1.396897733211517E-001,2.288044691085815E-001,-8.200499415397644E-001,-4.952207207679749E-001,-1.396897733211517E-001,2.288044691085815E-001,-8.200499415397644E-001,-4.952207207679749E-001,
2.915533333333334E+009,-1.016053706407547E-001,2.416417896747589E-001,-8.235384821891785E-001,-4.807340502738953E-001,-1.016053706407547E-001,2.416417896747589E-001,-8.235384821891785E-001,-4.807340502738953E-001,
2.923900000000000E+009,-6.159989535808563E-002,2.356677502393723E-001,-8.363443017005920E-001,-4.665113091468811E-001,-6.159989535808563E-002,2.356677502393723E-001,-8.363443017005920E-001,-4.665113091468811E-001,
2.932266666666667E+009,-2.896724455058575E-002,2.120344936847687E-001,-8.562690019607544E-001,-4.534575641155243E-001,-2.896724455058575E-002,2.120344936847687E-001,-8.562690019607544E-001,-4.534575641155243E-001,
2.940633333333334E+009,-1.520728785544634E-002,1.782068014144898E-001,-8.729675412178040E-001,-4.341311752796173E-001,-1.520728785544634E-002,1.782068014144898E-001,-8.729675412178040E-001,-4.341311752796173E-001,
2.949000000000000E+009,-2.360528707504273E-002,1.479771286249161E-001,-8.876760601997376E-001,-4.117161929607391E-001,-2.360528707504273E-002,1.479771286249161E-001,-8.876760601997376E-001,-4.117161929607391E-001,
2.957366666666667E+009,-4.859159141778946E-002,1.285381317138672E-001,-9.023823142051697E-001,-3.779681921005249E-001,-4.859159141778946E-002,1.285381317138672E-001,-9.023823142051697E-001,-3.779681921005249E-001,
2.965733333333334E+009,-8.231417089700699E-002,1.310901790857315E-001,-9.158140420913696E-001,-3.420051634311676E-001,-8.231417089700699E-002,1.310901790857315E-001,-9.158140420913696E-001,-3.420051634311676E-001,
2.974100000000000E+009,-1.090015694499016E-001,1.518553942441940E-001,-9.173954129219055E-001,-3.134129941463471E-001,-1.090015694499016E-001,1.518553942441940E-001,-9.173954129219055E-001,-3.134129941463471E-001,
2.982466666666667E+009,-1.230444461107254E-001,1.894041746854782E-001,-9.216250777244568E-001,-2.912732958793640E-001,-1.230444461107254E-001,1.894041746854782E-001,-9.216250777244568E-001,-2.912732958793640E-001,
2.990833333333334E+009,-1.137473657727242E-001,2.270061224699020E-001,-9.191311001777649E-001,-2.680632472038269E-001,-1.137473657727242E-001,2.270061224699020E-001,-9.191311001777649E-001,-2.680632472038269E-001,
2.999200000000000E+009,-8.751579374074936E-002,2.562638521194458E-001,-9.191706776618958E-001,-2.429242879152298E-001,-8.751579374074936E-002,2.562638521194458E-001,-9.191706776618958E-001,-2.429242879152298E-001,
3.007566666666667E+009,-4.649275913834572E-002,2.688021957874298E-001,-9.238617420196533E-001,-2.312680631875992E-001,-4.649275913834572E-002,2.688021957874298E-001,-9.238617420196533E-001,-2.312680631875992E-001,
3.015933333333334E+009,-4.152454435825348E-003,2.597085535526276E-001,-9.303507208824158E-001,-2.164307534694672E-001,-4.152454435825348E-003,2.597085535526276E-001,-9.303507208824158E-001,-2.164307534694672E-001,
3.024300000000000E+009,3.042302653193474E-002,2.326148003339768E-001,-9.423051476478577E-001,-1.936899572610855E-001,3.042302653193474E-002,2.326148003339768E-001,-9.423051476478577E-001,-1.936899572610855E-001,
3.032666666666667E+009,4.490898177027702E-002,1.940605640411377E-001,-9.540858864784241E-001,-1.741636991500855E-001,4.490898177027702E-002,1.940605640411377E-001,-9.540858864784241E-001,-1.741636991500855E-001,
3.041033333333334E+009,3.531715646386147E-002,1.560929864645004E-001,-9.670565128326416E-001,-1.475550383329392E-001,3.531715646386147E-002,1.560929864645004E-001,-9.670565128326416E-001,-1.475550383329392E-001,
3.049400000000000E+009,7.630465086549521E-003,1.320704668760300E-001,-9.761041402816773E-001,-1.120021119713783E-001,7.630465086549521E-003,1.320704668760300E-001,-9.761041402816773E-001,-1.120021119713783E-001,
3.057766666666667E+009,-2.880498394370079E-002,1.341532617807388E-001,-9.744064211845398E-001,-8.055554330348969E-002,-2.880498394370079E-002,1.341532617807388E-001,-9.744064211845398E-001,-8.055554330348969E-002,
3.066133333333334E+009,-6.124415621161461E-002,1.582030951976776E-001,-9.757805466651917E-001,-4.398150742053986E-002,-6.124415621161461E-002,1.582030951976776E-001,-9.757805466651917E-001,-4.398150742053986E-002,
3.074500000000000E+009,-7.406616210937500E-002,1.987036019563675E-001,-9.659014940261841E-001,-1.593230478465557E-002,-7.406616210937500E-002,1.987036019563675E-001,-9.659014940261841E-001,-1.593230478465557E-002,
3.082866666666667E+009,-6.205035001039505E-002,2.425757944583893E-001,-9.578425288200378E-001,4.575228784233332E-003,-6.205035001039505E-002,2.425757944583893E-001,-9.578425288200378E-001,4.575228784233332E-003,
3.091233333333334E+009,-2.924885228276253E-002,2.761496603488922E-001,-9.491428136825562E-001,1.719462126493454E-002,-2.924885228276253E-002,2.761496603488922E-001,-9.491428136825562E-001,1.719462126493454E-002,
3.099600000000000E+009,1.823402196168900E-002,2.881562113761902E-001,-9.432145953178406E-001,4.100377112627029E-002,1.823402196168900E-002,2.881562113761902E-001,-9.432145953178406E-001,4.100377112627029E-002,
3.107966666666667E+009,6.586741656064987E-002,2.736858129501343E-001,-9.461346864700317E-001,5.623729526996613E-002,6.586741656064987E-002,2.736858129501343E-001,-9.461346864700317E-001,5.623729526996613E-002,
3.116333333333334E+009,1.036075204610825E-001,2.391282916069031E-001,-9.500375986099243E-001,6.748033314943314E-002,1.036075204610825E-001,2.391282916069031E-001,-9.500375986099243E-001,6.748033314943314E-002,
3.124700000000000E+009,1.199054121971130E-001,1.909284591674805E-001,-9.542984962463379E-001,8.494123816490173E-002,1.199054121971130E-001,1.909284591674805E-001,-9.542984962463379E-001,8.494123816490173E-002,
3.133066666666667E+009,1.090646758675575E-001,1.428681612014771E-001,-9.647361040115356E-001,1.139003559947014E-001,1.090646758675575E-001,1.428681612014771E-001,-9.647361040115356E-001,1.139003559947014E-001,
3.141433333333334E+009,7.513514906167984E-002,1.100050210952759E-001,-9.691205620765686E-001,1.514517962932587E-001,7.513514906167984E-002,1.100050210952759E-001,-9.691205620765686E-001,1.514517962932587E-001,
3.149800000000000E+009,3.067192994058132E-002,1.064119935035706E-001,-9.692993164062500E-001,1.858805865049362E-001,3.067192994058132E-002,1.064119935035706E-001,-9.692993164062500E-001,1.858805865049362E-001,
3.158166666666667E+009,-9.621145203709602E-003,1.291585415601730E-001,-9.569844007492065E-001,2.215286046266556E-001,-9.621145203709602E-003,1.291585415601730E-001,-9.569844007492065E-001,2.215286046266556E-001,
3.166533333333334E+009,-3.031528368592262E-002,1.737752407789230E-001,-9.351020455360413E-001,2.552600800991058E-001,-3.031528368592262E-002,1.737752407789230E-001,-9.351020455360413E-001,2.552600800991058E-001,
3.174900000000000E+009,-2.074609324336052E-002,2.223328799009323E-001,-9.265374541282654E-001,2.765066027641296E-001,-2.074609324336052E-002,2.223328799009323E-001,-9.265374541282654E-001,2.765066027641296E-001,
3.183266666666667E+009,1.347073819488287E-002,2.620587050914764E-001,-9.032942056655884E-001,2.966116666793823E-001,1.347073819488287E-002,2.620587050914764E-001,-9.032942056655884E-001,2.966116666793823E-001,
3.191633333333334E+009,6.186196208000183E-002,2.769075036048889E-001,-8.949408531188965E-001,3.057965338230133E-001,6.186196208000183E-002,2.769075036048889E-001,-8.949408531188965E-001,3.057965338230133E-001,
3.200000000000000E+009,1.133184805512428E-001,2.638903558254242E-001,-8.861215114593506E-001,3.131880462169647E-001,1.133184805512428E-001,2.638903558254242E-001,-8.861215114593506E-001,3.131880462169647E-001,
