% Version 1.00
%
%freq[Hz],re:Trc1_S11,im:Trc1_S11,re:Trc2_S21,im:Trc2_S21,re:Trc3_S11,im:Trc3_S11,re:Trc4_S21,im:Trc4_S21,
6.900000000000000E+008,-1.043176352977753E-001,5.552616901695728E-003,-4.606432020664215E-001,-8.695683479309082E-001,-1.043176352977753E-001,5.552616901695728E-003,-4.606432020664215E-001,-8.695683479309082E-001,
6.983666666666666E+008,-9.585686028003693E-002,8.382112719118595E-003,-4.885498285293579E-001,-8.598029613494873E-001,-9.585686028003693E-002,8.382112719118595E-003,-4.885498285293579E-001,-8.598029613494873E-001,
7.067333333333334E+008,-8.970495313405991E-002,5.161012057214975E-003,-5.126505494117737E-001,-8.340821862220764E-001,-8.970495313405991E-002,5.161012057214975E-003,-5.126505494117737E-001,-8.340821862220764E-001,
7.151000000000000E+008,-8.896587789058685E-002,-2.649886882863939E-004,-5.487465262413025E-001,-8.334658741950989E-001,-8.896587789058685E-002,-2.649886882863939E-004,-5.487465262413025E-001,-8.334658741950989E-001,
7.234666666666666E+008,-9.049369394779205E-002,-4.907418042421341E-003,-5.632813572883606E-001,-8.182455897331238E-001,-9.049369394779205E-002,-4.907418042421341E-003,-5.632813572883606E-001,-8.182455897331238E-001,
7.318333333333334E+008,-9.704772382974625E-002,-6.154010538011789E-003,-5.824797153472900E-001,-8.005773425102234E-001,-9.704772382974625E-002,-6.154010538011789E-003,-5.824797153472900E-001,-8.005773425102234E-001,
7.402000000000000E+008,-1.030765473842621E-001,-3.179113380610943E-003,-5.944620370864868E-001,-7.754653692245483E-001,-1.030765473842621E-001,-3.179113380610943E-003,-5.944620370864868E-001,-7.754653692245483E-001,
7.485666666666666E+008,-1.086439713835716E-001,4.511467646807432E-003,-6.252980828285217E-001,-7.631508708000183E-001,-1.086439713835716E-001,4.511467646807432E-003,-6.252980828285217E-001,-7.631508708000183E-001,
7.569333333333334E+008,-1.128849387168884E-001,1.511035766452551E-002,-6.436595320701599E-001,-7.513470053672791E-001,-1.128849387168884E-001,1.511035766452551E-002,-6.436595320701599E-001,-7.513470053672791E-001,
7.653000000000000E+008,-1.073922216892242E-001,2.536159753799439E-002,-6.522890329360962E-001,-7.329284548759460E-001,-1.073922216892242E-001,2.536159753799439E-002,-6.522890329360962E-001,-7.329284548759460E-001,
7.736666666666666E+008,-1.012206226587296E-001,3.363640606403351E-002,-6.661616563796997E-001,-7.285928130149841E-001,-1.012206226587296E-001,3.363640606403351E-002,-6.661616563796997E-001,-7.285928130149841E-001,
7.820333333333334E+008,-9.243565052747726E-002,3.964222222566605E-002,-7.014724016189575E-001,-7.016250491142273E-001,-9.243565052747726E-002,3.964222222566605E-002,-7.014724016189575E-001,-7.016250491142273E-001,
7.904000000000000E+008,-8.201137930154800E-002,4.046078026294708E-002,-7.116377949714661E-001,-6.832017302513123E-001,-8.201137930154800E-002,4.046078026294708E-002,-7.116377949714661E-001,-6.832017302513123E-001,
7.987666666666666E+008,-7.744174450635910E-002,3.767331689596176E-002,-7.185276150703430E-001,-6.663092970848084E-001,-7.744174450635910E-002,3.767331689596176E-002,-7.185276150703430E-001,-6.663092970848084E-001,
8.071333333333334E+008,-7.533547282218933E-002,3.159766271710396E-002,-7.474668622016907E-001,-6.353573799133301E-001,-7.533547282218933E-002,3.159766271710396E-002,-7.474668622016907E-001,-6.353573799133301E-001,
8.155000000000000E+008,-7.665692269802094E-002,2.624337002635002E-002,-7.745656371116638E-001,-6.241627335548401E-001,-7.665692269802094E-002,2.624337002635002E-002,-7.745656371116638E-001,-6.241627335548401E-001,
8.238666666666666E+008,-8.293184638023377E-002,2.478303201496601E-002,-7.816746234893799E-001,-6.003828644752502E-001,-8.293184638023377E-002,2.478303201496601E-002,-7.816746234893799E-001,-6.003828644752502E-001,
8.322333333333334E+008,-8.797182887792587E-002,2.709437720477581E-002,-7.918377518653870E-001,-5.817171335220337E-001,-8.797182887792587E-002,2.709437720477581E-002,-7.918377518653870E-001,-5.817171335220337E-001,
8.406000000000000E+008,-9.225578606128693E-002,3.074721992015839E-002,-8.049110174179077E-001,-5.591492056846619E-001,-9.225578606128693E-002,3.074721992015839E-002,-8.049110174179077E-001,-5.591492056846619E-001,
8.489666666666668E+008,-9.413565695285797E-002,4.290312528610230E-002,-8.178905844688416E-001,-5.308625102043152E-001,-9.413565695285797E-002,4.290312528610230E-002,-8.178905844688416E-001,-5.308625102043152E-001,
8.573333333333334E+008,-9.182145446538925E-002,5.185667052865028E-002,-8.211741447448731E-001,-4.998753666877747E-001,-9.182145446538925E-002,5.185667052865028E-002,-8.211741447448731E-001,-4.998753666877747E-001,
8.657000000000000E+008,-8.581331372261047E-002,6.049527600407600E-002,-8.492006659507752E-001,-5.037170648574829E-001,-8.581331372261047E-002,6.049527600407600E-002,-8.492006659507752E-001,-5.037170648574829E-001,
8.740666666666668E+008,-7.653678208589554E-002,6.730835884809494E-002,-8.560038208961487E-001,-4.799541532993317E-001,-7.653678208589554E-002,6.730835884809494E-002,-8.560038208961487E-001,-4.799541532993317E-001,
8.824333333333334E+008,-6.802551448345184E-002,7.013732194900513E-002,-8.761867284774780E-001,-4.558214545249939E-001,-6.802551448345184E-002,7.013732194900513E-002,-8.761867284774780E-001,-4.558214545249939E-001,
8.908000000000000E+008,-5.928258597850800E-002,6.821184605360031E-002,-8.906909227371216E-001,-4.378369152545929E-001,-5.928258597850800E-002,6.821184605360031E-002,-8.906909227371216E-001,-4.378369152545929E-001,
8.991666666666668E+008,-5.259139090776444E-002,6.388560682535172E-002,-8.923444747924805E-001,-4.101792871952057E-001,-5.259139090776444E-002,6.388560682535172E-002,-8.923444747924805E-001,-4.101792871952057E-001,
9.075333333333334E+008,-5.177029594779015E-002,5.802967771887779E-002,-9.072723388671875E-001,-3.848250508308411E-001,-5.177029594779015E-002,5.802967771887779E-002,-9.072723388671875E-001,-3.848250508308411E-001,
9.159000000000000E+008,-5.365256220102310E-002,5.216670408844948E-002,-9.295044541358948E-001,-3.592869341373444E-001,-5.365256220102310E-002,5.216670408844948E-002,-9.295044541358948E-001,-3.592869341373444E-001,
9.242666666666668E+008,-5.963926762342453E-002,5.296706780791283E-002,-9.208875298500061E-001,-3.367057740688324E-001,-5.963926762342453E-002,5.296706780791283E-002,-9.208875298500061E-001,-3.367057740688324E-001,
9.326333333333334E+008,-6.424769014120102E-002,5.551462247967720E-002,-9.376617670059204E-001,-3.222987353801727E-001,-6.424769014120102E-002,5.551462247967720E-002,-9.376617670059204E-001,-3.222987353801727E-001,
9.410000000000000E+008,-6.779552996158600E-002,6.037970632314682E-002,-9.485486149787903E-001,-2.865081429481506E-001,-6.779552996158600E-002,6.037970632314682E-002,-9.485486149787903E-001,-2.865081429481506E-001,
9.493666666666668E+008,-6.878923624753952E-002,7.042257487773895E-002,-9.540461897850037E-001,-2.560931444168091E-001,-6.878923624753952E-002,7.042257487773895E-002,-9.540461897850037E-001,-2.560931444168091E-001,
9.577333333333334E+008,-6.520534306764603E-002,8.126746118068695E-002,-9.601179957389832E-001,-2.419953048229218E-001,-6.520534306764603E-002,8.126746118068695E-002,-9.601179957389832E-001,-2.419953048229218E-001,
9.661000000000000E+008,-5.605516955256462E-002,8.859290182590485E-002,-9.629518985748291E-001,-2.002211511135101E-001,-5.605516955256462E-002,8.859290182590485E-002,-9.629518985748291E-001,-2.002211511135101E-001,
9.744666666666668E+008,-4.381883516907692E-002,8.992097526788712E-002,-9.607016444206238E-001,-1.896879225969315E-001,-4.381883516907692E-002,8.992097526788712E-002,-9.607016444206238E-001,-1.896879225969315E-001,
9.828333333333334E+008,-3.413680940866470E-002,9.221529215574265E-002,-9.777129292488098E-001,-1.697701215744019E-001,-3.413680940866470E-002,9.221529215574265E-002,-9.777129292488098E-001,-1.697701215744019E-001,
9.912000000000000E+008,-2.265144325792790E-002,8.699522912502289E-002,-9.755005240440369E-001,-1.470614969730377E-001,-2.265144325792790E-002,8.699522912502289E-002,-9.755005240440369E-001,-1.470614969730377E-001,
9.995666666666668E+008,-1.806018687784672E-002,8.015332370996475E-002,-9.888620972633362E-001,-1.091819927096367E-001,-1.806018687784672E-002,8.015332370996475E-002,-9.888620972633362E-001,-1.091819927096367E-001,
1.007933333333333E+009,-1.342166122049093E-002,7.177813351154327E-002,-1.003529191017151E+000,-9.179042279720306E-002,-1.342166122049093E-002,7.177813351154327E-002,-1.003529191017151E+000,-9.179042279720306E-002,
1.016300000000000E+009,-1.843250356614590E-002,6.640175729990006E-002,-9.905928373336792E-001,-6.432142108678818E-002,-1.843250356614590E-002,6.640175729990006E-002,-9.905928373336792E-001,-6.432142108678818E-002,
1.024666666666667E+009,-2.562083490192890E-002,6.250141561031342E-002,-9.867643713951111E-001,-3.753629699349403E-002,-2.562083490192890E-002,6.250141561031342E-002,-9.867643713951111E-001,-3.753629699349403E-002,
1.033033333333333E+009,-3.008447960019112E-002,6.755068898200989E-002,-9.938156008720398E-001,-1.082920469343662E-002,-3.008447960019112E-002,6.755068898200989E-002,-9.938156008720398E-001,-1.082920469343662E-002,
1.041400000000000E+009,-3.615188598632813E-002,7.272537052631378E-002,-9.936992526054382E-001,1.092579215764999E-002,-3.615188598632813E-002,7.272537052631378E-002,-9.936992526054382E-001,1.092579215764999E-002,
1.049766666666667E+009,-3.185126557946205E-002,8.279488235712051E-002,-9.798226356506348E-001,4.778707027435303E-002,-3.185126557946205E-002,8.279488235712051E-002,-9.798226356506348E-001,4.778707027435303E-002,
1.058133333333333E+009,-2.741258777678013E-002,9.247316420078278E-002,-9.814161658287048E-001,6.915285438299179E-002,-2.741258777678013E-002,9.247316420078278E-002,-9.814161658287048E-001,6.915285438299179E-002,
1.066500000000000E+009,-1.510836835950613E-002,9.736619889736176E-002,-9.973968267440796E-001,1.033367812633514E-001,-1.510836835950613E-002,9.736619889736176E-002,-9.973968267440796E-001,1.033367812633514E-001,
1.074866666666667E+009,-1.761963067110628E-004,9.708818048238754E-002,-9.917398691177368E-001,1.243612319231033E-001,-1.761963067110628E-004,9.708818048238754E-002,-9.917398691177368E-001,1.243612319231033E-001,
1.083233333333334E+009,9.622451849281788E-003,8.965717256069183E-002,-9.755895137786865E-001,1.459193974733353E-001,9.622451849281788E-003,8.965717256069183E-002,-9.755895137786865E-001,1.459193974733353E-001,
1.091600000000000E+009,1.745148003101349E-002,7.991363108158112E-002,-9.585138559341431E-001,1.663400232791901E-001,1.745148003101349E-002,7.991363108158112E-002,-9.585138559341431E-001,1.663400232791901E-001,
1.099966666666667E+009,1.776424422860146E-002,6.652624160051346E-002,-9.546803832054138E-001,2.054052203893662E-001,1.776424422860146E-002,6.652624160051346E-002,-9.546803832054138E-001,2.054052203893662E-001,
1.108333333333334E+009,1.048476155847311E-002,5.894007161259651E-002,-9.546744227409363E-001,2.142660468816757E-001,1.048476155847311E-002,5.894007161259651E-002,-9.546744227409363E-001,2.142660468816757E-001,
1.116700000000000E+009,8.018746739253402E-004,5.588180944323540E-002,-9.472646713256836E-001,2.491752505302429E-001,8.018746739253402E-004,5.588180944323540E-002,-9.472646713256836E-001,2.491752505302429E-001,
1.125066666666667E+009,-9.706916287541390E-003,6.079182028770447E-002,-9.474989771842957E-001,2.663233876228333E-001,-9.706916287541390E-003,6.079182028770447E-002,-9.474989771842957E-001,2.663233876228333E-001,
1.133433333333334E+009,-1.686180941760540E-002,7.070251554250717E-002,-9.450191259384155E-001,3.113588690757752E-001,-1.686180941760540E-002,7.070251554250717E-002,-9.450191259384155E-001,3.113588690757752E-001,
1.141800000000000E+009,-1.751012541353703E-002,8.449451625347138E-002,-9.215740561485291E-001,3.261155188083649E-001,-1.751012541353703E-002,8.449451625347138E-002,-9.215740561485291E-001,3.261155188083649E-001,
1.150166666666667E+009,-7.764207664877176E-003,9.868405014276505E-002,-9.126195311546326E-001,3.263368904590607E-001,-7.764207664877176E-003,9.868405014276505E-002,-9.126195311546326E-001,3.263368904590607E-001,
1.158533333333334E+009,8.810528554022312E-003,1.064339503645897E-001,-9.054382443428040E-001,3.670237064361572E-001,8.810528554022312E-003,1.064339503645897E-001,-9.054382443428040E-001,3.670237064361572E-001,
1.166900000000000E+009,2.911547757685185E-002,1.068481951951981E-001,-8.902872800827026E-001,3.876514136791229E-001,2.911547757685185E-002,1.068481951951981E-001,-8.902872800827026E-001,3.876514136791229E-001,
1.175266666666667E+009,4.618649184703827E-002,9.611286967992783E-002,-8.849716186523438E-001,4.176805913448334E-001,4.618649184703827E-002,9.611286967992783E-002,-8.849716186523438E-001,4.176805913448334E-001,
1.183633333333334E+009,5.944159626960754E-002,8.169214427471161E-002,-8.831043839454651E-001,4.298085570335388E-001,5.944159626960754E-002,8.169214427471161E-002,-8.831043839454651E-001,4.298085570335388E-001,
1.192000000000000E+009,6.077718734741211E-002,6.299471110105515E-002,-8.710674643516541E-001,4.536502957344055E-001,6.077718734741211E-002,6.299471110105515E-002,-8.710674643516541E-001,4.536502957344055E-001,
1.200366666666667E+009,5.227677896618843E-002,4.652654752135277E-002,-8.581098318099976E-001,4.758138358592987E-001,5.227677896618843E-002,4.652654752135277E-002,-8.581098318099976E-001,4.758138358592987E-001,
1.208733333333334E+009,3.828395530581474E-002,3.801546990871429E-002,-8.511005640029907E-001,5.189887881278992E-001,3.828395530581474E-002,3.801546990871429E-002,-8.511005640029907E-001,5.189887881278992E-001,
1.217100000000000E+009,2.347283065319061E-002,3.932901099324226E-002,-8.469468951225281E-001,5.296189188957214E-001,2.347283065319061E-002,3.932901099324226E-002,-8.469468951225281E-001,5.296189188957214E-001,
1.225466666666667E+009,1.159657444804907E-002,5.067711323499680E-002,-8.135690093040466E-001,5.546765923500061E-001,1.159657444804907E-002,5.067711323499680E-002,-8.135690093040466E-001,5.546765923500061E-001,
1.233833333333334E+009,7.988573051989079E-003,6.732055544853210E-002,-8.080396652221680E-001,5.658916234970093E-001,7.988573051989079E-003,6.732055544853210E-002,-8.080396652221680E-001,5.658916234970093E-001,
1.242200000000000E+009,1.735992170870304E-002,8.158902823925018E-002,-7.821990251541138E-001,5.992484688758850E-001,1.735992170870304E-002,8.158902823925018E-002,-7.821990251541138E-001,5.992484688758850E-001,
1.250566666666667E+009,3.142023831605911E-002,9.159908443689346E-002,-7.607826590538025E-001,6.048152446746826E-001,3.142023831605911E-002,9.159908443689346E-002,-7.607826590538025E-001,6.048152446746826E-001,
1.258933333333334E+009,5.274271965026856E-002,9.107727557420731E-002,-7.549794912338257E-001,6.268106102943420E-001,5.274271965026856E-002,9.107727557420731E-002,-7.549794912338257E-001,6.268106102943420E-001,
1.267300000000000E+009,7.326174527406693E-002,8.021550625562668E-002,-7.366908192634583E-001,6.412667632102966E-001,7.326174527406693E-002,8.021550625562668E-002,-7.366908192634583E-001,6.412667632102966E-001,
1.275666666666667E+009,8.310472965240479E-002,6.178293004631996E-002,-7.244253158569336E-001,6.495843529701233E-001,8.310472965240479E-002,6.178293004631996E-002,-7.244253158569336E-001,6.495843529701233E-001,
1.284033333333334E+009,8.642423152923584E-002,4.033515229821205E-002,-7.089051008224487E-001,6.925456523895264E-001,8.642423152923584E-002,4.033515229821205E-002,-7.089051008224487E-001,6.925456523895264E-001,
1.292400000000000E+009,7.688643038272858E-002,2.165077254176140E-002,-6.963107585906982E-001,6.967505812644959E-001,7.688643038272858E-002,2.165077254176140E-002,-6.963107585906982E-001,6.967505812644959E-001,
1.300766666666667E+009,5.833391845226288E-002,1.306415721774101E-002,-6.733865141868591E-001,7.219939231872559E-001,5.833391845226288E-002,1.306415721774101E-002,-6.733865141868591E-001,7.219939231872559E-001,
1.309133333333334E+009,3.901662677526474E-002,1.459548715502024E-002,-6.479437947273254E-001,7.367733120918274E-001,3.901662677526474E-002,1.459548715502024E-002,-6.479437947273254E-001,7.367733120918274E-001,
1.317500000000000E+009,2.510389313101769E-002,2.656285651028156E-002,-6.340708136558533E-001,7.671699523925781E-001,2.510389313101769E-002,2.656285651028156E-002,-6.340708136558533E-001,7.671699523925781E-001,
1.325866666666667E+009,2.126163803040981E-002,4.375066608190537E-002,-6.139788031578064E-001,7.821353673934937E-001,2.126163803040981E-002,4.375066608190537E-002,-6.139788031578064E-001,7.821353673934937E-001,
1.334233333333334E+009,3.042783215641975E-002,6.122259795665741E-002,-5.949922204017639E-001,7.877947688102722E-001,3.042783215641975E-002,6.122259795665741E-002,-5.949922204017639E-001,7.877947688102722E-001,
1.342600000000000E+009,4.684648290276527E-002,6.976436823606491E-002,-5.776901841163635E-001,8.050115704536438E-001,4.684648290276527E-002,6.976436823606491E-002,-5.776901841163635E-001,8.050115704536438E-001,
1.350966666666667E+009,6.794881820678711E-002,6.629051268100739E-002,-5.512655377388001E-001,8.171417117118835E-001,6.794881820678711E-002,6.629051268100739E-002,-5.512655377388001E-001,8.171417117118835E-001,
1.359333333333334E+009,8.351535350084305E-002,5.199129506945610E-002,-5.386599302291870E-001,8.172252774238586E-001,8.351535350084305E-002,5.199129506945610E-002,-5.386599302291870E-001,8.172252774238586E-001,
1.367700000000000E+009,9.001996368169785E-002,3.140115365386009E-002,-5.047755837440491E-001,8.359573483467102E-001,9.001996368169785E-002,3.140115365386009E-002,-5.047755837440491E-001,8.359573483467102E-001,
1.376066666666667E+009,8.711542934179306E-002,8.671782910823822E-003,-4.893432259559631E-001,8.460568785667419E-001,8.711542934179306E-002,8.671782910823822E-003,-4.893432259559631E-001,8.460568785667419E-001,
1.384433333333334E+009,7.068538665771484E-002,-6.918153259903193E-003,-4.737942814826965E-001,8.773508071899414E-001,7.068538665771484E-002,-6.918153259903193E-003,-4.737942814826965E-001,8.773508071899414E-001,
1.392800000000000E+009,5.079576000571251E-002,-9.328999556601048E-003,-4.517747461795807E-001,8.859683871269226E-001,5.079576000571251E-002,-9.328999556601048E-003,-4.517747461795807E-001,8.859683871269226E-001,
1.401166666666667E+009,3.127829730510712E-002,-1.628572703339160E-003,-4.240643680095673E-001,8.932241201400757E-001,3.127829730510712E-002,-1.628572703339160E-003,-4.240643680095673E-001,8.932241201400757E-001,
1.409533333333334E+009,1.927898451685906E-002,1.549050491303206E-002,-3.939538002014160E-001,9.078483581542969E-001,1.927898451685906E-002,1.549050491303206E-002,-3.939538002014160E-001,9.078483581542969E-001,
1.417900000000000E+009,2.123909443616867E-002,3.898538649082184E-002,-3.739641010761261E-001,9.033576846122742E-001,2.123909443616867E-002,3.898538649082184E-002,-3.739641010761261E-001,9.033576846122742E-001,
1.426266666666667E+009,3.295099735260010E-002,5.550644919276238E-002,-3.365257978439331E-001,9.290065169334412E-001,3.295099735260010E-002,5.550644919276238E-002,-3.365257978439331E-001,9.290065169334412E-001,
1.434633333333334E+009,5.436201021075249E-002,6.305042654275894E-002,-3.267298936843872E-001,9.232335686683655E-001,5.436201021075249E-002,6.305042654275894E-002,-3.267298936843872E-001,9.232335686683655E-001,
1.443000000000000E+009,7.544112950563431E-002,5.920932069420815E-002,-3.022347986698151E-001,9.308884143829346E-001,7.544112950563431E-002,5.920932069420815E-002,-3.022347986698151E-001,9.308884143829346E-001,
1.451366666666667E+009,9.181696176528931E-002,4.233934357762337E-002,-2.763639390468597E-001,9.314276576042175E-001,9.181696176528931E-002,4.233934357762337E-002,-2.763639390468597E-001,9.314276576042175E-001,
1.459733333333334E+009,9.863233566284180E-002,2.081350609660149E-002,-2.506009936332703E-001,9.582058787345886E-001,9.863233566284180E-002,2.081350609660149E-002,-2.506009936332703E-001,9.582058787345886E-001,
1.468100000000000E+009,9.568315744400024E-002,-2.229873789474368E-003,-2.340211868286133E-001,9.577785134315491E-001,9.568315744400024E-002,-2.229873789474368E-003,-2.340211868286133E-001,9.577785134315491E-001,
1.476466666666667E+009,7.653489708900452E-002,-1.780508086085320E-002,-2.050029784440994E-001,9.632114171981812E-001,7.653489708900452E-002,-1.780508086085320E-002,-2.050029784440994E-001,9.632114171981812E-001,
1.484833333333334E+009,5.595564842224121E-002,-1.930435933172703E-002,-1.794182509183884E-001,9.716775417327881E-001,5.595564842224121E-002,-1.930435933172703E-002,-1.794182509183884E-001,9.716775417327881E-001,
1.493200000000000E+009,3.751150518655777E-002,-1.164119876921177E-002,-1.594444960355759E-001,9.741045236587524E-001,3.751150518655777E-002,-1.164119876921177E-002,-1.594444960355759E-001,9.741045236587524E-001,
1.501566666666667E+009,3.057857230305672E-002,7.546436507254839E-003,-1.304550468921661E-001,9.826039671897888E-001,3.057857230305672E-002,7.546436507254839E-003,-1.304550468921661E-001,9.826039671897888E-001,
1.509933333333334E+009,3.257350251078606E-002,2.818919532001019E-002,-9.898890554904938E-002,9.862403869628906E-001,3.257350251078606E-002,2.818919532001019E-002,-9.898890554904938E-002,9.862403869628906E-001,
1.518300000000000E+009,4.712174832820892E-002,4.458094760775566E-002,-7.956313341856003E-002,9.799331426620483E-001,4.712174832820892E-002,4.458094760775566E-002,-7.956313341856003E-002,9.799331426620483E-001,
1.526666666666667E+009,6.695213913917542E-002,4.965430870652199E-002,-6.183474510908127E-002,9.635063409805298E-001,6.695213913917542E-002,4.965430870652199E-002,-6.183474510908127E-002,9.635063409805298E-001,
1.535033333333334E+009,8.793776482343674E-002,4.263280704617500E-002,-2.602840773761272E-002,9.780159592628479E-001,8.793776482343674E-002,4.263280704617500E-002,-2.602840773761272E-002,9.780159592628479E-001,
1.543400000000000E+009,1.031400263309479E-001,2.612858451902866E-002,-1.756719662807882E-003,9.806534051895142E-001,1.031400263309479E-001,2.612858451902866E-002,-1.756719662807882E-003,9.806534051895142E-001,
1.551766666666667E+009,1.074561849236488E-001,4.634361714124680E-003,2.299419045448303E-002,9.788849949836731E-001,1.074561849236488E-001,4.634361714124680E-003,2.299419045448303E-002,9.788849949836731E-001,
1.560133333333334E+009,9.814126789569855E-002,-1.773217320442200E-002,4.663689807057381E-002,9.848144054412842E-001,9.814126789569855E-002,-1.773217320442200E-002,4.663689807057381E-002,9.848144054412842E-001,
1.568500000000000E+009,8.289099484682083E-002,-3.026513196527958E-002,7.437947392463684E-002,9.759705662727356E-001,8.289099484682083E-002,-3.026513196527958E-002,7.437947392463684E-002,9.759705662727356E-001,
1.576866666666667E+009,6.446212530136108E-002,-3.475623577833176E-002,8.815900236368179E-002,9.801034331321716E-001,6.446212530136108E-002,-3.475623577833176E-002,8.815900236368179E-002,9.801034331321716E-001,
1.585233333333334E+009,5.020117387175560E-002,-2.733686938881874E-002,1.195305883884430E-001,9.734871387481690E-001,5.020117387175560E-002,-2.733686938881874E-002,1.195305883884430E-001,9.734871387481690E-001,
1.593600000000000E+009,4.378316178917885E-002,-1.131156086921692E-002,1.433585286140442E-001,9.772678613662720E-001,4.378316178917885E-002,-1.131156086921692E-002,1.433585286140442E-001,9.772678613662720E-001,
1.601966666666667E+009,4.792288318276405E-002,6.629950832575560E-003,1.747199892997742E-001,9.755393266677856E-001,4.792288318276405E-002,6.629950832575560E-003,1.747199892997742E-001,9.755393266677856E-001,
1.610333333333334E+009,6.120126321911812E-002,1.949501223862171E-002,2.026561051607132E-001,9.655880331993103E-001,6.120126321911812E-002,1.949501223862171E-002,2.026561051607132E-001,9.655880331993103E-001,
1.618700000000000E+009,7.873602956533432E-002,2.012657560408115E-002,2.247895449399948E-001,9.555593132972717E-001,7.873602956533432E-002,2.012657560408115E-002,2.247895449399948E-001,9.555593132972717E-001,
1.627066666666667E+009,9.371430426836014E-002,1.187003869563341E-002,2.418000400066376E-001,9.522202610969544E-001,9.371430426836014E-002,1.187003869563341E-002,2.418000400066376E-001,9.522202610969544E-001,
1.635433333333334E+009,1.024725660681725E-001,-2.938479883596301E-003,2.788855433464050E-001,9.345010519027710E-001,1.024725660681725E-001,-2.938479883596301E-003,2.788855433464050E-001,9.345010519027710E-001,
1.643800000000000E+009,1.017671823501587E-001,-2.245401404798031E-002,2.902199327945709E-001,9.362994432449341E-001,1.017671823501587E-001,-2.245401404798031E-002,2.902199327945709E-001,9.362994432449341E-001,
1.652166666666667E+009,9.371223300695419E-002,-3.944554552435875E-002,3.155994713306427E-001,9.269605875015259E-001,9.371223300695419E-002,-3.944554552435875E-002,3.155994713306427E-001,9.269605875015259E-001,
1.660533333333334E+009,7.964869588613510E-002,-4.797183722257614E-002,3.422245979309082E-001,9.136236906051636E-001,7.964869588613510E-002,-4.797183722257614E-002,3.422245979309082E-001,9.136236906051636E-001,
1.668900000000000E+009,6.177253276109695E-002,-4.962700605392456E-002,3.719243109226227E-001,9.256975650787354E-001,6.177253276109695E-002,-4.962700605392456E-002,3.719243109226227E-001,9.256975650787354E-001,
1.677266666666667E+009,5.025358125567436E-002,-3.989370912313461E-002,3.913620114326477E-001,9.087632298469544E-001,5.025358125567436E-002,-3.989370912313461E-002,3.913620114326477E-001,9.087632298469544E-001,
1.685633333333334E+009,4.760563001036644E-002,-2.728748321533203E-002,4.090147912502289E-001,8.936538100242615E-001,4.760563001036644E-002,-2.728748321533203E-002,4.090147912502289E-001,8.936538100242615E-001,
1.694000000000000E+009,5.182755738496780E-002,-1.348533295094967E-002,4.337286055088043E-001,8.831206560134888E-001,5.182755738496780E-002,-1.348533295094967E-002,4.337286055088043E-001,8.831206560134888E-001,
1.702366666666667E+009,6.750509142875671E-002,-5.054160486906767E-003,4.581966400146484E-001,8.688967227935791E-001,6.750509142875671E-002,-5.054160486906767E-003,4.581966400146484E-001,8.688967227935791E-001,
1.710733333333334E+009,8.341526985168457E-002,-4.409371409565210E-003,4.775705039501190E-001,8.511000871658325E-001,8.341526985168457E-002,-4.409371409565210E-003,4.775705039501190E-001,8.511000871658325E-001,
1.719100000000000E+009,9.892725944519043E-002,-1.309976819902659E-002,5.078282356262207E-001,8.413900136947632E-001,9.892725944519043E-002,-1.309976819902659E-002,5.078282356262207E-001,8.413900136947632E-001,
1.727466666666667E+009,1.055922359228134E-001,-2.848332747817040E-002,5.239022374153137E-001,8.258101940155029E-001,1.055922359228134E-001,-2.848332747817040E-002,5.239022374153137E-001,8.258101940155029E-001,
1.735833333333334E+009,1.069077998399735E-001,-4.682476446032524E-002,5.403110384941101E-001,8.165397644042969E-001,1.069077998399735E-001,-4.682476446032524E-002,5.403110384941101E-001,8.165397644042969E-001,
1.744200000000000E+009,9.890100359916687E-002,-6.360357254743576E-002,5.626980662345886E-001,8.154990077018738E-001,9.890100359916687E-002,-6.360357254743576E-002,5.626980662345886E-001,8.154990077018738E-001,
1.752566666666667E+009,8.573103696107864E-002,-7.547729462385178E-002,5.815661549568176E-001,7.821953892707825E-001,8.573103696107864E-002,-7.547729462385178E-002,5.815661549568176E-001,7.821953892707825E-001,
1.760933333333334E+009,6.887949258089066E-002,-8.032499998807907E-002,6.009284853935242E-001,7.689459323883057E-001,6.887949258089066E-002,-8.032499998807907E-002,6.009284853935242E-001,7.689459323883057E-001,
1.769300000000000E+009,5.448760092258453E-002,-7.763816416263580E-002,6.276577115058899E-001,7.600487470626831E-001,5.448760092258453E-002,-7.763816416263580E-002,6.276577115058899E-001,7.600487470626831E-001,
1.777666666666667E+009,4.485436901450157E-002,-6.914988160133362E-002,6.486550569534302E-001,7.365423440933228E-001,4.485436901450157E-002,-6.914988160133362E-002,6.486550569534302E-001,7.365423440933228E-001,
1.786033333333334E+009,4.168808460235596E-002,-5.847835168242455E-002,6.597530245780945E-001,7.233812808990479E-001,4.168808460235596E-002,-5.847835168242455E-002,6.597530245780945E-001,7.233812808990479E-001,
1.794400000000000E+009,4.777836799621582E-002,-4.897291958332062E-002,6.837619543075562E-001,7.066921591758728E-001,4.777836799621582E-002,-4.897291958332062E-002,6.837619543075562E-001,7.066921591758728E-001,
1.802766666666667E+009,5.705390870571137E-002,-4.449879005551338E-002,7.006345391273499E-001,6.883038878440857E-001,5.705390870571137E-002,-4.449879005551338E-002,7.006345391273499E-001,6.883038878440857E-001,
1.811133333333334E+009,6.742690503597260E-002,-4.510292783379555E-002,7.195622920989990E-001,6.677267551422119E-001,6.742690503597260E-002,-4.510292783379555E-002,7.195622920989990E-001,6.677267551422119E-001,
1.819500000000000E+009,7.501289248466492E-002,-5.099178850650787E-002,7.409713268280029E-001,6.508307456970215E-001,7.501289248466492E-002,-5.099178850650787E-002,7.409713268280029E-001,6.508307456970215E-001,
1.827866666666667E+009,8.018732815980911E-002,-6.101236864924431E-002,7.519381046295166E-001,6.283779144287109E-001,8.018732815980911E-002,-6.101236864924431E-002,7.519381046295166E-001,6.283779144287109E-001,
1.836233333333334E+009,7.779308408498764E-002,-7.051321864128113E-002,7.675775289535523E-001,6.089642047882080E-001,7.779308408498764E-002,-7.051321864128113E-002,7.675775289535523E-001,6.089642047882080E-001,
1.844600000000000E+009,7.093365490436554E-002,-7.955987006425858E-002,7.686670422554016E-001,5.951678156852722E-001,7.093365490436554E-002,-7.955987006425858E-002,7.686670422554016E-001,5.951678156852722E-001,
1.852966666666667E+009,6.138500943779945E-002,-8.674752712249756E-002,7.941316962242127E-001,5.711638927459717E-001,6.138500943779945E-002,-8.674752712249756E-002,7.941316962242127E-001,5.711638927459717E-001,
1.861333333333334E+009,5.011834576725960E-002,-8.810790628194809E-002,8.061846494674683E-001,5.482263565063477E-001,5.011834576725960E-002,-8.810790628194809E-002,8.061846494674683E-001,5.482263565063477E-001,
1.869700000000000E+009,4.237176105380058E-002,-8.341211825609207E-002,8.269175291061401E-001,5.283398032188416E-001,4.237176105380058E-002,-8.341211825609207E-002,8.269175291061401E-001,5.283398032188416E-001,
1.878066666666667E+009,3.946511447429657E-002,-7.982766628265381E-002,8.334074020385742E-001,5.083489418029785E-001,3.946511447429657E-002,-7.982766628265381E-002,8.334074020385742E-001,5.083489418029785E-001,
1.886433333333334E+009,3.974663093686104E-002,-7.299824059009552E-002,8.642776608467102E-001,4.769015610218048E-001,3.974663093686104E-002,-7.299824059009552E-002,8.642776608467102E-001,4.769015610218048E-001,
1.894800000000000E+009,4.567427188158035E-002,-6.851761043071747E-002,8.699436783790588E-001,4.644385278224945E-001,4.567427188158035E-002,-6.851761043071747E-002,8.699436783790588E-001,4.644385278224945E-001,
1.903166666666667E+009,5.430017784237862E-002,-6.803409755229950E-002,8.724341988563538E-001,4.390161633491516E-001,5.430017784237862E-002,-6.803409755229950E-002,8.724341988563538E-001,4.390161633491516E-001,
1.911533333333334E+009,6.389975547790527E-002,-7.277872413396835E-002,8.841289877891541E-001,4.170213341712952E-001,6.389975547790527E-002,-7.277872413396835E-002,8.841289877891541E-001,4.170213341712952E-001,
1.919900000000000E+009,6.835626065731049E-002,-8.184028416872025E-002,9.032840728759766E-001,3.924464583396912E-001,6.835626065731049E-002,-8.184028416872025E-002,9.032840728759766E-001,3.924464583396912E-001,
1.928266666666667E+009,7.080908864736557E-002,-9.287522733211517E-002,9.047741293907166E-001,3.674502074718475E-001,7.080908864736557E-002,-9.287522733211517E-002,9.047741293907166E-001,3.674502074718475E-001,
1.936633333333334E+009,6.354770064353943E-002,-1.056741997599602E-001,9.138488173484802E-001,3.468758165836334E-001,6.354770064353943E-002,-1.056741997599602E-001,9.138488173484802E-001,3.468758165836334E-001,
1.945000000000000E+009,5.293826013803482E-002,-1.148100793361664E-001,9.157993197441101E-001,3.259921371936798E-001,5.293826013803482E-002,-1.148100793361664E-001,9.157993197441101E-001,3.259921371936798E-001,
1.953366666666667E+009,3.930987417697907E-002,-1.197223514318466E-001,9.202795028686523E-001,3.080807328224182E-001,3.930987417697907E-002,-1.197223514318466E-001,9.202795028686523E-001,3.080807328224182E-001,
1.961733333333334E+009,2.428877912461758E-002,-1.178529784083366E-001,9.455897212028503E-001,2.774952948093414E-001,2.428877912461758E-002,-1.178529784083366E-001,9.455897212028503E-001,2.774952948093414E-001,
1.970100000000000E+009,1.345675345510244E-002,-1.104263588786125E-001,9.432433843612671E-001,2.513702809810638E-001,1.345675345510244E-002,-1.104263588786125E-001,9.432433843612671E-001,2.513702809810638E-001,
1.978466666666667E+009,8.521195501089096E-003,-1.000632345676422E-001,9.502168297767639E-001,2.345558702945709E-001,8.521195501089096E-003,-1.000632345676422E-001,9.502168297767639E-001,2.345558702945709E-001,
1.986833333333334E+009,1.215963438153267E-002,-9.100469201803207E-002,9.531030058860779E-001,2.090265899896622E-001,1.215963438153267E-002,-9.100469201803207E-002,9.531030058860779E-001,2.090265899896622E-001,
1.995200000000000E+009,2.159698866307735E-002,-8.398163318634033E-002,9.650051593780518E-001,1.779214739799500E-001,2.159698866307735E-002,-8.398163318634033E-002,9.650051593780518E-001,1.779214739799500E-001,
2.003566666666667E+009,3.406580165028572E-002,-8.425171673297882E-002,9.725527167320252E-001,1.571336239576340E-001,3.406580165028572E-002,-8.425171673297882E-002,9.725527167320252E-001,1.571336239576340E-001,
2.011933333333334E+009,4.671613499522209E-002,-9.384734928607941E-002,9.733827710151672E-001,1.254592090845108E-001,4.671613499522209E-002,-9.384734928607941E-002,9.733827710151672E-001,1.254592090845108E-001,
2.020300000000000E+009,5.179391428828239E-002,-1.070024222135544E-001,9.728117585182190E-001,9.746703505516052E-002,5.179391428828239E-002,-1.070024222135544E-001,9.728117585182190E-001,9.746703505516052E-002,
2.028666666666667E+009,5.125654861330986E-002,-1.231247186660767E-001,9.764196872711182E-001,7.388259470462799E-002,5.125654861330986E-002,-1.231247186660767E-001,9.764196872711182E-001,7.388259470462799E-002,
2.037033333333334E+009,3.879572451114655E-002,-1.373755186796188E-001,9.754197001457214E-001,4.369602724909782E-002,3.879572451114655E-002,-1.373755186796188E-001,9.754197001457214E-001,4.369602724909782E-002,
2.045400000000000E+009,2.183873206377029E-002,-1.459887027740479E-001,9.739565253257752E-001,2.028412371873856E-002,2.183873206377029E-002,-1.459887027740479E-001,9.739565253257752E-001,2.028412371873856E-002,
2.053766666666667E+009,1.097550615668297E-003,-1.468122452497482E-001,9.607520103454590E-001,-2.454919740557671E-003,1.097550615668297E-003,-1.468122452497482E-001,9.607520103454590E-001,-2.454919740557671E-003,
2.062133333333334E+009,-1.566405966877937E-002,-1.387454718351364E-001,9.697802066802979E-001,-1.679118163883686E-002,-1.566405966877937E-002,-1.387454718351364E-001,9.697802066802979E-001,-1.679118163883686E-002,
2.070500000000000E+009,-2.280456945300102E-002,-1.234679371118546E-001,9.700168371200562E-001,-4.865392297506332E-002,-2.280456945300102E-002,-1.234679371118546E-001,9.700168371200562E-001,-4.865392297506332E-002,
2.078866666666667E+009,-2.421165443956852E-002,-1.096028536558151E-001,9.835686683654785E-001,-6.915892660617828E-002,-2.421165443956852E-002,-1.096028536558151E-001,9.835686683654785E-001,-6.915892660617828E-002,
2.087233333333334E+009,-1.332745514810085E-002,-1.012188941240311E-001,9.787454009056091E-001,-9.937809407711029E-002,-1.332745514810085E-002,-1.012188941240311E-001,9.787454009056091E-001,-9.937809407711029E-002,
2.095600000000000E+009,2.261026296764612E-003,-1.005342826247215E-001,9.747451543807983E-001,-1.382872015237808E-001,2.261026296764612E-003,-1.005342826247215E-001,9.747451543807983E-001,-1.382872015237808E-001,
2.103966666666667E+009,1.751571334898472E-002,-1.111043617129326E-001,9.729757308959961E-001,-1.585455536842346E-001,1.751571334898472E-002,-1.111043617129326E-001,9.729757308959961E-001,-1.585455536842346E-001,
2.112333333333334E+009,2.494119666516781E-002,-1.294798702001572E-001,9.581040143966675E-001,-1.805434226989746E-001,2.494119666516781E-002,-1.294798702001572E-001,9.581040143966675E-001,-1.805434226989746E-001,
2.120700000000000E+009,2.011810988187790E-002,-1.528409272432327E-001,9.548514485359192E-001,-2.088565230369568E-001,2.011810988187790E-002,-1.528409272432327E-001,9.548514485359192E-001,-2.088565230369568E-001,
2.129066666666667E+009,5.246269516646862E-003,-1.680941581726074E-001,9.433124661445618E-001,-2.347067296504974E-001,5.246269516646862E-003,-1.680941581726074E-001,9.433124661445618E-001,-2.347067296504974E-001,
2.137433333333334E+009,-1.938132569193840E-002,-1.762570887804031E-001,9.346135854721069E-001,-2.583720088005066E-001,-1.938132569193840E-002,-1.762570887804031E-001,9.346135854721069E-001,-2.583720088005066E-001,
2.145800000000000E+009,-4.631448164582253E-002,-1.746838092803955E-001,9.299696087837219E-001,-2.714863717556000E-001,-4.631448164582253E-002,-1.746838092803955E-001,9.299696087837219E-001,-2.714863717556000E-001,
2.154166666666667E+009,-6.686428189277649E-002,-1.597373932600021E-001,9.216645359992981E-001,-2.892130613327026E-001,-6.686428189277649E-002,-1.597373932600021E-001,9.216645359992981E-001,-2.892130613327026E-001,
2.162533333333334E+009,-8.320668339729309E-002,-1.369523108005524E-001,9.257847070693970E-001,-3.081338703632355E-001,-8.320668339729309E-002,-1.369523108005524E-001,9.257847070693970E-001,-3.081338703632355E-001,
2.170900000000000E+009,-8.139193803071976E-002,-1.152886897325516E-001,9.154115915298462E-001,-3.348851799964905E-001,-8.139193803071976E-002,-1.152886897325516E-001,9.154115915298462E-001,-3.348851799964905E-001,
2.179266666666667E+009,-6.757683306932449E-002,-9.964688867330551E-002,8.998384475708008E-001,-3.647118806838989E-001,-6.757683306932449E-002,-9.964688867330551E-002,8.998384475708008E-001,-3.647118806838989E-001,
2.187633333333334E+009,-4.796294122934341E-002,-9.617766737937927E-002,8.917120099067688E-001,-3.875845372676849E-001,-4.796294122934341E-002,-9.617766737937927E-002,8.917120099067688E-001,-3.875845372676849E-001,
2.196000000000000E+009,-2.681768685579300E-002,-1.081421747803688E-001,8.760545849800110E-001,-4.104422330856323E-001,-2.681768685579300E-002,-1.081421747803688E-001,8.760545849800110E-001,-4.104422330856323E-001,
2.204366666666667E+009,-1.820036955177784E-002,-1.309834122657776E-001,8.743582367897034E-001,-4.327949583530426E-001,-1.820036955177784E-002,-1.309834122657776E-001,8.743582367897034E-001,-4.327949583530426E-001,
2.212733333333334E+009,-2.141831815242767E-002,-1.532060950994492E-001,8.488640189170837E-001,-4.651921689510346E-001,-2.141831815242767E-002,-1.532060950994492E-001,8.488640189170837E-001,-4.651921689510346E-001,
2.221100000000000E+009,-4.240201786160469E-002,-1.726465970277786E-001,8.405460715293884E-001,-4.811245799064636E-001,-4.240201786160469E-002,-1.726465970277786E-001,8.405460715293884E-001,-4.811245799064636E-001,
2.229466666666667E+009,-6.805392354726791E-002,-1.813895702362061E-001,8.160977959632874E-001,-4.978169202804565E-001,-6.805392354726791E-002,-1.813895702362061E-001,8.160977959632874E-001,-4.978169202804565E-001,
2.237833333333334E+009,-9.747225046157837E-002,-1.740981638431549E-001,8.070169091224670E-001,-5.150697827339172E-001,-9.747225046157837E-002,-1.740981638431549E-001,8.070169091224670E-001,-5.150697827339172E-001,
2.246200000000000E+009,-1.214825958013535E-001,-1.550051718950272E-001,8.008871078491211E-001,-5.336612462997437E-001,-1.214825958013535E-001,-1.550051718950272E-001,8.008871078491211E-001,-5.336612462997437E-001,
2.254566666666667E+009,-1.332500427961350E-001,-1.259175688028336E-001,7.885311841964722E-001,-5.536565184593201E-001,-1.332500427961350E-001,-1.259175688028336E-001,7.885311841964722E-001,-5.536565184593201E-001,
2.262933333333334E+009,-1.291209757328033E-001,-1.022684574127197E-001,7.796448469161987E-001,-5.761010646820068E-001,-1.291209757328033E-001,-1.022684574127197E-001,7.796448469161987E-001,-5.761010646820068E-001,
2.271300000000000E+009,-1.152298152446747E-001,-8.447514474391937E-002,7.567971348762512E-001,-6.054809093475342E-001,-1.152298152446747E-001,-8.447514474391937E-002,7.567971348762512E-001,-6.054809093475342E-001,
2.279666666666667E+009,-9.526476263999939E-002,-8.142859488725662E-002,7.532795667648315E-001,-6.217159032821655E-001,-9.526476263999939E-002,-8.142859488725662E-002,7.532795667648315E-001,-6.217159032821655E-001,
2.288033333333334E+009,-7.808475196361542E-002,-9.393405169248581E-002,7.336556911468506E-001,-6.433942914009094E-001,-7.808475196361542E-002,-9.393405169248581E-002,7.336556911468506E-001,-6.433942914009094E-001,
2.296400000000000E+009,-7.101182639598846E-002,-1.147655174136162E-001,7.092553973197937E-001,-6.627345681190491E-001,-7.101182639598846E-002,-1.147655174136162E-001,7.092553973197937E-001,-6.627345681190491E-001,
2.304766666666667E+009,-7.676676660776138E-002,-1.382340341806412E-001,6.896121501922607E-001,-6.824272871017456E-001,-7.676676660776138E-002,-1.382340341806412E-001,6.896121501922607E-001,-6.824272871017456E-001,
2.313133333333334E+009,-9.952217340469360E-002,-1.552994996309280E-001,6.712979674339294E-001,-6.940901875495911E-001,-9.952217340469360E-002,-1.552994996309280E-001,6.712979674339294E-001,-6.940901875495911E-001,
2.321500000000000E+009,-1.267936527729034E-001,-1.562463790178299E-001,6.597651839256287E-001,-7.053373456001282E-001,-1.267936527729034E-001,-1.562463790178299E-001,6.597651839256287E-001,-7.053373456001282E-001,
2.329866666666667E+009,-1.513512879610062E-001,-1.413259953260422E-001,6.308619379997253E-001,-7.202802896499634E-001,-1.513512879610062E-001,-1.413259953260422E-001,6.308619379997253E-001,-7.202802896499634E-001,
2.338233333333334E+009,-1.707650870084763E-001,-1.162399798631668E-001,6.196239590644836E-001,-7.353772521018982E-001,-1.707650870084763E-001,-1.162399798631668E-001,6.196239590644836E-001,-7.353772521018982E-001,
2.346600000000000E+009,-1.706995069980621E-001,-8.577410131692886E-002,6.042030453681946E-001,-7.409722208976746E-001,-1.706995069980621E-001,-8.577410131692886E-002,6.042030453681946E-001,-7.409722208976746E-001,
2.354966666666667E+009,-1.588508635759354E-001,-5.879207700490952E-002,5.922930240631104E-001,-7.752977013587952E-001,-1.588508635759354E-001,-5.879207700490952E-002,5.922930240631104E-001,-7.752977013587952E-001,
2.363333333333334E+009,-1.354959309101105E-001,-4.730272293090820E-002,5.688016414642334E-001,-7.909263968467712E-001,-1.354959309101105E-001,-4.730272293090820E-002,5.688016414642334E-001,-7.909263968467712E-001,
2.371700000000000E+009,-1.108836755156517E-001,-5.475196614861488E-002,5.530827045440674E-001,-8.088923096656799E-001,-1.108836755156517E-001,-5.475196614861488E-002,5.530827045440674E-001,-8.088923096656799E-001,
2.380066666666667E+009,-9.756265580654144E-002,-7.696362584829330E-002,5.252828598022461E-001,-8.243609070777893E-001,-9.756265580654144E-002,-7.696362584829330E-002,5.252828598022461E-001,-8.243609070777893E-001,
2.388433333333334E+009,-9.771966934204102E-002,-1.101833730936050E-001,5.001089572906494E-001,-8.376789689064026E-001,-9.771966934204102E-002,-1.101833730936050E-001,5.001089572906494E-001,-8.376789689064026E-001,
2.396800000000000E+009,-1.190309152007103E-001,-1.383542716503143E-001,4.725050330162048E-001,-8.478037118911743E-001,-1.190309152007103E-001,-1.383542716503143E-001,4.725050330162048E-001,-8.478037118911743E-001,
2.405166666666667E+009,-1.518211811780930E-001,-1.524606049060822E-001,4.421023428440094E-001,-8.561031818389893E-001,-1.518211811780930E-001,-1.524606049060822E-001,4.421023428440094E-001,-8.561031818389893E-001,
2.413533333333334E+009,-1.914121955633164E-001,-1.480932533740997E-001,4.184367656707764E-001,-8.636367917060852E-001,-1.914121955633164E-001,-1.480932533740997E-001,4.184367656707764E-001,-8.636367917060852E-001,
2.421900000000000E+009,-2.243767976760864E-001,-1.228446811437607E-001,4.020947217941284E-001,-8.710935115814209E-001,-2.243767976760864E-001,-1.228446811437607E-001,4.020947217941284E-001,-8.710935115814209E-001,
2.430266666666667E+009,-2.456895411014557E-001,-8.418578654527664E-002,3.840458691120148E-001,-8.670650124549866E-001,-2.456895411014557E-001,-8.418578654527664E-002,3.840458691120148E-001,-8.670650124549866E-001,
2.438633333333334E+009,-2.472933381795883E-001,-3.962324187159538E-002,3.717719018459320E-001,-8.756306767463684E-001,-2.472933381795883E-001,-3.962324187159538E-002,3.717719018459320E-001,-8.756306767463684E-001,
2.447000000000000E+009,-2.277698218822479E-001,-7.287855842150748E-004,3.524251580238342E-001,-8.882786035537720E-001,-2.277698218822479E-001,-7.287855842150748E-004,3.524251580238342E-001,-8.882786035537720E-001,
2.455366666666667E+009,-1.965781748294830E-001,2.212372794747353E-002,3.406469225883484E-001,-9.062053561210632E-001,-1.965781748294830E-001,2.212372794747353E-002,3.406469225883484E-001,-9.062053561210632E-001,
2.463733333333334E+009,-1.615172475576401E-001,2.244267053902149E-002,3.064031004905701E-001,-9.245078563690186E-001,-1.615172475576401E-001,2.244267053902149E-002,3.064031004905701E-001,-9.245078563690186E-001,
2.472100000000000E+009,-1.358991265296936E-001,6.010724697262049E-003,2.862349152565002E-001,-9.331918358802795E-001,-1.358991265296936E-001,6.010724697262049E-003,2.862349152565002E-001,-9.331918358802795E-001,
2.480466666666667E+009,-1.290899217128754E-001,-2.564624138176441E-002,2.440213412046433E-001,-9.412268400192261E-001,-1.290899217128754E-001,-2.564624138176441E-002,2.440213412046433E-001,-9.412268400192261E-001,
2.488833333333334E+009,-1.411111801862717E-001,-5.562021955847740E-002,2.131322771310806E-001,-9.525434970855713E-001,-1.411111801862717E-001,-5.562021955847740E-002,2.131322771310806E-001,-9.525434970855713E-001,
2.497200000000000E+009,-1.685542166233063E-001,-7.426795363426209E-002,1.943558603525162E-001,-9.463832378387451E-001,-1.685542166233063E-001,-7.426795363426209E-002,1.943558603525162E-001,-9.463832378387451E-001,
2.505566666666667E+009,-2.044188678264618E-001,-7.232945412397385E-002,1.704885065555573E-001,-9.462255239486694E-001,-2.044188678264618E-001,-7.232945412397385E-002,1.704885065555573E-001,-9.462255239486694E-001,
2.513933333333334E+009,-2.307077646255493E-001,-5.353322252631187E-002,1.448615342378616E-001,-9.452015161514282E-001,-2.307077646255493E-001,-5.353322252631187E-002,1.448615342378616E-001,-9.452015161514282E-001,
2.522300000000000E+009,-2.448517233133316E-001,-1.566251553595066E-002,1.288046538829804E-001,-9.496679902076721E-001,-2.448517233133316E-001,-1.566251553595066E-002,1.288046538829804E-001,-9.496679902076721E-001,
2.530666666666667E+009,-2.399448603391647E-001,2.022905088961124E-002,1.069713160395622E-001,-9.556599259376526E-001,-2.399448603391647E-001,2.022905088961124E-002,1.069713160395622E-001,-9.556599259376526E-001,
2.539033333333334E+009,-2.211339473724365E-001,5.266954004764557E-002,8.795059472322464E-002,-9.614773392677307E-001,-2.211339473724365E-001,5.266954004764557E-002,8.795059472322464E-002,-9.614773392677307E-001,
2.547400000000000E+009,-1.897144913673401E-001,7.023075968027115E-002,6.645206362009049E-002,-9.649724960327148E-001,-1.897144913673401E-001,7.023075968027115E-002,6.645206362009049E-002,-9.649724960327148E-001,
2.555766666666667E+009,-1.582230478525162E-001,6.697002798318863E-002,3.767917305231094E-002,-9.766728281974793E-001,-1.582230478525162E-001,6.697002798318863E-002,3.767917305231094E-002,-9.766728281974793E-001,
2.564133333333334E+009,-1.364093869924545E-001,4.719344899058342E-002,7.154497317969799E-003,-9.765850305557251E-001,-1.364093869924545E-001,4.719344899058342E-002,7.154497317969799E-003,-9.765850305557251E-001,
2.572500000000000E+009,-1.354624032974243E-001,1.808228902518749E-002,-2.173707075417042E-002,-9.799866080284119E-001,-1.354624032974243E-001,1.808228902518749E-002,-2.173707075417042E-002,-9.799866080284119E-001,
2.580866666666667E+009,-1.525635123252869E-001,-8.130821399390698E-003,-5.368151515722275E-002,-9.752623438835144E-001,-1.525635123252869E-001,-8.130821399390698E-003,-5.368151515722275E-002,-9.752623438835144E-001,
2.589233333333334E+009,-1.846415251493454E-001,-2.063132636249065E-002,-7.931149005889893E-002,-9.705088138580322E-001,-1.846415251493454E-001,-2.063132636249065E-002,-7.931149005889893E-002,-9.705088138580322E-001,
2.597600000000000E+009,-2.201554775238037E-001,-1.545967813581228E-002,-1.042302027344704E-001,-9.592769145965576E-001,-2.201554775238037E-001,-1.545967813581228E-002,-1.042302027344704E-001,-9.592769145965576E-001,
2.605966666666667E+009,-2.475892901420593E-001,8.638801053166390E-003,-1.222537010908127E-001,-9.557631015777588E-001,-2.475892901420593E-001,8.638801053166390E-003,-1.222537010908127E-001,-9.557631015777588E-001,
2.614333333333334E+009,-2.592000663280487E-001,4.375450685620308E-002,-1.447923779487610E-001,-9.462508559226990E-001,-2.592000663280487E-001,4.375450685620308E-002,-1.447923779487610E-001,-9.462508559226990E-001,
2.622700000000000E+009,-2.504772841930389E-001,8.237838000059128E-002,-1.541378647089005E-001,-9.386506080627441E-001,-2.504772841930389E-001,8.237838000059128E-002,-1.541378647089005E-001,-9.386506080627441E-001,
2.631066666666667E+009,-2.250134795904160E-001,1.138079762458801E-001,-1.874437332153320E-001,-9.449224472045898E-001,-2.250134795904160E-001,1.138079762458801E-001,-1.874437332153320E-001,-9.449224472045898E-001,
2.639433333333334E+009,-1.890804171562195E-001,1.307131648063660E-001,-2.093864530324936E-001,-9.396058917045593E-001,-1.890804171562195E-001,1.307131648063660E-001,-2.093864530324936E-001,-9.396058917045593E-001,
2.647800000000000E+009,-1.542321592569351E-001,1.291994899511337E-001,-2.243618816137314E-001,-9.423737525939941E-001,-1.542321592569351E-001,1.291994899511337E-001,-2.243618816137314E-001,-9.423737525939941E-001,
2.656166666666667E+009,-1.313573569059372E-001,1.105496138334274E-001,-2.528614997863770E-001,-9.415735006332398E-001,-1.313573569059372E-001,1.105496138334274E-001,-2.528614997863770E-001,-9.415735006332398E-001,
2.664533333333334E+009,-1.254532784223557E-001,8.458600938320160E-002,-2.867190837860107E-001,-9.338349103927612E-001,-1.254532784223557E-001,8.458600938320160E-002,-2.867190837860107E-001,-9.338349103927612E-001,
2.672900000000000E+009,-1.426076889038086E-001,6.159972772002220E-002,-3.157094120979309E-001,-9.279968142509460E-001,-1.426076889038086E-001,6.159972772002220E-002,-3.157094120979309E-001,-9.279968142509460E-001,
2.681266666666667E+009,-1.705196946859360E-001,4.927809163928032E-002,-3.449796736240387E-001,-9.100394845008850E-001,-1.705196946859360E-001,4.927809163928032E-002,-3.449796736240387E-001,-9.100394845008850E-001,
2.689633333333334E+009,-2.040725797414780E-001,5.605487152934074E-002,-3.734572827816010E-001,-8.948280215263367E-001,-2.040725797414780E-001,5.605487152934074E-002,-3.734572827816010E-001,-8.948280215263367E-001,
2.698000000000000E+009,-2.277446091175079E-001,7.994331419467926E-002,-3.878695964813232E-001,-8.769999742507935E-001,-2.277446091175079E-001,7.994331419467926E-002,-3.878695964813232E-001,-8.769999742507935E-001,
2.706366666666667E+009,-2.355092614889145E-001,1.150639504194260E-001,-4.036143720149994E-001,-8.618251681327820E-001,-2.355092614889145E-001,1.150639504194260E-001,-4.036143720149994E-001,-8.618251681327820E-001,
2.714733333333334E+009,-2.250322699546814E-001,1.485889405012131E-001,-4.166350066661835E-001,-8.575944304466248E-001,-2.250322699546814E-001,1.485889405012131E-001,-4.166350066661835E-001,-8.575944304466248E-001,
2.723100000000000E+009,-1.979302018880844E-001,1.776646822690964E-001,-4.328826963901520E-001,-8.523107767105103E-001,-1.979302018880844E-001,1.776646822690964E-001,-4.328826963901520E-001,-8.523107767105103E-001,
2.731466666666667E+009,-1.581486463546753E-001,1.902878582477570E-001,-4.566006958484650E-001,-8.440075516700745E-001,-1.581486463546753E-001,1.902878582477570E-001,-4.566006958484650E-001,-8.440075516700745E-001,
2.739833333333334E+009,-1.193316280841827E-001,1.850685179233551E-001,-4.872325658798218E-001,-8.397060036659241E-001,-1.193316280841827E-001,1.850685179233551E-001,-4.872325658798218E-001,-8.397060036659241E-001,
2.748200000000000E+009,-9.320157766342163E-002,1.652696728706360E-001,-5.031179785728455E-001,-8.312846422195435E-001,-9.320157766342163E-002,1.652696728706360E-001,-5.031179785728455E-001,-8.312846422195435E-001,
2.756566666666667E+009,-8.404217660427094E-002,1.369672268629074E-001,-5.305125117301941E-001,-8.178253173828125E-001,-8.404217660427094E-002,1.369672268629074E-001,-5.305125117301941E-001,-8.178253173828125E-001,
2.764933333333334E+009,-9.729903191328049E-002,1.122620701789856E-001,-5.623713731765747E-001,-8.077765703201294E-001,-9.729903191328049E-002,1.122620701789856E-001,-5.623713731765747E-001,-8.077765703201294E-001,
2.773300000000000E+009,-1.244390383362770E-001,1.001699790358543E-001,-5.818904042243958E-001,-7.829925417900085E-001,-1.244390383362770E-001,1.001699790358543E-001,-5.818904042243958E-001,-7.829925417900085E-001,
2.781666666666667E+009,-1.560156643390656E-001,1.055613979697228E-001,-5.949741005897522E-001,-7.624709010124207E-001,-1.560156643390656E-001,1.055613979697228E-001,-5.949741005897522E-001,-7.624709010124207E-001,
2.790033333333334E+009,-1.826116591691971E-001,1.290141642093658E-001,-6.186284422874451E-001,-7.413819432258606E-001,-1.826116591691971E-001,1.290141642093658E-001,-6.186284422874451E-001,-7.413819432258606E-001,
2.798400000000000E+009,-1.923632472753525E-001,1.608533263206482E-001,-6.339200139045715E-001,-7.219945192337036E-001,-1.923632472753525E-001,1.608533263206482E-001,-6.339200139045715E-001,-7.219945192337036E-001,
2.806766666666667E+009,-1.813590377569199E-001,1.944162696599960E-001,-6.445342898368835E-001,-7.055449485778809E-001,-1.813590377569199E-001,1.944162696599960E-001,-6.445342898368835E-001,-7.055449485778809E-001,
2.815133333333334E+009,-1.532883644104004E-001,2.178788781166077E-001,-6.562307476997376E-001,-6.941805481910706E-001,-1.532883644104004E-001,2.178788781166077E-001,-6.562307476997376E-001,-6.941805481910706E-001,
2.823500000000000E+009,-1.174246445298195E-001,2.283542454242706E-001,-6.695624589920044E-001,-6.813279986381531E-001,-1.174246445298195E-001,2.283542454242706E-001,-6.695624589920044E-001,-6.813279986381531E-001,
2.831866666666667E+009,-7.822000235319138E-002,2.193733751773834E-001,-6.874901652336121E-001,-6.684086322784424E-001,-7.822000235319138E-002,2.193733751773834E-001,-6.874901652336121E-001,-6.684086322784424E-001,
2.840233333333334E+009,-4.886844754219055E-002,1.977865099906921E-001,-7.144401073455811E-001,-6.515085697174072E-001,-4.886844754219055E-002,1.977865099906921E-001,-7.144401073455811E-001,-6.515085697174072E-001,
2.848600000000000E+009,-3.789373487234116E-002,1.685185879468918E-001,-7.356187701225281E-001,-6.431221365928650E-001,-3.789373487234116E-002,1.685185879468918E-001,-7.356187701225281E-001,-6.431221365928650E-001,
2.856966666666667E+009,-4.758761823177338E-002,1.420257836580277E-001,-7.553349733352661E-001,-6.200286746025085E-001,-4.758761823177338E-002,1.420257836580277E-001,-7.553349733352661E-001,-6.200286746025085E-001,
2.865333333333334E+009,-7.391895353794098E-002,1.305404752492905E-001,-7.696070075035095E-001,-5.951350331306458E-001,-7.391895353794098E-002,1.305404752492905E-001,-7.696070075035095E-001,-5.951350331306458E-001,
2.873700000000000E+009,-1.071299612522125E-001,1.370882689952850E-001,-7.946232557296753E-001,-5.675017833709717E-001,-1.071299612522125E-001,1.370882689952850E-001,-7.946232557296753E-001,-5.675017833709717E-001,
2.882066666666667E+009,-1.328772604465485E-001,1.605357527732849E-001,-7.987076640129089E-001,-5.443386435508728E-001,-1.328772604465485E-001,1.605357527732849E-001,-7.987076640129089E-001,-5.443386435508728E-001,
2.890433333333334E+009,-1.431737542152405E-001,1.964549869298935E-001,-8.085273504257202E-001,-5.211728215217590E-001,-1.431737542152405E-001,1.964549869298935E-001,-8.085273504257202E-001,-5.211728215217590E-001,
2.898800000000000E+009,-1.333539485931397E-001,2.310559302568436E-001,-8.126362562179565E-001,-5.012595653533936E-001,-1.333539485931397E-001,2.310559302568436E-001,-8.126362562179565E-001,-5.012595653533936E-001,
2.907166666666667E+009,-1.060828194022179E-001,2.561076581478119E-001,-8.275117874145508E-001,-4.779867231845856E-001,-1.060828194022179E-001,2.561076581478119E-001,-8.275117874145508E-001,-4.779867231845856E-001,
2.915533333333334E+009,-6.775368750095367E-002,2.649379372596741E-001,-8.300813436508179E-001,-4.641388952732086E-001,-6.775368750095367E-002,2.649379372596741E-001,-8.300813436508179E-001,-4.641388952732086E-001,
2.923900000000000E+009,-2.837232872843742E-002,2.537822127342224E-001,-8.414915800094605E-001,-4.509879648685455E-001,-2.837232872843742E-002,2.537822127342224E-001,-8.414915800094605E-001,-4.509879648685455E-001,
2.932266666666667E+009,3.941384144127369E-003,2.266719937324524E-001,-8.604339361190796E-001,-4.371890127658844E-001,3.941384144127369E-003,2.266719937324524E-001,-8.604339361190796E-001,-4.371890127658844E-001,
2.940633333333334E+009,1.732966117560864E-002,1.905414313077927E-001,-8.768519759178162E-001,-4.175914525985718E-001,1.732966117560864E-002,1.905414313077927E-001,-8.768519759178162E-001,-4.175914525985718E-001,
2.949000000000000E+009,9.158395230770111E-003,1.603953987360001E-001,-8.920929431915283E-001,-3.979100584983826E-001,9.158395230770111E-003,1.603953987360001E-001,-8.920929431915283E-001,-3.979100584983826E-001,
2.957366666666667E+009,-1.514856517314911E-002,1.420821994543076E-001,-9.059949517250061E-001,-3.651772737503052E-001,-1.514856517314911E-002,1.420821994543076E-001,-9.059949517250061E-001,-3.651772737503052E-001,
2.965733333333334E+009,-4.737754911184311E-002,1.466707140207291E-001,-9.193505644798279E-001,-3.288136422634125E-001,-4.737754911184311E-002,1.466707140207291E-001,-9.193505644798279E-001,-3.288136422634125E-001,
2.974100000000000E+009,-7.231292128562927E-002,1.701641529798508E-001,-9.211754798889160E-001,-2.982681989669800E-001,-7.231292128562927E-002,1.701641529798508E-001,-9.211754798889160E-001,-2.982681989669800E-001,
2.982466666666667E+009,-8.439759165048599E-002,2.087184786796570E-001,-9.240466356277466E-001,-2.753786444664002E-001,-8.439759165048599E-002,2.087184786796570E-001,-9.240466356277466E-001,-2.753786444664002E-001,
2.990833333333334E+009,-7.386648654937744E-002,2.463128417730331E-001,-9.220592379570007E-001,-2.516757547855377E-001,-7.386648654937744E-002,2.463128417730331E-001,-9.220592379570007E-001,-2.516757547855377E-001,
2.999200000000000E+009,-4.758798703551292E-002,2.732715010643005E-001,-9.214724302291870E-001,-2.277662456035614E-001,-4.758798703551292E-002,2.732715010643005E-001,-9.214724302291870E-001,-2.277662456035614E-001,
3.007566666666667E+009,-7.438821252435446E-003,2.820346355438232E-001,-9.263960123062134E-001,-2.151786535978317E-001,-7.438821252435446E-003,2.820346355438232E-001,-9.263960123062134E-001,-2.151786535978317E-001,
3.015933333333334E+009,3.250627592206001E-002,2.684919834136963E-001,-9.294577836990356E-001,-2.002531141042709E-001,3.250627592206001E-002,2.684919834136963E-001,-9.294577836990356E-001,-2.002531141042709E-001,
3.024300000000000E+009,6.516194343566895E-002,2.370518594980240E-001,-9.418778419494629E-001,-1.762998253107071E-001,6.516194343566895E-002,2.370518594980240E-001,-9.418778419494629E-001,-1.762998253107071E-001,
3.032666666666667E+009,7.740714401006699E-002,1.960955709218979E-001,-9.523186683654785E-001,-1.583060473203659E-001,7.740714401006699E-002,1.960955709218979E-001,-9.523186683654785E-001,-1.583060473203659E-001,
3.041033333333334E+009,6.698819249868393E-002,1.573195159435272E-001,-9.653328061103821E-001,-1.325951367616653E-001,6.698819249868393E-002,1.573195159435272E-001,-9.653328061103821E-001,-1.325951367616653E-001,
3.049400000000000E+009,3.970189765095711E-002,1.340552270412445E-001,-9.749840497970581E-001,-1.002770438790321E-001,3.970189765095711E-002,1.340552270412445E-001,-9.749840497970581E-001,-1.002770438790321E-001,
3.057766666666667E+009,5.048299208283424E-003,1.375627964735031E-001,-9.736137390136719E-001,-6.678409129381180E-002,5.048299208283424E-003,1.375627964735031E-001,-9.736137390136719E-001,-6.678409129381180E-002,
3.066133333333334E+009,-2.390700578689575E-002,1.632791608572006E-001,-9.747890233993530E-001,-2.800742723047733E-002,-2.390700578689575E-002,1.632791608572006E-001,-9.747890233993530E-001,-2.800742723047733E-002,
3.074500000000000E+009,-3.391585126519203E-002,2.044337838888168E-001,-9.656777977943420E-001,-8.264349307864904E-004,-3.391585126519203E-002,2.044337838888168E-001,-9.656777977943420E-001,-8.264349307864904E-004,
3.082866666666667E+009,-1.898494735360146E-002,2.481703013181686E-001,-9.576702713966370E-001,2.160803787410259E-002,-1.898494735360146E-002,2.481703013181686E-001,-9.576702713966370E-001,2.160803787410259E-002,
3.091233333333334E+009,1.401295047253370E-002,2.795060276985169E-001,-9.473764300346375E-001,3.264232352375984E-002,1.401295047253370E-002,2.795060276985169E-001,-9.473764300346375E-001,3.264232352375984E-002,
3.099600000000000E+009,6.018479540944099E-002,2.886341512203217E-001,-9.407020807266235E-001,5.695823207497597E-002,6.018479540944099E-002,2.886341512203217E-001,-9.407020807266235E-001,5.695823207497597E-002,
3.107966666666667E+009,1.048981994390488E-001,2.706749439239502E-001,-9.417151212692261E-001,7.348051667213440E-002,1.048981994390488E-001,2.706749439239502E-001,-9.417151212692261E-001,7.348051667213440E-002,
3.116333333333334E+009,1.378730386495590E-001,2.328876405954361E-001,-9.437695145606995E-001,8.371821045875549E-002,1.378730386495590E-001,2.328876405954361E-001,-9.437695145606995E-001,8.371821045875549E-002,
3.124700000000000E+009,1.505784243345261E-001,1.828243583440781E-001,-9.498161077499390E-001,9.907960146665573E-002,1.505784243345261E-001,1.828243583440781E-001,-9.498161077499390E-001,9.907960146665573E-002,
3.133066666666667E+009,1.368564367294312E-001,1.343209594488144E-001,-9.596710801124573E-001,1.249447166919708E-001,1.368564367294312E-001,1.343209594488144E-001,-9.596710801124573E-001,1.249447166919708E-001,
3.141433333333334E+009,1.020396128296852E-001,1.015482395887375E-001,-9.642190337181091E-001,1.628894805908203E-001,1.020396128296852E-001,1.015482395887375E-001,-9.642190337181091E-001,1.628894805908203E-001,
3.149800000000000E+009,5.899380892515183E-002,9.927386045455933E-002,-9.642595648765564E-001,1.978502720594406E-001,5.899380892515183E-002,9.927386045455933E-002,-9.642595648765564E-001,1.978502720594406E-001,
3.158166666666667E+009,2.179445885121822E-002,1.227865144610405E-001,-9.522524476051331E-001,2.357056289911270E-001,2.179445885121822E-002,1.227865144610405E-001,-9.522524476051331E-001,2.357056289911270E-001,
3.166533333333334E+009,4.606779664754868E-003,1.679850071668625E-001,-9.314497709274292E-001,2.668908238410950E-001,4.606779664754868E-003,1.679850071668625E-001,-9.314497709274292E-001,2.668908238410950E-001,
3.174900000000000E+009,1.718828268349171E-002,2.158293575048447E-001,-9.222028851509094E-001,2.887685000896454E-001,1.718828268349171E-002,2.158293575048447E-001,-9.222028851509094E-001,2.887685000896454E-001,
3.183266666666667E+009,5.292680114507675E-002,2.536959052085877E-001,-8.998379707336426E-001,3.092966377735138E-001,5.292680114507675E-002,2.536959052085877E-001,-8.998379707336426E-001,3.092966377735138E-001,
3.191633333333334E+009,9.999164938926697E-002,2.659361362457275E-001,-8.886121511459351E-001,3.202404975891113E-001,9.999164938926697E-002,2.659361362457275E-001,-8.886121511459351E-001,3.202404975891113E-001,
3.200000000000000E+009,1.481374651193619E-001,2.503243982791901E-001,-8.782317042350769E-001,3.281762897968292E-001,1.481374651193619E-001,2.503243982791901E-001,-8.782317042350769E-001,3.281762897968292E-001,
