% Version 1.00
%
%freq[Hz],re:Trc1_S11,im:Trc1_S11,re:Trc2_S21,im:Trc2_S21,re:Trc3_S11,im:Trc3_S11,re:Trc4_S21,im:Trc4_S21,
6.900000000000000E+008,-5.822139605879784E-002,4.513301700353622E-002,-5.129492878913879E-001,-8.443071246147156E-001,-5.822139605879784E-002,4.513301700353622E-002,-5.129492878913879E-001,-8.443071246147156E-001,
6.983666666666666E+008,-5.020762607455254E-002,4.569510370492935E-002,-5.385302305221558E-001,-8.328472971916199E-001,-5.020762607455254E-002,4.569510370492935E-002,-5.385302305221558E-001,-8.328472971916199E-001,
7.067333333333334E+008,-4.461540281772614E-002,4.144895076751709E-002,-5.608870983123779E-001,-8.069267868995667E-001,-4.461540281772614E-002,4.144895076751709E-002,-5.608870983123779E-001,-8.069267868995667E-001,
7.151000000000000E+008,-4.427956044673920E-002,3.438496589660645E-002,-5.962674021720886E-001,-8.044820427894592E-001,-4.427956044673920E-002,3.438496589660645E-002,-5.962674021720886E-001,-8.044820427894592E-001,
7.234666666666666E+008,-4.648467525839806E-002,2.975644171237946E-002,-6.098315715789795E-001,-7.886087298393250E-001,-4.648467525839806E-002,2.975644171237946E-002,-6.098315715789795E-001,-7.886087298393250E-001,
7.318333333333334E+008,-5.368808656930924E-002,2.801982685923576E-002,-6.269784569740295E-001,-7.710252404212952E-001,-5.368808656930924E-002,2.801982685923576E-002,-6.269784569740295E-001,-7.710252404212952E-001,
7.402000000000000E+008,-5.956159532070160E-002,3.062661364674568E-002,-6.373052000999451E-001,-7.452832460403442E-001,-5.956159532070160E-002,3.062661364674568E-002,-6.373052000999451E-001,-7.452832460403442E-001,
7.485666666666666E+008,-6.448949873447418E-002,3.819671645760536E-002,-6.669178009033203E-001,-7.315309643745422E-001,-6.448949873447418E-002,3.819671645760536E-002,-6.669178009033203E-001,-7.315309643745422E-001,
7.569333333333334E+008,-6.792120635509491E-002,4.836307093501091E-002,-6.852996349334717E-001,-7.177389264106751E-001,-6.792120635509491E-002,4.836307093501091E-002,-6.852996349334717E-001,-7.177389264106751E-001,
7.653000000000000E+008,-6.200951337814331E-002,5.739524960517883E-002,-6.927265524864197E-001,-6.980544328689575E-001,-6.200951337814331E-002,5.739524960517883E-002,-6.927265524864197E-001,-6.980544328689575E-001,
7.736666666666666E+008,-5.537055060267448E-002,6.414770334959030E-002,-7.053767442703247E-001,-6.944907903671265E-001,-5.537055060267448E-002,6.414770334959030E-002,-7.053767442703247E-001,-6.944907903671265E-001,
7.820333333333334E+008,-4.651173204183579E-002,6.828867644071579E-002,-7.386832237243652E-001,-6.658275127410889E-001,-4.651173204183579E-002,6.828867644071579E-002,-7.386832237243652E-001,-6.658275127410889E-001,
7.904000000000000E+008,-3.652860224246979E-002,6.734320521354675E-002,-7.477008104324341E-001,-6.472291350364685E-001,-3.652860224246979E-002,6.734320521354675E-002,-7.477008104324341E-001,-6.472291350364685E-001,
7.987666666666666E+008,-3.221216052770615E-002,6.243335455656052E-002,-7.524660229682922E-001,-6.307718157768250E-001,-3.221216052770615E-002,6.243335455656052E-002,-7.524660229682922E-001,-6.307718157768250E-001,
8.071333333333334E+008,-3.066669404506683E-002,5.638805404305458E-002,-7.791292667388916E-001,-5.982697010040283E-001,-3.066669404506683E-002,5.638805404305458E-002,-7.791292667388916E-001,-5.982697010040283E-001,
8.155000000000000E+008,-3.340227156877518E-002,4.973119124770165E-002,-8.054107427597046E-001,-5.865907669067383E-001,-3.340227156877518E-002,4.973119124770165E-002,-8.054107427597046E-001,-5.865907669067383E-001,
8.238666666666666E+008,-4.000036418437958E-002,4.846224188804627E-002,-8.111314773559570E-001,-5.625946521759033E-001,-4.000036418437958E-002,4.846224188804627E-002,-8.111314773559570E-001,-5.625946521759033E-001,
8.322333333333334E+008,-4.519657045602799E-002,5.047516524791718E-002,-8.207709193229675E-001,-5.443156957626343E-001,-4.519657045602799E-002,5.047516524791718E-002,-8.207709193229675E-001,-5.443156957626343E-001,
8.406000000000000E+008,-4.944660514593124E-002,5.422466993331909E-002,-8.322969079017639E-001,-5.215687751770020E-001,-4.944660514593124E-002,5.422466993331909E-002,-8.322969079017639E-001,-5.215687751770020E-001,
8.489666666666668E+008,-5.028876662254334E-002,6.593404710292816E-002,-8.437331914901733E-001,-4.920945763587952E-001,-5.028876662254334E-002,6.593404710292816E-002,-8.437331914901733E-001,-4.920945763587952E-001,
8.573333333333334E+008,-4.746638983488083E-002,7.385710626840591E-002,-8.449975252151489E-001,-4.613283872604370E-001,-4.746638983488083E-002,7.385710626840591E-002,-8.449975252151489E-001,-4.613283872604370E-001,
8.657000000000000E+008,-4.156597703695297E-002,8.130341023206711E-002,-8.726384639739990E-001,-4.647903442382813E-001,-4.156597703695297E-002,8.130341023206711E-002,-8.726384639739990E-001,-4.647903442382813E-001,
8.740666666666668E+008,-3.200826048851013E-002,8.637959510087967E-002,-8.789653182029724E-001,-4.402083158493042E-001,-3.200826048851013E-002,8.637959510087967E-002,-8.789653182029724E-001,-4.402083158493042E-001,
8.824333333333334E+008,-2.372348867356777E-002,8.783529698848724E-002,-8.965241909027100E-001,-4.155336320400238E-001,-2.372348867356777E-002,8.783529698848724E-002,-8.965241909027100E-001,-4.155336320400238E-001,
8.908000000000000E+008,-1.557250227779150E-002,8.449251949787140E-002,-9.101183414459229E-001,-3.976110517978668E-001,-1.557250227779150E-002,8.449251949787140E-002,-9.101183414459229E-001,-3.976110517978668E-001,
8.991666666666668E+008,-1.005995273590088E-002,7.866041362285614E-002,-9.096310734748840E-001,-3.701234161853790E-001,-1.005995273590088E-002,7.866041362285614E-002,-9.096310734748840E-001,-3.701234161853790E-001,
9.075333333333334E+008,-9.589469060301781E-003,7.180339097976685E-002,-9.235409498214722E-001,-3.447385430335999E-001,-9.589469060301781E-003,7.180339097976685E-002,-9.235409498214722E-001,-3.447385430335999E-001,
9.159000000000000E+008,-1.255214586853981E-002,6.648051738739014E-002,-9.441520571708679E-001,-3.191106021404266E-001,-1.255214586853981E-002,6.648051738739014E-002,-9.441520571708679E-001,-3.191106021404266E-001,
9.242666666666668E+008,-1.884987205266953E-002,6.731799244880676E-002,-9.351384639739990E-001,-2.974868416786194E-001,-1.884987205266953E-002,6.731799244880676E-002,-9.351384639739990E-001,-2.974868416786194E-001,
9.326333333333334E+008,-2.329581789672375E-002,7.009637355804443E-002,-9.510380029678345E-001,-2.825926542282105E-001,-2.329581789672375E-002,7.009637355804443E-002,-9.510380029678345E-001,-2.825926542282105E-001,
9.410000000000000E+008,-2.640350721776485E-002,7.481630146503449E-002,-9.605019092559815E-001,-2.458843439817429E-001,-2.640350721776485E-002,7.481630146503449E-002,-9.605019092559815E-001,-2.458843439817429E-001,
9.493666666666668E+008,-2.681350149214268E-002,8.408933877944946E-002,-9.645599126815796E-001,-2.152448296546936E-001,-2.681350149214268E-002,8.408933877944946E-002,-9.645599126815796E-001,-2.152448296546936E-001,
9.577333333333334E+008,-2.224220149219036E-002,9.398230910301209E-002,-9.698836803436279E-001,-2.016579955816269E-001,-2.224220149219036E-002,9.398230910301209E-002,-9.698836803436279E-001,-2.016579955816269E-001,
9.661000000000000E+008,-1.285872887820005E-002,1.002560257911682E-001,-9.702767133712769E-001,-1.594406813383102E-001,-1.285872887820005E-002,1.002560257911682E-001,-9.702767133712769E-001,-1.594406813383102E-001,
9.744666666666668E+008,-1.596515532582998E-003,9.984086453914642E-002,-9.676382541656494E-001,-1.495383232831955E-001,-1.596515532582998E-003,9.984086453914642E-002,-9.676382541656494E-001,-1.495383232831955E-001,
9.828333333333334E+008,7.725947070866823E-003,1.008051708340645E-001,-9.829884171485901E-001,-1.294239759445190E-001,7.725947070866823E-003,1.008051708340645E-001,-9.829884171485901E-001,-1.294239759445190E-001,
9.912000000000000E+008,1.823521964251995E-002,9.426770359277725E-002,-9.800550341606140E-001,-1.075755804777145E-001,1.823521964251995E-002,9.426770359277725E-002,-9.800550341606140E-001,-1.075755804777145E-001,
9.995666666666668E+008,2.177247032523155E-002,8.678463846445084E-002,-9.916890859603882E-001,-7.042063027620316E-002,2.177247032523155E-002,8.678463846445084E-002,-9.916890859603882E-001,-7.042063027620316E-002,
1.007933333333333E+009,2.557815797626972E-002,7.772537320852280E-002,-1.005391120910645E+000,-5.235809460282326E-002,2.557815797626972E-002,7.772537320852280E-002,-1.005391120910645E+000,-5.235809460282326E-002,
1.016300000000000E+009,1.983000710606575E-002,7.225812971591950E-002,-9.909722208976746E-001,-2.624890394508839E-002,1.983000710606575E-002,7.225812971591950E-002,-9.909722208976746E-001,-2.624890394508839E-002,
1.024666666666667E+009,1.248903386294842E-002,6.908517330884934E-002,-9.865025281906128E-001,2.927656751126051E-004,1.248903386294842E-002,6.908517330884934E-002,-9.865025281906128E-001,2.927656751126051E-004,
1.033033333333333E+009,8.394864387810230E-003,7.426860928535461E-002,-9.925761222839356E-001,2.708078175783157E-002,8.394864387810230E-003,7.426860928535461E-002,-9.925761222839356E-001,2.708078175783157E-002,
1.041400000000000E+009,2.773317741230130E-003,7.939782738685608E-002,-9.915193319320679E-001,4.833597317337990E-002,2.773317741230130E-003,7.939782738685608E-002,-9.915193319320679E-001,4.833597317337990E-002,
1.049766666666667E+009,7.252964656800032E-003,8.846330642700195E-002,-9.761441946029663E-001,8.445053547620773E-002,7.252964656800032E-003,8.846330642700195E-002,-9.761441946029663E-001,8.445053547620773E-002,
1.058133333333333E+009,1.248789113014936E-002,9.730450063943863E-002,-9.773399829864502E-001,1.060013324022293E-001,1.248789113014936E-002,9.730450063943863E-002,-9.773399829864502E-001,1.060013324022293E-001,
1.066500000000000E+009,2.443794533610344E-002,1.007131487131119E-001,-9.911832213401794E-001,1.407642513513565E-001,2.443794533610344E-002,1.007131487131119E-001,-9.911832213401794E-001,1.407642513513565E-001,
1.074866666666667E+009,3.845242038369179E-002,9.865111112594605E-002,-9.843222498893738E-001,1.606443375349045E-001,3.845242038369179E-002,9.865111112594605E-002,-9.843222498893738E-001,1.606443375349045E-001,
1.083233333333334E+009,4.703256860375404E-002,9.016861021518707E-002,-9.673623442649841E-001,1.809160560369492E-001,4.703256860375404E-002,9.016861021518707E-002,-9.673623442649841E-001,1.809160560369492E-001,
1.091600000000000E+009,5.343268066644669E-002,7.949159294366837E-002,-9.497665762901306E-001,2.001529186964035E-001,5.343268066644669E-002,7.949159294366837E-002,-9.497665762901306E-001,2.001529186964035E-001,
1.099966666666667E+009,5.225050449371338E-002,6.633462011814117E-002,-9.445357322692871E-001,2.384995073080063E-001,5.225050449371338E-002,6.633462011814117E-002,-9.445357322692871E-001,2.384995073080063E-001,
1.108333333333334E+009,4.423746094107628E-002,5.912537127733231E-002,-9.444290399551392E-001,2.465521693229675E-001,4.423746094107628E-002,5.912537127733231E-002,-9.444290399551392E-001,2.465521693229675E-001,
1.116700000000000E+009,3.436117246747017E-002,5.676873773336411E-002,-9.363152980804443E-001,2.808939218521118E-001,3.436117246747017E-002,5.676873773336411E-002,-9.363152980804443E-001,2.808939218521118E-001,
1.125066666666667E+009,2.438461966812611E-002,6.213624775409699E-002,-9.363764524459839E-001,2.979213595390320E-001,2.438461966812611E-002,6.213624775409699E-002,-9.363764524459839E-001,2.979213595390320E-001,
1.133433333333334E+009,1.805964857339859E-002,7.217174768447876E-002,-9.322456717491150E-001,3.431129455566406E-001,1.805964857339859E-002,7.217174768447876E-002,-9.322456717491150E-001,3.431129455566406E-001,
1.141800000000000E+009,1.849421486258507E-002,8.537283539772034E-002,-9.085335135459900E-001,3.570083677768707E-001,1.849421486258507E-002,8.537283539772034E-002,-9.085335135459900E-001,3.570083677768707E-001,
1.150166666666667E+009,2.874712646007538E-002,9.868407249450684E-002,-8.993176817893982E-001,3.573400080204010E-001,2.874712646007538E-002,9.868407249450684E-002,-8.993176817893982E-001,3.573400080204010E-001,
1.158533333333334E+009,4.583307355642319E-002,1.046598851680756E-001,-8.905819058418274E-001,3.971155583858490E-001,4.583307355642319E-002,1.046598851680756E-001,-8.905819058418274E-001,3.971155583858490E-001,
1.166900000000000E+009,6.555222719907761E-002,1.032046228647232E-001,-8.737370371818543E-001,4.167935550212860E-001,6.555222719907761E-002,1.032046228647232E-001,-8.737370371818543E-001,4.167935550212860E-001,
1.175266666666667E+009,8.110541850328445E-002,9.133658558130264E-002,-8.675686120986939E-001,4.453973174095154E-001,8.110541850328445E-002,9.133658558130264E-002,-8.675686120986939E-001,4.453973174095154E-001,
1.183633333333334E+009,9.265876561403275E-002,7.600672543048859E-002,-8.658345341682434E-001,4.573012590408325E-001,9.265876561403275E-002,7.600672543048859E-002,-8.658345341682434E-001,4.573012590408325E-001,
1.192000000000000E+009,9.209328144788742E-002,5.725880339741707E-002,-8.529267907142639E-001,4.796530604362488E-001,9.209328144788742E-002,5.725880339741707E-002,-8.529267907142639E-001,4.796530604362488E-001,
1.200366666666667E+009,8.238308876752853E-002,4.142070189118385E-002,-8.400244712829590E-001,5.010629296302795E-001,8.238308876752853E-002,4.142070189118385E-002,-8.400244712829590E-001,5.010629296302795E-001,
1.208733333333334E+009,6.789296120405197E-002,3.350014612078667E-002,-8.321837186813355E-001,5.432528853416443E-001,6.789296120405197E-002,3.350014612078667E-002,-8.321837186813355E-001,5.432528853416443E-001,
1.217100000000000E+009,5.298630148172379E-002,3.533116355538368E-002,-8.275435566902161E-001,5.538064241409302E-001,5.298630148172379E-002,3.533116355538368E-002,-8.275435566902161E-001,5.538064241409302E-001,
1.225466666666667E+009,4.217903688549995E-002,4.702060297131538E-002,-7.939044237136841E-001,5.778786540031433E-001,4.217903688549995E-002,4.702060297131538E-002,-7.939044237136841E-001,5.778786540031433E-001,
1.233833333333334E+009,3.941369801759720E-002,6.337378919124603E-002,-7.881616950035095E-001,5.891633033752441E-001,3.941369801759720E-002,6.337378919124603E-002,-7.881616950035095E-001,5.891633033752441E-001,
1.242200000000000E+009,4.938628897070885E-002,7.672094553709030E-002,-7.617299556732178E-001,6.216896772384644E-001,4.938628897070885E-002,7.672094553709030E-002,-7.617299556732178E-001,6.216896772384644E-001,
1.250566666666667E+009,6.374122947454453E-002,8.532704412937164E-002,-7.393512725830078E-001,6.259834170341492E-001,6.374122947454453E-002,8.532704412937164E-002,-7.393512725830078E-001,6.259834170341492E-001,
1.258933333333334E+009,8.422581106424332E-002,8.373132348060608E-002,-7.332202792167664E-001,6.475600004196167E-001,8.422581106424332E-002,8.373132348060608E-002,-7.332202792167664E-001,6.475600004196167E-001,
1.267300000000000E+009,1.037819832563400E-001,7.157529145479202E-002,-7.141984701156616E-001,6.611060500144959E-001,1.037819832563400E-001,7.157529145479202E-002,-7.141984701156616E-001,6.611060500144959E-001,
1.275666666666667E+009,1.121006011962891E-001,5.291476473212242E-002,-7.022531032562256E-001,6.684903502464294E-001,1.121006011962891E-001,5.291476473212242E-002,-7.022531032562256E-001,6.684903502464294E-001,
1.284033333333334E+009,1.135402545332909E-001,3.151404112577438E-002,-6.852075457572937E-001,7.102323770523071E-001,1.135402545332909E-001,3.151404112577438E-002,-6.852075457572937E-001,7.102323770523071E-001,
1.292400000000000E+009,1.030461266636848E-001,1.342258881777525E-002,-6.734167337417603E-001,7.140227556228638E-001,1.030461266636848E-001,1.342258881777525E-002,-6.734167337417603E-001,7.140227556228638E-001,
1.300766666666667E+009,8.399166911840439E-002,5.780965555459261E-003,-6.504542231559753E-001,7.382073998451233E-001,8.399166911840439E-002,5.780965555459261E-003,-6.504542231559753E-001,7.382073998451233E-001,
1.309133333333334E+009,6.477755308151245E-002,7.871309295296669E-003,-6.251513361930847E-001,7.523286342620850E-001,6.477755308151245E-002,7.871309295296669E-003,-6.251513361930847E-001,7.523286342620850E-001,
1.317500000000000E+009,5.164798721671104E-002,2.037823013961315E-002,-6.108965873718262E-001,7.830395698547363E-001,5.164798721671104E-002,2.037823013961315E-002,-6.108965873718262E-001,7.830395698547363E-001,
1.325866666666667E+009,4.888291284441948E-002,3.722525388002396E-002,-5.902529954910278E-001,7.971895933151245E-001,4.888291284441948E-002,3.722525388002396E-002,-5.902529954910278E-001,7.971895933151245E-001,
1.334233333333334E+009,5.881427973508835E-002,5.368703976273537E-002,-5.711101889610291E-001,8.022311925888062E-001,5.881427973508835E-002,5.368703976273537E-002,-5.711101889610291E-001,8.022311925888062E-001,
1.342600000000000E+009,7.548448443412781E-002,6.088435649871826E-002,-5.528169870376587E-001,8.185217380523682E-001,7.548448443412781E-002,6.088435649871826E-002,-5.528169870376587E-001,8.185217380523682E-001,
1.350966666666667E+009,9.602557122707367E-002,5.600434169173241E-002,-5.260990858078003E-001,8.295174837112427E-001,9.602557122707367E-002,5.600434169173241E-002,-5.260990858078003E-001,8.295174837112427E-001,
1.359333333333334E+009,1.105087623000145E-001,4.092084243893623E-002,-5.131150484085083E-001,8.286721110343933E-001,1.105087623000145E-001,4.092084243893623E-002,-5.131150484085083E-001,8.286721110343933E-001,
1.367700000000000E+009,1.154760345816612E-001,2.017641626298428E-002,-4.796953797340393E-001,8.461613059043884E-001,1.154760345816612E-001,2.017641626298428E-002,-4.796953797340393E-001,8.461613059043884E-001,
1.376066666666667E+009,1.110755875706673E-001,-2.417027018964291E-003,-4.642859399318695E-001,8.553938269615173E-001,1.110755875706673E-001,-2.417027018964291E-003,-4.642859399318695E-001,8.553938269615173E-001,
1.384433333333334E+009,9.359616041183472E-002,-1.710710674524307E-002,-4.488297700881958E-001,8.855817914009094E-001,9.359616041183472E-002,-1.710710674524307E-002,-4.488297700881958E-001,8.855817914009094E-001,
1.392800000000000E+009,7.338230311870575E-002,-1.860210485756397E-002,-4.272361397743225E-001,8.940923213958740E-001,7.338230311870575E-002,-1.860210485756397E-002,-4.272361397743225E-001,8.940923213958740E-001,
1.401166666666667E+009,5.418993905186653E-002,-1.033295039087534E-002,-3.997778594493866E-001,9.012898206710815E-001,5.418993905186653E-002,-1.033295039087534E-002,-3.997778594493866E-001,9.012898206710815E-001,
1.409533333333334E+009,4.237481951713562E-002,6.742661353200674E-003,-3.692376315593720E-001,9.152722954750061E-001,4.237481951713562E-002,6.742661353200674E-003,-3.692376315593720E-001,9.152722954750061E-001,
1.417900000000000E+009,4.549400508403778E-002,2.969708107411861E-002,-3.494675159454346E-001,9.107207655906677E-001,4.549400508403778E-002,2.969708107411861E-002,-3.494675159454346E-001,9.107207655906677E-001,
1.426266666666667E+009,5.783222243189812E-002,4.529209062457085E-002,-3.111880719661713E-001,9.352717995643616E-001,5.783222243189812E-002,4.529209062457085E-002,-3.111880719661713E-001,9.352717995643616E-001,
1.434633333333334E+009,7.919435203075409E-002,5.145443975925446E-002,-3.013712167739868E-001,9.286141991615295E-001,7.919435203075409E-002,5.145443975925446E-002,-3.013712167739868E-001,9.286141991615295E-001,
1.443000000000000E+009,9.981108456850052E-002,4.641586914658546E-002,-2.766200900077820E-001,9.350778460502625E-001,9.981108456850052E-002,4.641586914658546E-002,-2.766200900077820E-001,9.350778460502625E-001,
1.451366666666667E+009,1.149832755327225E-001,2.893310040235519E-002,-2.512520551681519E-001,9.342033863067627E-001,1.149832755327225E-001,2.893310040235519E-002,-2.512520551681519E-001,9.342033863067627E-001,
1.459733333333334E+009,1.204254552721977E-001,7.353987079113722E-003,-2.250533550977707E-001,9.604735374450684E-001,1.204254552721977E-001,7.353987079113722E-003,-2.250533550977707E-001,9.604735374450684E-001,
1.468100000000000E+009,1.163576543331146E-001,-1.508730091154575E-002,-2.094400525093079E-001,9.590999484062195E-001,1.163576543331146E-001,-1.508730091154575E-002,-2.094400525093079E-001,9.590999484062195E-001,
1.476466666666667E+009,9.621850401163101E-002,-2.971814945340157E-002,-1.807847768068314E-001,9.635803699493408E-001,9.621850401163101E-002,-2.971814945340157E-002,-1.807847768068314E-001,9.635803699493408E-001,
1.484833333333334E+009,7.550923526287079E-002,-3.020634129643440E-002,-1.551996916532517E-001,9.716482758522034E-001,7.550923526287079E-002,-3.020634129643440E-002,-1.551996916532517E-001,9.716482758522034E-001,
1.493200000000000E+009,5.738727748394013E-002,-2.175995148718357E-002,-1.362137645483017E-001,9.743459224700928E-001,5.738727748394013E-002,-2.175995148718357E-002,-1.362137645483017E-001,9.743459224700928E-001,
1.501566666666667E+009,5.099086090922356E-002,-2.587187336757779E-003,-1.071937903761864E-001,9.822677373886108E-001,5.099086090922356E-002,-2.587187336757779E-003,-1.071937903761864E-001,9.822677373886108E-001,
1.509933333333334E+009,5.408081784844399E-002,1.744763739407063E-002,-7.531091570854187E-002,9.852523207664490E-001,5.408081784844399E-002,1.744763739407063E-002,-7.531091570854187E-002,9.852523207664490E-001,
1.518300000000000E+009,6.880740076303482E-002,3.266376629471779E-002,-5.604295060038567E-002,9.781578183174133E-001,6.880740076303482E-002,3.266376629471779E-002,-5.604295060038567E-002,9.781578183174133E-001,
1.526666666666667E+009,8.853375166654587E-002,3.654969483613968E-002,-3.871000185608864E-002,9.613735675811768E-001,8.853375166654587E-002,3.654969483613968E-002,-3.871000185608864E-002,9.613735675811768E-001,
1.535033333333334E+009,1.090696007013321E-001,2.813286148011684E-002,-2.749523613601923E-003,9.743952155113220E-001,1.090696007013321E-001,2.813286148011684E-002,-2.749523613601923E-003,9.743952155113220E-001,
1.543400000000000E+009,1.232529357075691E-001,1.095030549913645E-002,2.151416055858135E-002,9.760779142379761E-001,1.232529357075691E-001,1.095030549913645E-002,2.151416055858135E-002,9.760779142379761E-001,
1.551766666666667E+009,1.264790594577789E-001,-1.079130358994007E-002,4.595113173127174E-002,9.738763570785523E-001,1.264790594577789E-001,-1.079130358994007E-002,4.595113173127174E-002,9.738763570785523E-001,
1.560133333333334E+009,1.158898472785950E-001,-3.266359865665436E-002,6.898570060729981E-002,9.791624546051025E-001,1.158898472785950E-001,-3.266359865665436E-002,6.898570060729981E-002,9.791624546051025E-001,
1.568500000000000E+009,9.970796108245850E-002,-4.422876238822937E-002,9.560392051935196E-002,9.695522785186768E-001,9.970796108245850E-002,-4.422876238822937E-002,9.560392051935196E-002,9.695522785186768E-001,
1.576866666666667E+009,8.097948879003525E-002,-4.789711162447929E-002,1.092647016048431E-001,9.738402962684631E-001,8.097948879003525E-002,-4.789711162447929E-002,1.092647016048431E-001,9.738402962684631E-001,
1.585233333333334E+009,6.679956614971161E-002,-3.976410999894142E-002,1.401014626026154E-001,9.669715166091919E-001,6.679956614971161E-002,-3.976410999894142E-002,1.401014626026154E-001,9.669715166091919E-001,
1.593600000000000E+009,6.070859730243683E-002,-2.349723689258099E-002,1.645756065845490E-001,9.705896973609924E-001,6.070859730243683E-002,-2.349723689258099E-002,1.645756065845490E-001,9.705896973609924E-001,
1.601966666666667E+009,6.509399414062500E-002,-5.650571081787348E-003,1.957484781742096E-001,9.680812954902649E-001,6.509399414062500E-002,-5.650571081787348E-003,1.957484781742096E-001,9.680812954902649E-001,
1.610333333333334E+009,7.865014672279358E-002,6.422279868274927E-003,2.232612222433090E-001,9.571786522865295E-001,7.865014672279358E-002,6.422279868274927E-003,2.232612222433090E-001,9.571786522865295E-001,
1.618700000000000E+009,9.597139805555344E-002,5.979986861348152E-003,2.449541687965393E-001,9.465660452842712E-001,9.597139805555344E-002,5.979986861348152E-003,2.449541687965393E-001,9.465660452842712E-001,
1.627066666666667E+009,1.102188453078270E-001,-2.951516304165125E-003,2.615639567375183E-001,9.422363042831421E-001,1.102188453078270E-001,-2.951516304165125E-003,2.615639567375183E-001,9.422363042831421E-001,
1.635433333333334E+009,1.183655858039856E-001,-1.823750883340836E-002,2.984918653964996E-001,9.238360524177551E-001,1.183655858039856E-001,-1.823750883340836E-002,2.984918653964996E-001,9.238360524177551E-001,
1.643800000000000E+009,1.168641746044159E-001,-3.768345713615418E-002,3.091732263565064E-001,9.254454970359802E-001,1.168641746044159E-001,-3.768345713615418E-002,3.091732263565064E-001,9.254454970359802E-001,
1.652166666666667E+009,1.083567216992378E-001,-5.426117405295372E-002,3.334750235080719E-001,9.158826470375061E-001,1.083567216992378E-001,-5.426117405295372E-002,3.334750235080719E-001,9.158826470375061E-001,
1.660533333333334E+009,9.388487040996552E-002,-6.195880472660065E-002,3.594450652599335E-001,9.022713303565979E-001,9.388487040996552E-002,-6.195880472660065E-002,3.594450652599335E-001,9.022713303565979E-001,
1.668900000000000E+009,7.589861750602722E-002,-6.288821250200272E-002,3.891749680042267E-001,9.137657880783081E-001,7.589861750602722E-002,-6.288821250200272E-002,3.891749680042267E-001,9.137657880783081E-001,
1.677266666666667E+009,6.472466886043549E-002,-5.236202850937843E-002,4.081033170223236E-001,8.967182636260986E-001,6.472466886043549E-002,-5.236202850937843E-002,4.081033170223236E-001,8.967182636260986E-001,
1.685633333333334E+009,6.248020753264427E-002,-3.958551585674286E-002,4.256221652030945E-001,8.816459774971008E-001,6.248020753264427E-002,-3.958551585674286E-002,4.256221652030945E-001,8.816459774971008E-001,
1.694000000000000E+009,6.699057668447495E-002,-2.592755481600761E-002,4.501602351665497E-001,8.707572817802429E-001,6.699057668447495E-002,-2.592755481600761E-002,4.501602351665497E-001,8.707572817802429E-001,
1.702366666666667E+009,8.272884041070938E-002,-1.811957545578480E-002,4.741272330284119E-001,8.553281426429749E-001,8.272884041070938E-002,-1.811957545578480E-002,4.741272330284119E-001,8.553281426429749E-001,
1.710733333333334E+009,9.831030666828156E-002,-1.818428561091423E-002,4.928240478038788E-001,8.373307585716248E-001,9.831030666828156E-002,-1.818428561091423E-002,4.928240478038788E-001,8.373307585716248E-001,
1.719100000000000E+009,1.133298352360725E-001,-2.788858674466610E-002,5.227810144424439E-001,8.265344500541687E-001,1.133298352360725E-001,-2.788858674466610E-002,5.227810144424439E-001,8.265344500541687E-001,
1.727466666666667E+009,1.192127987742424E-001,-4.347901791334152E-002,5.382996797561646E-001,8.111569881439209E-001,1.192127987742424E-001,-4.347901791334152E-002,5.382996797561646E-001,8.111569881439209E-001,
1.735833333333334E+009,1.197716221213341E-001,-6.225031986832619E-002,5.540283322334290E-001,8.009938597679138E-001,1.197716221213341E-001,-6.225031986832619E-002,5.540283322334290E-001,8.009938597679138E-001,
1.744200000000000E+009,1.110834404826164E-001,-7.883632928133011E-002,5.756471753120422E-001,8.003311753273010E-001,1.110834404826164E-001,-7.883632928133011E-002,5.756471753120422E-001,8.003311753273010E-001,
1.752566666666667E+009,9.757612645626068E-002,-8.997237682342529E-002,5.933566093444824E-001,7.668532729148865E-001,9.757612645626068E-002,-8.997237682342529E-002,5.933566093444824E-001,7.668532729148865E-001,
1.760933333333334E+009,8.055199682712555E-002,-9.424097836017609E-002,6.125087738037109E-001,7.539453506469727E-001,8.055199682712555E-002,-9.424097836017609E-002,6.125087738037109E-001,7.539453506469727E-001,
1.769300000000000E+009,6.633372604846954E-002,-9.067239612340927E-002,6.381641030311585E-001,7.450472116470337E-001,6.633372604846954E-002,-9.067239612340927E-002,6.381641030311585E-001,7.450472116470337E-001,
1.777666666666667E+009,5.697403103113174E-002,-8.157570660114288E-002,6.590070128440857E-001,7.214016318321228E-001,5.697403103113174E-002,-8.157570660114288E-002,6.590070128440857E-001,7.214016318321228E-001,
1.786033333333334E+009,5.410008877515793E-002,-7.084512710571289E-002,6.703476905822754E-001,7.081954479217529E-001,5.410008877515793E-002,-7.084512710571289E-002,6.703476905822754E-001,7.081954479217529E-001,
1.794400000000000E+009,6.037859246134758E-002,-6.145748868584633E-002,6.939651966094971E-001,6.911410093307495E-001,6.037859246134758E-002,-6.145748868584633E-002,6.939651966094971E-001,6.911410093307495E-001,
1.802766666666667E+009,6.965881586074829E-002,-5.728574097156525E-002,7.105177640914917E-001,6.722384691238403E-001,6.965881586074829E-002,-5.728574097156525E-002,7.105177640914917E-001,6.722384691238403E-001,
1.811133333333334E+009,7.961754500865936E-002,-5.840405821800232E-002,7.287323474884033E-001,6.513308286666870E-001,7.961754500865936E-002,-5.840405821800232E-002,7.287323474884033E-001,6.513308286666870E-001,
1.819500000000000E+009,8.664526045322418E-002,-6.456469744443893E-002,7.493851780891419E-001,6.339678168296814E-001,8.664526045322418E-002,-6.456469744443893E-002,7.493851780891419E-001,6.339678168296814E-001,
1.827866666666667E+009,9.137738496065140E-002,-7.499161362648010E-002,7.592677474021912E-001,6.118791103363037E-001,9.137738496065140E-002,-7.499161362648010E-002,7.592677474021912E-001,6.118791103363037E-001,
1.836233333333334E+009,8.845268934965134E-002,-8.466132730245590E-002,7.741147279739380E-001,5.927764177322388E-001,8.845268934965134E-002,-8.466132730245590E-002,7.741147279739380E-001,5.927764177322388E-001,
1.844600000000000E+009,8.131616562604904E-002,-9.345300495624542E-002,7.749063968658447E-001,5.785015225410461E-001,8.131616562604904E-002,-9.345300495624542E-002,7.749063968658447E-001,5.785015225410461E-001,
1.852966666666667E+009,7.177878171205521E-002,-1.003287881612778E-001,8.002529144287109E-001,5.544510483741760E-001,7.177878171205521E-002,-1.003287881612778E-001,8.002529144287109E-001,5.544510483741760E-001,
1.861333333333334E+009,6.059750169515610E-002,-1.009747087955475E-001,8.115472793579102E-001,5.316346287727356E-001,6.059750169515610E-002,-1.009747087955475E-001,8.115472793579102E-001,5.316346287727356E-001,
1.869700000000000E+009,5.332608893513680E-002,-9.586327522993088E-002,8.323214054107666E-001,5.121344923973084E-001,5.332608893513680E-002,-9.586327522993088E-002,8.323214054107666E-001,5.121344923973084E-001,
1.878066666666667E+009,5.080483108758926E-002,-9.203711897134781E-002,8.384002447128296E-001,4.919125139713287E-001,5.080483108758926E-002,-9.203711897134781E-002,8.384002447128296E-001,4.919125139713287E-001,
1.886433333333334E+009,5.144776776432991E-002,-8.512797951698303E-002,8.685541152954102E-001,4.598641991615295E-001,5.144776776432991E-002,-8.512797951698303E-002,8.685541152954102E-001,4.598641991615295E-001,
1.894800000000000E+009,5.750390142202377E-002,-8.094455301761627E-002,8.738446235656738E-001,4.470672011375427E-001,5.750390142202377E-002,-8.094455301761627E-002,8.738446235656738E-001,4.470672011375427E-001,
1.903166666666667E+009,6.608286499977112E-002,-8.097962290048599E-002,8.758937716484070E-001,4.216187596321106E-001,6.608286499977112E-002,-8.097962290048599E-002,8.758937716484070E-001,4.216187596321106E-001,
1.911533333333334E+009,7.530549913644791E-002,-8.626480400562286E-002,8.871298432350159E-001,3.999170064926148E-001,7.530549913644791E-002,-8.626480400562286E-002,8.871298432350159E-001,3.999170064926148E-001,
1.919900000000000E+009,7.908160984516144E-002,-9.565260261297226E-002,9.052793383598328E-001,3.749436736106873E-001,7.908160984516144E-002,-9.565260261297226E-002,9.052793383598328E-001,3.749436736106873E-001,
1.928266666666667E+009,8.100676536560059E-002,-1.069474890828133E-001,9.057076573371887E-001,3.502460420131683E-001,8.100676536560059E-002,-1.069474890828133E-001,9.057076573371887E-001,3.502460420131683E-001,
1.936633333333334E+009,7.333506643772125E-002,-1.197838559746742E-001,9.143465161323547E-001,3.304385840892792E-001,7.333506643772125E-002,-1.197838559746742E-001,9.143465161323547E-001,3.304385840892792E-001,
1.945000000000000E+009,6.248341500759125E-002,-1.287308484315872E-001,9.159095287322998E-001,3.095963001251221E-001,6.248341500759125E-002,-1.287308484315872E-001,9.159095287322998E-001,3.095963001251221E-001,
1.953366666666667E+009,4.899841919541359E-002,-1.332864761352539E-001,9.201060533523560E-001,2.921575903892517E-001,4.899841919541359E-002,-1.332864761352539E-001,9.201060533523560E-001,2.921575903892517E-001,
1.961733333333334E+009,3.445043042302132E-002,-1.308836936950684E-001,9.450644254684448E-001,2.617471814155579E-001,3.445043042302132E-002,-1.308836936950684E-001,9.450644254684448E-001,2.617471814155579E-001,
1.970100000000000E+009,2.408687584102154E-002,-1.230855360627174E-001,9.427773356437683E-001,2.354318648576737E-001,2.408687584102154E-002,-1.230855360627174E-001,9.427773356437683E-001,2.354318648576737E-001,
1.978466666666667E+009,1.970248110592365E-002,-1.125344783067703E-001,9.495616555213928E-001,2.183585017919540E-001,1.970248110592365E-002,-1.125344783067703E-001,9.495616555213928E-001,2.183585017919540E-001,
1.986833333333334E+009,2.366771921515465E-002,-1.037317588925362E-001,9.519297480583191E-001,1.935250908136368E-001,2.366771921515465E-002,-1.037317588925362E-001,9.519297480583191E-001,1.935250908136368E-001,
1.995200000000000E+009,3.312557563185692E-002,-9.714133292436600E-002,9.637222886085510E-001,1.622429341077805E-001,3.312557563185692E-002,-9.714133292436600E-002,9.637222886085510E-001,1.622429341077805E-001,
2.003566666666667E+009,4.521538689732552E-002,-9.783619642257690E-002,9.705321192741394E-001,1.414934247732163E-001,4.521538689732552E-002,-9.783619642257690E-002,9.705321192741394E-001,1.414934247732163E-001,
2.011933333333334E+009,5.714075267314911E-002,-1.080191284418106E-001,9.703354239463806E-001,1.096191033720970E-001,5.714075267314911E-002,-1.080191284418106E-001,9.703354239463806E-001,1.096191033720970E-001,
2.020300000000000E+009,6.143062934279442E-002,-1.211801394820213E-001,9.689465761184692E-001,8.208568394184113E-002,6.143062934279442E-002,-1.211801394820213E-001,9.689465761184692E-001,8.208568394184113E-002,
2.028666666666667E+009,6.028014421463013E-002,-1.371303647756577E-001,9.724322557449341E-001,5.862838774919510E-002,6.028014421463013E-002,-1.371303647756577E-001,9.724322557449341E-001,5.862838774919510E-002,
2.037033333333334E+009,4.745517298579216E-002,-1.511176973581314E-001,9.706678390502930E-001,2.922425605356693E-002,4.745517298579216E-002,-1.511176973581314E-001,9.706678390502930E-001,2.922425605356693E-002,
2.045400000000000E+009,3.052311576902866E-002,-1.593444496393204E-001,9.685741662979126E-001,5.931827705353499E-003,3.052311576902866E-002,-1.593444496393204E-001,9.685741662979126E-001,5.931827705353499E-003,
2.053766666666667E+009,1.033740490674973E-002,-1.599644720554352E-001,9.557864069938660E-001,-1.581843569874764E-002,1.033740490674973E-002,-1.599644720554352E-001,9.557864069938660E-001,-1.581843569874764E-002,
2.062133333333334E+009,-5.590366665273905E-003,-1.516129672527313E-001,9.650689363479614E-001,-3.005269356071949E-002,-5.590366665273905E-003,-1.516129672527313E-001,9.650689363479614E-001,-3.005269356071949E-002,
2.070500000000000E+009,-1.180619560182095E-002,-1.362695097923279E-001,9.648579359054565E-001,-6.141293048858643E-002,-1.180619560182095E-002,-1.362695097923279E-001,9.648579359054565E-001,-6.141293048858643E-002,
2.078866666666667E+009,-1.258232723921537E-002,-1.228181943297386E-001,9.785140752792358E-001,-8.200107514858246E-002,-1.258232723921537E-002,-1.228181943297386E-001,9.785140752792358E-001,-8.200107514858246E-002,
2.087233333333334E+009,-1.402549562044442E-003,-1.150906980037689E-001,9.728438258171082E-001,-1.128102317452431E-001,-1.402549562044442E-003,-1.150906980037689E-001,9.728438258171082E-001,-1.128102317452431E-001,
2.095600000000000E+009,1.379709783941507E-002,-1.151510253548622E-001,9.679298996925354E-001,-1.514254063367844E-001,1.379709783941507E-002,-1.151510253548622E-001,9.679298996925354E-001,-1.514254063367844E-001,
2.103966666666667E+009,2.826111018657684E-002,-1.262655407190323E-001,9.656550288200378E-001,-1.715477555990219E-001,2.826111018657684E-002,-1.262655407190323E-001,9.656550288200378E-001,-1.715477555990219E-001,
2.112333333333334E+009,3.472749143838882E-002,-1.449711918830872E-001,9.503335952758789E-001,-1.932552903890610E-001,3.472749143838882E-002,-1.449711918830872E-001,9.503335952758789E-001,-1.932552903890610E-001,
2.120700000000000E+009,2.900770306587219E-002,-1.682645976543427E-001,9.463495612144470E-001,-2.206459790468216E-001,2.900770306587219E-002,-1.682645976543427E-001,9.463495612144470E-001,-2.206459790468216E-001,
2.129066666666667E+009,1.343582943081856E-002,-1.830944865942001E-001,9.348066449165344E-001,-2.457446157932282E-001,1.343582943081856E-002,-1.830944865942001E-001,9.348066449165344E-001,-2.457446157932282E-001,
2.137433333333334E+009,-1.142652984708548E-002,-1.908768564462662E-001,9.260917901992798E-001,-2.687698900699616E-001,-1.142652984708548E-002,-1.908768564462662E-001,9.260917901992798E-001,-2.687698900699616E-001,
2.145800000000000E+009,-3.809951618313789E-002,-1.890280693769455E-001,9.214112162590027E-001,-2.811028361320496E-001,-3.809951618313789E-002,-1.890280693769455E-001,9.214112162590027E-001,-2.811028361320496E-001,
2.154166666666667E+009,-5.783849209547043E-002,-1.739832162857056E-001,9.138237833976746E-001,-2.984977662563324E-001,-5.783849209547043E-002,-1.739832162857056E-001,9.138237833976746E-001,-2.984977662563324E-001,
2.162533333333334E+009,-7.309245318174362E-002,-1.513978987932205E-001,9.181472659111023E-001,-3.174924254417419E-001,-7.309245318174362E-002,-1.513978987932205E-001,9.181472659111023E-001,-3.174924254417419E-001,
2.170900000000000E+009,-7.036125659942627E-002,-1.301038861274719E-001,9.076623320579529E-001,-3.445048630237579E-001,-7.036125659942627E-002,-1.301038861274719E-001,9.076623320579529E-001,-3.445048630237579E-001,
2.179266666666667E+009,-5.609323456883431E-002,-1.151205822825432E-001,8.914916515350342E-001,-3.744977116584778E-001,-5.609323456883431E-002,-1.151205822825432E-001,8.914916515350342E-001,-3.744977116584778E-001,
2.187633333333334E+009,-3.649181872606278E-002,-1.122345700860024E-001,8.831817507743835E-001,-3.977735042572022E-001,-3.649181872606278E-002,-1.122345700860024E-001,8.831817507743835E-001,-3.977735042572022E-001,
2.196000000000000E+009,-1.586780883371830E-002,-1.246823444962502E-001,8.665245175361633E-001,-4.200921654701233E-001,-1.586780883371830E-002,-1.246823444962502E-001,8.665245175361633E-001,-4.200921654701233E-001,
2.204366666666667E+009,-8.026392199099064E-003,-1.477376818656921E-001,8.640905618667603E-001,-4.418610930442810E-001,-8.026392199099064E-003,-1.477376818656921E-001,8.640905618667603E-001,-4.418610930442810E-001,
2.212733333333334E+009,-1.193874701857567E-002,-1.698406636714935E-001,8.383238315582275E-001,-4.734581708908081E-001,-1.193874701857567E-002,-1.698406636714935E-001,8.383238315582275E-001,-4.734581708908081E-001,
2.221100000000000E+009,-3.379029780626297E-002,-1.890813857316971E-001,8.298711180686951E-001,-4.881847500801086E-001,-3.379029780626297E-002,-1.890813857316971E-001,8.298711180686951E-001,-4.881847500801086E-001,
2.229466666666667E+009,-5.936144292354584E-002,-1.975531429052353E-001,8.058736920356751E-001,-5.040536522865295E-001,-5.936144292354584E-002,-1.975531429052353E-001,8.058736920356751E-001,-5.040536522865295E-001,
2.237833333333334E+009,-8.869704604148865E-002,-1.903732419013977E-001,7.975707054138184E-001,-5.209613442420960E-001,-8.869704604148865E-002,-1.903732419013977E-001,7.975707054138184E-001,-5.209613442420960E-001,
2.246200000000000E+009,-1.124061346054077E-001,-1.716223955154419E-001,7.914900183677673E-001,-5.400675535202026E-001,-1.124061346054077E-001,-1.716223955154419E-001,7.914900183677673E-001,-5.400675535202026E-001,
2.254566666666667E+009,-1.235945671796799E-001,-1.431128382682800E-001,7.795622944831848E-001,-5.599786043167114E-001,-1.235945671796799E-001,-1.431128382682800E-001,7.795622944831848E-001,-5.599786043167114E-001,
2.262933333333334E+009,-1.184870079159737E-001,-1.201439797878265E-001,7.701997756958008E-001,-5.825358033180237E-001,-1.184870079159737E-001,-1.201439797878265E-001,7.701997756958008E-001,-5.825358033180237E-001,
2.271300000000000E+009,-1.043358296155930E-001,-1.032849326729775E-001,7.471504211425781E-001,-6.119917631149292E-001,-1.043358296155930E-001,-1.032849326729775E-001,7.471504211425781E-001,-6.119917631149292E-001,
2.279666666666667E+009,-8.461749553680420E-002,-1.009411066770554E-001,7.430507540702820E-001,-6.282925605773926E-001,-8.461749553680420E-002,-1.009411066770554E-001,7.430507540702820E-001,-6.282925605773926E-001,
2.288033333333334E+009,-6.787596642971039E-002,-1.137145683169365E-001,7.225676178932190E-001,-6.492829918861389E-001,-6.787596642971039E-002,-1.137145683169365E-001,7.225676178932190E-001,-6.492829918861389E-001,
2.296400000000000E+009,-6.173313781619072E-002,-1.343884468078613E-001,6.975826621055603E-001,-6.680027246475220E-001,-6.173313781619072E-002,-1.343884468078613E-001,6.975826621055603E-001,-6.680027246475220E-001,
2.304766666666667E+009,-6.841406971216202E-002,-1.574839353561401E-001,6.779673099517822E-001,-6.865782737731934E-001,-6.841406971216202E-002,-1.574839353561401E-001,6.779673099517822E-001,-6.865782737731934E-001,
2.313133333333334E+009,-9.180839359760284E-002,-1.742372512817383E-001,6.600633859634399E-001,-6.969968080520630E-001,-9.180839359760284E-002,-1.742372512817383E-001,6.600633859634399E-001,-6.969968080520630E-001,
2.321500000000000E+009,-1.194764152169228E-001,-1.749619990587235E-001,6.489246487617493E-001,-7.077839374542236E-001,-1.194764152169228E-001,-1.749619990587235E-001,6.489246487617493E-001,-7.077839374542236E-001,
2.329866666666667E+009,-1.440168619155884E-001,-1.600304841995239E-001,6.208081245422363E-001,-7.222950458526611E-001,-1.440168619155884E-001,-1.600304841995239E-001,6.208081245422363E-001,-7.222950458526611E-001,
2.338233333333334E+009,-1.635266691446304E-001,-1.353747248649597E-001,6.099528074264526E-001,-7.377821803092957E-001,-1.635266691446304E-001,-1.353747248649597E-001,6.099528074264526E-001,-7.377821803092957E-001,
2.346600000000000E+009,-1.634305715560913E-001,-1.056593358516693E-001,5.947322249412537E-001,-7.434455156326294E-001,-1.634305715560913E-001,-1.056593358516693E-001,5.947322249412537E-001,-7.434455156326294E-001,
2.354966666666667E+009,-1.513696163892746E-001,-7.986672967672348E-002,5.822846293449402E-001,-7.779138088226318E-001,-1.513696163892746E-001,-7.986672967672348E-002,5.822846293449402E-001,-7.779138088226318E-001,
2.363333333333334E+009,-1.277901977300644E-001,-6.948248296976090E-002,5.586310029029846E-001,-7.940500378608704E-001,-1.277901977300644E-001,-6.948248296976090E-002,5.586310029029846E-001,-7.940500378608704E-001,
2.371700000000000E+009,-1.034238487482071E-001,-7.788977771997452E-002,5.420703291893005E-001,-8.119654059410095E-001,-1.034238487482071E-001,-7.788977771997452E-002,5.420703291893005E-001,-8.119654059410095E-001,
2.380066666666667E+009,-9.056608378887177E-002,-1.005400270223618E-001,5.135664343833923E-001,-8.264448046684265E-001,-9.056608378887177E-002,-1.005400270223618E-001,5.135664343833923E-001,-8.264448046684265E-001,
2.388433333333334E+009,-9.126444160938263E-002,-1.335112005472183E-001,4.880820512771606E-001,-8.386040925979614E-001,-9.126444160938263E-002,-1.335112005472183E-001,4.880820512771606E-001,-8.386040925979614E-001,
2.396800000000000E+009,-1.130658611655235E-001,-1.609719693660736E-001,4.612249732017517E-001,-8.473260998725891E-001,-1.130658611655235E-001,-1.609719693660736E-001,4.612249732017517E-001,-8.473260998725891E-001,
2.405166666666667E+009,-1.462633907794952E-001,-1.743840128183365E-001,4.319634139537811E-001,-8.546409606933594E-001,-1.462633907794952E-001,-1.743840128183365E-001,4.319634139537811E-001,-8.546409606933594E-001,
2.413533333333334E+009,-1.861452013254166E-001,-1.696213632822037E-001,4.093560278415680E-001,-8.616673350334168E-001,-1.861452013254166E-001,-1.696213632822037E-001,4.093560278415680E-001,-8.616673350334168E-001,
2.421900000000000E+009,-2.194245457649231E-001,-1.441685110330582E-001,3.934523761272430E-001,-8.694617152214050E-001,-2.194245457649231E-001,-1.441685110330582E-001,3.934523761272430E-001,-8.694617152214050E-001,
2.430266666666667E+009,-2.410252690315247E-001,-1.058680117130280E-001,3.761671185493469E-001,-8.661929368972778E-001,-2.410252690315247E-001,-1.058680117130280E-001,3.761671185493469E-001,-8.661929368972778E-001,
2.438633333333334E+009,-2.430961281061173E-001,-6.179406121373177E-002,3.642626404762268E-001,-8.755930662155151E-001,-2.430961281061173E-001,-6.179406121373177E-002,3.642626404762268E-001,-8.755930662155151E-001,
2.447000000000000E+009,-2.237990945577622E-001,-2.343763969838619E-002,3.441829681396484E-001,-8.888435363769531E-001,-2.237990945577622E-001,-2.343763969838619E-002,3.441829681396484E-001,-8.888435363769531E-001,
2.455366666666667E+009,-1.929509043693543E-001,-1.659939647652209E-003,3.319973349571228E-001,-9.071524143218994E-001,-1.929509043693543E-001,-1.659939647652209E-003,3.319973349571228E-001,-9.071524143218994E-001,
2.463733333333334E+009,-1.580098867416382E-001,-2.317751990631223E-003,2.972379922866821E-001,-9.251385927200317E-001,-1.580098867416382E-001,-2.317751990631223E-003,2.972379922866821E-001,-9.251385927200317E-001,
2.472100000000000E+009,-1.330385506153107E-001,-1.946898922324181E-002,2.761942148208618E-001,-9.333883523941040E-001,-1.330385506153107E-001,-1.946898922324181E-002,2.761942148208618E-001,-9.333883523941040E-001,
2.480466666666667E+009,-1.268251240253449E-001,-5.146192759275436E-002,2.333726435899735E-001,-9.403125643730164E-001,-1.268251240253449E-001,-5.146192759275436E-002,2.333726435899735E-001,-9.403125643730164E-001,
2.488833333333334E+009,-1.393526196479797E-001,-8.104245364665985E-002,2.027693688869476E-001,-9.502251148223877E-001,-1.393526196479797E-001,-8.104245364665985E-002,2.027693688869476E-001,-9.502251148223877E-001,
2.497200000000000E+009,-1.672007590532303E-001,-9.893149137496948E-002,1.844831854104996E-001,-9.430536627769470E-001,-1.672007590532303E-001,-9.893149137496948E-002,1.844831854104996E-001,-9.430536627769470E-001,
2.505566666666667E+009,-2.035094052553177E-001,-9.630215167999268E-002,1.606048494577408E-001,-9.420412182807922E-001,-2.035094052553177E-001,-9.630215167999268E-002,1.606048494577408E-001,-9.420412182807922E-001,
2.513933333333334E+009,-2.298347651958466E-001,-7.733750343322754E-002,1.363144516944885E-001,-9.407587647438049E-001,-2.298347651958466E-001,-7.733750343322754E-002,1.363144516944885E-001,-9.407587647438049E-001,
2.522300000000000E+009,-2.447478771209717E-001,-3.954160213470459E-002,1.208473220467567E-001,-9.459401965141296E-001,-2.447478771209717E-001,-3.954160213470459E-002,1.208473220467567E-001,-9.459401965141296E-001,
2.530666666666667E+009,-2.402420341968536E-001,-3.784888889640570E-003,9.996823221445084E-002,-9.525914192199707E-001,-2.402420341968536E-001,-3.784888889640570E-003,9.996823221445084E-002,-9.525914192199707E-001,
2.539033333333334E+009,-2.222777456045151E-001,2.824190631508827E-002,8.064054697751999E-002,-9.592195153236389E-001,-2.222777456045151E-001,2.824190631508827E-002,8.064054697751999E-002,-9.592195153236389E-001,
2.547400000000000E+009,-1.914016008377075E-001,4.509504884481430E-002,5.848706513643265E-002,-9.631002545356751E-001,-1.914016008377075E-001,4.509504884481430E-002,5.848706513643265E-002,-9.631002545356751E-001,
2.555766666666667E+009,-1.605540812015533E-001,4.088221117854118E-002,2.834341116249561E-002,-9.742350578308106E-001,-1.605540812015533E-001,4.088221117854118E-002,2.834341116249561E-002,-9.742350578308106E-001,
2.564133333333334E+009,-1.395299583673477E-001,2.049336768686771E-002,-3.529262496158481E-003,-9.732199907302856E-001,-1.395299583673477E-001,2.049336768686771E-002,-3.529262496158481E-003,-9.732199907302856E-001,
2.572500000000000E+009,-1.393325477838516E-001,-9.031849913299084E-003,-3.235930204391480E-002,-9.756675362586975E-001,-1.393325477838516E-001,-9.031849913299084E-003,-3.235930204391480E-002,-9.756675362586975E-001,
2.580866666666667E+009,-1.569433808326721E-001,-3.490278869867325E-002,-6.414324790239334E-002,-9.696276783943176E-001,-1.569433808326721E-001,-3.490278869867325E-002,-6.414324790239334E-002,-9.696276783943176E-001,
2.589233333333334E+009,-1.893093883991242E-001,-4.641530662775040E-002,-8.895359188318253E-002,-9.640312194824219E-001,-1.893093883991242E-001,-4.641530662775040E-002,-8.895359188318253E-002,-9.640312194824219E-001,
2.597600000000000E+009,-2.249314934015274E-001,-4.048289358615875E-002,-1.123254373669624E-001,-9.523000121116638E-001,-2.249314934015274E-001,-4.048289358615875E-002,-1.123254373669624E-001,-9.523000121116638E-001,
2.605966666666667E+009,-2.528467476367950E-001,-1.607333309948444E-002,-1.283946335315704E-001,-9.496768116950989E-001,-2.528467476367950E-001,-1.607333309948444E-002,-1.283946335315704E-001,-9.496768116950989E-001,
2.614333333333334E+009,-2.649017572402954E-001,1.924280077219009E-002,-1.505208462476730E-001,-9.402654767036438E-001,-2.649017572402954E-001,1.924280077219009E-002,-1.505208462476730E-001,-9.402654767036438E-001,
2.622700000000000E+009,-2.569993138313294E-001,5.825908482074738E-002,-1.592141687870026E-001,-9.335615634918213E-001,-2.569993138313294E-001,5.825908482074738E-002,-1.592141687870026E-001,-9.335615634918213E-001,
2.631066666666667E+009,-2.325428277254105E-001,9.022357314825058E-002,-1.918648630380631E-001,-9.412387013435364E-001,-2.325428277254105E-001,9.022357314825058E-002,-1.918648630380631E-001,-9.412387013435364E-001,
2.639433333333334E+009,-1.972675770521164E-001,1.074358373880386E-001,-2.146311253309250E-001,-9.362000823020935E-001,-1.972675770521164E-001,1.074358373880386E-001,-2.146311253309250E-001,-9.362000823020935E-001,
2.647800000000000E+009,-1.631355434656143E-001,1.057562455534935E-001,-2.310247868299484E-001,-9.382339119911194E-001,-1.631355434656143E-001,1.057562455534935E-001,-2.310247868299484E-001,-9.382339119911194E-001,
2.656166666666667E+009,-1.409039646387100E-001,8.674051612615585E-002,-2.600279450416565E-001,-9.365008473396301E-001,-1.409039646387100E-001,8.674051612615585E-002,-2.600279450416565E-001,-9.365008473396301E-001,
2.664533333333334E+009,-1.357158273458481E-001,6.052974238991737E-002,-2.939569652080536E-001,-9.280357360839844E-001,-1.357158273458481E-001,6.052974238991737E-002,-2.939569652080536E-001,-9.280357360839844E-001,
2.672900000000000E+009,-1.534054428339005E-001,3.720415011048317E-002,-3.222551345825195E-001,-9.214919209480286E-001,-1.534054428339005E-001,3.720415011048317E-002,-3.222551345825195E-001,-9.214919209480286E-001,
2.681266666666667E+009,-1.814113706350327E-001,2.532820217311382E-002,-3.497624993324280E-001,-9.032854437828064E-001,-1.814113706350327E-001,2.532820217311382E-002,-3.497624993324280E-001,-9.032854437828064E-001,
2.689633333333334E+009,-2.147434204816818E-001,3.266019746661186E-002,-3.772699832916260E-001,-8.877680897712708E-001,-2.147434204816818E-001,3.266019746661186E-002,-3.772699832916260E-001,-8.877680897712708E-001,
2.698000000000000E+009,-2.383297979831696E-001,5.715700238943100E-002,-3.906063139438629E-001,-8.704729676246643E-001,-2.383297979831696E-001,5.715700238943100E-002,-3.906063139438629E-001,-8.704729676246643E-001,
2.706366666666667E+009,-2.464081197977066E-001,9.274324774742127E-002,-4.060937762260437E-001,-8.561117053031921E-001,-2.464081197977066E-001,9.274324774742127E-002,-4.060937762260437E-001,-8.561117053031921E-001,
2.714733333333334E+009,-2.362187206745148E-001,1.268961578607559E-001,-4.196017980575562E-001,-8.521098494529724E-001,-2.362187206745148E-001,1.268961578607559E-001,-4.196017980575562E-001,-8.521098494529724E-001,
2.723100000000000E+009,-2.097105085849762E-001,1.567142754793167E-001,-4.366854131221771E-001,-8.471436500549316E-001,-2.097105085849762E-001,1.567142754793167E-001,-4.366854131221771E-001,-8.471436500549316E-001,
2.731466666666667E+009,-1.704459339380264E-001,1.700897365808487E-001,-4.595909714698792E-001,-8.398846983909607E-001,-1.704459339380264E-001,1.700897365808487E-001,-4.595909714698792E-001,-8.398846983909607E-001,
2.739833333333334E+009,-1.320308595895767E-001,1.653887927532196E-001,-4.921044707298279E-001,-8.350446820259094E-001,-1.320308595895767E-001,1.653887927532196E-001,-4.921044707298279E-001,-8.350446820259094E-001,
2.748200000000000E+009,-1.066530123353005E-001,1.455616801977158E-001,-5.084700584411621E-001,-8.260617256164551E-001,-1.066530123353005E-001,1.455616801977158E-001,-5.084700584411621E-001,-8.260617256164551E-001,
2.756566666666667E+009,-9.857676923274994E-002,1.171712577342987E-001,-5.351216793060303E-001,-8.121646642684937E-001,-9.857676923274994E-002,1.171712577342987E-001,-5.351216793060303E-001,-8.121646642684937E-001,
2.764933333333334E+009,-1.124926060438156E-001,9.227326512336731E-002,-5.668906569480896E-001,-8.007367849349976E-001,-1.124926060438156E-001,9.227326512336731E-002,-5.668906569480896E-001,-8.007367849349976E-001,
2.773300000000000E+009,-1.401036381721497E-001,8.010504394769669E-002,-5.854864716529846E-001,-7.753902077674866E-001,-1.401036381721497E-001,8.010504394769669E-002,-5.854864716529846E-001,-7.753902077674866E-001,
2.781666666666667E+009,-1.717099994421005E-001,8.571068942546845E-002,-5.972047448158264E-001,-7.550259828567505E-001,-1.717099994421005E-001,8.571068942546845E-002,-5.972047448158264E-001,-7.550259828567505E-001,
2.790033333333334E+009,-1.982067674398422E-001,1.097148954868317E-001,-6.202028989791870E-001,-7.345157861709595E-001,-1.982067674398422E-001,1.097148954868317E-001,-6.202028989791870E-001,-7.345157861709595E-001,
2.798400000000000E+009,-2.081689834594727E-001,1.420941054821014E-001,-6.352053284645081E-001,-7.159208059310913E-001,-2.081689834594727E-001,1.420941054821014E-001,-6.352053284645081E-001,-7.159208059310913E-001,
2.806766666666667E+009,-1.974822431802750E-001,1.763039082288742E-001,-6.457908153533936E-001,-6.992396712303162E-001,-1.974822431802750E-001,1.763039082288742E-001,-6.457908153533936E-001,-6.992396712303162E-001,
2.815133333333334E+009,-1.695405989885330E-001,2.009133994579315E-001,-6.580534577369690E-001,-6.880955100059509E-001,-1.695405989885330E-001,2.009133994579315E-001,-6.580534577369690E-001,-6.880955100059509E-001,
2.823500000000000E+009,-1.339212507009506E-001,2.123399525880814E-001,-6.715191006660461E-001,-6.768378019332886E-001,-1.339212507009506E-001,2.123399525880814E-001,-6.715191006660461E-001,-6.768378019332886E-001,
2.831866666666667E+009,-9.477355331182480E-002,2.043556571006775E-001,-6.901835203170776E-001,-6.640635728836060E-001,-9.477355331182480E-002,2.043556571006775E-001,-6.901835203170776E-001,-6.640635728836060E-001,
2.840233333333334E+009,-6.599471718072891E-002,1.832900494337082E-001,-7.169643640518189E-001,-6.470587849617004E-001,-6.599471718072891E-002,1.832900494337082E-001,-7.169643640518189E-001,-6.470587849617004E-001,
2.848600000000000E+009,-5.599411949515343E-002,1.544103473424912E-001,-7.382139563560486E-001,-6.375323534011841E-001,-5.599411949515343E-002,1.544103473424912E-001,-7.382139563560486E-001,-6.375323534011841E-001,
2.856966666666667E+009,-6.628444790840149E-002,1.282415688037872E-001,-7.583343982696533E-001,-6.126117706298828E-001,-6.628444790840149E-002,1.282415688037872E-001,-7.583343982696533E-001,-6.126117706298828E-001,
2.865333333333334E+009,-9.347727149724960E-002,1.170219555497170E-001,-7.716308832168579E-001,-5.872587561607361E-001,-9.347727149724960E-002,1.170219555497170E-001,-7.716308832168579E-001,-5.872587561607361E-001,
2.873700000000000E+009,-1.266621649265289E-001,1.238498240709305E-001,-7.959473133087158E-001,-5.595428943634033E-001,-1.266621649265289E-001,1.238498240709305E-001,-7.959473133087158E-001,-5.595428943634033E-001,
2.882066666666667E+009,-1.522130519151688E-001,1.474964022636414E-001,-7.985174655914307E-001,-5.382931828498840E-001,-1.522130519151688E-001,1.474964022636414E-001,-7.985174655914307E-001,-5.382931828498840E-001,
2.890433333333334E+009,-1.621893793344498E-001,1.840019524097443E-001,-8.080955743789673E-001,-5.148110389709473E-001,-1.621893793344498E-001,1.840019524097443E-001,-8.080955743789673E-001,-5.148110389709473E-001,
2.898800000000000E+009,-1.520280539989471E-001,2.193847000598908E-001,-8.121594190597534E-001,-4.944305717945099E-001,-1.520280539989471E-001,2.193847000598908E-001,-8.121594190597534E-001,-4.944305717945099E-001,
2.907166666666667E+009,-1.246336773037911E-001,2.452367544174194E-001,-8.269857168197632E-001,-4.728455245494843E-001,-1.246336773037911E-001,2.452367544174194E-001,-8.269857168197632E-001,-4.728455245494843E-001,
2.915533333333334E+009,-8.576234430074692E-002,2.552166879177094E-001,-8.301830291748047E-001,-4.599165618419647E-001,-8.576234430074692E-002,2.552166879177094E-001,-8.301830291748047E-001,-4.599165618419647E-001,
2.923900000000000E+009,-4.574781283736229E-002,2.450112551450729E-001,-8.418297171592712E-001,-4.482485353946686E-001,-4.574781283736229E-002,2.450112551450729E-001,-8.418297171592712E-001,-4.482485353946686E-001,
2.932266666666667E+009,-1.296575646847487E-002,2.188573628664017E-001,-8.617964982986450E-001,-4.328033030033112E-001,-1.296575646847487E-002,2.188573628664017E-001,-8.617964982986450E-001,-4.328033030033112E-001,
2.940633333333334E+009,2.138690324500203E-004,1.833070814609528E-001,-8.779992461204529E-001,-4.128076136112213E-001,2.138690324500203E-004,1.833070814609528E-001,-8.779992461204529E-001,-4.128076136112213E-001,
2.949000000000000E+009,-8.346611633896828E-003,1.533137857913971E-001,-8.932511210441589E-001,-3.907710909843445E-001,-8.346611633896828E-003,1.533137857913971E-001,-8.932511210441589E-001,-3.907710909843445E-001,
2.957366666666667E+009,-3.360035270452499E-002,1.355802565813065E-001,-9.062546491622925E-001,-3.577161133289337E-001,-3.360035270452499E-002,1.355802565813065E-001,-9.062546491622925E-001,-3.577161133289337E-001,
2.965733333333334E+009,-6.618081778287888E-002,1.404190212488174E-001,-9.186781644821167E-001,-3.212331831455231E-001,-6.618081778287888E-002,1.404190212488174E-001,-9.186781644821167E-001,-3.212331831455231E-001,
2.974100000000000E+009,-9.137926250696182E-002,1.639383733272553E-001,-9.194726943969727E-001,-2.919888496398926E-001,-9.137926250696182E-002,1.639383733272553E-001,-9.194726943969727E-001,-2.919888496398926E-001,
2.982466666666667E+009,-1.031425818800926E-001,2.026021629571915E-001,-9.221828579902649E-001,-2.692860662937164E-001,-1.031425818800926E-001,2.026021629571915E-001,-9.221828579902649E-001,-2.692860662937164E-001,
2.990833333333334E+009,-9.227805584669113E-002,2.403054535388947E-001,-9.196597933769226E-001,-2.471432089805603E-001,-9.227805584669113E-002,2.403054535388947E-001,-9.196597933769226E-001,-2.471432089805603E-001,
2.999200000000000E+009,-6.552273780107498E-002,2.679560482501984E-001,-9.197648763656616E-001,-2.230453789234161E-001,-6.552273780107498E-002,2.679560482501984E-001,-9.197648763656616E-001,-2.230453789234161E-001,
3.007566666666667E+009,-2.482747659087181E-002,2.773343026638031E-001,-9.251351356506348E-001,-2.117795795202255E-001,-2.482747659087181E-002,2.773343026638031E-001,-9.251351356506348E-001,-2.117795795202255E-001,
3.015933333333334E+009,1.614046096801758E-002,2.643357813358307E-001,-9.287846088409424E-001,-1.958635598421097E-001,1.614046096801758E-002,2.643357813358307E-001,-9.287846088409424E-001,-1.958635598421097E-001,
3.024300000000000E+009,4.972152784466744E-002,2.336730509996414E-001,-9.414023160934448E-001,-1.729660481214523E-001,4.972152784466744E-002,2.336730509996414E-001,-9.414023160934448E-001,-1.729660481214523E-001,
3.032666666666667E+009,6.262539327144623E-002,1.929178237915039E-001,-9.522522091865540E-001,-1.533618867397308E-001,6.262539327144623E-002,1.929178237915039E-001,-9.522522091865540E-001,-1.533618867397308E-001,
3.041033333333334E+009,5.216661095619202E-002,1.546864211559296E-001,-9.650676250457764E-001,-1.282421648502350E-001,5.216661095619202E-002,1.546864211559296E-001,-9.650676250457764E-001,-1.282421648502350E-001,
3.049400000000000E+009,2.447342127561569E-002,1.318504065275192E-001,-9.739183783531189E-001,-9.323994070291519E-002,2.447342127561569E-002,1.318504065275192E-001,-9.739183783531189E-001,-9.323994070291519E-002,
3.057766666666667E+009,-1.089867483824492E-002,1.360603868961334E-001,-9.709449410438538E-001,-5.925539880990982E-002,-1.089867483824492E-002,1.360603868961334E-001,-9.709449410438538E-001,-5.925539880990982E-002,
3.066133333333334E+009,-4.046124964952469E-002,1.623923331499100E-001,-9.715942740440369E-001,-2.179668098688126E-002,-4.046124964952469E-002,1.623923331499100E-001,-9.715942740440369E-001,-2.179668098688126E-002,
3.074500000000000E+009,-5.052774399518967E-002,2.036212682723999E-001,-9.624777436256409E-001,3.501231083646417E-003,-5.052774399518967E-002,2.036212682723999E-001,-9.624777436256409E-001,3.501231083646417E-003,
3.082866666666667E+009,-3.569044917821884E-002,2.474577277898789E-001,-9.545502066612244E-001,2.490879222750664E-002,-3.569044917821884E-002,2.474577277898789E-001,-9.545502066612244E-001,2.490879222750664E-002,
3.091233333333334E+009,-2.214817795902491E-003,2.790939509868622E-001,-9.442245364189148E-001,3.681006655097008E-002,-2.214817795902491E-003,2.790939509868622E-001,-9.442245364189148E-001,3.681006655097008E-002,
3.099600000000000E+009,4.442562907934189E-002,2.885037064552307E-001,-9.378972053527832E-001,6.041068583726883E-002,4.442562907934189E-002,2.885037064552307E-001,-9.378972053527832E-001,6.041068583726883E-002,
3.107966666666667E+009,9.013692289590836E-002,2.707646489143372E-001,-9.399362802505493E-001,7.594562321901321E-002,9.013692289590836E-002,2.707646489143372E-001,-9.399362802505493E-001,7.594562321901321E-002,
3.116333333333334E+009,1.243788972496986E-001,2.330026924610138E-001,-9.426844120025635E-001,8.549070358276367E-002,1.243788972496986E-001,2.330026924610138E-001,-9.426844120025635E-001,8.549070358276367E-002,
3.124700000000000E+009,1.379926204681397E-001,1.827691048383713E-001,-9.488222599029541E-001,1.025384962558746E-001,1.379926204681397E-001,1.827691048383713E-001,-9.488222599029541E-001,1.025384962558746E-001,
3.133066666666667E+009,1.245301142334938E-001,1.341589987277985E-001,-9.576139450073242E-001,1.312396973371506E-001,1.245301142334938E-001,1.341589987277985E-001,-9.576139450073242E-001,1.312396973371506E-001,
3.141433333333334E+009,8.954067528247833E-002,1.018521487712860E-001,-9.614776968955994E-001,1.691950857639313E-001,8.954067528247833E-002,1.018521487712860E-001,-9.614776968955994E-001,1.691950857639313E-001,
3.149800000000000E+009,4.588619247078896E-002,1.003593504428864E-001,-9.605749845504761E-001,2.034294754266739E-001,4.588619247078896E-002,1.003593504428864E-001,-9.605749845504761E-001,2.034294754266739E-001,
3.158166666666667E+009,8.088247850537300E-003,1.248889490962029E-001,-9.485939741134644E-001,2.392120510339737E-001,8.088247850537300E-003,1.248889490962029E-001,-9.485939741134644E-001,2.392120510339737E-001,
3.166533333333334E+009,-9.243150241672993E-003,1.708569079637528E-001,-9.271080493927002E-001,2.705946266651154E-001,-9.243150241672993E-003,1.708569079637528E-001,-9.271080493927002E-001,2.705946266651154E-001,
3.174900000000000E+009,3.243637969717383E-003,2.190835773944855E-001,-9.180421233177185E-001,2.915342748165131E-001,3.243637969717383E-003,2.190835773944855E-001,-9.180421233177185E-001,2.915342748165131E-001,
3.183266666666667E+009,3.944260627031326E-002,2.571245431900024E-001,-8.956053256988525E-001,3.119393885135651E-001,3.944260627031326E-002,2.571245431900024E-001,-8.956053256988525E-001,3.119393885135651E-001,
3.191633333333334E+009,8.702381700277329E-002,2.694326043128967E-001,-8.853644728660584E-001,3.215433359146118E-001,8.702381700277329E-002,2.694326043128967E-001,-8.853644728660584E-001,3.215433359146118E-001,
3.200000000000000E+009,1.361551284790039E-001,2.538972496986389E-001,-8.754103779792786E-001,3.296239078044891E-001,1.361551284790039E-001,2.538972496986389E-001,-8.754103779792786E-001,3.296239078044891E-001,
