% Version 1.00
%
%freq[Hz],re:Trc1_S11,im:Trc1_S11,re:Trc2_S21,im:Trc2_S21,re:Trc3_S11,im:Trc3_S11,re:Trc4_S21,im:Trc4_S21,
6.900000000000000E+008,-1.593441329896450E-002,1.866798661649227E-002,-4.722088277339935E-001,-8.740223646163940E-001,-1.593441329896450E-002,1.866798661649227E-002,-4.722088277339935E-001,-8.740223646163940E-001,
6.983666666666666E+008,-7.889124564826489E-003,1.892687380313873E-002,-4.973641633987427E-001,-8.642396926879883E-001,-7.889124564826489E-003,1.892687380313873E-002,-4.973641633987427E-001,-8.642396926879883E-001,
7.067333333333334E+008,-1.168703194707632E-003,1.396756898611784E-002,-5.210664868354797E-001,-8.392030000686646E-001,-1.168703194707632E-003,1.396756898611784E-002,-5.210664868354797E-001,-8.392030000686646E-001,
7.151000000000000E+008,-4.360939201433212E-004,5.084814038127661E-003,-5.552142262458801E-001,-8.380558490753174E-001,-4.360939201433212E-004,5.084814038127661E-003,-5.552142262458801E-001,-8.380558490753174E-001,
7.234666666666666E+008,-1.585235469974577E-003,-1.359191257506609E-003,-5.684353113174439E-001,-8.232048749923706E-001,-1.585235469974577E-003,-1.359191257506609E-003,-5.684353113174439E-001,-8.232048749923706E-001,
7.318333333333334E+008,-9.081008844077587E-003,-5.187576171010733E-003,-5.859505534172058E-001,-8.075854778289795E-001,-9.081008844077587E-003,-5.187576171010733E-003,-5.859505534172058E-001,-8.075854778289795E-001,
7.402000000000000E+008,-1.583490893244743E-002,-5.202857777476311E-003,-5.971587300300598E-001,-7.833854556083679E-001,-1.583490893244743E-002,-5.202857777476311E-003,-5.971587300300598E-001,-7.833854556083679E-001,
7.485666666666666E+008,-2.193564176559448E-002,-3.103447670582682E-005,-6.277956962585449E-001,-7.722707390785217E-001,-2.193564176559448E-002,-3.103447670582682E-005,-6.277956962585449E-001,-7.722707390785217E-001,
7.569333333333334E+008,-2.683546952903271E-002,8.212471380829811E-003,-6.466371417045593E-001,-7.597708106040955E-001,-2.683546952903271E-002,8.212471380829811E-003,-6.466371417045593E-001,-7.597708106040955E-001,
7.653000000000000E+008,-2.281327918171883E-002,1.631616242229939E-002,-6.553255915641785E-001,-7.406423687934876E-001,-2.281327918171883E-002,1.631616242229939E-002,-6.553255915641785E-001,-7.406423687934876E-001,
7.736666666666666E+008,-1.732897572219372E-002,2.230421267449856E-002,-6.685412526130676E-001,-7.373891472816467E-001,-1.732897572219372E-002,2.230421267449856E-002,-6.685412526130676E-001,-7.373891472816467E-001,
7.820333333333334E+008,-9.270265698432922E-003,2.585795894265175E-002,-7.032325863838196E-001,-7.104625105857849E-001,-9.270265698432922E-003,2.585795894265175E-002,-7.032325863838196E-001,-7.104625105857849E-001,
7.904000000000000E+008,4.143813857808709E-004,2.428803406655788E-002,-7.125918269157410E-001,-6.918007731437683E-001,4.143813857808709E-004,2.428803406655788E-002,-7.125918269157410E-001,-6.918007731437683E-001,
7.987666666666666E+008,4.569508135318756E-003,1.792564615607262E-002,-7.188726663589478E-001,-6.762713789939880E-001,4.569508135318756E-003,1.792564615607262E-002,-7.188726663589478E-001,-6.762713789939880E-001,
8.071333333333334E+008,7.613622117787600E-003,1.061571482568979E-002,-7.452503442764282E-001,-6.458544731140137E-001,7.613622117787600E-003,1.061571482568979E-002,-7.452503442764282E-001,-6.458544731140137E-001,
8.155000000000000E+008,4.058405756950378E-003,2.714254194870591E-003,-7.718032002449036E-001,-6.365495920181274E-001,4.058405756950378E-003,2.714254194870591E-003,-7.718032002449036E-001,-6.365495920181274E-001,
8.238666666666666E+008,-2.632125746458769E-003,-8.636348647996783E-004,-7.785881757736206E-001,-6.140756607055664E-001,-2.632125746458769E-003,-8.636348647996783E-004,-7.785881757736206E-001,-6.140756607055664E-001,
8.322333333333334E+008,-9.176740422844887E-003,-1.061826711520553E-003,-7.887448072433472E-001,-5.968390703201294E-001,-9.176740422844887E-003,-1.061826711520553E-003,-7.887448072433472E-001,-5.968390703201294E-001,
8.406000000000000E+008,-1.486306730657816E-002,8.130682399496436E-004,-8.016031980514526E-001,-5.755455493927002E-001,-1.486306730657816E-002,8.130682399496436E-004,-8.016031980514526E-001,-5.755455493927002E-001,
8.489666666666668E+008,-1.810105703771114E-002,1.027467194944620E-002,-8.146647810935974E-001,-5.473182797431946E-001,-1.810105703771114E-002,1.027467194944620E-002,-8.146647810935974E-001,-5.473182797431946E-001,
8.573333333333334E+008,-1.778149604797363E-002,1.714901626110077E-002,-8.186705112457275E-001,-5.173329114913940E-001,-1.778149604797363E-002,1.714901626110077E-002,-8.186705112457275E-001,-5.173329114913940E-001,
8.657000000000000E+008,-1.399168372154236E-002,2.459968999028206E-002,-8.467364311218262E-001,-5.227110981941223E-001,-1.399168372154236E-002,2.459968999028206E-002,-8.467364311218262E-001,-5.227110981941223E-001,
8.740666666666668E+008,-6.236219778656960E-003,2.900850772857666E-002,-8.532055020332336E-001,-4.979036748409271E-001,-6.236219778656960E-003,2.900850772857666E-002,-8.532055020332336E-001,-4.979036748409271E-001,
8.824333333333334E+008,1.419837004505098E-003,2.991840988397598E-002,-8.730417490005493E-001,-4.745965898036957E-001,1.419837004505098E-003,2.991840988397598E-002,-8.730417490005493E-001,-4.745965898036957E-001,
8.908000000000000E+008,8.998721837997437E-003,2.579134330153465E-002,-8.871976137161255E-001,-4.576686322689056E-001,8.998721837997437E-003,2.579134330153465E-002,-8.871976137161255E-001,-4.576686322689056E-001,
8.991666666666668E+008,1.385455019772053E-002,1.937710866332054E-002,-8.878231644630432E-001,-4.308877289295197E-001,1.385455019772053E-002,1.937710866332054E-002,-8.878231644630432E-001,-4.308877289295197E-001,
9.075333333333334E+008,1.362682506442070E-002,1.027423888444901E-002,-9.023339748382568E-001,-4.064287841320038E-001,1.362682506442070E-002,1.027423888444901E-002,-9.023339748382568E-001,-4.064287841320038E-001,
9.159000000000000E+008,1.115483324974775E-002,3.778444137424231E-003,-9.251348972320557E-001,-3.834373354911804E-001,1.115483324974775E-002,3.778444137424231E-003,-9.251348972320557E-001,-3.834373354911804E-001,
9.242666666666668E+008,3.501062514260411E-003,2.571109449490905E-003,-9.170758128166199E-001,-3.612351417541504E-001,3.501062514260411E-003,2.571109449490905E-003,-9.170758128166199E-001,-3.612351417541504E-001,
9.326333333333334E+008,-2.590514253824949E-003,3.386086318641901E-003,-9.334737658500671E-001,-3.488775193691254E-001,-2.590514253824949E-003,3.386086318641901E-003,-9.334737658500671E-001,-3.488775193691254E-001,
9.410000000000000E+008,-8.402513340115547E-003,6.530206184834242E-003,-9.456649422645569E-001,-3.143618702888489E-001,-8.402513340115547E-003,6.530206184834242E-003,-9.456649422645569E-001,-3.143618702888489E-001,
9.493666666666668E+008,-1.213064976036549E-002,1.487013790756464E-002,-9.517593979835510E-001,-2.846061885356903E-001,-1.213064976036549E-002,1.487013790756464E-002,-9.517593979835510E-001,-2.846061885356903E-001,
9.577333333333334E+008,-1.065314467996359E-002,2.342273294925690E-002,-9.597075581550598E-001,-2.708724439144135E-001,-1.065314467996359E-002,2.342273294925690E-002,-9.597075581550598E-001,-2.708724439144135E-001,
9.661000000000000E+008,-3.474526340141892E-003,2.988705411553383E-002,-9.623023271560669E-001,-2.298382967710495E-001,-3.474526340141892E-003,2.988705411553383E-002,-9.623023271560669E-001,-2.298382967710495E-001,
9.744666666666668E+008,5.567043554037809E-003,3.085165470838547E-002,-9.614846706390381E-001,-2.186023443937302E-001,5.567043554037809E-003,3.085165470838547E-002,-9.614846706390381E-001,-2.186023443937302E-001,
9.828333333333334E+008,1.379564777016640E-002,3.147213160991669E-002,-9.779393076896668E-001,-1.994381397962570E-001,1.379564777016640E-002,3.147213160991669E-002,-9.779393076896668E-001,-1.994381397962570E-001,
9.912000000000000E+008,2.358382567763329E-002,2.498321048915386E-002,-9.759128689765930E-001,-1.767718791961670E-001,2.358382567763329E-002,2.498321048915386E-002,-9.759128689765930E-001,-1.767718791961670E-001,
9.995666666666668E+008,2.704657986760140E-002,1.660888828337193E-002,-9.899078011512756E-001,-1.409278064966202E-001,2.704657986760140E-002,1.660888828337193E-002,-9.899078011512756E-001,-1.409278064966202E-001,
1.007933333333333E+009,2.971311099827290E-002,6.534832995384932E-003,-1.003414750099182E+000,-1.242102384567261E-001,2.971311099827290E-002,6.534832995384932E-003,-1.003414750099182E+000,-1.242102384567261E-001,
1.016300000000000E+009,2.280072495341301E-002,-1.873756700661033E-004,-9.906092286109924E-001,-9.815645962953568E-002,2.280072495341301E-002,-1.873756700661033E-004,-9.906092286109924E-001,-9.815645962953568E-002,
1.024666666666667E+009,1.476149447262287E-002,-5.029790103435516E-003,-9.876826405525208E-001,-7.255923002958298E-002,1.476149447262287E-002,-5.029790103435516E-003,-9.876826405525208E-001,-7.255923002958298E-002,
1.033033333333333E+009,8.199549280107021E-003,-1.457058824598789E-003,-9.954941868782044E-001,-4.758037254214287E-002,8.199549280107021E-003,-1.457058824598789E-003,-9.954941868782044E-001,-4.758037254214287E-002,
1.041400000000000E+009,-2.098886907333508E-004,2.814296633005142E-003,-9.970983862876892E-001,-2.724794112145901E-002,-2.098886907333508E-004,2.814296633005142E-003,-9.970983862876892E-001,-2.724794112145901E-002,
1.049766666666667E+009,1.764462358551100E-004,1.241201534867287E-002,-9.852785468101502E-001,8.876463398337364E-003,1.764462358551100E-004,1.241201534867287E-002,-9.852785468101502E-001,8.876463398337364E-003,
1.058133333333333E+009,2.147876890376210E-003,2.080731652677059E-002,-9.883835911750794E-001,3.135859221220017E-002,2.147876890376210E-003,2.080731652677059E-002,-9.883835911750794E-001,3.135859221220017E-002,
1.066500000000000E+009,1.136759761720896E-002,2.544336579740048E-002,-1.005275249481201E+000,6.380799412727356E-002,1.136759761720896E-002,2.544336579740048E-002,-1.005275249481201E+000,6.380799412727356E-002,
1.074866666666667E+009,2.285998687148094E-002,2.469752170145512E-002,-1.000608205795288E+000,8.517666161060333E-002,2.285998687148094E-002,2.469752170145512E-002,-1.000608205795288E+000,8.517666161060333E-002,
1.083233333333334E+009,3.072994016110897E-002,1.680487021803856E-002,-9.845833182334900E-001,1.071789562702179E-001,3.072994016110897E-002,1.680487021803856E-002,-9.845833182334900E-001,1.071789562702179E-001,
1.091600000000000E+009,3.653602302074432E-002,6.201862823218107E-003,-9.676730036735535E-001,1.274694204330444E-001,3.653602302074432E-002,6.201862823218107E-003,-9.676730036735535E-001,1.274694204330444E-001,
1.099966666666667E+009,3.590008988976479E-002,-7.571707945317030E-003,-9.641469120979309E-001,1.648716330528259E-001,3.590008988976479E-002,-7.571707945317030E-003,-9.641469120979309E-001,1.648716330528259E-001,
1.108333333333334E+009,2.762654609978199E-002,-1.654763706028462E-002,-9.637832045555115E-001,1.727629154920578E-001,2.762654609978199E-002,-1.654763706028462E-002,-9.637832045555115E-001,1.727629154920578E-001,
1.116700000000000E+009,1.659184321761131E-002,-2.116272598505020E-002,-9.588396549224854E-001,2.049429267644882E-001,1.659184321761131E-002,-2.116272598505020E-002,-9.588396549224854E-001,2.049429267644882E-001,
1.125066666666667E+009,3.729900578036904E-003,-1.786453835666180E-002,-9.609107971191406E-001,2.205894142389298E-001,3.729900578036904E-003,-1.786453835666180E-002,-9.609107971191406E-001,2.205894142389298E-001,
1.133433333333334E+009,-6.624314002692699E-003,-8.568610064685345E-003,-9.620164632797241E-001,2.646043002605438E-001,-6.624314002692699E-003,-8.568610064685345E-003,-9.620164632797241E-001,2.646043002605438E-001,
1.141800000000000E+009,-1.115761231631041E-002,4.817338660359383E-003,-9.410425424575806E-001,2.798490524291992E-001,-1.115761231631041E-002,4.817338660359383E-003,-9.410425424575806E-001,2.798490524291992E-001,
1.150166666666667E+009,-5.159555468708277E-003,2.038557268679142E-002,-9.329404234886169E-001,2.816242575645447E-001,-5.159555468708277E-003,2.038557268679142E-002,-9.329404234886169E-001,2.816242575645447E-001,
1.158533333333334E+009,7.360914722084999E-003,2.866018377244473E-002,-9.287130236625671E-001,3.230122923851013E-001,7.360914722084999E-003,2.866018377244473E-002,-9.287130236625671E-001,3.230122923851013E-001,
1.166900000000000E+009,2.428561076521874E-002,3.068967908620834E-002,-9.135517477989197E-001,3.438525497913361E-001,2.428561076521874E-002,3.068967908620834E-002,-9.135517477989197E-001,3.438525497913361E-001,
1.175266666666667E+009,3.964588791131973E-002,2.161728776991367E-002,-9.094856977462769E-001,3.743482232093811E-001,3.964588791131973E-002,2.161728776991367E-002,-9.094856977462769E-001,3.743482232093811E-001,
1.183633333333334E+009,5.141591280698776E-002,7.855339907109737E-003,-9.078642725944519E-001,3.861458003520966E-001,5.141591280698776E-002,7.855339907109737E-003,-9.078642725944519E-001,3.861458003520966E-001,
1.192000000000000E+009,5.194859579205513E-002,-1.081882230937481E-002,-8.955844044685364E-001,4.091511368751526E-001,5.194859579205513E-002,-1.081882230937481E-002,-8.955844044685364E-001,4.091511368751526E-001,
1.200366666666667E+009,4.329703003168106E-002,-2.834093943238258E-002,-8.833957314491272E-001,4.307714104652405E-001,4.329703003168106E-002,-2.834093943238258E-002,-8.833957314491272E-001,4.307714104652405E-001,
1.208733333333334E+009,2.810869738459587E-002,-3.860408440232277E-002,-8.787226080894470E-001,4.716562032699585E-001,2.810869738459587E-002,-3.860408440232277E-002,-8.787226080894470E-001,4.716562032699585E-001,
1.217100000000000E+009,1.095317862927914E-002,-3.824633359909058E-002,-8.753908872604370E-001,4.798634648323059E-001,1.095317862927914E-002,-3.824633359909058E-002,-8.753908872604370E-001,4.798634648323059E-001,
1.225466666666667E+009,-3.833502065390348E-003,-2.913180552423000E-002,-8.460454344749451E-001,5.046977400779724E-001,-3.833502065390348E-003,-2.913180552423000E-002,-8.460454344749451E-001,5.046977400779724E-001,
1.233833333333334E+009,-1.141099259257317E-002,-1.236720103770495E-002,-8.430055379867554E-001,5.158588886260986E-001,-1.141099259257317E-002,-1.236720103770495E-002,-8.430055379867554E-001,5.158588886260986E-001,
1.242200000000000E+009,-6.729138549417257E-003,3.647690406069160E-003,-8.211120963096619E-001,5.507985353469849E-001,-6.729138549417257E-003,3.647690406069160E-003,-8.211120963096619E-001,5.507985353469849E-001,
1.250566666666667E+009,2.846907591447234E-003,1.625445298850536E-002,-8.011065721511841E-001,5.586758852005005E-001,2.846907591447234E-003,1.625445298850536E-002,-8.011065721511841E-001,5.586758852005005E-001,
1.258933333333334E+009,2.183367870748043E-002,1.953179016709328E-002,-7.978119254112244E-001,5.822970867156982E-001,2.183367870748043E-002,1.953179016709328E-002,-7.978119254112244E-001,5.822970867156982E-001,
1.267300000000000E+009,3.964639455080032E-002,1.149481814354658E-002,-7.793182134628296E-001,5.981737971305847E-001,3.964639455080032E-002,1.149481814354658E-002,-7.793182134628296E-001,5.981737971305847E-001,
1.275666666666667E+009,4.919982701539993E-002,-5.095451138913631E-003,-7.660300731658936E-001,6.071061491966248E-001,4.919982701539993E-002,-5.095451138913631E-003,-7.660300731658936E-001,6.071061491966248E-001,
1.284033333333334E+009,5.219706892967224E-002,-2.543940022587776E-002,-7.514854073524475E-001,6.503545045852661E-001,5.219706892967224E-002,-2.543940022587776E-002,-7.514854073524475E-001,6.503545045852661E-001,
1.292400000000000E+009,4.229582846164703E-002,-4.517375677824020E-002,-7.386230826377869E-001,6.534777283668518E-001,4.229582846164703E-002,-4.517375677824020E-002,-7.386230826377869E-001,6.534777283668518E-001,
1.300766666666667E+009,2.290215343236923E-002,-5.531476810574532E-002,-7.174460887908936E-001,6.772701740264893E-001,2.290215343236923E-002,-5.531476810574532E-002,-7.174460887908936E-001,6.772701740264893E-001,
1.309133333333334E+009,1.438027014955878E-003,-5.545983090996742E-002,-6.942675709724426E-001,6.914992928504944E-001,1.438027014955878E-003,-5.545983090996742E-002,-6.942675709724426E-001,6.914992928504944E-001,
1.317500000000000E+009,-1.491326466202736E-002,-4.486306384205818E-002,-6.851970553398132E-001,7.218101024627686E-001,-1.491326466202736E-002,-4.486306384205818E-002,-6.851970553398132E-001,7.218101024627686E-001,
1.325866666666667E+009,-2.287834882736206E-002,-2.800799906253815E-002,-6.678518056869507E-001,7.382127046585083E-001,-2.287834882736206E-002,-2.800799906253815E-002,-6.678518056869507E-001,7.382127046585083E-001,
1.334233333333334E+009,-1.823283359408379E-002,-8.200640790164471E-003,-6.512348055839539E-001,7.450582981109619E-001,-1.823283359408379E-002,-8.200640790164471E-003,-6.512348055839539E-001,7.450582981109619E-001,
1.342600000000000E+009,-5.406419280916452E-003,4.167251288890839E-003,-6.356131434440613E-001,7.639637589454651E-001,-5.406419280916452E-003,4.167251288890839E-003,-6.356131434440613E-001,7.639637589454651E-001,
1.350966666666667E+009,1.299148332327604E-002,5.473610945045948E-003,-6.108777523040772E-001,7.794094681739807E-001,1.299148332327604E-002,5.473610945045948E-003,-6.108777523040772E-001,7.794094681739807E-001,
1.359333333333334E+009,2.774795144796372E-002,-4.922986961901188E-003,-5.977334976196289E-001,7.804269790649414E-001,2.774795144796372E-002,-4.922986961901188E-003,-5.977334976196289E-001,7.804269790649414E-001,
1.367700000000000E+009,3.452521190047264E-002,-2.260580286383629E-002,-5.633648633956909E-001,8.022488951683044E-001,3.452521190047264E-002,-2.260580286383629E-002,-5.633648633956909E-001,8.022488951683044E-001,
1.376066666666667E+009,3.131653368473053E-002,-4.380214959383011E-002,-5.486616492271423E-001,8.117023110389710E-001,3.131653368473053E-002,-4.380214959383011E-002,-5.486616492271423E-001,8.117023110389710E-001,
1.384433333333334E+009,1.493170950561762E-002,-6.049399450421333E-002,-5.344778895378113E-001,8.424651622772217E-001,1.493170950561762E-002,-6.049399450421333E-002,-5.344778895378113E-001,8.424651622772217E-001,
1.392800000000000E+009,-6.264280527830124E-003,-6.499771028757095E-002,-5.141286849975586E-001,8.502755165100098E-001,-6.264280527830124E-003,-6.499771028757095E-002,-5.141286849975586E-001,8.502755165100098E-001,
1.401166666666667E+009,-2.872610650956631E-002,-6.006124615669251E-002,-4.881052672863007E-001,8.569833040237427E-001,-2.872610650956631E-002,-6.006124615669251E-002,-4.881052672863007E-001,8.569833040237427E-001,
1.409533333333334E+009,-4.468410462141037E-002,-4.249757900834084E-002,-4.623108208179474E-001,8.722952008247376E-001,-4.468410462141037E-002,-4.249757900834084E-002,-4.623108208179474E-001,8.722952008247376E-001,
1.417900000000000E+009,-4.844484478235245E-002,-1.915861293673515E-002,-4.443081319332123E-001,8.689375519752502E-001,-4.844484478235245E-002,-1.915861293673515E-002,-4.443081319332123E-001,8.689375519752502E-001,
1.426266666666667E+009,-4.113991558551788E-002,2.175649424316362E-004,-4.114338159561157E-001,8.993007540702820E-001,-4.113991558551788E-002,2.175649424316362E-004,-4.114338159561157E-001,8.993007540702820E-001,
1.434633333333334E+009,-2.290554903447628E-002,1.321079488843679E-002,-4.026680588722229E-001,8.954893350601196E-001,-2.290554903447628E-002,1.321079488843679E-002,-4.026680588722229E-001,8.954893350601196E-001,
1.443000000000000E+009,-3.143883077427745E-003,1.553494017571211E-002,-3.791477084159851E-001,9.064459800720215E-001,-3.143883077427745E-003,1.553494017571211E-002,-3.791477084159851E-001,9.064459800720215E-001,
1.451366666666667E+009,1.394070032984018E-002,4.507358651608229E-003,-3.525924980640411E-001,9.101222753524780E-001,1.394070032984018E-002,4.507358651608229E-003,-3.525924980640411E-001,9.101222753524780E-001,
1.459733333333334E+009,2.239931747317314E-002,-1.259784586727619E-002,-3.280012905597687E-001,9.384940862655640E-001,2.239931747317314E-002,-1.259784586727619E-002,-3.280012905597687E-001,9.384940862655640E-001,
1.468100000000000E+009,2.030809409916401E-002,-3.388379886746407E-002,-3.102753162384033E-001,9.390739798545837E-001,2.030809409916401E-002,-3.388379886746407E-002,-3.102753162384033E-001,9.390739798545837E-001,
1.476466666666667E+009,1.562371267937124E-003,-4.895825311541557E-002,-2.814579904079437E-001,9.446203708648682E-001,1.562371267937124E-003,-4.895825311541557E-002,-2.814579904079437E-001,9.446203708648682E-001,
1.484833333333334E+009,-2.062518708407879E-002,-5.235068500041962E-002,-2.573744952678680E-001,9.527291059494019E-001,-2.062518708407879E-002,-5.235068500041962E-002,-2.573744952678680E-001,9.527291059494019E-001,
1.493200000000000E+009,-4.191652312874794E-002,-4.611078277230263E-002,-2.399738281965256E-001,9.554414749145508E-001,-4.191652312874794E-002,-4.611078277230263E-002,-2.399738281965256E-001,9.554414749145508E-001,
1.501566666666667E+009,-5.368640646338463E-002,-2.723117917776108E-002,-2.140601426362991E-001,9.652970433235169E-001,-5.368640646338463E-002,-2.723117917776108E-002,-2.140601426362991E-001,9.652970433235169E-001,
1.509933333333334E+009,-5.774104595184326E-002,-6.320477463304997E-003,-1.861758232116699E-001,9.717645049095154E-001,-5.774104595184326E-002,-6.320477463304997E-003,-1.861758232116699E-001,9.717645049095154E-001,
1.518300000000000E+009,-4.681220278143883E-002,1.479603722691536E-002,-1.690325289964676E-001,9.684703946113586E-001,-4.681220278143883E-002,1.479603722691536E-002,-1.690325289964676E-001,9.684703946113586E-001,
1.526666666666667E+009,-2.856218814849854E-002,2.528029121458530E-002,-1.504489928483963E-001,9.559603333473206E-001,-2.856218814849854E-002,2.528029121458530E-002,-1.504489928483963E-001,9.559603333473206E-001,
1.535033333333334E+009,-7.680749054998159E-003,2.468982897698879E-002,-1.157148778438568E-001,9.750601649284363E-001,-7.680749054998159E-003,2.468982897698879E-002,-1.157148778438568E-001,9.750601649284363E-001,
1.543400000000000E+009,1.012427732348442E-002,1.397662423551083E-002,-9.075073152780533E-002,9.818750619888306E-001,1.012427732348442E-002,1.397662423551083E-002,-9.075073152780533E-002,9.818750619888306E-001,
1.551766666666667E+009,1.730982773005962E-002,-3.385700983926654E-003,-6.444265693426132E-002,9.819144606590271E-001,1.730982773005962E-002,-3.385700983926654E-003,-6.444265693426132E-002,9.819144606590271E-001,
1.560133333333334E+009,1.115005463361740E-002,-2.318869717419148E-002,-4.043727368116379E-002,9.894605278968811E-001,1.115005463361740E-002,-2.318869717419148E-002,-4.043727368116379E-002,9.894605278968811E-001,
1.568500000000000E+009,-2.375748474150896E-003,-3.468094021081924E-002,-1.198925357311964E-002,9.816700220108032E-001,-2.375748474150896E-003,-3.468094021081924E-002,-1.198925357311964E-002,9.816700220108032E-001,
1.576866666666667E+009,-2.275933884084225E-002,-3.969062864780426E-002,1.115783816203475E-003,9.846336841583252E-001,-2.275933884084225E-002,-3.969062864780426E-002,1.115783816203475E-003,9.846336841583252E-001,
1.585233333333334E+009,-4.023690149188042E-002,-3.244427219033241E-002,3.064420446753502E-002,9.796711802482605E-001,-4.023690149188042E-002,-3.244427219033241E-002,3.064420446753502E-002,9.796711802482605E-001,
1.593600000000000E+009,-5.142891779541969E-002,-1.590726338326931E-002,5.186598747968674E-002,9.851393103599548E-001,-5.142891779541969E-002,-1.590726338326931E-002,5.186598747968674E-002,9.851393103599548E-001,
1.601966666666667E+009,-5.158202350139618E-002,4.128679633140564E-003,7.993893325328827E-002,9.864272475242615E-001,-5.158202350139618E-002,4.128679633140564E-003,7.993893325328827E-002,9.864272475242615E-001,
1.610333333333334E+009,-4.279654845595360E-002,2.111846022307873E-002,1.070992052555084E-001,9.804093837738037E-001,-4.279654845595360E-002,2.111846022307873E-002,1.070992052555084E-001,9.804093837738037E-001,
1.618700000000000E+009,-2.713762037456036E-002,2.831284515559673E-002,1.297697424888611E-001,9.746534824371338E-001,-2.713762037456036E-002,2.831284515559673E-002,1.297697424888611E-001,9.746534824371338E-001,
1.627066666666667E+009,-9.924229234457016E-003,2.553171664476395E-002,1.461148858070374E-001,9.747666120529175E-001,-9.924229234457016E-003,2.553171664476395E-002,1.461148858070374E-001,9.747666120529175E-001,
1.635433333333334E+009,2.193697495386004E-003,1.559250429272652E-002,1.856057941913605E-001,9.615136384963989E-001,2.193697495386004E-003,1.559250429272652E-002,1.856057941913605E-001,9.615136384963989E-001,
1.643800000000000E+009,6.148594897240400E-003,-1.818843447836116E-004,1.973755657672882E-001,9.650942683219910E-001,6.148594897240400E-003,-1.818843447836116E-004,1.973755657672882E-001,9.650942683219910E-001,
1.652166666666667E+009,1.250549801625311E-003,-1.519174408167601E-002,2.245484739542007E-001,9.571560025215149E-001,1.250549801625311E-003,-1.519174408167601E-002,2.245484739542007E-001,9.571560025215149E-001,
1.660533333333334E+009,-1.030882820487022E-002,-2.276023104786873E-002,2.524094879627228E-001,9.458265900611877E-001,-1.030882820487022E-002,-2.276023104786873E-002,2.524094879627228E-001,9.458265900611877E-001,
1.668900000000000E+009,-2.785374224185944E-002,-2.346868254244328E-002,2.799316644668579E-001,9.591553807258606E-001,-2.785374224185944E-002,-2.346868254244328E-002,2.799316644668579E-001,9.591553807258606E-001,
1.677266666666667E+009,-4.183752089738846E-002,-1.313819549977779E-002,2.982757091522217E-001,9.429495334625244E-001,-4.183752089738846E-002,-1.313819549977779E-002,2.982757091522217E-001,9.429495334625244E-001,
1.685633333333334E+009,-4.846624657511711E-002,1.973539125174284E-003,3.149072229862213E-001,9.300344586372376E-001,-4.846624657511711E-002,1.973539125174284E-003,3.149072229862213E-001,9.300344586372376E-001,
1.694000000000000E+009,-4.808609560132027E-002,1.927120983600617E-002,3.377901911735535E-001,9.221746325492859E-001,-4.808609560132027E-002,1.927120983600617E-002,3.377901911735535E-001,9.221746325492859E-001,
1.702366666666667E+009,-3.584363684058189E-002,3.337933495640755E-002,3.618379831314087E-001,9.134400486946106E-001,-3.584363684058189E-002,3.337933495640755E-002,3.618379831314087E-001,9.134400486946106E-001,
1.710733333333334E+009,-2.002105861902237E-002,3.970490768551827E-002,3.817431926727295E-001,8.995106220245361E-001,-2.002105861902237E-002,3.970490768551827E-002,3.817431926727295E-001,8.995106220245361E-001,
1.719100000000000E+009,-3.629511920735240E-003,3.695127367973328E-002,4.124839305877686E-001,8.961517214775085E-001,-3.629511920735240E-003,3.695127367973328E-002,4.124839305877686E-001,8.961517214775085E-001,
1.727466666666667E+009,8.015257306396961E-003,2.482450567185879E-002,4.315240085124970E-001,8.824234604835510E-001,8.015257306396961E-003,2.482450567185879E-002,4.315240085124970E-001,8.824234604835510E-001,
1.735833333333334E+009,1.441290695220232E-002,1.036608684808016E-002,4.498504996299744E-001,8.758620023727417E-001,1.441290695220232E-002,1.036608684808016E-002,4.498504996299744E-001,8.758620023727417E-001,
1.744200000000000E+009,1.189954392611980E-002,-4.802776966243982E-003,4.732792079448700E-001,8.775356411933899E-001,1.189954392611980E-002,-4.802776966243982E-003,4.732792079448700E-001,8.775356411933899E-001,
1.752566666666667E+009,2.751096850261092E-003,-1.657622121274471E-002,4.958765804767609E-001,8.454279899597168E-001,2.751096850261092E-003,-1.657622121274471E-002,4.958765804767609E-001,8.454279899597168E-001,
1.760933333333334E+009,-1.104541495442390E-002,-2.077069506049156E-002,5.164618492126465E-001,8.335257172584534E-001,-1.104541495442390E-002,-2.077069506049156E-002,5.164618492126465E-001,8.335257172584534E-001,
1.769300000000000E+009,-2.539156563580036E-002,-1.739310659468174E-002,5.425603985786438E-001,8.264902830123901E-001,-2.539156563580036E-002,-1.739310659468174E-002,5.425603985786438E-001,8.264902830123901E-001,
1.777666666666667E+009,-3.646066039800644E-002,-7.529760710895062E-003,5.645795464515686E-001,8.050310611724854E-001,-3.646066039800644E-002,-7.529760710895062E-003,5.645795464515686E-001,8.050310611724854E-001,
1.786033333333334E+009,-4.208023473620415E-002,6.456772331148386E-003,5.755605697631836E-001,7.930113673210144E-001,-4.208023473620415E-002,6.456772331148386E-003,5.755605697631836E-001,7.930113673210144E-001,
1.794400000000000E+009,-3.847655281424522E-002,2.028818428516388E-002,5.986833572387695E-001,7.804701924324036E-001,-3.847655281424522E-002,2.028818428516388E-002,5.986833572387695E-001,7.804701924324036E-001,
1.802766666666667E+009,-3.082520142197609E-002,2.944298647344112E-002,6.165598630905151E-001,7.651903033256531E-001,-3.082520142197609E-002,2.944298647344112E-002,6.165598630905151E-001,7.651903033256531E-001,
1.811133333333334E+009,-1.946553029119968E-002,3.388016670942307E-002,6.369838714599609E-001,7.498723864555359E-001,-1.946553029119968E-002,3.388016670942307E-002,6.369838714599609E-001,7.498723864555359E-001,
1.819500000000000E+009,-9.458899497985840E-003,3.156898170709610E-002,6.607383489608765E-001,7.374323606491089E-001,-9.458899497985840E-003,3.156898170709610E-002,6.607383489608765E-001,7.374323606491089E-001,
1.827866666666667E+009,-1.596378628164530E-003,2.506897412240505E-002,6.746261715888977E-001,7.171307206153870E-001,-1.596378628164530E-003,2.506897412240505E-002,6.746261715888977E-001,7.171307206153870E-001,
1.836233333333334E+009,1.311801257543266E-003,1.768309623003006E-002,6.925016641616821E-001,6.999567151069641E-001,1.311801257543266E-003,1.768309623003006E-002,6.925016641616821E-001,6.999567151069641E-001,
1.844600000000000E+009,-8.146477048285306E-004,9.445533156394959E-003,6.960330605506897E-001,6.856331825256348E-001,-8.146477048285306E-004,9.445533156394959E-003,6.960330605506897E-001,6.856331825256348E-001,
1.852966666666667E+009,-6.298701744526625E-003,3.469137474894524E-003,7.247676253318787E-001,6.653127670288086E-001,-6.298701744526625E-003,3.469137474894524E-003,7.247676253318787E-001,6.653127670288086E-001,
1.861333333333334E+009,-1.438502315431833E-002,2.819728571921587E-003,7.378034591674805E-001,6.427718997001648E-001,-1.438502315431833E-002,2.819728571921587E-003,7.378034591674805E-001,6.427718997001648E-001,
1.869700000000000E+009,-2.098872698843479E-002,9.442454203963280E-003,7.609632015228272E-001,6.255365014076233E-001,-2.098872698843479E-002,9.442454203963280E-003,7.609632015228272E-001,6.255365014076233E-001,
1.878066666666667E+009,-2.341652102768421E-002,1.618810370564461E-002,7.688428163528442E-001,6.071360111236572E-001,-2.341652102768421E-002,1.618810370564461E-002,7.688428163528442E-001,6.071360111236572E-001,
1.886433333333334E+009,-2.325097098946571E-002,2.627109177410603E-002,8.014703989028931E-001,5.802441835403442E-001,-2.325097098946571E-002,2.627109177410603E-002,8.014703989028931E-001,5.802441835403442E-001,
1.894800000000000E+009,-1.701482199132443E-002,3.527425974607468E-002,8.071910142898560E-001,5.704033970832825E-001,-1.701482199132443E-002,3.527425974607468E-002,8.071910142898560E-001,5.704033970832825E-001,
1.903166666666667E+009,-8.230014704167843E-003,4.036839678883553E-002,8.126029968261719E-001,5.467129945755005E-001,-8.230014704167843E-003,4.036839678883553E-002,8.126029968261719E-001,5.467129945755005E-001,
1.911533333333334E+009,4.174817819148302E-003,4.015256091952324E-002,8.266528248786926E-001,5.294864773750305E-001,4.174817819148302E-003,4.015256091952324E-002,8.266528248786926E-001,5.294864773750305E-001,
1.919900000000000E+009,1.299055200070143E-002,3.361193090677261E-002,8.492689728736877E-001,5.078610181808472E-001,1.299055200070143E-002,3.361193090677261E-002,8.492689728736877E-001,5.078610181808472E-001,
1.928266666666667E+009,2.009869553148747E-002,2.499917149543762E-002,8.549728393554688E-001,4.855142533779144E-001,2.009869553148747E-002,2.499917149543762E-002,8.549728393554688E-001,4.855142533779144E-001,
1.936633333333334E+009,1.876535825431347E-002,1.299589592963457E-002,8.675580024719238E-001,4.659363627433777E-001,1.876535825431347E-002,1.299589592963457E-002,8.675580024719238E-001,4.659363627433777E-001,
1.945000000000000E+009,1.430669520050287E-002,3.617627313360572E-003,8.729339838027954E-001,4.444107413291931E-001,1.430669520050287E-002,3.617627313360572E-003,8.729339838027954E-001,4.444107413291931E-001,
1.953366666666667E+009,5.722043570131064E-003,-2.161392010748386E-003,8.803849220275879E-001,4.267283380031586E-001,5.722043570131064E-003,-2.161392010748386E-003,8.803849220275879E-001,4.267283380031586E-001,
1.961733333333334E+009,-6.128937937319279E-003,-1.444384455680847E-003,9.084851145744324E-001,3.983367979526520E-001,-6.128937937319279E-003,-1.444384455680847E-003,9.084851145744324E-001,3.983367979526520E-001,
1.970100000000000E+009,-1.488428469747305E-002,5.720871035009623E-003,9.080733060836792E-001,3.722073137760162E-001,-1.488428469747305E-002,5.720871035009623E-003,9.080733060836792E-001,3.722073137760162E-001,
1.978466666666667E+009,-1.996462047100067E-002,1.809561625123024E-002,9.162172675132752E-001,3.568946719169617E-001,-1.996462047100067E-002,1.809561625123024E-002,9.162172675132752E-001,3.568946719169617E-001,
1.986833333333334E+009,-1.661742106080055E-002,3.053263761103153E-002,9.208791851997376E-001,3.327737450599670E-001,-1.661742106080055E-002,3.053263761103153E-002,9.208791851997376E-001,3.327737450599670E-001,
1.995200000000000E+009,-7.205713540315628E-003,4.273955151438713E-002,9.358299970626831E-001,3.054962754249573E-001,-7.205713540315628E-003,4.273955151438713E-002,9.358299970626831E-001,3.054962754249573E-001,
2.003566666666667E+009,6.273249629884958E-003,4.743806645274162E-002,9.459403753280640E-001,2.876104414463043E-001,6.273249629884958E-003,4.743806645274162E-002,9.459403753280640E-001,2.876104414463043E-001,
2.011933333333334E+009,2.336907945573330E-002,4.379486665129662E-002,9.510895013809204E-001,2.598277330398560E-001,2.336907945573330E-002,4.379486665129662E-002,9.510895013809204E-001,2.598277330398560E-001,
2.020300000000000E+009,3.465746343135834E-002,3.366447240114212E-002,9.561852812767029E-001,2.341020554304123E-001,3.465746343135834E-002,3.366447240114212E-002,9.561852812767029E-001,2.341020554304123E-001,
2.028666666666667E+009,4.099227115511894E-002,1.804538257420063E-002,9.647082090377808E-001,2.122693061828613E-001,4.099227115511894E-002,1.804538257420063E-002,9.647082090377808E-001,2.122693061828613E-001,
2.037033333333334E+009,3.682602196931839E-002,2.626618836075068E-003,9.692635536193848E-001,1.818587183952332E-001,3.682602196931839E-002,2.626618836075068E-003,9.692635536193848E-001,1.818587183952332E-001,
2.045400000000000E+009,2.705436944961548E-002,-9.381616488099098E-003,9.724609255790710E-001,1.568532884120941E-001,2.705436944961548E-002,-9.381616488099098E-003,9.724609255790710E-001,1.568532884120941E-001,
2.053766666666667E+009,1.138164661824703E-002,-1.387870498001576E-002,9.624927639961243E-001,1.311788260936737E-001,1.138164661824703E-002,-1.387870498001576E-002,9.624927639961243E-001,1.311788260936737E-001,
2.062133333333334E+009,-2.516884123906493E-003,-9.666523896157742E-003,9.733824133872986E-001,1.170326918363571E-001,-2.516884123906493E-003,-9.666523896157742E-003,9.733824133872986E-001,1.170326918363571E-001,
2.070500000000000E+009,-9.621672332286835E-003,4.569481126964092E-003,9.756178855895996E-001,8.515855669975281E-002,-9.621672332286835E-003,4.569481126964092E-003,9.756178855895996E-001,8.515855669975281E-002,
2.078866666666667E+009,-1.089773140847683E-002,2.051502838730812E-002,9.906681180000305E-001,6.718906015157700E-002,-1.089773140847683E-002,2.051502838730812E-002,9.906681180000305E-001,6.718906015157700E-002,
2.087233333333334E+009,7.498401373595698E-006,3.428397700190544E-002,9.877639412879944E-001,3.821704909205437E-002,7.498401373595698E-006,3.428397700190544E-002,9.877639412879944E-001,3.821704909205437E-002,
2.095600000000000E+009,1.755813322961330E-002,4.098973795771599E-002,9.890477657318115E-001,2.729847095906735E-003,1.755813322961330E-002,4.098973795771599E-002,9.890477657318115E-001,2.729847095906735E-003,
2.103966666666667E+009,3.765421733260155E-002,3.617491573095322E-002,9.916484951972961E-001,-1.446297857910395E-002,3.765421733260155E-002,3.617491573095322E-002,9.916484951972961E-001,-1.446297857910395E-002,
2.112333333333334E+009,5.240533500909805E-002,2.207235246896744E-002,9.821894168853760E-001,-3.695382550358772E-002,5.240533500909805E-002,2.207235246896744E-002,9.821894168853760E-001,-3.695382550358772E-002,
2.120700000000000E+009,5.769171565771103E-002,-7.571619935333729E-004,9.853278398513794E-001,-6.327134370803833E-002,5.769171565771103E-002,-7.571619935333729E-004,9.853278398513794E-001,-6.327134370803833E-002,
2.129066666666667E+009,5.155244097113609E-002,-2.123228274285793E-002,9.808543324470520E-001,-9.134297072887421E-002,5.155244097113609E-002,-2.123228274285793E-002,9.808543324470520E-001,-9.134297072887421E-002,
2.137433333333334E+009,3.479363396763802E-002,-3.654108941555023E-002,9.775074124336243E-001,-1.189559698104858E-001,3.479363396763802E-002,-3.654108941555023E-002,9.775074124336243E-001,-1.189559698104858E-001,
2.145800000000000E+009,1.219561230391264E-002,-4.288898035883904E-002,9.747756719589233E-001,-1.351404339075089E-001,1.219561230391264E-002,-4.288898035883904E-002,9.747756719589233E-001,-1.351404339075089E-001,
2.154166666666667E+009,-7.804862223565579E-003,-3.438129276037216E-002,9.678158164024353E-001,-1.563419401645660E-001,-7.804862223565579E-003,-3.438129276037216E-002,9.678158164024353E-001,-1.563419401645660E-001,
2.162533333333334E+009,-2.448858320713043E-002,-1.483704987913370E-002,9.712477326393127E-001,-1.756369322538376E-001,-2.448858320713043E-002,-1.483704987913370E-002,9.712477326393127E-001,-1.756369322538376E-001,
2.170900000000000E+009,-2.493953146040440E-002,7.508173119276762E-003,9.629585146903992E-001,-2.027572244405747E-001,-2.493953146040440E-002,7.508173119276762E-003,9.629585146903992E-001,-2.027572244405747E-001,
2.179266666666667E+009,-1.140337344259024E-002,2.718977630138397E-002,9.492353796958923E-001,-2.313806414604187E-001,-1.140337344259024E-002,2.718977630138397E-002,9.492353796958923E-001,-2.313806414604187E-001,
2.187633333333334E+009,1.028638239949942E-002,3.701935335993767E-002,9.445336461067200E-001,-2.515444755554199E-001,1.028638239949942E-002,3.701935335993767E-002,9.445336461067200E-001,-2.515444755554199E-001,
2.196000000000000E+009,3.689285740256310E-002,3.200021386146545E-002,9.335718154907227E-001,-2.727003097534180E-001,3.689285740256310E-002,3.200021386146545E-002,9.335718154907227E-001,-2.727003097534180E-001,
2.204366666666667E+009,5.441597104072571E-002,1.387989614158869E-002,9.377333521842957E-001,-2.931915521621704E-001,5.441597104072571E-002,1.387989614158869E-002,9.377333521842957E-001,-2.931915521621704E-001,
2.212733333333334E+009,6.154537200927734E-002,-8.854798972606659E-003,9.238906502723694E-001,-3.278521001338959E-001,6.154537200927734E-002,-8.854798972606659E-003,9.238906502723694E-001,-3.278521001338959E-001,
2.221100000000000E+009,5.350118130445480E-002,-3.615384176373482E-002,9.208104610443115E-001,-3.460383117198944E-001,5.350118130445480E-002,-3.615384176373482E-002,9.208104610443115E-001,-3.460383117198944E-001,
2.229466666666667E+009,3.352227061986923E-002,-5.342727154493332E-002,9.009683728218079E-001,-3.704623579978943E-001,3.352227061986923E-002,-5.342727154493332E-002,9.009683728218079E-001,-3.704623579978943E-001,
2.237833333333334E+009,7.221432402729988E-003,-5.736884102225304E-002,8.952299952507019E-001,-3.919651210308075E-001,7.221432402729988E-003,-5.736884102225304E-002,8.952299952507019E-001,-3.919651210308075E-001,
2.246200000000000E+009,-1.796080917119980E-002,-4.796149954199791E-002,8.902995586395264E-001,-4.151566922664642E-001,-1.796080917119980E-002,-4.796149954199791E-002,8.902995586395264E-001,-4.151566922664642E-001,
2.254566666666667E+009,-3.285622224211693E-002,-2.480833791196346E-002,8.780246376991272E-001,-4.381874501705170E-001,-3.285622224211693E-002,-2.480833791196346E-002,8.780246376991272E-001,-4.381874501705170E-001,
2.262933333333334E+009,-3.227478265762329E-002,-8.907008450478315E-004,8.691462874412537E-001,-4.614579081535339E-001,-3.227478265762329E-002,-8.907008450478315E-004,8.691462874412537E-001,-4.614579081535339E-001,
2.271300000000000E+009,-1.883203536272049E-002,2.020202390849590E-002,8.474199771881104E-001,-4.899862408638001E-001,-1.883203536272049E-002,2.020202390849590E-002,8.474199771881104E-001,-4.899862408638001E-001,
2.279666666666667E+009,4.157084506005049E-003,2.891794592142105E-002,8.457148075103760E-001,-5.029171705245972E-001,4.157084506005049E-003,2.891794592142105E-002,8.457148075103760E-001,-5.029171705245972E-001,
2.288033333333334E+009,2.763791196048260E-002,2.250844798982143E-002,8.310641050338745E-001,-5.233443379402161E-001,2.763791196048260E-002,2.250844798982143E-002,8.310641050338745E-001,-5.233443379402161E-001,
2.296400000000000E+009,4.522080346941948E-002,4.705337341874838E-003,8.138472437858582E-001,-5.438405871391296E-001,4.522080346941948E-002,4.705337341874838E-003,8.138472437858582E-001,-5.438405871391296E-001,
2.304766666666667E+009,5.026265233755112E-002,-2.095239236950874E-002,8.023383617401123E-001,-5.663734078407288E-001,5.026265233755112E-002,-2.095239236950874E-002,8.023383617401123E-001,-5.663734078407288E-001,
2.313133333333334E+009,3.695549815893173E-002,-4.560562968254089E-002,7.884933352470398E-001,-5.819808840751648E-001,3.695549815893173E-002,-4.560562968254089E-002,7.884933352470398E-001,-5.819808840751648E-001,
2.321500000000000E+009,1.485689729452133E-002,-5.853443965315819E-002,7.822037339210510E-001,-5.981868505477905E-001,1.485689729452133E-002,-5.853443965315819E-002,7.822037339210510E-001,-5.981868505477905E-001,
2.329866666666667E+009,-1.057227235287428E-002,-5.497123673558235E-002,7.546635866165161E-001,-6.221409440040588E-001,-1.057227235287428E-002,-5.497123673558235E-002,7.546635866165161E-001,-6.221409440040588E-001,
2.338233333333334E+009,-3.451805561780930E-002,-3.915895149111748E-002,7.430168390274048E-001,-6.410203576087952E-001,-3.451805561780930E-002,-3.915895149111748E-002,7.430168390274048E-001,-6.410203576087952E-001,
2.346600000000000E+009,-4.032753407955170E-002,-1.343709044158459E-002,7.246563434600830E-001,-6.495730280876160E-001,-4.032753407955170E-002,-1.343709044158459E-002,7.246563434600830E-001,-6.495730280876160E-001,
2.354966666666667E+009,-3.209019824862480E-002,1.410897634923458E-002,7.153211236000061E-001,-6.830364465713501E-001,-3.209019824862480E-002,1.410897634923458E-002,7.153211236000061E-001,-6.830364465713501E-001,
2.363333333333334E+009,-9.706246666610241E-003,3.036680258810520E-002,6.928038597106934E-001,-6.979966759681702E-001,-9.706246666610241E-003,3.036680258810520E-002,6.928038597106934E-001,-6.979966759681702E-001,
2.371700000000000E+009,2.149111032485962E-002,2.975388988852501E-002,6.813164949417114E-001,-7.141459584236145E-001,2.149111032485962E-002,2.975388988852501E-002,6.813164949417114E-001,-7.141459584236145E-001,
2.380066666666667E+009,4.601177200675011E-002,1.168202329427004E-002,6.602773666381836E-001,-7.301095724105835E-001,4.601177200675011E-002,1.168202329427004E-002,6.602773666381836E-001,-7.301095724105835E-001,
2.388433333333334E+009,6.078429147601128E-002,-2.130829356610775E-002,6.420809626579285E-001,-7.455229759216309E-001,6.078429147601128E-002,-2.130829356610775E-002,6.420809626579285E-001,-7.455229759216309E-001,
2.396800000000000E+009,5.387260392308235E-002,-5.633869022130966E-002,6.229295134544373E-001,-7.607538700103760E-001,5.387260392308235E-002,-5.633869022130966E-002,6.229295134544373E-001,-7.607538700103760E-001,
2.405166666666667E+009,3.069513849914074E-002,-8.437027782201767E-002,5.981017351150513E-001,-7.784644961357117E-001,3.069513849914074E-002,-8.437027782201767E-002,5.981017351150513E-001,-7.784644961357117E-001,
2.413533333333334E+009,-6.273359991610050E-003,-9.719526022672653E-002,5.774900913238525E-001,-7.938143610954285E-001,-6.273359991610050E-003,-9.719526022672653E-002,5.774900913238525E-001,-7.938143610954285E-001,
2.421900000000000E+009,-4.625188186764717E-002,-8.882600814104080E-002,5.609214305877686E-001,-8.123012781143189E-001,-4.625188186764717E-002,-8.882600814104080E-002,5.609214305877686E-001,-8.123012781143189E-001,
2.430266666666667E+009,-7.748648524284363E-002,-6.168781220912933E-002,5.378584861755371E-001,-8.150764107704163E-001,-7.748648524284363E-002,-6.168781220912933E-002,5.378584861755371E-001,-8.150764107704163E-001,
2.438633333333334E+009,-9.166017174720764E-002,-2.241647802293301E-002,5.215811729431152E-001,-8.267543315887451E-001,-9.166017174720764E-002,-2.241647802293301E-002,5.215811729431152E-001,-8.267543315887451E-001,
2.447000000000000E+009,-8.225889503955841E-002,1.768767833709717E-002,4.988353550434113E-001,-8.407459855079651E-001,-8.225889503955841E-002,1.768767833709717E-002,4.988353550434113E-001,-8.407459855079651E-001,
2.455366666666667E+009,-5.520761758089066E-002,4.598409682512283E-002,4.866885840892792E-001,-8.551338315010071E-001,-5.520761758089066E-002,4.598409682512283E-002,4.866885840892792E-001,-8.551338315010071E-001,
2.463733333333334E+009,-1.857323385775089E-002,5.429074540734291E-002,4.553061723709106E-001,-8.733557462692261E-001,-1.857323385775089E-002,5.429074540734291E-002,4.553061723709106E-001,-8.733557462692261E-001,
2.472100000000000E+009,1.579920575022697E-002,4.427929595112801E-002,4.397645294666290E-001,-8.799641132354736E-001,1.579920575022697E-002,4.427929595112801E-002,4.397645294666290E-001,-8.799641132354736E-001,
2.480466666666667E+009,3.672467172145844E-002,1.423425134271383E-002,4.050347506999970E-001,-8.915299773216248E-001,3.672467172145844E-002,1.423425134271383E-002,4.050347506999970E-001,-8.915299773216248E-001,
2.488833333333334E+009,3.961479291319847E-002,-2.071117796003819E-002,3.826600611209869E-001,-9.078309535980225E-001,3.961479291319847E-002,-2.071117796003819E-002,3.826600611209869E-001,-9.078309535980225E-001,
2.497200000000000E+009,2.249556966125965E-002,-5.133384093642235E-002,3.668608069419861E-001,-9.080547690391541E-001,2.249556966125965E-002,-5.133384093642235E-002,3.668608069419861E-001,-9.080547690391541E-001,
2.505566666666667E+009,-9.090770967304707E-003,-6.614199280738831E-002,3.473064005374908E-001,-9.160276055335999E-001,-9.090770967304707E-003,-6.614199280738831E-002,3.473064005374908E-001,-9.160276055335999E-001,
2.513933333333334E+009,-4.142045602202416E-002,-6.094907969236374E-002,3.190747797489166E-001,-9.241187572479248E-001,-4.142045602202416E-002,-6.094907969236374E-002,3.190747797489166E-001,-9.241187572479248E-001,
2.522300000000000E+009,-6.669417023658752E-002,-3.603414073586464E-002,3.005618453025818E-001,-9.359874725341797E-001,-6.669417023658752E-002,-3.603414073586464E-002,3.005618453025818E-001,-9.359874725341797E-001,
2.530666666666667E+009,-7.461247593164444E-002,-3.145612077787519E-003,2.753305733203888E-001,-9.470154047012329E-001,-7.461247593164444E-002,-3.145612077787519E-003,2.753305733203888E-001,-9.470154047012329E-001,
2.539033333333334E+009,-6.595145165920258E-002,2.969880215823650E-002,2.533783316612244E-001,-9.535142183303833E-001,-6.595145165920258E-002,2.969880215823650E-002,2.533783316612244E-001,-9.535142183303833E-001,
2.547400000000000E+009,-3.888817876577377E-002,5.242136120796204E-002,2.294334769248962E-001,-9.558449983596802E-001,-3.888817876577377E-002,5.242136120796204E-002,2.294334769248962E-001,-9.558449983596802E-001,
2.555766666666667E+009,-4.919581115245819E-003,5.533370003104210E-002,2.032694816589356E-001,-9.670681953430176E-001,-4.919581115245819E-003,5.533370003104210E-002,2.032694816589356E-001,-9.670681953430176E-001,
2.564133333333334E+009,2.524627372622490E-002,3.903064131736755E-002,1.779499500989914E-001,-9.680907130241394E-001,2.524627372622490E-002,3.903064131736755E-002,1.779499500989914E-001,-9.680907130241394E-001,
2.572500000000000E+009,4.046005010604858E-002,7.572736591100693E-003,1.545909047126770E-001,-9.720613956451416E-001,4.046005010604858E-002,7.572736591100693E-003,1.545909047126770E-001,-9.720613956451416E-001,
2.580866666666667E+009,3.733316808938980E-002,-2.765353769063950E-002,1.283330768346787E-001,-9.765484929084778E-001,3.733316808938980E-002,-2.765353769063950E-002,1.283330768346787E-001,-9.765484929084778E-001,
2.589233333333334E+009,1.401314511895180E-002,-5.488482117652893E-002,1.072908714413643E-001,-9.808202981948853E-001,1.401314511895180E-002,-5.488482117652893E-002,1.072908714413643E-001,-9.808202981948853E-001,
2.597600000000000E+009,-1.962757110595703E-002,-6.673239916563034E-002,8.233621716499329E-002,-9.796553254127502E-001,-1.962757110595703E-002,-6.673239916563034E-002,8.233621716499329E-002,-9.796553254127502E-001,
2.605966666666667E+009,-5.547295510768890E-002,-5.862553045153618E-002,6.187581643462181E-002,-9.850429892539978E-001,-5.547295510768890E-002,-5.862553045153618E-002,6.187581643462181E-002,-9.850429892539978E-001,
2.614333333333334E+009,-8.069490641355515E-002,-3.287255018949509E-002,3.200938180088997E-002,-9.832565784454346E-001,-8.069490641355515E-002,-3.287255018949509E-002,3.200938180088997E-002,-9.832565784454346E-001,
2.622700000000000E+009,-8.782869577407837E-002,2.904582303017378E-003,1.635902747511864E-002,-9.783519506454468E-001,-8.782869577407837E-002,2.904582303017378E-003,1.635902747511864E-002,-9.783519506454468E-001,
2.631066666666667E+009,-7.591158896684647E-002,3.775962814688683E-002,-1.987878046929836E-002,-9.881777763366699E-001,-7.591158896684647E-002,3.775962814688683E-002,-1.987878046929836E-002,-9.881777763366699E-001,
2.639433333333334E+009,-4.703538119792938E-002,6.169330701231957E-002,-4.517068341374397E-002,-9.820069074630737E-001,-4.703538119792938E-002,6.169330701231957E-002,-4.517068341374397E-002,-9.820069074630737E-001,
2.647800000000000E+009,-1.198090519756079E-002,6.683174520730972E-002,-6.076667830348015E-002,-9.815744757652283E-001,-1.198090519756079E-002,6.683174520730972E-002,-6.076667830348015E-002,-9.815744757652283E-001,
2.656166666666667E+009,1.810309849679470E-002,5.198346078395844E-002,-8.515945822000504E-002,-9.805049896240234E-001,1.810309849679470E-002,5.198346078395844E-002,-8.515945822000504E-002,-9.805049896240234E-001,
2.664533333333334E+009,3.481023013591766E-002,2.387461252510548E-002,-1.140544787049294E-001,-9.767437577247620E-001,3.481023013591766E-002,2.387461252510548E-002,-1.140544787049294E-001,-9.767437577247620E-001,
2.672900000000000E+009,3.080608882009983E-002,-9.182217530906200E-003,-1.368478238582611E-001,-9.774479269981384E-001,3.080608882009983E-002,-9.182217530906200E-003,-1.368478238582611E-001,-9.774479269981384E-001,
2.681266666666667E+009,9.724680334329605E-003,-3.649827465415001E-002,-1.640767455101013E-001,-9.695733785629273E-001,9.724680334329605E-003,-3.649827465415001E-002,-1.640767455101013E-001,-9.695733785629273E-001,
2.689633333333334E+009,-2.327309176325798E-002,-4.780809581279755E-002,-1.932698786258698E-001,-9.658392667770386E-001,-2.327309176325798E-002,-4.780809581279755E-002,-1.932698786258698E-001,-9.658392667770386E-001,
2.698000000000000E+009,-5.570854619145393E-002,-3.888611122965813E-002,-2.125546485185623E-001,-9.567674398422241E-001,-5.570854619145393E-002,-3.888611122965813E-002,-2.125546485185623E-001,-9.567674398422241E-001,
2.706366666666667E+009,-7.795423269271851E-002,-1.151203271001577E-002,-2.372179329395294E-001,-9.479164481163025E-001,-7.795423269271851E-002,-1.151203271001577E-002,-2.372179329395294E-001,-9.479164481163025E-001,
2.714733333333334E+009,-8.401267975568771E-002,2.247828990221024E-002,-2.571309804916382E-001,-9.471260905265808E-001,-8.401267975568771E-002,2.247828990221024E-002,-2.571309804916382E-001,-9.471260905265808E-001,
2.723100000000000E+009,-6.979681551456451E-002,5.655465275049210E-002,-2.783934772014618E-001,-9.428797364234924E-001,-6.979681551456451E-002,5.655465275049210E-002,-2.783934772014618E-001,-9.428797364234924E-001,
2.731466666666667E+009,-3.867640346288681E-002,7.874544709920883E-002,-3.063683807849884E-001,-9.331219792366028E-001,-3.867640346288681E-002,7.874544709920883E-002,-3.063683807849884E-001,-9.331219792366028E-001,
2.739833333333334E+009,-1.246055704541504E-003,8.190175890922546E-002,-3.388818204402924E-001,-9.282208681106567E-001,-1.246055704541504E-003,8.190175890922546E-002,-3.388818204402924E-001,-9.282208681106567E-001,
2.748200000000000E+009,3.058891370892525E-002,6.739918887615204E-002,-3.498471081256867E-001,-9.187667369842529E-001,3.058891370892525E-002,6.739918887615204E-002,-3.498471081256867E-001,-9.187667369842529E-001,
2.756566666666667E+009,4.913555085659027E-002,3.717750683426857E-002,-3.738193511962891E-001,-9.074416756629944E-001,4.913555085659027E-002,3.717750683426857E-002,-3.738193511962891E-001,-9.074416756629944E-001,
2.764933333333334E+009,4.766701906919479E-002,3.551967442035675E-003,-4.016720056533814E-001,-9.046574234962463E-001,4.766701906919479E-002,3.551967442035675E-003,-4.016720056533814E-001,-9.046574234962463E-001,
2.773300000000000E+009,2.803889289498329E-002,-2.481217123568058E-002,-4.188914895057678E-001,-8.879968523979187E-001,2.803889289498329E-002,-2.481217123568058E-002,-4.188914895057678E-001,-8.879968523979187E-001,
2.781666666666667E+009,-4.273131489753723E-003,-3.802537545561791E-002,-4.343138635158539E-001,-8.776807785034180E-001,-4.273131489753723E-003,-3.802537545561791E-002,-4.343138635158539E-001,-8.776807785034180E-001,
2.790033333333334E+009,-3.920609876513481E-002,-3.086727671325207E-002,-4.628719687461853E-001,-8.673731684684753E-001,-3.920609876513481E-002,-3.086727671325207E-002,-4.628719687461853E-001,-8.673731684684753E-001,
2.798400000000000E+009,-6.382870674133301E-002,-8.418560028076172E-003,-4.857869446277618E-001,-8.558834791183472E-001,-6.382870674133301E-002,-8.418560028076172E-003,-4.857869446277618E-001,-8.558834791183472E-001,
2.806766666666667E+009,-6.998296827077866E-002,2.491863444447517E-002,-5.066186785697937E-001,-8.413681983947754E-001,-6.998296827077866E-002,2.491863444447517E-002,-5.066186785697937E-001,-8.413681983947754E-001,
2.815133333333334E+009,-5.652329698204994E-002,5.597394704818726E-002,-5.262182950973511E-001,-8.301962614059448E-001,-5.652329698204994E-002,5.597394704818726E-002,-5.262182950973511E-001,-8.301962614059448E-001,
2.823500000000000E+009,-2.885070815682411E-002,7.756726443767548E-002,-5.430179834365845E-001,-8.168009519577026E-001,-2.885070815682411E-002,7.756726443767548E-002,-5.430179834365845E-001,-8.168009519577026E-001,
2.831866666666667E+009,8.249839767813683E-003,8.038909733295441E-002,-5.639627575874329E-001,-8.015232682228088E-001,8.249839767813683E-003,8.038909733295441E-002,-5.639627575874329E-001,-8.015232682228088E-001,
2.840233333333334E+009,4.181119427084923E-002,6.491799652576447E-002,-5.910019278526306E-001,-7.833789587020874E-001,4.181119427084923E-002,6.491799652576447E-002,-5.910019278526306E-001,-7.833789587020874E-001,
2.848600000000000E+009,6.100106611847878E-002,3.520526364445686E-002,-6.075507402420044E-001,-7.765900492668152E-001,6.100106611847878E-002,3.520526364445686E-002,-6.075507402420044E-001,-7.765900492668152E-001,
2.856966666666667E+009,6.036261096596718E-002,1.944967225426808E-004,-6.238088607788086E-001,-7.590754032135010E-001,6.036261096596718E-002,1.944967225426808E-004,-6.238088607788086E-001,-7.590754032135010E-001,
2.865333333333334E+009,3.906773403286934E-002,-2.735601924359798E-002,-6.372169256210327E-001,-7.427457571029663E-001,3.906773403286934E-002,-2.735601924359798E-002,-6.372169256210327E-001,-7.427457571029663E-001,
2.873700000000000E+009,5.116437561810017E-003,-4.068228229880333E-002,-6.649256348609924E-001,-7.292050719261169E-001,5.116437561810017E-003,-4.068228229880333E-002,-6.649256348609924E-001,-7.292050719261169E-001,
2.882066666666667E+009,-3.075309284031391E-002,-3.457242250442505E-002,-6.755930185317993E-001,-7.138785123825073E-001,-3.075309284031391E-002,-3.457242250442505E-002,-6.755930185317993E-001,-7.138785123825073E-001,
2.890433333333334E+009,-5.822486430406570E-002,-9.533513337373734E-003,-6.952719688415527E-001,-6.968975663185120E-001,-5.822486430406570E-002,-9.533513337373734E-003,-6.952719688415527E-001,-6.968975663185120E-001,
2.898800000000000E+009,-6.668973714113236E-002,2.575346454977989E-002,-7.104522585868835E-001,-6.790355443954468E-001,-6.668973714113236E-002,2.575346454977989E-002,-7.104522585868835E-001,-6.790355443954468E-001,
2.907166666666667E+009,-5.490733310580254E-002,6.051062792539597E-002,-7.364724278450012E-001,-6.578901410102844E-001,-5.490733310580254E-002,6.051062792539597E-002,-7.364724278450012E-001,-6.578901410102844E-001,
2.915533333333334E+009,-2.503053098917007E-002,8.313862979412079E-002,-7.449240088462830E-001,-6.394391059875488E-001,-2.503053098917007E-002,8.313862979412079E-002,-7.449240088462830E-001,-6.394391059875488E-001,
2.923900000000000E+009,1.401165500283241E-002,8.781032264232636E-002,-7.596787214279175E-001,-6.208458542823792E-001,1.401165500283241E-002,8.781032264232636E-002,-7.596787214279175E-001,-6.208458542823792E-001,
2.932266666666667E+009,5.072440952062607E-002,7.104726135730743E-002,-7.783759236335754E-001,-6.026959419250488E-001,5.072440952062607E-002,7.104726135730743E-002,-7.783759236335754E-001,-6.026959419250488E-001,
2.940633333333334E+009,7.285683602094650E-002,3.759837523102760E-002,-7.916145920753479E-001,-5.844011902809143E-001,7.285683602094650E-002,3.759837523102760E-002,-7.916145920753479E-001,-5.844011902809143E-001,
2.949000000000000E+009,7.395374774932861E-002,1.165211317129433E-003,-8.022828102111816E-001,-5.698586106300354E-001,7.395374774932861E-002,1.165211317129433E-003,-8.022828102111816E-001,-5.698586106300354E-001,
2.957366666666667E+009,5.401442572474480E-002,-3.199025616049767E-002,-8.162748217582703E-001,-5.459638833999634E-001,5.401442572474480E-002,-3.199025616049767E-002,-8.162748217582703E-001,-5.459638833999634E-001,
2.965733333333334E+009,1.990767754614353E-002,-4.765773192048073E-002,-8.334192037582398E-001,-5.215569734573364E-001,1.990767754614353E-002,-4.765773192048073E-002,-8.334192037582398E-001,-5.215569734573364E-001,
2.974100000000000E+009,-1.782902702689171E-002,-4.260508716106415E-002,-8.442322015762329E-001,-4.997212290763855E-001,-1.782902702689171E-002,-4.260508716106415E-002,-8.442322015762329E-001,-4.997212290763855E-001,
2.982466666666667E+009,-4.851136356592178E-002,-1.706843636929989E-002,-8.584473133087158E-001,-4.822541177272797E-001,-4.851136356592178E-002,-1.706843636929989E-002,-8.584473133087158E-001,-4.822541177272797E-001,
2.990833333333334E+009,-5.916076153516769E-002,2.053897455334663E-002,-8.690665364265442E-001,-4.595167338848114E-001,-5.916076153516769E-002,2.053897455334663E-002,-8.690665364265442E-001,-4.595167338848114E-001,
2.999200000000000E+009,-4.933697357773781E-002,5.794411152601242E-002,-8.815591335296631E-001,-4.321589469909668E-001,-4.933697357773781E-002,5.794411152601242E-002,-8.815591335296631E-001,-4.321589469909668E-001,
3.007566666666667E+009,-1.783056184649468E-002,8.316170424222946E-002,-8.928771018981934E-001,-4.171761572360992E-001,-1.783056184649468E-002,8.316170424222946E-002,-8.928771018981934E-001,-4.171761572360992E-001,
3.015933333333334E+009,2.390058152377605E-002,8.685977011919022E-002,-8.992638587951660E-001,-3.934024870395660E-001,2.390058152377605E-002,8.685977011919022E-002,-8.992638587951660E-001,-3.934024870395660E-001,
3.024300000000000E+009,6.271240860223770E-002,6.866603344678879E-002,-9.118951559066773E-001,-3.647239506244659E-001,6.271240860223770E-002,6.866603344678879E-002,-9.118951559066773E-001,-3.647239506244659E-001,
3.032666666666667E+009,8.658667653799057E-002,3.212763369083405E-002,-9.187489748001099E-001,-3.443996310234070E-001,8.658667653799057E-002,3.212763369083405E-002,-9.187489748001099E-001,-3.443996310234070E-001,
3.041033333333334E+009,8.679661154747009E-002,-1.083694025874138E-002,-9.286882281303406E-001,-3.251482844352722E-001,8.679661154747009E-002,-1.083694025874138E-002,-9.286882281303406E-001,-3.251482844352722E-001,
3.049400000000000E+009,6.486691534519196E-002,-4.771796986460686E-002,-9.370761513710022E-001,-3.005039095878601E-001,6.486691534519196E-002,-4.771796986460686E-002,-9.370761513710022E-001,-3.005039095878601E-001,
3.057766666666667E+009,2.696068771183491E-002,-6.406474858522415E-002,-9.402793645858765E-001,-2.779381871223450E-001,2.696068771183491E-002,-6.406474858522415E-002,-9.402793645858765E-001,-2.779381871223450E-001,
3.066133333333334E+009,-1.795659586787224E-002,-5.800235643982887E-002,-9.524427056312561E-001,-2.502970993518829E-001,-1.795659586787224E-002,-5.800235643982887E-002,-9.524427056312561E-001,-2.502970993518829E-001,
3.074500000000000E+009,-5.173960700631142E-002,-2.832075580954552E-002,-9.569583535194397E-001,-2.254793196916580E-001,-5.173960700631142E-002,-2.832075580954552E-002,-9.569583535194397E-001,-2.254793196916580E-001,
3.082866666666667E+009,-6.314466893672943E-002,1.570975966751576E-002,-9.640433788299561E-001,-2.013179361820221E-001,-6.314466893672943E-002,1.570975966751576E-002,-9.640433788299561E-001,-2.013179361820221E-001,
3.091233333333334E+009,-5.020131170749664E-002,6.070217862725258E-002,-9.649296402931213E-001,-1.852668076753616E-001,-5.020131170749664E-002,6.070217862725258E-002,-9.649296402931213E-001,-1.852668076753616E-001,
3.099600000000000E+009,-1.265712361782789E-002,9.054810553789139E-002,-9.687182903289795E-001,-1.533725112676621E-001,-1.265712361782789E-002,9.054810553789139E-002,-9.687182903289795E-001,-1.533725112676621E-001,
3.107966666666667E+009,3.507339581847191E-002,9.367984533309937E-002,-9.725700616836548E-001,-1.301214694976807E-001,3.507339581847191E-002,9.367984533309937E-002,-9.725700616836548E-001,-1.301214694976807E-001,
3.116333333333334E+009,8.085030317306519E-002,7.235673815011978E-002,-9.726271033287048E-001,-1.110365763306618E-001,8.085030317306519E-002,7.235673815011978E-002,-9.726271033287048E-001,-1.110365763306618E-001,
3.124700000000000E+009,1.098842322826386E-001,2.840617485344410E-002,-9.724719524383545E-001,-9.037970751523972E-002,1.098842322826386E-001,2.840617485344410E-002,-9.724719524383545E-001,-9.037970751523972E-002,
3.133066666666667E+009,1.109518855810165E-001,-2.470721676945686E-002,-9.753446578979492E-001,-6.606390327215195E-002,1.109518855810165E-001,-2.470721676945686E-002,-9.753446578979492E-001,-6.606390327215195E-002,
3.141433333333334E+009,8.541858196258545E-002,-7.022176682949066E-002,-9.793919324874878E-001,-4.008620604872704E-002,8.541858196258545E-002,-7.022176682949066E-002,-9.793919324874878E-001,-4.008620604872704E-002,
3.149800000000000E+009,4.142884537577629E-002,-9.407296776771545E-002,-9.836232066154480E-001,-1.642699725925922E-002,4.142884537577629E-002,-9.407296776771545E-002,-9.836232066154480E-001,-1.642699725925922E-002,
3.158166666666667E+009,-1.018685009330511E-002,-9.213024377822876E-002,-9.831501841545105E-001,1.076886989176273E-002,-1.018685009330511E-002,-9.213024377822876E-002,-9.831501841545105E-001,1.076886989176273E-002,
3.166533333333334E+009,-5.302941426634789E-002,-6.134378537535667E-002,-9.776535034179688E-001,3.837575018405914E-002,-5.302941426634789E-002,-6.134378537535667E-002,-9.776535034179688E-001,3.837575018405914E-002,
3.174900000000000E+009,-7.109323143959045E-002,-1.324045658111572E-002,-9.847031235694885E-001,6.100630760192871E-002,-7.109323143959045E-002,-1.324045658111572E-002,-9.847031235694885E-001,6.100630760192871E-002,
3.183266666666667E+009,-6.125297024846077E-002,3.788297995924950E-002,-9.772459864616394E-001,9.006813168525696E-002,-6.125297024846077E-002,3.788297995924950E-002,-9.772459864616394E-001,9.006813168525696E-002,
3.191633333333334E+009,-2.612800709903240E-002,7.398898154497147E-002,-9.762588739395142E-001,1.103224828839302E-001,-2.612800709903240E-002,7.398898154497147E-002,-9.762588739395142E-001,1.103224828839302E-001,
3.200000000000000E+009,2.433693408966065E-002,8.323168009519577E-002,-9.685586094856262E-001,1.288811862468720E-001,2.433693408966065E-002,8.323168009519577E-002,-9.685586094856262E-001,1.288811862468720E-001,
